11 0.483203 0.409375 0.475 0.351562 0.00997162
14 0.428809 0.423047 0.370508 0.347656 0.00769424
3 0.439746 0.425391 0.362695 0.349219 0.00629044
5 0.423438 0.410938 0.390625 0.378125 0.00486755
11 0.561719 0.382031 0.607813 0.432031 0.00482941
20 0.438672 0.420312 0.360938 0.351562 0.00450516
19 0.464453 0.397266 0.296094 0.295312 0.00403976
11 0.423047 0.425 0.391406 0.350781 0.00365067
14 0.561719 0.382031 0.607813 0.432031 0.00276756
10 0.430078 0.413281 0.380469 0.358594 0.00275803
0 0.439746 0.425391 0.362695 0.349219 0.00269318
0 0.561719 0.382031 0.607813 0.432031 0.00257111
11 0.484473 0.354102 0.59668 0.432422 0.00255013
3 0.561719 0.382031 0.607813 0.432031 0.00247192
9 0.509375 0.363867 0.603125 0.426953 0.00237846
4 0.428809 0.423047 0.370508 0.347656 0.00233269
5 0.509375 0.363867 0.603125 0.426953 0.00206757
9 0.483203 0.409375 0.475 0.351562 0.00201988
20 0.526172 0.411719 0.538281 0.353906 0.00186729
2 0.561719 0.382031 0.607813 0.432031 0.00178242
2 0.439746 0.425391 0.362695 0.349219 0.00176144
11 0.494141 0.448438 0.724219 0.896875 0.0016613
19 0.419922 0.41416 0.3 0.310742 0.00152493
23 0.430078 0.413281 0.380469 0.358594 0.0014782
11 0.538672 0.300195 0.644531 0.600391 0.00141048
14 0.484277 0.427441 0.529883 0.362305 0.00137806
17 0.439746 0.425391 0.362695 0.349219 0.00129414
20 0.509375 0.363867 0.603125 0.426953 0.00129414
8 0.439746 0.425391 0.362695 0.349219 0.0012846
4 0.489941 0.348438 0.581055 0.479688 0.00124454
7 0.483203 0.409375 0.475 0.351562 0.00123501
4 0.53125 0.416797 0.64375 0.371875 0.00117874
3 0.484277 0.427441 0.529883 0.362305 0.0011692
18 0.428809 0.423047 0.370508 0.347656 0.00115108
11 0.486719 0.349219 0.673438 0.558594 0.00105286
5 0.486719 0.349219 0.673438 0.558594 0.00104427
10 0.509375 0.363867 0.603125 0.426953 0.00102425
6 0.528809 0.413281 0.68457 0.378125 0.00102425
22 0.421484 0.472656 0.777344 0.910937 0.763672
17 0.387109 0.472656 0.774219 0.920313 0.746094
17 0.699609 0.360547 0.561719 0.721094 0.455078
22 0.699609 0.360547 0.561719 0.721094 0.420654
17 0.688672 0.365039 0.622656 0.730078 0.412109
17 0.467969 0.55625 0.779688 0.8875 0.399902
17 0.467578 0.511328 0.642969 0.669531 0.357666
20 0.387109 0.472656 0.774219 0.920313 0.354004
22 0.552246 0.567969 0.729883 0.864062 0.345947
22 0.61748 0.632812 0.765039 0.734375 0.344238
17 0.580078 0.595313 0.783594 0.809375 0.341553
17 0.730469 0.414453 0.539062 0.828906 0.314941
17 0.525 0.618359 0.567187 0.763281 0.312256
22 0.525 0.618359 0.567187 0.763281 0.307373
22 0.730469 0.414453 0.539062 0.828906 0.304932
22 0.688672 0.365039 0.622656 0.730078 0.270508
22 0.448438 0.578516 0.825 0.842969 0.265869
17 0.446094 0.402734 0.710938 0.805469 0.262207
22 0.765625 0.308008 0.46875 0.616016 0.240112
17 0.386133 0.377344 0.772266 0.754687 0.234375
22 0.467578 0.511328 0.642969 0.669531 0.226807
14 0.422266 0.435937 0.780469 0.871875 0.226074
17 0.54541 0.684375 0.73418 0.63125 0.222046
17 0.383203 0.580078 0.766406 0.839844 0.21936
22 0.367969 0.423047 0.735938 0.846094 0.189575
22 0.35957 0.529297 0.719141 0.941406 0.179565
17 0.696875 0.30293 0.60625 0.605859 0.160767
17 0.644531 0.655859 0.710938 0.688281 0.157715
17 0.578516 0.679004 0.500781 0.616992 0.15564
3 0.387109 0.472656 0.774219 0.920313 0.150024
22 0.514746 0.686133 0.592383 0.627734 0.143188
22 0.578516 0.679004 0.500781 0.616992 0.140869
17 0.34707 0.290625 0.694141 0.58125 0.137085
20 0.467578 0.511328 0.642969 0.669531 0.137085
17 0.765625 0.308008 0.46875 0.616016 0.132568
22 0.545313 0.654102 0.821875 0.691797 0.126343
22 0.463965 0.396484 0.643945 0.792969 0.115173
22 0.398047 0.352539 0.796094 0.705078 0.113586
17 0.467578 0.628906 0.853906 0.742188 0.111633
22 0.696875 0.30293 0.60625 0.605859 0.107788
14 0.467578 0.511328 0.642969 0.669531 0.107788
20 0.486621 0.53125 0.717383 0.890625 0.106689
11 0.466309 0.489063 0.670508 0.85625 0.106323
22 0.34707 0.290625 0.694141 0.58125 0.105591
17 0.349414 0.528125 0.698828 0.94375 0.101562
1 0.387109 0.472656 0.774219 0.920313 0.0991211
22 0.648828 0.682227 0.702344 0.635547 0.0927124
17 0.648828 0.682227 0.702344 0.635547 0.0907593
17 0.715625 0.479297 0.56875 0.919531 0.0766602
22 0.666406 0.609375 0.667188 0.78125 0.0755615
20 0.580078 0.595313 0.783594 0.809375 0.072876
14 0.368555 0.526563 0.737109 0.934375 0.0673218
17 0.675781 0.569531 0.648438 0.860938 0.0668335
3 0.467578 0.511328 0.642969 0.669531 0.0646362
20 0.699609 0.360547 0.561719 0.721094 0.064209
20 0.410547 0.578906 0.821094 0.842188 0.064209
20 0.371094 0.4 0.742188 0.8 0.0634766
22 0.464063 0.392188 0.867188 0.784375 0.0587769
20 0.688672 0.365039 0.622656 0.730078 0.0585632
19 0.14502 0.128906 0.290039 0.257812 0.0562439
17 0.585547 0.617969 0.408594 0.48125 0.0528259
22 0.715625 0.479297 0.56875 0.919531 0.0509033
20 0.34707 0.290625 0.694141 0.58125 0.0507202
8 0.387109 0.472656 0.774219 0.920313 0.0483093
17 0.613672 0.407422 0.772656 0.814844 0.0476074
17 0.55166 0.383203 0.748242 0.766406 0.0463867
19 0.602734 0.81875 0.308594 0.3625 0.0456848
3 0.699609 0.360547 0.561719 0.721094 0.0440063
3 0.446094 0.402734 0.710938 0.805469 0.0428772
1 0.708203 0.390625 0.583594 0.78125 0.0420837
1 0.530469 0.578516 0.795313 0.842969 0.0420837
22 0.585547 0.617969 0.408594 0.48125 0.0417786
14 0.323242 0.285352 0.646484 0.570703 0.0409851
22 0.760547 0.530078 0.478906 0.830469 0.0406799
14 0.371094 0.4 0.742188 0.8 0.0405273
1 0.371094 0.4 0.742188 0.8 0.0396423
3 0.688672 0.365039 0.622656 0.730078 0.0381775
14 0.486621 0.53125 0.717383 0.890625 0.0381775
20 0.525 0.618359 0.567187 0.763281 0.0380249
21 0.14502 0.128906 0.290039 0.257812 0.0379028
22 0.386328 0.632031 0.772656 0.735938 0.0375977
1 0.554785 0.7125 0.743555 0.575 0.037323
3 0.530469 0.578516 0.795313 0.842969 0.0372009
13 0.451953 0.449219 0.730469 0.832812 0.0366211
14 0.688672 0.365039 0.622656 0.730078 0.0359497
1 0.383203 0.580078 0.766406 0.839844 0.0358887
20 0.463965 0.396484 0.643945 0.792969 0.0352783
14 0.580078 0.595313 0.783594 0.809375 0.0352783
20 0.731055 0.438672 0.537891 0.875781 0.0347595
22 0.613672 0.407422 0.772656 0.814844 0.0343628
3 0.61748 0.632812 0.765039 0.734375 0.033844
17 0.444922 0.321094 0.810156 0.642188 0.0333252
20 0.54541 0.684375 0.73418 0.63125 0.0327148
17 0.263086 0.240234 0.526172 0.480469 0.0322266
3 0.525 0.618359 0.567187 0.763281 0.0314941
13 0.365234 0.475781 0.730469 0.932813 0.03125
1 0.666113 0.371875 0.667773 0.74375 0.0302734
22 0.544629 0.46709 0.457617 0.568945 0.0302124
3 0.730469 0.414453 0.539062 0.828906 0.0290833
17 0.504297 0.43125 0.547656 0.8625 0.0285492
17 0.760547 0.530078 0.478906 0.830469 0.0283356
1 0.614062 0.630469 0.771875 0.739062 0.0263519
14 0.482812 0.400781 0.59375 0.801562 0.0262604
1 0.712305 0.442578 0.575391 0.885156 0.0262604
1 0.28125 0.290234 0.5625 0.580469 0.0256195
14 0.460938 0.603516 0.84375 0.792969 0.0253754
20 0.349414 0.528125 0.698828 0.94375 0.0250854
17 0.544629 0.46709 0.457617 0.568945 0.0249939
25 0.451953 0.449219 0.730469 0.832812 0.0247955
11 0.496875 0.467187 0.559375 0.6875 0.0246124
21 0.602734 0.81875 0.308594 0.3625 0.0243378
19 0.394531 0.415234 0.334375 0.372656 0.0236053
20 0.467578 0.628906 0.853906 0.742188 0.0234222
14 0.699609 0.360547 0.561719 0.721094 0.0233307
20 0.644531 0.655859 0.710938 0.688281 0.0232391
1 0.349414 0.528125 0.698828 0.94375 0.0226746
17 0.325 0.425 0.65 0.85 0.0224609
10 0.387109 0.472656 0.774219 0.920313 0.02211
22 0.79082 0.382812 0.418359 0.765625 0.0214539
3 0.54541 0.684375 0.73418 0.63125 0.021286
17 0.37832 0.654688 0.756641 0.690625 0.0209656
14 0.712305 0.442578 0.575391 0.885156 0.0200958
14 0.54541 0.684375 0.73418 0.63125 0.0196381
1 0.514746 0.686133 0.592383 0.627734 0.0195007
20 0.696875 0.30293 0.60625 0.605859 0.0193481
17 0.42959 0.309766 0.587695 0.619531 0.0185394
20 0.417188 0.354492 0.834375 0.708984 0.0185394
14 0.696875 0.30293 0.60625 0.605859 0.0182648
14 0.335352 0.450391 0.670703 0.900781 0.0181885
3 0.360938 0.555859 0.721875 0.888281 0.0177765
1 0.482812 0.400781 0.59375 0.801562 0.0177155
1 0.467578 0.628906 0.853906 0.742188 0.0177155
13 0.323242 0.285352 0.646484 0.570703 0.0176392
1 0.525 0.618359 0.567187 0.763281 0.0175781
1 0.701172 0.326953 0.552344 0.653906 0.0174408
3 0.386133 0.377344 0.772266 0.754687 0.0172424
11 0.385938 0.440625 0.771875 0.88125 0.0171051
1 0.696875 0.30293 0.60625 0.605859 0.016922
1 0.417188 0.354492 0.834375 0.708984 0.0167847
22 0.426563 0.682227 0.853125 0.635547 0.0167847
13 0.432422 0.55625 0.794531 0.8875 0.0167236
13 0.558984 0.706836 0.832031 0.586328 0.0166626
17 0.299609 0.679297 0.599219 0.641406 0.0164642
22 0.263086 0.240234 0.526172 0.480469 0.0163422
3 0.34707 0.290625 0.694141 0.58125 0.0158386
3 0.765625 0.308008 0.46875 0.616016 0.0156708
22 0.42959 0.309766 0.587695 0.619531 0.0154877
13 0.667578 0.403125 0.664844 0.80625 0.0154266
20 0.578516 0.679004 0.500781 0.616992 0.0154266
9 0.486621 0.53125 0.717383 0.890625 0.0152512
0 0.422266 0.435937 0.780469 0.871875 0.0150757
1 0.732031 0.536719 0.535937 0.898438 0.0150757
14 0.525 0.618359 0.567187 0.763281 0.0150146
22 0.322656 0.449219 0.645312 0.898438 0.0149002
13 0.501563 0.604688 0.828125 0.790625 0.0149002
1 0.373437 0.295117 0.746875 0.590234 0.0148392
3 0.578516 0.679004 0.500781 0.616992 0.0146179
3 0.414453 0.604297 0.828906 0.791406 0.0146179
3 0.696875 0.30293 0.60625 0.605859 0.0145035
1 0.55166 0.383203 0.748242 0.766406 0.014061
22 0.446875 0.297656 0.80625 0.595313 0.0137939
22 0.325977 0.682227 0.651953 0.635547 0.0136871
13 0.360742 0.399609 0.721484 0.799219 0.0136337
13 0.364844 0.58125 0.729688 0.8375 0.0135345
1 0.398047 0.68125 0.796094 0.6375 0.0134277
14 0.4 0.325391 0.8 0.650781 0.0128708
25 0.497656 0.502734 0.560938 0.747656 0.0125732
20 0.613672 0.407422 0.772656 0.814844 0.0123825
0 0.467578 0.511328 0.642969 0.669531 0.0122375
20 0.717773 0.53125 0.564453 0.921875 0.0122375
22 0.522656 0.419922 0.50625 0.735156 0.0121002
14 0.263086 0.240234 0.526172 0.480469 0.0115509
17 0.689453 0.624219 0.621094 0.751563 0.0115051
22 0.614062 0.748438 0.732813 0.503125 0.0112457
8 0.552246 0.567969 0.729883 0.864062 0.0111618
13 0.496875 0.467187 0.559375 0.6875 0.0110703
8 0.360938 0.555859 0.721875 0.888281 0.0110321
1 0.752734 0.354883 0.494531 0.709766 0.0109024
13 0.697656 0.451953 0.604688 0.903906 0.0108566
11 0.402344 0.55625 0.804688 0.8875 0.0108185
14 0.644531 0.655859 0.710938 0.688281 0.0106964
1 0.717383 0.585938 0.565234 0.828125 0.0106506
10 0.467578 0.511328 0.642969 0.669531 0.0105286
14 0.357031 0.581641 0.714063 0.836719 0.0104523
14 0.613672 0.407422 0.772656 0.814844 0.0104065
24 0.466309 0.489063 0.670508 0.85625 0.0102921
8 0.688672 0.365039 0.622656 0.730078 0.0102463
22 0.789453 0.270117 0.421094 0.540234 0.01017
16 0.467578 0.511328 0.642969 0.669531 0.01017
1 0.760938 0.434766 0.478125 0.821094 0.01017
3 0.715625 0.479297 0.56875 0.919531 0.0101318
17 0.791016 0.413281 0.417969 0.751563 0.0100555
8 0.467578 0.511328 0.642969 0.669531 0.00963593
5 0.461328 0.523047 0.766406 0.919531 0.00963593
14 0.510156 0.396094 0.864062 0.792188 0.00955963
1 0.325 0.425 0.65 0.85 0.00955963
9 0.497656 0.502734 0.560938 0.747656 0.00955963
25 0.371484 0.416406 0.742969 0.832812 0.00948334
20 0.765625 0.308008 0.46875 0.616016 0.00941467
17 0.614062 0.748438 0.732813 0.503125 0.00941467
11 0.61748 0.632812 0.765039 0.734375 0.00933838
8 0.448438 0.578516 0.825 0.842969 0.00926971
22 0.727344 0.779297 0.545313 0.441406 0.0091629
1 0.578516 0.679004 0.500781 0.616992 0.00912476
1 0.653906 0.714453 0.692187 0.571094 0.00912476
17 0.232813 0.196484 0.465625 0.392969 0.00905609
20 0.510156 0.396094 0.864062 0.792188 0.00905609
3 0.653906 0.714453 0.692187 0.571094 0.00898743
8 0.712305 0.442578 0.575391 0.885156 0.00888062
11 0.708203 0.390625 0.583594 0.78125 0.0088501
8 0.371094 0.4 0.742188 0.8 0.00871277
17 0.568359 0.736719 0.835156 0.526563 0.00871277
3 0.666406 0.609375 0.667188 0.78125 0.0086441
13 0.614062 0.630469 0.771875 0.739062 0.0086441
22 0.625 0.542188 0.325 0.315625 0.00857544
1 0.614062 0.748438 0.732813 0.503125 0.0085144
1 0.44375 0.348828 0.625 0.697656 0.00847626
20 0.544629 0.46709 0.457617 0.568945 0.00841522
20 0.653906 0.714453 0.692187 0.571094 0.00828552
3 0.504297 0.43125 0.547656 0.8625 0.00818634
11 0.530469 0.578516 0.795313 0.842969 0.00815582
8 0.589844 0.617578 0.820312 0.764844 0.00812531
22 0.328125 0.581641 0.65625 0.836719 0.00793457
21 0.357227 0.66875 0.308203 0.365625 0.00784302
22 0.571094 0.457422 0.453125 0.886719 0.00784302
20 0.263086 0.240234 0.526172 0.480469 0.0078125
11 0.712305 0.442578 0.575391 0.885156 0.00763702
1 0.33125 0.611719 0.6625 0.776563 0.00763702
17 0.727344 0.779297 0.545313 0.441406 0.00763702
22 0.562598 0.744922 0.74043 0.510156 0.00763702
16 0.463965 0.396484 0.643945 0.792969 0.00757599
3 0.335352 0.450391 0.670703 0.900781 0.00757599
10 0.688672 0.365039 0.622656 0.730078 0.00754929
16 0.544629 0.46709 0.457617 0.568945 0.00746155
8 0.525 0.618359 0.567187 0.763281 0.00746155
19 0.193555 0.131641 0.387109 0.263281 0.00740433
1 0.299609 0.679297 0.599219 0.641406 0.00737381
13 0.320117 0.526172 0.640234 0.935156 0.00734711
14 0.578516 0.679004 0.500781 0.616992 0.00728989
10 0.486621 0.53125 0.717383 0.890625 0.00723267
21 0.394531 0.415234 0.334375 0.372656 0.00720596
17 0.429688 0.711719 0.859375 0.576563 0.00717545
19 0.298047 0.80625 0.303906 0.325 0.00712204
1 0.467578 0.511328 0.642969 0.669531 0.00709534
17 0.384375 0.237891 0.76875 0.475781 0.00706482
8 0.699609 0.360547 0.561719 0.721094 0.00706482
19 0.338672 0.685156 0.292969 0.351562 0.00698471
13 0.4 0.325391 0.8 0.650781 0.0069046
11 0.666113 0.371875 0.667773 0.74375 0.0069046
20 0.325 0.425 0.65 0.85 0.0068512
3 0.263086 0.240234 0.526172 0.480469 0.00674438
14 0.760938 0.434766 0.478125 0.821094 0.00674438
17 0.27793 0.305664 0.555859 0.611328 0.00669098
13 0.464063 0.392188 0.867188 0.784375 0.00669098
13 0.691406 0.334375 0.617188 0.66875 0.00664139
3 0.55166 0.383203 0.748242 0.766406 0.00664139
17 0.33125 0.611719 0.6625 0.776563 0.00661469
14 0.675781 0.569531 0.648438 0.860938 0.00658798
8 0.54541 0.684375 0.73418 0.63125 0.0064888
14 0.392188 0.655469 0.784375 0.689063 0.0064621
3 0.613672 0.407422 0.772656 0.814844 0.00643921
11 0.525 0.618359 0.567187 0.763281 0.00643921
8 0.34707 0.290625 0.694141 0.58125 0.00634003
13 0.398047 0.68125 0.796094 0.6375 0.00629044
13 0.730469 0.414453 0.539062 0.828906 0.00624084
1 0.666406 0.639844 0.667188 0.720313 0.00619125
13 0.614062 0.748438 0.732813 0.503125 0.00619125
11 0.350781 0.324219 0.701563 0.648438 0.00616837
13 0.699609 0.360547 0.561719 0.721094 0.00616837
14 0.544629 0.46709 0.457617 0.568945 0.00614548
1 0.328125 0.349219 0.65625 0.698438 0.00609589
14 0.653906 0.714453 0.692187 0.571094 0.00609589
13 0.150293 0.131836 0.300586 0.263672 0.006073
17 0.625 0.542188 0.325 0.315625 0.00605011
13 0.653906 0.714453 0.692187 0.571094 0.00605011
25 0.432422 0.55625 0.794531 0.8875 0.00598145
3 0.760547 0.530078 0.478906 0.830469 0.00591278
3 0.585547 0.617969 0.408594 0.48125 0.00588989
22 0.27793 0.305664 0.555859 0.611328 0.00584412
20 0.522656 0.419922 0.50625 0.735156 0.00582123
13 0.348633 0.721484 0.697266 0.557031 0.00579834
2 0.422266 0.435937 0.780469 0.871875 0.00577545
13 0.276953 0.339063 0.553906 0.678125 0.00575256
20 0.357422 0.609766 0.714844 0.780469 0.00568771
13 0.732031 0.536719 0.535937 0.898438 0.00559998
0 0.578516 0.679004 0.500781 0.616992 0.00559998
10 0.580078 0.595313 0.783594 0.809375 0.00559998
13 0.666406 0.639844 0.667188 0.720313 0.00559998
22 0.666699 0.759375 0.666602 0.48125 0.00559998
11 0.554785 0.7125 0.743555 0.575 0.0055542
14 0.44375 0.348828 0.625 0.697656 0.00553513
25 0.552246 0.567969 0.729883 0.864062 0.00551224
13 0.514746 0.686133 0.592383 0.627734 0.00551224
25 0.701172 0.326953 0.552344 0.653906 0.00548935
10 0.699609 0.360547 0.561719 0.721094 0.00547028
16 0.522656 0.419922 0.50625 0.735156 0.00547028
11 0.360742 0.399609 0.721484 0.799219 0.00540543
17 0.666699 0.759375 0.666602 0.48125 0.00538635
17 0.789453 0.270117 0.421094 0.540234 0.00534439
20 0.398047 0.68125 0.796094 0.6375 0.00534439
19 0.611719 0.829492 0.345313 0.341016 0.0402527
21 0.601562 0.815234 0.367188 0.369531 0.00728989
16 0.615625 0.854102 0.346875 0.291797 0.00612259
1 0.253516 0.655371 0.507031 0.689258 0.00424957
1 0.534375 0.679004 0.526563 0.641992 0.00407028
19 0.435156 0.4125 0.389062 0.376563 0.00392914
17 0.591309 0.650391 0.587695 0.699219 0.00294685
16 0.243945 0.146094 0.392578 0.292188 0.00273705
17 0.551953 0.681641 0.429688 0.636719 0.00263214
12 0.529297 0.712109 0.496094 0.575781 0.00259018
12 0.269141 0.649121 0.538281 0.701758 0.00243378
12 0.483594 0.711719 0.689063 0.576563 0.00212479
11 0.521191 0.433203 0.701367 0.721094 0.00210762
12 0.315625 0.669141 0.63125 0.661719 0.00208282
4 0.521191 0.433203 0.701367 0.721094 0.00199509
21 0.433984 0.425781 0.375781 0.371875 0.00197983
1 0.61416 0.644922 0.63418 0.624219 0.00179577
22 0.591309 0.650391 0.587695 0.699219 0.00178242
22 0.551953 0.681641 0.429688 0.636719 0.00176144
17 0.253516 0.655371 0.507031 0.689258 0.00171375
22 0.253516 0.655371 0.507031 0.689258 0.00171375
1 0.55166 0.723047 0.40293 0.553906 0.00161076
6 0.521191 0.433203 0.701367 0.721094 0.00160408
1 0.603809 0.624609 0.742383 0.750781 0.00154877
1 0.492871 0.378125 0.643945 0.709375 0.00148964
12 0.556641 0.653516 0.632031 0.692969 0.0014782
13 0.271484 0.674902 0.542969 0.650195 0.00144958
1 0.287109 0.775977 0.417188 0.448047 0.00143814
13 0.529297 0.712109 0.496094 0.575781 0.00143242
12 0.65791 0.682422 0.68418 0.635156 0.00142097
12 0.448438 0.693359 0.882812 0.613281 0.00141621
16 0.40166 0.0839844 0.456055 0.167969 0.00137806
12 0.514453 0.376172 0.733594 0.721094 0.00134563
1 0.554297 0.612109 0.449219 0.507031 0.00134563
11 0.271484 0.674902 0.542969 0.650195 0.00134563
4 0.269141 0.649121 0.538281 0.701758 0.0012846
1 0.313867 0.644531 0.627734 0.710938 0.00126934
1 0.499121 0.680371 0.700195 0.639258 0.00125504
16 0.41875 0.425098 0.396094 0.382617 0.00123024
12 0.372266 0.364258 0.420312 0.519141 0.0012064
7 0.521191 0.433203 0.701367 0.721094 0.0012064
14 0.521191 0.433203 0.701367 0.721094 0.00117874
12 0.642188 0.621875 0.715625 0.75625 0.0011692
13 0.521191 0.433203 0.701367 0.721094 0.00116062
16 0.518359 0.438672 0.710156 0.717969 0.00112057
2 0.551953 0.681641 0.429688 0.636719 0.00112057
19 0.352734 0.694531 0.282031 0.31875 0.0011158
21 0.348828 0.695312 0.307031 0.315625 0.00110722
1 0.65791 0.682422 0.68418 0.635156 0.00108624
1 0.372266 0.364258 0.420312 0.519141 0.00108147
15 0.521191 0.433203 0.701367 0.721094 0.00108147
17 0.287109 0.775977 0.417188 0.448047 0.00107765
4 0.551953 0.681641 0.429688 0.636719 0.00106525
12 0.628516 0.704688 0.742969 0.590625 0.00106049
12 0.315234 0.333984 0.534375 0.649219 0.00105667
12 0.287109 0.775977 0.417188 0.448047 0.00104809
12 0.259961 0.761523 0.511328 0.476953 0.00104046
1 0.542285 0.562891 0.676367 0.753906 0.00103188
22 0.287109 0.775977 0.417188 0.448047 0.00102806
12 0.55625 0.611719 0.7875 0.776563 0.00102043
2 0.591309 0.650391 0.587695 0.699219 0.00102043
13 0.605859 0.844727 0.339844 0.310547 0.00101662
0 0.591309 0.650391 0.587695 0.699219 0.00100422
11 0.534375 0.679004 0.526563 0.641992 0.00100422
11 0.497656 0.365234 0.548438 0.508594 0.0495911
19 0.340039 0.703125 0.280859 0.38125 0.0294189
9 0.505859 0.43584 0.535156 0.425195 0.0245209
16 0.497656 0.365234 0.548438 0.508594 0.0200195
24 0.503125 0.437109 0.55 0.471094 0.0171814
6 0.503125 0.437109 0.55 0.471094 0.0165863
4 0.505859 0.43584 0.535156 0.425195 0.013588
19 0.503125 0.437109 0.55 0.471094 0.0131683
18 0.510059 0.425781 0.533008 0.389062 0.0131226
14 0.510059 0.425781 0.533008 0.389062 0.0104904
16 0.531641 0.438184 0.505469 0.420508 0.00971222
20 0.505859 0.43584 0.535156 0.425195 0.00948334
13 0.497656 0.365234 0.548438 0.508594 0.0088501
1 0.567187 0.778711 0.357812 0.442578 0.00871277
19 0.474316 0.399121 0.312305 0.386133 0.00837708
7 0.503125 0.437109 0.55 0.471094 0.00775528
19 0.597656 0.801172 0.310937 0.397656 0.00703812
21 0.505859 0.43584 0.535156 0.425195 0.00682449
1 0.507031 0.351953 0.534375 0.527344 0.00638962
15 0.510059 0.425781 0.533008 0.389062 0.00636292
11 0.531641 0.438184 0.505469 0.420508 0.00634003
22 0.567187 0.778711 0.357812 0.442578 0.00631332
5 0.505859 0.43584 0.535156 0.425195 0.00609589
21 0.340039 0.703125 0.280859 0.38125 0.00534439
23 0.505859 0.43584 0.535156 0.425195 0.00526047
16 0.575 0.39209 0.582812 0.493945 0.00521851
0 0.497656 0.365234 0.548438 0.508594 0.00510025
11 0.575 0.39209 0.582812 0.493945 0.00508118
10 0.505859 0.43584 0.535156 0.425195 0.0049057
2 0.497656 0.365234 0.548438 0.508594 0.00415039
1 0.785156 0.246875 0.396875 0.49375 0.0041008
21 0.597656 0.801172 0.310937 0.397656 0.00388527
3 0.497656 0.365234 0.548438 0.508594 0.00382423
13 0.575 0.39209 0.582812 0.493945 0.00367928
13 0.531641 0.438184 0.505469 0.420508 0.00367928
4 0.575 0.39209 0.582812 0.493945 0.00365067
19 0.325391 0.758984 0.298438 0.402344 0.00363541
4 0.507031 0.351953 0.534375 0.527344 0.00362206
1 0.575 0.39209 0.582812 0.493945 0.00345612
21 0.475781 0.389453 0.314063 0.407031 0.00338936
17 0.567187 0.778711 0.357812 0.442578 0.00335121
1 0.531641 0.438184 0.505469 0.420508 0.00328636
2 0.531641 0.438184 0.505469 0.420508 0.00324821
16 0.570703 0.446484 0.391406 0.251563 0.00317192
14 0.575 0.39209 0.582812 0.493945 0.00314713
12 0.575 0.39209 0.582812 0.493945 0.00309944
16 0.567578 0.497754 0.399219 0.288867 0.00298119
0 0.575 0.39209 0.582812 0.493945 0.0029583
6 0.570703 0.446484 0.391406 0.251563 0.00292397
12 0.510059 0.425781 0.533008 0.389062 0.00288963
18 0.575 0.39209 0.582812 0.493945 0.00287819
11 0.734375 0.252734 0.515625 0.505469 0.00286674
15 0.575 0.39209 0.582812 0.493945 0.00274658
6 0.550781 0.406641 0.457813 0.375781 0.00265312
16 0.643359 0.337891 0.713281 0.639844 0.00261116
11 0.658594 0.264844 0.682813 0.529688 0.00255013
3 0.567187 0.778711 0.357812 0.442578 0.00253105
11 0.582422 0.788867 0.352344 0.422266 0.00247192
22 0.792383 0.242578 0.383984 0.485156 0.002388
12 0.785156 0.246875 0.396875 0.49375 0.00237846
3 0.531641 0.438184 0.505469 0.420508 0.00236893
20 0.567187 0.778711 0.357812 0.442578 0.00233269
25 0.505859 0.43584 0.535156 0.425195 0.00231361
19 0.513184 0.336719 0.561133 0.552344 0.00230598
6 0.558984 0.518359 0.444531 0.510156 0.00228691
0 0.531641 0.438184 0.505469 0.420508 0.00227928
12 0.567187 0.778711 0.357812 0.442578 0.00227928
19 0.327148 0.628906 0.306641 0.4125 0.00226974
11 0.643359 0.337891 0.713281 0.639844 0.00223351
1 0.558984 0.518359 0.444531 0.510156 0.00216484
7 0.575 0.39209 0.582812 0.493945 0.00215721
16 0.558984 0.518359 0.444531 0.510156 0.00213242
13 0.734375 0.252734 0.515625 0.505469 0.00209999
6 0.575 0.39209 0.582812 0.493945 0.00208282
12 0.644141 0.289062 0.711719 0.578125 0.0020752
20 0.507031 0.351953 0.534375 0.527344 0.0020504
2 0.575 0.39209 0.582812 0.493945 0.0020504
17 0.507031 0.351953 0.534375 0.527344 0.00201988
1 0.822266 0.812109 0.355469 0.375781 0.00201035
12 0.50791 0.336328 0.52793 0.546094 0.00198746
6 0.507031 0.351953 0.534375 0.527344 0.00198746
15 0.643359 0.337891 0.713281 0.639844 0.00198746
19 0.417578 0.399609 0.307031 0.38125 0.00197983
3 0.575 0.39209 0.582812 0.493945 0.0019722
6 0.567578 0.497754 0.399219 0.288867 0.00191879
21 0.325391 0.758984 0.298438 0.402344 0.00191212
14 0.518652 0.327148 0.487695 0.542578 0.00189686
18 0.513184 0.336719 0.561133 0.552344 0.00189686
2 0.558984 0.518359 0.444531 0.510156 0.00188255
20 0.558984 0.518359 0.444531 0.510156 0.00187492
20 0.575 0.39209 0.582812 0.493945 0.00185299
0 0.643359 0.337891 0.713281 0.639844 0.00185299
4 0.570703 0.446484 0.391406 0.251563 0.00185299
1 0.567578 0.497754 0.399219 0.288867 0.00184631
13 0.658594 0.264844 0.682813 0.529688 0.0018177
20 0.498437 0.491406 0.55625 0.585938 0.00179577
21 0.498437 0.491406 0.55625 0.585938 0.00178242
9 0.498437 0.491406 0.55625 0.585938 0.00174809
16 0.61875 0.396973 0.35 0.23418 0.00173378
13 0.571875 0.784961 0.3625 0.430078 0.00171375
16 0.498437 0.491406 0.55625 0.585938 0.0017004
6 0.183398 0.210547 0.366797 0.421094 0.00168705
22 0.507031 0.351953 0.534375 0.527344 0.00168133
19 0.767188 0.275781 0.315625 0.432031 0.00167465
14 0.567187 0.778711 0.357812 0.442578 0.00167465
4 0.643359 0.337891 0.713281 0.639844 0.0016489
13 0.643359 0.337891 0.713281 0.639844 0.00164223
22 0.820312 0.810742 0.359375 0.378516 0.00164223
23 0.513184 0.336719 0.561133 0.552344 0.00162315
17 0.785156 0.246875 0.396875 0.49375 0.00161076
1 0.571191 0.560156 0.398242 0.385156 0.00160408
16 0.183398 0.167285 0.366797 0.33457 0.0015974
17 0.575 0.39209 0.582812 0.493945 0.00157356
21 0.558984 0.518359 0.444531 0.510156 0.00156689
6 0.486328 0.505078 0.622656 0.614844 0.00155449
11 0.820312 0.810742 0.359375 0.378516 0.00154877
0 0.181641 0.166992 0.363281 0.333984 0.00153637
7 0.507031 0.351953 0.534375 0.527344 0.00153637
13 0.325391 0.758984 0.298438 0.402344 0.0015192
21 0.507031 0.351953 0.534375 0.527344 0.00151253
1 0.570312 0.671387 0.4375 0.657227 0.00151253
4 0.498437 0.491406 0.55625 0.585938 0.00150681
2 0.562109 0.726562 0.394531 0.546875 0.00150681
14 0.785156 0.246875 0.396875 0.49375 0.00150108
0 0.567187 0.778711 0.357812 0.442578 0.00149536
4 0.567187 0.778711 0.357812 0.442578 0.00148392
13 0.498437 0.491406 0.55625 0.585938 0.0014782
4 0.558984 0.518359 0.444531 0.510156 0.00143814
15 0.518652 0.327148 0.487695 0.542578 0.00143242
13 0.344922 0.689844 0.294531 0.392188 0.00142097
2 0.571191 0.560156 0.398242 0.385156 0.00142097
14 0.558984 0.518359 0.444531 0.510156 0.00141048
9 0.575 0.39209 0.582812 0.493945 0.00139904
22 0.572656 0.610156 0.389062 0.485938 0.00139904
11 0.572656 0.610156 0.389062 0.485938 0.00138855
2 0.181641 0.166992 0.363281 0.333984 0.00138283
6 0.61875 0.396973 0.35 0.23418 0.00138283
0 0.558984 0.518359 0.444531 0.510156 0.00136662
12 0.570312 0.671387 0.4375 0.657227 0.00136662
2 0.643359 0.337891 0.713281 0.639844 0.00134087
6 0.643359 0.337891 0.713281 0.639844 0.00133514
16 0.571191 0.560156 0.398242 0.385156 0.00133514
1 0.183398 0.210547 0.366797 0.421094 0.00132465
16 0.632812 0.457422 0.282813 0.15625 0.00132465
2 0.567578 0.497754 0.399219 0.288867 0.00132465
11 0.558984 0.518359 0.444531 0.510156 0.00131512
5 0.513184 0.336719 0.561133 0.552344 0.00129414
1 0.498437 0.491406 0.55625 0.585938 0.00129414
0 0.571191 0.560156 0.398242 0.385156 0.00129414
0 0.785937 0.2375 0.382812 0.475 0.00127888
22 0.558984 0.518359 0.444531 0.510156 0.00127888
12 0.192383 0.265234 0.384766 0.530469 0.00127411
4 0.567578 0.497754 0.399219 0.288867 0.00127411
2 0.566406 0.793359 0.346875 0.413281 0.00127411
9 0.570703 0.446484 0.391406 0.251563 0.00126457
24 0.513184 0.336719 0.561133 0.552344 0.00124454
9 0.558984 0.518359 0.444531 0.510156 0.00124454
13 0.558984 0.518359 0.444531 0.510156 0.00123501
9 0.513184 0.336719 0.561133 0.552344 0.0012207
12 0.182129 0.15293 0.364258 0.305859 0.00121593
23 0.575 0.39209 0.582812 0.493945 0.00121593
19 0.298389 0.801758 0.28291 0.362109 0.0012064
5 0.582422 0.788867 0.352344 0.422266 0.0012064
20 0.792383 0.242578 0.383984 0.485156 0.00119686
1 0.643359 0.337891 0.713281 0.639844 0.00119686
12 0.270703 0.647559 0.541406 0.704883 0.00119686
11 0.792383 0.242578 0.383984 0.485156 0.00119209
6 0.567187 0.778711 0.357812 0.442578 0.00119209
12 0.673828 0.6625 0.652344 0.675 0.00117874
24 0.550781 0.406641 0.457813 0.375781 0.00117397
7 0.643359 0.337891 0.713281 0.639844 0.00116062
8 0.567187 0.778711 0.357812 0.442578 0.0011425
3 0.792383 0.242578 0.383984 0.485156 0.00113392
3 0.558984 0.518359 0.444531 0.510156 0.00112915
6 0.571191 0.560156 0.398242 0.385156 0.00112915
19 0.817969 0.254883 0.310937 0.415234 0.00112438
21 0.753906 0.2875 0.28125 0.378125 0.00112438
4 0.183398 0.167285 0.366797 0.33457 0.00112438
14 0.183398 0.210547 0.366797 0.421094 0.00112438
14 0.643359 0.337891 0.713281 0.639844 0.00112438
1 0.570703 0.446484 0.391406 0.251563 0.00112438
16 0.669141 0.257227 0.661719 0.514453 0.00111198
25 0.558984 0.518359 0.444531 0.510156 0.00110722
21 0.792383 0.242578 0.383984 0.485156 0.00109863
12 0.639844 0.629687 0.573438 0.571875 0.00109005
18 0.643359 0.337891 0.713281 0.639844 0.00107765
2 0.498437 0.491406 0.55625 0.585938 0.00107288
14 0.572656 0.610156 0.389062 0.485938 0.00107288
25 0.507031 0.351953 0.534375 0.527344 0.00106525
12 0.397656 0.4 0.795313 0.8 0.00106049
12 0.473828 0.610156 0.917969 0.779688 0.00106049
2 0.785937 0.2375 0.382812 0.475 0.00105667
21 0.562109 0.726562 0.394531 0.546875 0.00105667
12 0.719922 0.262305 0.560156 0.524609 0.00104809
6 0.632812 0.457422 0.282813 0.15625 0.00104809
11 0.562109 0.726562 0.394531 0.546875 0.00104427
12 0.456641 0.378125 0.595313 0.75625 0.00104046
12 0.511328 0.263867 0.45625 0.527734 0.00103188
10 0.513184 0.336719 0.561133 0.552344 0.00102425
0 0.567578 0.497754 0.399219 0.288867 0.00102425
0 0.61875 0.396973 0.35 0.23418 0.00101662
24 0.570703 0.446484 0.391406 0.251563 0.00101662
17 0.643359 0.337891 0.713281 0.639844 0.00100803
17 0.572656 0.610156 0.389062 0.485938 0.00100803
24 0.575 0.39209 0.582812 0.493945 0.00100422
24 0.402441 0.515234 0.72168 0.483594 0.308105
24 0.452344 0.441406 0.614062 0.339063 0.123352
11 0.452344 0.441406 0.614062 0.339063 0.0844727
6 0.402441 0.515234 0.72168 0.483594 0.0639648
9 0.402441 0.515234 0.72168 0.483594 0.0538025
7 0.452344 0.441406 0.614062 0.339063 0.0467224
11 0.402441 0.515234 0.72168 0.483594 0.0406799
7 0.402441 0.515234 0.72168 0.483594 0.0359497
6 0.439844 0.4375 0.642188 0.329688 0.0324707
18 0.439844 0.4375 0.642188 0.329688 0.0284424
12 0.767578 0.733203 0.464844 0.533594 0.0275879
13 0.497266 0.443359 0.535156 0.360938 0.0214539
12 0.605469 0.729297 0.375 0.541406 0.0205688
15 0.428516 0.489453 0.682813 0.446094 0.0189819
12 0.675781 0.70332 0.648438 0.593359 0.0184784
12 0.356641 0.363672 0.713281 0.727344 0.0181274
18 0.402441 0.515234 0.72168 0.483594 0.0179901
9 0.452344 0.441406 0.614062 0.339063 0.0175171
20 0.428516 0.489453 0.682813 0.446094 0.0175171
12 0.604688 0.789258 0.315625 0.421484 0.0173798
15 0.439844 0.4375 0.642188 0.329688 0.0170441
12 0.405078 0.438379 0.746094 0.42168 0.0162201
12 0.695312 0.717969 0.573438 0.564063 0.0153046
14 0.439844 0.4375 0.642188 0.329688 0.0151291
12 0.497266 0.443359 0.535156 0.360938 0.0130692
13 0.604688 0.789258 0.315625 0.421484 0.0124817
16 0.489844 0.430078 0.535156 0.364844 0.0118713
13 0.696875 0.713672 0.60625 0.572656 0.0115051
23 0.402441 0.515234 0.72168 0.483594 0.011467
4 0.452344 0.441406 0.614062 0.339063 0.0112457
12 0.33125 0.351758 0.6625 0.632422 0.0108566
19 0.452344 0.441406 0.614062 0.339063 0.0107803
19 0.592969 0.804688 0.31875 0.390625 0.0100555
16 0.599219 0.78457 0.3 0.430859 0.0100555
24 0.380469 0.427734 0.760938 0.4375 0.00989532
1 0.599609 0.713672 0.324219 0.572656 0.00905609
13 0.605469 0.729297 0.375 0.541406 0.00905609
4 0.402441 0.515234 0.72168 0.483594 0.0088501
11 0.48125 0.351172 0.5625 0.528906 0.00854492
16 0.428516 0.489453 0.682813 0.446094 0.00815582
13 0.405078 0.438379 0.746094 0.42168 0.00800323
6 0.48125 0.351172 0.5625 0.528906 0.0077858
16 0.48125 0.351172 0.5625 0.528906 0.00763702
16 0.606641 0.871094 0.296094 0.257812 0.00757599
19 0.430469 0.363477 0.307031 0.386328 0.00731659
13 0.33125 0.351758 0.6625 0.632422 0.0068512
12 0.298633 0.663672 0.570703 0.672656 0.00669098
19 0.402441 0.515234 0.72168 0.483594 0.00661469
23 0.452344 0.441406 0.614062 0.339063 0.00651169
20 0.489844 0.430078 0.535156 0.364844 0.0064888
15 0.407031 0.563965 0.732813 0.608008 0.00616837
11 0.405078 0.438379 0.746094 0.42168 0.00605011
14 0.428516 0.489453 0.682813 0.446094 0.00605011
20 0.493359 0.501953 0.529688 0.377344 0.00605011
7 0.48125 0.351172 0.5625 0.528906 0.005867
18 0.48125 0.351172 0.5625 0.528906 0.005867
6 0.380469 0.427734 0.760938 0.4375 0.00584412
16 0.493359 0.501953 0.529688 0.377344 0.00582123
24 0.493359 0.501953 0.529688 0.377344 0.00566483
6 0.493359 0.501953 0.529688 0.377344 0.00559998
13 0.356641 0.363672 0.713281 0.727344 0.00547028
2 0.402441 0.515234 0.72168 0.483594 0.00547028
12 0.4875 0.709961 0.901563 0.580078 0.00542831
13 0.832812 0.803906 0.334375 0.392188 0.00542831
20 0.407031 0.563965 0.732813 0.608008 0.00538635
1 0.4875 0.311719 0.560156 0.623438 0.00526047
19 0.349023 0.674219 0.256641 0.3625 0.00524139
21 0.435156 0.547754 0.679688 0.57168 0.0051384
11 0.599219 0.78457 0.3 0.430859 0.0050621
19 0.405859 0.410938 0.275781 0.33125 0.00503922
12 0.783398 0.8 0.433203 0.4 0.00496292
12 0.4875 0.311719 0.560156 0.623438 0.0049057
17 0.590625 0.716406 0.315625 0.567187 0.00475693
13 0.402441 0.515234 0.72168 0.483594 0.00471878
11 0.675781 0.70332 0.648438 0.593359 0.00468063
13 0.4875 0.311719 0.560156 0.623438 0.00460815
1 0.464844 0.432031 0.59375 0.351562 0.00455475
5 0.402441 0.515234 0.72168 0.483594 0.00446701
2 0.489844 0.430078 0.535156 0.364844 0.00436401
12 0.366602 0.682813 0.733203 0.634375 0.00436401
6 0.606641 0.871094 0.296094 0.257812 0.00416565
11 0.767578 0.733203 0.464844 0.533594 0.00413513
13 0.797656 0.738672 0.404687 0.522656 0.00411606
16 0.695312 0.717969 0.573438 0.564063 0.00403976
14 0.532031 0.444141 0.53125 0.370313 0.00400543
1 0.783398 0.8 0.433203 0.4 0.00400543
12 0.322266 0.699609 0.361719 0.547656 0.00395966
14 0.48125 0.351172 0.5625 0.528906 0.0039444
5 0.452344 0.441406 0.614062 0.339063 0.00392914
11 0.695312 0.717969 0.573438 0.564063 0.00388527
16 0.358984 0.343945 0.717969 0.661328 0.00385475
0 0.428516 0.489453 0.682813 0.446094 0.00376511
7 0.367188 0.105566 0.58125 0.211133 0.0037365
25 0.428516 0.489453 0.682813 0.446094 0.00370789
16 0.407031 0.563965 0.732813 0.608008 0.00365067
16 0.380469 0.427734 0.760938 0.4375 0.00362206
0 0.497266 0.443359 0.535156 0.360938 0.00359344
22 0.599219 0.78457 0.3 0.430859 0.00351143
2 0.493359 0.501953 0.529688 0.377344 0.00340271
24 0.368164 0.0966797 0.606641 0.193359 0.00338936
24 0.606641 0.871094 0.296094 0.257812 0.00337601
7 0.380469 0.427734 0.760938 0.4375 0.00332451
16 0.310937 0.377734 0.582812 0.55 0.00329781
10 0.428516 0.489453 0.682813 0.446094 0.00327301
12 0.335742 0.744531 0.286328 0.41875 0.00327301
16 0.742188 0.752344 0.515625 0.495313 0.00325966
15 0.380469 0.427734 0.760938 0.4375 0.00324821
11 0.832812 0.803906 0.334375 0.392188 0.00324821
12 0.459375 0.567187 0.876563 0.865625 0.00323486
11 0.367188 0.105566 0.58125 0.211133 0.00314713
11 0.356641 0.363672 0.713281 0.727344 0.00307465
1 0.583984 0.664453 0.380469 0.671094 0.00294685
3 0.497266 0.443359 0.535156 0.360938 0.00291252
15 0.532031 0.444141 0.53125 0.370313 0.00286674
24 0.358984 0.343945 0.717969 0.661328 0.00284576
16 0.832812 0.803906 0.334375 0.392188 0.00284576
16 0.659375 0.837891 0.451562 0.324219 0.00279999
20 0.48125 0.351172 0.5625 0.528906 0.00276756
3 0.599219 0.78457 0.3 0.430859 0.00275803
11 0.606641 0.871094 0.296094 0.257812 0.00275803
24 0.48125 0.351172 0.5625 0.528906 0.00273705
16 0.589844 0.478906 0.321875 0.196875 0.00266266
9 0.493359 0.501953 0.529688 0.377344 0.00266266
17 0.604688 0.789258 0.315625 0.421484 0.00265312
2 0.48125 0.351172 0.5625 0.528906 0.00263214
12 0.317188 0.474219 0.634375 0.845313 0.00263214
11 0.605469 0.729297 0.375 0.541406 0.00263214
24 0.725781 0.745313 0.548438 0.509375 0.00259018
17 0.742188 0.752344 0.515625 0.495313 0.00258064
13 0.298633 0.663672 0.570703 0.672656 0.00257111
2 0.450098 0.458594 0.69043 0.377344 0.00253105
19 0.471875 0.388672 0.291406 0.333594 0.00251198
25 0.439844 0.4375 0.642188 0.329688 0.0024929
15 0.48125 0.351172 0.5625 0.528906 0.0024929
1 0.797656 0.738672 0.404687 0.522656 0.0024929
13 0.322266 0.699609 0.361719 0.547656 0.00246239
9 0.48125 0.351172 0.5625 0.528906 0.00245285
6 0.599219 0.78457 0.3 0.430859 0.0024147
13 0.448438 0.516504 0.692187 0.78418 0.00239754
21 0.493359 0.501953 0.529688 0.377344 0.00237846
12 0.575391 0.646094 0.392969 0.701563 0.00237846
22 0.742188 0.752344 0.515625 0.495313 0.00236893
4 0.48125 0.351172 0.5625 0.528906 0.00235939
22 0.783398 0.8 0.433203 0.4 0.00235939
17 0.583984 0.664453 0.380469 0.671094 0.00232315
18 0.532031 0.444141 0.53125 0.370313 0.00231361
15 0.358984 0.343945 0.717969 0.661328 0.00227928
6 0.358984 0.343945 0.717969 0.661328 0.00225258
1 0.836523 0.811328 0.326953 0.377344 0.00225258
11 0.371484 0.13916 0.728906 0.27832 0.00221634
24 0.433984 0.084375 0.467187 0.16875 0.00219917
24 0.448438 0.516504 0.692187 0.78418 0.00219917
19 0.118164 0.275977 0.236328 0.354297 0.00218201
12 0.20957 0.422754 0.419141 0.582617 0.00216484
22 0.490234 0.564063 0.554688 0.623438 0.00215721
12 0.448438 0.516504 0.692187 0.78418 0.00214958
20 0.599219 0.78457 0.3 0.430859 0.00214958
24 0.599219 0.78457 0.3 0.430859 0.00214958
4 0.599219 0.78457 0.3 0.430859 0.00213242
13 0.600781 0.876758 0.309375 0.246484 0.00213242
7 0.368945 0.167969 0.737891 0.335938 0.00208282
24 0.368945 0.167969 0.737891 0.335938 0.00206757
1 0.403125 0.406641 0.759375 0.497656 0.00202751
12 0.251953 0.258984 0.503906 0.517969 0.00201988
12 0.500781 0.621875 0.970313 0.75625 0.00201035
10 0.439844 0.4375 0.642188 0.329688 0.00199509
17 0.836523 0.811328 0.326953 0.377344 0.00199509
7 0.433984 0.084375 0.467187 0.16875 0.00198746
17 0.783398 0.8 0.433203 0.4 0.00198746
5 0.742188 0.752344 0.515625 0.495313 0.00198746
14 0.465625 0.315234 0.626563 0.630469 0.0019722
17 0.497266 0.443359 0.535156 0.360938 0.00195694
9 0.380469 0.427734 0.760938 0.4375 0.00194931
12 0.346875 0.625391 0.69375 0.749219 0.00193405
6 0.368164 0.0966797 0.606641 0.193359 0.00192642
20 0.783398 0.8 0.433203 0.4 0.00191212
19 0.742188 0.752344 0.515625 0.495313 0.00191212
13 0.335742 0.744531 0.286328 0.41875 0.00190449
0 0.407031 0.563965 0.732813 0.608008 0.00189686
5 0.599219 0.78457 0.3 0.430859 0.00189686
1 0.678906 0.685254 0.642188 0.629492 0.00186062
12 0.278906 0.15 0.557813 0.3 0.00184631
1 0.490234 0.564063 0.554688 0.623438 0.00184631
12 0.573047 0.635547 0.491406 0.728906 0.00184631
25 0.407031 0.563965 0.732813 0.608008 0.00183868
12 0.836523 0.811328 0.326953 0.377344 0.00181007
15 0.675781 0.70332 0.648438 0.593359 0.00181007
25 0.590625 0.716406 0.315625 0.567187 0.00179577
17 0.46875 0.315039 0.621875 0.623828 0.00178242
22 0.448438 0.516504 0.692187 0.78418 0.00178242
12 0.235938 0.298047 0.471875 0.596094 0.00176811
19 0.48125 0.351172 0.5625 0.528906 0.00176811
11 0.33125 0.351758 0.6625 0.632422 0.00176811
6 0.659375 0.837891 0.451562 0.324219 0.00176811
20 0.742188 0.752344 0.515625 0.495313 0.00174809
13 0.516406 0.578516 0.5125 0.688281 0.0017271
13 0.459375 0.567187 0.876563 0.865625 0.00168705
12 0.659375 0.837891 0.451562 0.324219 0.00168705
24 0.831836 0.785937 0.336328 0.428125 0.00167465
12 0.234375 0.357031 0.46875 0.682031 0.00166798
12 0.516406 0.578516 0.5125 0.688281 0.0016613
10 0.407031 0.563965 0.732813 0.608008 0.0016489
14 0.407031 0.563965 0.732813 0.608008 0.00164223
4 0.767578 0.733203 0.464844 0.533594 0.00163555
14 0.783398 0.8 0.433203 0.4 0.00162888
19 0.600781 0.876758 0.309375 0.246484 0.00160408
24 0.659375 0.837891 0.451562 0.324219 0.0015974
17 0.695312 0.717969 0.573438 0.564063 0.00159168
16 0.675781 0.70332 0.648438 0.593359 0.00158501
16 0.541406 0.467187 0.432813 0.238281 0.00157356
23 0.48125 0.351172 0.5625 0.528906 0.00156689
12 0.738867 0.34082 0.522266 0.640234 0.00156689
5 0.493359 0.501953 0.529688 0.377344 0.00156689
6 0.433984 0.084375 0.467187 0.16875 0.00154877
7 0.358984 0.343945 0.717969 0.661328 0.00154877
1 0.493359 0.501953 0.529688 0.377344 0.00153637
2 0.836523 0.811328 0.326953 0.377344 0.00153637
11 0.493359 0.501953 0.529688 0.377344 0.00152493
4 0.405078 0.438379 0.746094 0.42168 0.00151253
3 0.48125 0.351172 0.5625 0.528906 0.00149536
13 0.570703 0.660937 0.419531 0.678125 0.00149536
14 0.590625 0.716406 0.315625 0.567187 0.00149536
1 0.356641 0.363672 0.713281 0.727344 0.00148392
15 0.695312 0.717969 0.573438 0.564063 0.00146675
18 0.368164 0.0966797 0.606641 0.193359 0.00146103
14 0.356641 0.363672 0.713281 0.727344 0.00146103
21 0.489844 0.430078 0.535156 0.364844 0.00144386
6 0.589844 0.478906 0.321875 0.196875 0.00144386
0 0.48125 0.351172 0.5625 0.528906 0.00143814
14 0.493359 0.501953 0.529688 0.377344 0.00143814
5 0.48125 0.351172 0.5625 0.528906 0.00143242
19 0.380469 0.427734 0.760938 0.4375 0.00142097
14 0.797656 0.738672 0.404687 0.522656 0.00141621
23 0.380469 0.427734 0.760938 0.4375 0.00141048
1 0.448438 0.516504 0.692187 0.78418 0.00140476
2 0.590625 0.716406 0.315625 0.567187 0.00140476
1 0.695312 0.717969 0.573438 0.564063 0.00140476
12 0.606641 0.871094 0.296094 0.257812 0.00140476
16 0.632812 0.497656 0.240625 0.210938 0.00139904
11 0.659375 0.837891 0.451562 0.324219 0.00139904
12 0.257031 0.691016 0.514063 0.617969 0.00139427
4 0.695312 0.717969 0.573438 0.564063 0.00139427
6 0.695312 0.717969 0.573438 0.564063 0.00138855
15 0.767578 0.733203 0.464844 0.533594 0.00138855
14 0.403125 0.406641 0.759375 0.497656 0.00137806
12 0.596875 0.625 0.80625 0.75 0.00137806
3 0.742188 0.752344 0.515625 0.495313 0.00136185
6 0.532031 0.444141 0.53125 0.370313 0.00135612
22 0.836523 0.811328 0.326953 0.377344 0.00135612
24 0.310937 0.377734 0.582812 0.55 0.00134087
11 0.465625 0.315234 0.626563 0.630469 0.00133514
14 0.367188 0.105566 0.58125 0.211133 0.00132465
15 0.368945 0.167969 0.737891 0.335938 0.00132465
12 0.675781 0.420312 0.648438 0.8375 0.00132465
25 0.493359 0.501953 0.529688 0.377344 0.00132465
22 0.570703 0.660937 0.419531 0.678125 0.00132465
6 0.448438 0.516504 0.692187 0.78418 0.00131989
14 0.678906 0.685254 0.642188 0.629492 0.00131989
6 0.490234 0.564063 0.554688 0.623438 0.00131512
17 0.448438 0.516504 0.692187 0.78418 0.00130463
24 0.695312 0.717969 0.573438 0.564063 0.00129414
23 0.600781 0.876758 0.309375 0.246484 0.00129414
7 0.606641 0.871094 0.296094 0.257812 0.00129414
2 0.367188 0.105566 0.58125 0.211133 0.00128937
1 0.541406 0.467187 0.432813 0.238281 0.00128937
15 0.304688 0.150488 0.609375 0.300977 0.00127411
9 0.448438 0.516504 0.692187 0.78418 0.00126457
2 0.783398 0.8 0.433203 0.4 0.0012598
4 0.675781 0.70332 0.648438 0.593359 0.00125504
2 0.465625 0.315234 0.626563 0.630469 0.00124454
6 0.742188 0.752344 0.515625 0.495313 0.00124454
6 0.831836 0.785937 0.336328 0.428125 0.00123978
6 0.541406 0.467187 0.432813 0.238281 0.00123024
6 0.368945 0.167969 0.737891 0.335938 0.00122547
12 0.727734 0.626563 0.544531 0.746875 0.00122547
2 0.596094 0.484375 0.304688 0.204688 0.0012207
9 0.600781 0.876758 0.309375 0.246484 0.00121117
15 0.493359 0.501953 0.529688 0.377344 0.0012064
3 0.783398 0.8 0.433203 0.4 0.00120163
12 0.261523 0.404687 0.523047 0.809375 0.00119686
1 0.600781 0.876758 0.309375 0.246484 0.00118828
16 0.397754 0.0917969 0.512305 0.183594 0.00117874
12 0.203125 0.675391 0.40625 0.649219 0.00117874
14 0.695312 0.717969 0.573438 0.564063 0.00117874
18 0.405078 0.438379 0.746094 0.42168 0.0011692
17 0.358984 0.343945 0.717969 0.661328 0.0011692
17 0.678906 0.685254 0.642188 0.629492 0.0011692
21 0.589844 0.795117 0.325 0.409766 0.00116539
13 0.659375 0.837891 0.451562 0.324219 0.00116062
1 0.596094 0.484375 0.304688 0.204688 0.00115108
8 0.599219 0.78457 0.3 0.430859 0.00115108
23 0.368164 0.0966797 0.606641 0.193359 0.0011425
4 0.358984 0.343945 0.717969 0.661328 0.00113773
13 0.541406 0.467187 0.432813 0.238281 0.00113392
15 0.367188 0.105566 0.58125 0.211133 0.00112915
11 0.449219 0.0840332 0.435156 0.168066 0.00112915
16 0.605469 0.729297 0.375 0.541406 0.00112438
9 0.599219 0.78457 0.3 0.430859 0.00112438
1 0.33125 0.351758 0.6625 0.632422 0.00112057
4 0.606641 0.871094 0.296094 0.257812 0.00112057
19 0.428027 0.39375 0.306445 0.396094 0.229492
21 0.897656 0.824805 0.204688 0.350391 0.0881958
21 0.441309 0.390234 0.314258 0.404687 0.0758667
11 0.508984 0.421484 0.507031 0.329688 0.0750122
24 0.502344 0.426953 0.504687 0.33125 0.0726318
6 0.502344 0.426953 0.504687 0.33125 0.0538025
7 0.508984 0.421484 0.507031 0.329688 0.0403748
18 0.508984 0.421484 0.507031 0.329688 0.033844
9 0.502344 0.426953 0.504687 0.33125 0.0278015
23 0.514453 0.432129 0.522656 0.341992 0.0216217
14 0.508984 0.421484 0.507031 0.329688 0.0214539
21 0.889844 0.833984 0.220313 0.332031 0.0197906
4 0.508984 0.421484 0.507031 0.329688 0.0186462
21 0.325 0.779688 0.260156 0.345313 0.0152512
2 0.508984 0.421484 0.507031 0.329688 0.0139542
0 0.508984 0.421484 0.507031 0.329688 0.0130234
19 0.325 0.779688 0.260156 0.345313 0.0113754
16 0.487598 0.419434 0.451367 0.329883 0.00912476
11 0.7125 0.788477 0.575 0.423047 0.00878143
15 0.508984 0.421484 0.507031 0.329688 0.00629044
0 0.7125 0.788477 0.575 0.423047 0.00568771
21 0.614844 0.865625 0.292188 0.26875 0.0055542
19 0.615234 0.852344 0.300781 0.295312 0.00443268
19 0.897656 0.824805 0.204688 0.350391 0.00436401
21 0.4125 0.396875 0.28125 0.334375 0.00411606
4 0.324023 0.798438 0.247266 0.314063 0.00405502
19 0.510547 0.423047 0.507031 0.334375 0.00395966
3 0.501465 0.418652 0.473633 0.331445 0.00340271
4 0.445312 0.419434 0.357812 0.326758 0.00333786
17 0.324023 0.798438 0.247266 0.314063 0.00309944
13 0.487598 0.419434 0.451367 0.329883 0.0029583
12 0.501465 0.418652 0.473633 0.331445 0.00293541
1 0.317969 0.804688 0.258594 0.278125 0.00291252
19 0.478809 0.404004 0.32207 0.356055 0.00274658
10 0.508984 0.421484 0.507031 0.329688 0.0026722
2 0.445312 0.419434 0.357812 0.326758 0.00261116
14 0.445312 0.419434 0.357812 0.326758 0.00239754
5 0.514453 0.432129 0.522656 0.341992 0.00237846
8 0.324023 0.798438 0.247266 0.314063 0.00234222
11 0.319141 0.80625 0.246094 0.290625 0.00216484
16 0.725 0.799805 0.55 0.400391 0.00209999
11 0.445312 0.419434 0.357812 0.326758 0.00198746
0 0.445312 0.419434 0.357812 0.326758 0.00195694
25 0.510547 0.423047 0.507031 0.334375 0.00195694
12 0.324023 0.798438 0.247266 0.314063 0.00194168
2 0.324023 0.798438 0.247266 0.314063 0.00182438
16 0.617188 0.845117 0.321875 0.309766 0.00177479
19 0.13125 0.13877 0.2625 0.277539 0.00176811
21 0.314844 0.829492 0.301563 0.341016 0.0016613
1 0.617188 0.845117 0.321875 0.309766 0.0015974
4 0.7125 0.788477 0.575 0.423047 0.00159168
11 0.82207 0.811914 0.355859 0.376172 0.00150108
17 0.501465 0.418652 0.473633 0.331445 0.00148964
16 0.317969 0.804688 0.258594 0.278125 0.00148392
16 0.839063 0.810938 0.321875 0.365625 0.00145531
14 0.324023 0.798438 0.247266 0.314063 0.00144958
19 0.385938 0.426953 0.261719 0.308594 0.00144386
2 0.724219 0.796094 0.551562 0.407813 0.00140476
6 0.725 0.799805 0.55 0.400391 0.00140476
11 0.617188 0.845117 0.321875 0.309766 0.00136662
23 0.445312 0.419434 0.357812 0.326758 0.00132465
24 0.725 0.799805 0.55 0.400391 0.00127888
21 0.615234 0.82207 0.324219 0.355859 0.00127411
8 0.501465 0.418652 0.473633 0.331445 0.00126934
19 0.42334 0.392285 0.24082 0.324805 0.00123501
0 0.317969 0.804688 0.258594 0.278125 0.00118828
3 0.317969 0.804688 0.258594 0.278125 0.00118351
6 0.617188 0.845117 0.321875 0.309766 0.00115108
19 0.158203 0.150195 0.316406 0.225391 0.0011425
16 0.711133 0.788672 0.577734 0.422656 0.00112915
1 0.835742 0.813281 0.328516 0.365625 0.00111198
14 0.724219 0.796094 0.551562 0.407813 0.00109863
19 0.889844 0.833984 0.220313 0.332031 0.00107765
19 0.610156 0.853906 0.28125 0.210938 0.00106049
22 0.317969 0.804688 0.258594 0.278125 0.00104809
1 0.501465 0.418652 0.473633 0.331445 0.00103188
7 0.445312 0.419434 0.357812 0.326758 0.00102425
22 0.724219 0.796094 0.551562 0.407813 0.00101185
24 0.505469 0.410547 0.526563 0.328906 0.128906
18 0.506641 0.414941 0.528125 0.307617 0.0933228
6 0.49375 0.430469 0.560938 0.395313 0.0747681
7 0.506641 0.414941 0.528125 0.307617 0.0687866
9 0.49375 0.430469 0.560938 0.395313 0.0678101
4 0.502344 0.428125 0.535937 0.346875 0.0670776
14 0.502344 0.428125 0.535937 0.346875 0.049408
11 0.502344 0.428125 0.535937 0.346875 0.0401001
15 0.502344 0.428125 0.535937 0.346875 0.026062
0 0.500781 0.425781 0.542188 0.338281 0.0217438
6 0.547754 0.401172 0.437305 0.290625 0.0170441
23 0.502344 0.428125 0.535937 0.346875 0.0147858
2 0.500781 0.425781 0.542188 0.338281 0.0110703
9 0.547754 0.401172 0.437305 0.290625 0.0106964
2 0.547754 0.401172 0.437305 0.290625 0.0077858
19 0.396973 0.404297 0.260742 0.340625 0.00775528
20 0.505469 0.410547 0.526563 0.328906 0.00653839
5 0.505469 0.410547 0.526563 0.328906 0.00559998
0 0.547754 0.401172 0.437305 0.290625 0.00484848
1 0.505859 0.43125 0.560156 0.346094 0.00432968
10 0.49375 0.430469 0.560938 0.395313 0.0042305
13 0.467285 0.429297 0.485742 0.353906 0.00407028
6 0.596094 0.872266 0.319531 0.255469 0.0039444
1 0.421973 0.431641 0.385742 0.351562 0.00391388
16 0.596094 0.872266 0.319531 0.255469 0.00367928
16 0.547754 0.401172 0.437305 0.290625 0.00353813
3 0.505859 0.43125 0.560156 0.346094 0.00319672
23 0.547754 0.401172 0.437305 0.290625 0.00319672
12 0.59375 0.873438 0.314063 0.253125 0.00312424
14 0.547754 0.401172 0.437305 0.290625 0.00311089
0 0.596094 0.872266 0.319531 0.255469 0.00300407
16 0.49375 0.430469 0.560938 0.395313 0.00298119
4 0.547754 0.401172 0.437305 0.290625 0.00296974
12 0.505859 0.43125 0.560156 0.346094 0.00293541
12 0.421973 0.431641 0.385742 0.351562 0.00281143
19 0.501465 0.430859 0.561133 0.369531 0.00265312
19 0.582812 0.805273 0.33125 0.389453 0.00254059
17 0.421973 0.431641 0.385742 0.351562 0.00209045
13 0.59375 0.873438 0.314063 0.253125 0.00209045
19 0.421875 0.416797 0.335938 0.419531 0.0020752
2 0.421973 0.431641 0.385742 0.351562 0.00205803
4 0.596094 0.872266 0.319531 0.255469 0.00205803
25 0.501465 0.430859 0.561133 0.369531 0.00197983
17 0.505859 0.43125 0.560156 0.346094 0.0019722
23 0.596094 0.872266 0.319531 0.255469 0.00193405
2 0.596094 0.872266 0.319531 0.255469 0.00189686
11 0.596094 0.872266 0.319531 0.255469 0.00173378
24 0.548828 0.405078 0.426563 0.275781 0.00168705
12 0.596094 0.823242 0.327344 0.353516 0.00168133
3 0.421973 0.431641 0.385742 0.351562 0.00167465
8 0.505859 0.43125 0.560156 0.346094 0.00150108
0 0.421973 0.431641 0.385742 0.351562 0.00146675
11 0.421973 0.431641 0.385742 0.351562 0.00141048
1 0.59375 0.845313 0.317188 0.309375 0.00127888
12 0.589746 0.832031 0.431445 0.335938 0.00123024
10 0.547754 0.401172 0.437305 0.290625 0.00122547
4 0.421973 0.431641 0.385742 0.351562 0.00119686
7 0.596094 0.872266 0.319531 0.255469 0.00119209
14 0.421973 0.431641 0.385742 0.351562 0.00118351
14 0.59375 0.873438 0.314063 0.253125 0.00111198
15 0.596094 0.862109 0.325 0.275781 0.00109863
17 0.59375 0.873438 0.314063 0.253125 0.00100422
9 0.514844 0.405469 0.476562 0.346875 0.0859985
6 0.520215 0.402441 0.454883 0.337305 0.0747681
11 0.514844 0.405469 0.476562 0.346875 0.0698242
24 0.517969 0.407031 0.475 0.35 0.0665894
14 0.516797 0.413965 0.474219 0.34082 0.0497742
4 0.516797 0.413965 0.474219 0.34082 0.0406799
0 0.514453 0.416309 0.48125 0.34707 0.0346069
18 0.514844 0.405469 0.476562 0.346875 0.0311432
2 0.516797 0.413965 0.474219 0.34082 0.0289764
20 0.517969 0.407031 0.475 0.35 0.0197144
7 0.516797 0.413965 0.474219 0.34082 0.0180511
16 0.523047 0.403027 0.466406 0.343945 0.0179138
5 0.514844 0.405469 0.476562 0.346875 0.0127258
15 0.516797 0.413965 0.474219 0.34082 0.0115509
23 0.508984 0.416797 0.470313 0.346094 0.0110703
3 0.508984 0.416797 0.470313 0.346094 0.00593567
19 0.468066 0.423438 0.31543 0.348438 0.00588989
25 0.514453 0.416309 0.48125 0.34707 0.00521851
13 0.497656 0.415234 0.494531 0.353906 0.00475693
12 0.470703 0.416016 0.529688 0.44375 0.00403976
12 0.475781 0.421875 0.570312 0.617188 0.00378036
12 0.517871 0.414453 0.462695 0.347656 0.00376511
10 0.514844 0.405469 0.476562 0.346875 0.00356483
19 0.515723 0.412109 0.485742 0.35625 0.00313568
19 0.433203 0.398828 0.328125 0.407031 0.00258064
16 0.470703 0.416016 0.529688 0.44375 0.00196457
1 0.517871 0.414453 0.462695 0.347656 0.0018034
2 0.507129 0.440625 0.55918 0.48125 0.00179577
13 0.475781 0.421875 0.570312 0.617188 0.00174141
17 0.497656 0.415234 0.494531 0.353906 0.00162888
15 0.470703 0.416016 0.529688 0.44375 0.00159168
11 0.470703 0.416016 0.529688 0.44375 0.00146103
12 0.369922 0.377539 0.739844 0.755078 0.00145531
6 0.504687 0.408203 0.529688 0.417188 0.00143242
19 0.414062 0.418848 0.282813 0.323242 0.00139427
14 0.507129 0.440625 0.55918 0.48125 0.00130463
0 0.470703 0.416016 0.529688 0.44375 0.00117874
12 0.5875 0.784375 0.304688 0.43125 0.00108147
15 0.475781 0.421875 0.570312 0.617188 0.00102425
11 0.519141 0.414453 0.496875 0.335156 0.0285492
6 0.517969 0.414062 0.504687 0.347656 0.0110703
4 0.517969 0.414062 0.504687 0.347656 0.00948334
9 0.512891 0.407422 0.507812 0.338281 0.00941467
19 0.424219 0.413184 0.282813 0.356445 0.00602722
14 0.519141 0.414453 0.496875 0.335156 0.00559998
0 0.519141 0.414453 0.496875 0.335156 0.00521851
16 0.509375 0.41084 0.50625 0.32832 0.00426483
10 0.517969 0.414062 0.504687 0.347656 0.0037365
5 0.517969 0.414062 0.504687 0.347656 0.00358009
2 0.519141 0.414453 0.496875 0.335156 0.00352478
24 0.517969 0.414062 0.504687 0.347656 0.00351143
7 0.519141 0.414453 0.496875 0.335156 0.00304031
20 0.512891 0.407422 0.507812 0.338281 0.00292397
15 0.519141 0.414453 0.496875 0.335156 0.00282288
3 0.519141 0.414453 0.496875 0.335156 0.00277901
18 0.509375 0.41084 0.50625 0.32832 0.0024929
11 0.513184 0.305859 0.514258 0.547656 0.00243378
1 0.474316 0.417188 0.391992 0.322656 0.00226974
19 0.519141 0.414453 0.496875 0.335156 0.0020504
1 0.503906 0.383203 0.523438 0.394531 0.0019722
13 0.494922 0.417578 0.436719 0.339844 0.00183868
12 0.425 0.418359 0.270313 0.327344 0.00181007
12 0.503906 0.383203 0.523438 0.394531 0.00178909
23 0.519141 0.414453 0.496875 0.335156 0.00175476
12 0.474316 0.417188 0.391992 0.322656 0.00173378
12 0.600781 0.788672 0.309375 0.422656 0.0017004
12 0.496973 0.315234 0.495117 0.570312 0.00155449
0 0.513184 0.305859 0.514258 0.547656 0.00145531
17 0.474316 0.417188 0.391992 0.322656 0.00144958
14 0.513184 0.305859 0.514258 0.547656 0.00144958
13 0.428223 0.420312 0.306055 0.344531 0.00141048
1 0.513184 0.305859 0.514258 0.547656 0.0012846
13 0.503906 0.383203 0.523438 0.394531 0.00123978
1 0.425 0.418359 0.270313 0.327344 0.00123501
12 0.365234 0.341016 0.598437 0.642969 0.00121593
2 0.513184 0.305859 0.514258 0.547656 0.0011034
17 0.425 0.418359 0.270313 0.327344 0.00109863
8 0.519141 0.414453 0.496875 0.335156 0.00109005
12 0.335352 0.356836 0.670703 0.713672 0.00104809
12 0.265234 0.633691 0.530469 0.732617 0.00104046
12 0.546875 0.701563 0.49375 0.596875 0.00103188
24 0.518359 0.414941 0.482031 0.313867 0.11084
9 0.518359 0.414941 0.482031 0.313867 0.0680542
4 0.515723 0.424219 0.49668 0.334375 0.0574951
16 0.434473 0.437109 0.331055 0.3625 0.035553
6 0.515234 0.425391 0.524219 0.339063 0.0263519
14 0.524219 0.418066 0.478125 0.32793 0.025177
15 0.515723 0.424219 0.49668 0.334375 0.0225372
11 0.517285 0.425684 0.50918 0.350195 0.0201721
13 0.521191 0.428125 0.516992 0.3625 0.0185852
13 0.419434 0.430859 0.306445 0.360156 0.0178528
16 0.521191 0.428125 0.516992 0.3625 0.0173035
7 0.53584 0.410938 0.439258 0.31875 0.0142288
12 0.536719 0.420312 0.472656 0.315625 0.00971222
18 0.524219 0.418066 0.478125 0.32793 0.00959778
0 0.538672 0.410059 0.450781 0.31582 0.00734711
6 0.434473 0.437109 0.331055 0.3625 0.00674438
19 0.510547 0.432031 0.508594 0.355469 0.00669098
2 0.521191 0.428125 0.516992 0.3625 0.00658798
19 0.434473 0.437109 0.331055 0.3625 0.0064888
23 0.515723 0.424219 0.49668 0.334375 0.00566483
5 0.517285 0.425684 0.50918 0.350195 0.00530243
11 0.434473 0.437109 0.331055 0.3625 0.00479126
20 0.537598 0.411328 0.432617 0.305469 0.00453949
6 0.558691 0.399609 0.395117 0.289062 0.00403976
3 0.521191 0.428125 0.516992 0.3625 0.00400543
12 0.419434 0.430859 0.306445 0.360156 0.00337601
25 0.515527 0.425391 0.508008 0.336719 0.00336266
2 0.434473 0.437109 0.331055 0.3625 0.00307465
2 0.596094 0.861328 0.26875 0.277344 0.00304031
23 0.434473 0.437109 0.331055 0.3625 0.00300407
24 0.434473 0.437109 0.331055 0.3625 0.00271416
12 0.499902 0.43125 0.60332 0.36875 0.00255013
16 0.558691 0.399609 0.395117 0.289062 0.00226974
3 0.434473 0.437109 0.331055 0.3625 0.00219917
15 0.434473 0.437109 0.331055 0.3625 0.00219917
14 0.596094 0.861328 0.26875 0.277344 0.00197983
19 0.401953 0.407422 0.247656 0.328906 0.00186062
7 0.434473 0.437109 0.331055 0.3625 0.00182438
20 0.419434 0.430859 0.306445 0.360156 0.0016613
9 0.434473 0.437109 0.331055 0.3625 0.00164223
17 0.526172 0.427344 0.533594 0.350781 0.0015974
1 0.526172 0.427344 0.533594 0.350781 0.00146675
0 0.596094 0.861328 0.26875 0.277344 0.00142097
12 0.315234 0.589063 0.630469 0.821875 0.00141621
12 0.776563 0.262109 0.385938 0.524219 0.00131989
18 0.434473 0.437109 0.331055 0.3625 0.00125504
5 0.419434 0.430859 0.306445 0.360156 0.00124931
2 0.637891 0.857813 0.369531 0.284375 0.00124931
0 0.434473 0.437109 0.331055 0.3625 0.00112057
12 0.689063 0.270313 0.590625 0.540625 0.00100422
6 0.513672 0.416406 0.486719 0.309375 0.0611877
18 0.513672 0.416406 0.486719 0.309375 0.0609741
7 0.513672 0.416406 0.486719 0.309375 0.0499573
9 0.50625 0.421191 0.48125 0.32793 0.0394897
2 0.50625 0.421191 0.48125 0.32793 0.0332031
23 0.50625 0.421191 0.48125 0.32793 0.0248871
4 0.500098 0.424902 0.476367 0.323633 0.0218658
14 0.500098 0.424902 0.476367 0.323633 0.0190582
0 0.50791 0.420703 0.479492 0.307813 0.0151901
15 0.50625 0.421191 0.48125 0.32793 0.0104904
11 0.50791 0.420703 0.479492 0.307813 0.00923157
24 0.513672 0.416406 0.486719 0.309375 0.00888062
16 0.513672 0.416406 0.486719 0.309375 0.00743103
10 0.50625 0.421191 0.48125 0.32793 0.00391388
23 0.550391 0.408594 0.413281 0.275 0.00345612
2 0.550391 0.408594 0.413281 0.275 0.00341606
3 0.50791 0.420703 0.479492 0.307813 0.00292397
9 0.550391 0.408594 0.413281 0.275 0.00291252
4 0.550391 0.408594 0.413281 0.275 0.00225258
15 0.550391 0.408594 0.413281 0.275 0.00220871
7 0.626563 0.410156 0.241406 0.201563 0.00212479
6 0.626563 0.410156 0.241406 0.201563 0.00183868
5 0.506934 0.421875 0.489258 0.333594 0.00151253
25 0.50625 0.421191 0.48125 0.32793 0.00146675
16 0.623828 0.398828 0.250781 0.208594 0.00118828
0 0.560254 0.401563 0.393555 0.271875 0.00112915
14 0.550391 0.408594 0.413281 0.275 0.00109863
10 0.550391 0.408594 0.413281 0.275 0.00104427
24 0.519141 0.419434 0.511719 0.34707 0.104126
18 0.519141 0.419434 0.511719 0.34707 0.0907593
9 0.519141 0.419434 0.511719 0.34707 0.0836182
6 0.519141 0.419434 0.511719 0.34707 0.0745239
11 0.516797 0.410254 0.499219 0.326367 0.0705566
7 0.519141 0.419434 0.511719 0.34707 0.058136
2 0.528906 0.421484 0.514063 0.357812 0.0301056
14 0.527344 0.421875 0.5 0.325781 0.0172424
4 0.527344 0.421875 0.5 0.325781 0.0164642
15 0.520703 0.422656 0.511719 0.360938 0.0120087
16 0.516016 0.41416 0.505469 0.331055 0.00806427
23 0.528906 0.421484 0.514063 0.357812 0.0077858
19 0.602344 0.814063 0.304688 0.371875 0.00656509
19 0.458496 0.371094 0.30332 0.389062 0.00619125
0 0.519531 0.416016 0.500781 0.325 0.00582123
10 0.516016 0.41416 0.505469 0.331055 0.0046463
20 0.516016 0.41416 0.505469 0.331055 0.00439835
3 0.516797 0.410254 0.499219 0.326367 0.00376511
5 0.525879 0.416016 0.501367 0.342187 0.00309944
12 0.604688 0.858984 0.280469 0.282031 0.0026722
1 0.519531 0.416016 0.500781 0.325 0.00251198
12 0.524219 0.419922 0.510938 0.328125 0.00246239
13 0.528906 0.421484 0.514063 0.357812 0.00209999
14 0.604688 0.867969 0.273438 0.264062 0.00187492
15 0.464941 0.431641 0.538867 0.436719 0.00159168
6 0.43291 0.429688 0.412305 0.371094 0.00128937
19 0.516797 0.410254 0.499219 0.326367 0.00126934
12 0.70625 0.7375 0.554688 0.525 0.00125504
17 0.604688 0.867969 0.273438 0.264062 0.00119209
2 0.604688 0.867969 0.273438 0.264062 0.00104046
9 0.494434 0.421094 0.54707 0.365625 0.73584
7 0.486719 0.429688 0.5625 0.361719 0.118774
24 0.48125 0.435937 0.576563 0.374219 0.100525
4 0.502344 0.421777 0.53125 0.364258 0.092041
18 0.48125 0.435937 0.576563 0.374219 0.0910645
6 0.48125 0.435937 0.576563 0.374219 0.0682983
14 0.494434 0.421094 0.54707 0.365625 0.0611877
2 0.467187 0.439941 0.535156 0.398242 0.0302124
15 0.461328 0.440625 0.541406 0.384375 0.0164032
23 0.492969 0.430469 0.56875 0.385938 0.00898743
11 0.467187 0.439941 0.535156 0.398242 0.0053215
0 0.502734 0.430859 0.558594 0.380469 0.00479126
12 0.513281 0.413184 0.507812 0.351758 0.00407028
10 0.486719 0.429688 0.5625 0.361719 0.00399017
5 0.492969 0.430469 0.56875 0.385938 0.00367928
12 0.778906 0.252734 0.414062 0.505469 0.00324821
16 0.487598 0.425098 0.563867 0.395117 0.0020752
2 0.514453 0.404297 0.489063 0.341406 0.0012846
16 0.548438 0.443359 0.428906 0.350781 0.00122547
25 0.467187 0.439941 0.535156 0.398242 0.00117874
9 0.507031 0.41875 0.513281 0.360938 0.449463
4 0.510156 0.416406 0.507812 0.34375 0.072876
14 0.510156 0.416406 0.507812 0.34375 0.0403748
24 0.507031 0.419922 0.525 0.346094 0.0168457
2 0.513184 0.413281 0.518945 0.336719 0.0136337
18 0.507031 0.419922 0.525 0.346094 0.0134277
6 0.51084 0.416504 0.523633 0.354492 0.0104523
7 0.507031 0.419922 0.525 0.346094 0.00812531
0 0.513184 0.413281 0.518945 0.336719 0.00557709
23 0.513184 0.413281 0.518945 0.336719 0.00542831
5 0.507031 0.41875 0.513281 0.360938 0.00281143
12 0.512891 0.419141 0.521875 0.342969 0.00242424
11 0.513184 0.413281 0.518945 0.336719 0.00230598
10 0.507031 0.419922 0.525 0.346094 0.00196457
15 0.342578 0.122266 0.685156 0.244531 0.0016489
16 0.507031 0.419922 0.525 0.346094 0.00138855
15 0.50625 0.426953 0.542188 0.380469 0.00109005
1 0.516016 0.421777 0.527344 0.361133 0.00108624
9 0.515234 0.418652 0.488281 0.325195 0.39502
24 0.5125 0.412598 0.482812 0.316992 0.235107
7 0.5125 0.412598 0.482812 0.316992 0.122131
6 0.5125 0.412598 0.482812 0.316992 0.083313
18 0.5125 0.412598 0.482812 0.316992 0.0346069
16 0.510547 0.419141 0.471094 0.3125 0.0103683
4 0.521094 0.415234 0.497656 0.319531 0.00905609
2 0.521094 0.415234 0.497656 0.319531 0.00568771
14 0.521094 0.415234 0.497656 0.319531 0.00429916
23 0.5125 0.412598 0.482812 0.316992 0.00397491
11 0.5125 0.412598 0.482812 0.316992 0.00282288
5 0.512891 0.423047 0.511719 0.336719 0.0017004
10 0.510547 0.419141 0.471094 0.3125 0.00136185
12 0.526465 0.416504 0.511133 0.33418 0.00131512
19 0.6125 0.858008 0.332813 0.283984 0.00119209
9 0.511621 0.414453 0.498633 0.342187 0.935059
4 0.516016 0.413672 0.491406 0.338281 0.2854
24 0.511621 0.414453 0.498633 0.342187 0.187744
14 0.516016 0.413672 0.491406 0.338281 0.0974121
23 0.516016 0.413672 0.491406 0.338281 0.0476074
18 0.508203 0.409277 0.497656 0.325195 0.033844
2 0.510938 0.408984 0.497656 0.332031 0.0202179
7 0.504297 0.406152 0.517969 0.320508 0.00978088
6 0.508203 0.409277 0.497656 0.325195 0.00926971
5 0.511621 0.414453 0.498633 0.342187 0.00419998
0 0.523828 0.419434 0.484375 0.337695 0.00416565
12 0.605469 0.873047 0.289062 0.253906 0.00366402
12 0.512891 0.416016 0.500781 0.338281 0.00286674
25 0.523828 0.419434 0.484375 0.337695 0.00138855
16 0.511719 0.412891 0.49375 0.328906 0.00138283
19 0.428809 0.396484 0.333008 0.419531 0.0011158
14 0.605469 0.873047 0.289062 0.253906 0.00109005
9 0.519531 0.415234 0.496094 0.35625 0.854004
24 0.519629 0.405469 0.504492 0.341406 0.134277
4 0.520312 0.417969 0.503125 0.351562 0.122925
18 0.519629 0.405469 0.504492 0.341406 0.0293121
2 0.596875 0.735938 0.317188 0.264062 0.0177765
6 0.517969 0.406152 0.503125 0.342383 0.0153656
14 0.519922 0.426563 0.535156 0.385156 0.0131226
7 0.515234 0.394141 0.499219 0.330469 0.0115967
2 0.521094 0.426172 0.523438 0.382031 0.00796509
11 0.519922 0.426563 0.535156 0.385156 0.00787354
0 0.52334 0.421875 0.51582 0.382812 0.00775528
23 0.520312 0.417969 0.503125 0.351562 0.00600433
5 0.521094 0.426172 0.523438 0.382031 0.00475693
14 0.596875 0.735938 0.317188 0.264062 0.00475693
15 0.510254 0.430078 0.526367 0.391406 0.00382423
12 0.52334 0.421875 0.51582 0.382812 0.00235939
7 0.596875 0.735938 0.317188 0.264062 0.00183105
6 0.596875 0.735938 0.317188 0.264062 0.00135612
10 0.519629 0.405469 0.504492 0.341406 0.00108147
17 0.52334 0.421875 0.51582 0.382812 0.00100803
9 0.52334 0.418066 0.498633 0.356055 0.535156
4 0.527734 0.413184 0.500781 0.331445 0.151489
14 0.526563 0.421484 0.496875 0.346094 0.0406799
2 0.526563 0.421484 0.496875 0.346094 0.0262604
23 0.526563 0.421484 0.496875 0.346094 0.0208893
6 0.525781 0.410547 0.496094 0.335156 0.0202484
24 0.526953 0.412109 0.491406 0.335156 0.0126266
11 0.529297 0.405078 0.492969 0.319531 0.0105667
12 0.526953 0.413281 0.514844 0.347656 0.00557709
18 0.526953 0.412109 0.491406 0.335156 0.00383949
5 0.526953 0.412109 0.491406 0.335156 0.00372124
1 0.530469 0.423438 0.50625 0.357812 0.00352478
0 0.529297 0.405078 0.492969 0.319531 0.00234985
19 0.600391 0.850977 0.263281 0.298047 0.00229645
12 0.272656 0.632422 0.545313 0.735156 0.00197983
7 0.52666 0.404785 0.491992 0.312305 0.00176811
10 0.526953 0.412109 0.491406 0.335156 0.00154877
15 0.527734 0.413184 0.500781 0.331445 0.0014782
16 0.595703 0.453809 0.335156 0.233008 0.00138855
13 0.272656 0.632422 0.545313 0.735156 0.00106049
9 0.520312 0.417969 0.498437 0.35 0.611328
4 0.520312 0.417969 0.498437 0.35 0.029541
6 0.516406 0.416504 0.507812 0.34668 0.0287018
11 0.515723 0.405859 0.52793 0.357812 0.0247955
24 0.522656 0.420215 0.507812 0.362695 0.0191956
2 0.516406 0.416504 0.507812 0.34668 0.0153046
23 0.520312 0.417969 0.498437 0.35 0.00677109
14 0.516406 0.416504 0.507812 0.34668 0.00553513
18 0.522656 0.420215 0.507812 0.362695 0.00475693
7 0.512109 0.413379 0.527344 0.354492 0.00446701
10 0.516406 0.416504 0.507812 0.34668 0.00291252
12 0.528906 0.409766 0.532813 0.363281 0.00237846
0 0.512109 0.413379 0.527344 0.354492 0.00233269
1 0.528906 0.409766 0.532813 0.363281 0.00228691
15 0.528906 0.409766 0.532813 0.363281 0.00197983
5 0.522656 0.420215 0.507812 0.362695 0.00175476
16 0.516016 0.412109 0.503906 0.336719 0.00158501
17 0.528906 0.409766 0.532813 0.363281 0.00117397
9 0.508594 0.423438 0.5125 0.35625 0.948242
4 0.508594 0.423438 0.5125 0.35625 0.125122
6 0.507422 0.404687 0.517969 0.332813 0.109314
24 0.508594 0.423438 0.5125 0.35625 0.0698242
18 0.507422 0.404687 0.517969 0.332813 0.0396423
2 0.505078 0.430078 0.526563 0.366406 0.033844
23 0.509375 0.417969 0.510156 0.346875 0.0273743
7 0.507422 0.404687 0.517969 0.332813 0.0220337
14 0.505078 0.430078 0.526563 0.366406 0.0141754
0 0.505859 0.407031 0.522656 0.339063 0.00905609
11 0.510254 0.406934 0.51543 0.333008 0.00731659
10 0.505859 0.407031 0.522656 0.339063 0.0069046
12 0.510156 0.426563 0.507812 0.348438 0.00521851
16 0.505859 0.407031 0.522656 0.339063 0.0042305
5 0.508594 0.423438 0.5125 0.35625 0.00271416
1 0.510938 0.433203 0.504687 0.361719 0.00234985
15 0.505859 0.407031 0.522656 0.339063 0.00168133
25 0.505859 0.407031 0.522656 0.339063 0.00100803
9 0.50625 0.428809 0.517969 0.381445 0.911621
4 0.505078 0.42334 0.51875 0.367383 0.789062
14 0.505078 0.42334 0.51875 0.367383 0.0859985
23 0.50625 0.428809 0.517969 0.381445 0.0360718
18 0.512109 0.421094 0.511719 0.367969 0.0202484
6 0.50625 0.428809 0.517969 0.381445 0.0199432
24 0.512109 0.421094 0.511719 0.367969 0.0175781
2 0.507031 0.426953 0.522656 0.375781 0.0167847
10 0.512109 0.421094 0.511719 0.367969 0.00609589
15 0.424902 0.113672 0.70957 0.227344 0.00314713
0 0.512109 0.421094 0.511719 0.367969 0.00234985
5 0.509766 0.430371 0.522656 0.38457 0.00212479
11 0.876758 0.740234 0.246484 0.235156 0.00182438
25 0.512109 0.421094 0.511719 0.367969 0.00118828
15 0.380078 0.150098 0.760156 0.300195 0.00116062
9 0.516016 0.413672 0.485156 0.332813 0.927734
4 0.516016 0.413672 0.485156 0.332813 0.128906
6 0.520312 0.408203 0.490625 0.322656 0.111267
24 0.519922 0.410547 0.494531 0.328125 0.0566406
18 0.519922 0.410547 0.494531 0.328125 0.0343628
7 0.525 0.399902 0.472656 0.312695 0.0175781
14 0.512891 0.41709 0.491406 0.342383 0.0162811
2 0.512891 0.41709 0.491406 0.342383 0.0102081
23 0.520312 0.408203 0.490625 0.322656 0.00985718
10 0.519922 0.410547 0.494531 0.328125 0.00598145
11 0.533594 0.394141 0.461719 0.303125 0.00416565
5 0.517969 0.416309 0.498437 0.34707 0.00316048
16 0.519922 0.410547 0.494531 0.328125 0.00191212
0 0.533594 0.394141 0.461719 0.303125 0.00168133
13 0.310889 0.796875 0.329785 0.328125 0.00123501
9 0.520312 0.413379 0.491406 0.338867 0.710449
4 0.520312 0.413379 0.491406 0.338867 0.203125
6 0.52041 0.407715 0.485742 0.32832 0.0351562
23 0.52041 0.407715 0.485742 0.32832 0.0278015
24 0.520312 0.413379 0.491406 0.338867 0.0205688
2 0.520312 0.410938 0.495313 0.346094 0.016922
18 0.531641 0.404004 0.478125 0.318555 0.0109024
14 0.51709 0.417578 0.49082 0.348438 0.00754929
7 0.531641 0.404004 0.478125 0.318555 0.00547028
0 0.534766 0.407129 0.471094 0.32793 0.00376511
5 0.479297 0.41875 0.402344 0.347656 0.00356483
11 0.53125 0.405469 0.482031 0.338281 0.00324821
15 0.534766 0.407129 0.471094 0.32793 0.00269318
11 0.467187 0.419531 0.378906 0.35 0.00166798
23 0.425 0.426563 0.317188 0.360938 0.00138283
16 0.417871 0.423828 0.295508 0.349219 0.00131512
14 0.425 0.426563 0.317188 0.360938 0.00129414
16 0.522656 0.415234 0.489844 0.341406 0.0012598
10 0.522656 0.415234 0.489844 0.341406 0.00117874
25 0.51709 0.417578 0.49082 0.348438 0.0011425
12 0.425 0.426563 0.317188 0.360938 0.0011158
12 0.521094 0.408691 0.496875 0.341992 0.00105667
18 0.467187 0.419531 0.378906 0.35 0.00101185
9 0.49375 0.430371 0.539062 0.40332 0.995117
6 0.488672 0.432715 0.557813 0.412695 0.473633
24 0.506641 0.435547 0.497656 0.411719 0.243652
18 0.495996 0.439844 0.536133 0.407813 0.0736694
2 0.495996 0.439844 0.536133 0.407813 0.0441895
7 0.496875 0.412598 0.51875 0.335742 0.0401001
23 0.495996 0.439844 0.536133 0.407813 0.0269623
7 0.460938 0.439063 0.603125 0.420312 0.0155411
16 0.497656 0.4375 0.503125 0.419531 0.0146179
4 0.494922 0.408984 0.54375 0.363281 0.0118713
10 0.460938 0.439063 0.603125 0.420312 0.00653839
14 0.460938 0.439063 0.603125 0.420312 0.00337601
11 0.503027 0.4375 0.50957 0.414844 0.00335121
24 0.4375 0.453809 0.65625 0.443945 0.00302696
5 0.488672 0.432715 0.557813 0.412695 0.00301552
16 0.424219 0.430469 0.651563 0.482812 0.0026722
10 0.496875 0.412598 0.51875 0.335742 0.00186729
11 0.424219 0.430469 0.651563 0.482812 0.00151253
2 0.424219 0.430469 0.651563 0.482812 0.00144958
7 0.588281 0.42666 0.328125 0.235742 0.00113773
14 0.496875 0.412598 0.51875 0.335742 0.00113392
9 0.514063 0.433984 0.5125 0.388281 0.730957
6 0.514063 0.433984 0.5125 0.388281 0.0769653
18 0.513672 0.432813 0.516406 0.374219 0.0332031
23 0.513672 0.432813 0.516406 0.374219 0.025177
10 0.514453 0.435156 0.516406 0.371094 0.0247955
4 0.514063 0.433984 0.5125 0.388281 0.0194244
24 0.514063 0.433984 0.5125 0.388281 0.0119171
2 0.514453 0.435156 0.516406 0.371094 0.00945282
14 0.514453 0.435156 0.516406 0.371094 0.00332451
0 0.513672 0.432813 0.516406 0.374219 0.00231361
16 0.485059 0.435937 0.470508 0.379688 0.00191212
25 0.514453 0.435156 0.516406 0.371094 0.00189686
15 0.507422 0.43125 0.522656 0.374219 0.00157356
7 0.513672 0.432813 0.516406 0.374219 0.00148964
5 0.518652 0.435254 0.52207 0.388867 0.00123501
9 0.515234 0.424121 0.494531 0.358008 0.988281
24 0.5125 0.424609 0.476562 0.357031 0.136108
18 0.516797 0.428809 0.503906 0.354883 0.0497742
4 0.515723 0.424121 0.506055 0.362695 0.0350037
6 0.516504 0.423535 0.49668 0.349805 0.0226746
23 0.515723 0.424121 0.506055 0.362695 0.0162201
2 0.513281 0.427344 0.496094 0.350781 0.0106506
14 0.516797 0.428809 0.503906 0.354883 0.00369263
5 0.5125 0.424609 0.476562 0.357031 0.00362206
10 0.516797 0.428809 0.503906 0.354883 0.00288963
7 0.5125 0.43125 0.516406 0.373437 0.00185299
11 0.510156 0.425781 0.474219 0.352344 0.0018177
16 0.512891 0.428027 0.488281 0.350195 0.00141048
0 0.516797 0.428809 0.503906 0.354883 0.00113392
9 0.508203 0.421094 0.503906 0.360156 0.941406
6 0.507812 0.420215 0.513281 0.345508 0.0878906
4 0.508203 0.421094 0.503906 0.360156 0.0446777
23 0.507812 0.420215 0.513281 0.345508 0.041626
24 0.508203 0.421094 0.503906 0.360156 0.0374756
18 0.508594 0.419141 0.517188 0.357031 0.0339661
2 0.507812 0.420215 0.513281 0.345508 0.0318604
14 0.508203 0.421094 0.503906 0.360156 0.00847626
7 0.507812 0.412891 0.501563 0.310937 0.00626373
16 0.508594 0.419141 0.517188 0.357031 0.00219917
10 0.508594 0.419141 0.517188 0.357031 0.00218201
9 0.433984 0.426172 0.336719 0.350781 0.00205803
16 0.433984 0.426172 0.336719 0.350781 0.00121117
5 0.509277 0.423047 0.486133 0.355469 0.00115585
9 0.508203 0.421875 0.489844 0.341406 0.94873
24 0.512402 0.418359 0.48457 0.335156 0.267334
6 0.51084 0.421777 0.479883 0.337695 0.0957031
2 0.508594 0.425879 0.494531 0.33418 0.019165
4 0.508203 0.421875 0.489844 0.341406 0.0171814
18 0.508594 0.425879 0.494531 0.33418 0.012825
7 0.510156 0.427734 0.498437 0.328125 0.006073
23 0.508203 0.421875 0.489844 0.341406 0.00486755
11 0.514063 0.409766 0.4875 0.335938 0.00341606
14 0.508594 0.425879 0.494531 0.33418 0.00134563
0 0.510156 0.427734 0.498437 0.328125 0.00102425
9 0.496875 0.420703 0.5 0.364844 0.682617
6 0.496875 0.420703 0.5 0.364844 0.199951
24 0.498437 0.418848 0.507812 0.362305 0.0715942
2 0.496094 0.430859 0.507031 0.370313 0.0359497
18 0.496094 0.430859 0.507031 0.370313 0.0201721
16 0.491504 0.434375 0.50918 0.371875 0.0197144
11 0.497754 0.413672 0.510742 0.346875 0.00905609
7 0.494922 0.416016 0.524219 0.355469 0.00643921
23 0.499219 0.430469 0.513281 0.373437 0.00407028
10 0.499219 0.430469 0.513281 0.373437 0.00385475
4 0.498437 0.418848 0.507812 0.362305 0.00370789
0 0.499219 0.430469 0.513281 0.373437 0.00172043
14 0.499219 0.430469 0.513281 0.373437 0.00171375
5 0.499609 0.41875 0.503125 0.351562 0.00101185
9 0.514844 0.427246 0.5 0.348633 0.940918
24 0.513672 0.428125 0.5 0.34375 0.0512695
6 0.514844 0.427246 0.5 0.348633 0.0381775
4 0.516309 0.430371 0.495508 0.343945 0.0297089
2 0.516309 0.428027 0.501758 0.354883 0.0218658
18 0.516016 0.433496 0.505469 0.345508 0.014061
13 0.309766 0.806445 0.317969 0.308984 0.00714874
12 0.309766 0.806445 0.317969 0.308984 0.00677109
23 0.515527 0.434766 0.492383 0.344531 0.00557709
4 0.575 0.340625 0.224219 0.154688 0.00335121
15 0.309766 0.806445 0.317969 0.308984 0.00316048
16 0.514746 0.43584 0.506445 0.358008 0.00167465
4 0.644531 0.565234 0.226562 0.157031 0.00148392
4 0.286523 0.77832 0.225391 0.155859 0.00137234
11 0.516309 0.428027 0.501758 0.354883 0.0012846
14 0.516309 0.430371 0.495508 0.343945 0.00127888
4 0.505859 0.779688 0.222656 0.1625 0.00123024
5 0.513672 0.428125 0.5 0.34375 0.00117397
10 0.515527 0.434766 0.492383 0.344531 0.00107288
9 0.512891 0.420312 0.495313 0.354688 0.945312
24 0.512891 0.420312 0.495313 0.354688 0.303955
4 0.5125 0.428125 0.490625 0.355469 0.064209
6 0.515234 0.417969 0.488281 0.360156 0.0280151
18 0.5125 0.429688 0.492969 0.360156 0.0051384
2 0.5125 0.428125 0.490625 0.355469 0.00273705
0 0.5125 0.429688 0.492969 0.360156 0.00253105
23 0.5125 0.428125 0.490625 0.355469 0.00230598
16 0.509473 0.426563 0.485742 0.35625 0.00201035
14 0.5125 0.429688 0.492969 0.360156 0.00175476
5 0.509473 0.426563 0.485742 0.35625 0.0017004
15 0.5125 0.429688 0.492969 0.360156 0.00111198
12 0.513281 0.415723 0.514844 0.357617 0.00102043
9 0.509766 0.419434 0.499219 0.361133 0.935059
24 0.504785 0.419141 0.510742 0.350781 0.0229797
4 0.503125 0.417578 0.511719 0.342969 0.0213318
6 0.509766 0.419434 0.499219 0.361133 0.0171814
18 0.50625 0.420703 0.507812 0.347656 0.00828552
2 0.504785 0.419141 0.510742 0.350781 0.00344276
23 0.50625 0.420703 0.507812 0.347656 0.0020504
5 0.508691 0.416797 0.499805 0.350781 0.00192642
14 0.503125 0.417578 0.511719 0.342969 0.00167465
7 0.508691 0.416016 0.501367 0.330469 0.00162315
10 0.50625 0.420703 0.507812 0.347656 0.00150108
11 0.503125 0.417578 0.511719 0.342969 0.0011425
16 0.50625 0.420703 0.507812 0.347656 0.00108147
9 0.511719 0.420703 0.49375 0.344531 0.984863
24 0.513281 0.420312 0.498437 0.345313 0.19812
4 0.511719 0.420703 0.49375 0.344531 0.156128
6 0.513281 0.420312 0.498437 0.345313 0.0262604
18 0.513672 0.422656 0.492969 0.344531 0.00559998
2 0.513672 0.422656 0.492969 0.344531 0.0049057
23 0.513672 0.422656 0.492969 0.344531 0.00366402
14 0.513672 0.422656 0.492969 0.344531 0.00197983
12 0.509375 0.425684 0.509375 0.351758 0.00195694
5 0.519531 0.420996 0.4875 0.350195 0.0016489
9 0.526172 0.420996 0.455469 0.323633 0.875
2 0.525781 0.424219 0.459375 0.325 0.0428772
6 0.528223 0.41875 0.451367 0.325 0.0313721
4 0.528223 0.41875 0.451367 0.325 0.0250854
7 0.526563 0.422559 0.472656 0.325195 0.0110703
23 0.525781 0.424219 0.459375 0.325 0.00709534
24 0.526172 0.416797 0.451562 0.326562 0.00651169
14 0.530371 0.421484 0.46582 0.322656 0.00203514
18 0.525781 0.424219 0.459375 0.325 0.00182438
9 0.517578 0.422266 0.503906 0.361719 0.980957
4 0.516797 0.421484 0.496094 0.367969 0.0680542
2 0.516797 0.431152 0.499219 0.35957 0.0460205
24 0.517578 0.422266 0.503906 0.361719 0.0319824
6 0.517578 0.422266 0.503906 0.361719 0.012291
18 0.515625 0.430859 0.501563 0.360938 0.00757599
23 0.516797 0.431152 0.499219 0.35957 0.00564194
14 0.515625 0.423535 0.50625 0.370117 0.00234985
9 0.506152 0.430078 0.504883 0.35625 0.963379
4 0.506152 0.430078 0.504883 0.35625 0.296631
24 0.508984 0.43291 0.50625 0.374805 0.0448608
6 0.507031 0.431152 0.504687 0.361133 0.0348816
2 0.507031 0.432813 0.502344 0.366406 0.0069046
12 0.509766 0.428125 0.524219 0.3625 0.00674438
23 0.506152 0.430078 0.504883 0.35625 0.00542831
14 0.507031 0.432813 0.502344 0.366406 0.00184631
9 0.507715 0.421484 0.493945 0.345313 0.974121
24 0.504785 0.42041 0.488867 0.354492 0.0499573
4 0.507715 0.418359 0.498633 0.332031 0.0306244
6 0.507715 0.421484 0.493945 0.345313 0.0148392
18 0.507422 0.420703 0.497656 0.338281 0.00905609
2 0.507422 0.420703 0.497656 0.338281 0.0036068
23 0.508203 0.417188 0.499219 0.330469 0.00182438
5 0.504785 0.42041 0.488867 0.354492 0.00101662
9 0.505078 0.429785 0.502344 0.368555 0.961426
4 0.505078 0.427246 0.507031 0.36582 0.0705566
24 0.507715 0.427734 0.49707 0.371094 0.0430298
6 0.511621 0.42666 0.50332 0.36543 0.00595856
18 0.505078 0.435156 0.492969 0.370313 0.00518036
5 0.507715 0.427734 0.49707 0.371094 0.0037365
2 0.505078 0.435156 0.492969 0.370313 0.0037365
23 0.505078 0.435156 0.492969 0.370313 0.00255013
14 0.505078 0.435156 0.492969 0.370313 0.00219917
25 0.502734 0.434766 0.496094 0.373437 0.00119686
9 0.506641 0.424609 0.496094 0.346094 0.919434
4 0.504687 0.425684 0.497656 0.342383 0.116333
6 0.506641 0.424609 0.496094 0.346094 0.0700684
24 0.505371 0.424219 0.47832 0.342969 0.0215302
2 0.507422 0.431641 0.492969 0.325781 0.00455475
14 0.501953 0.425 0.494531 0.3375 0.00195694
23 0.501953 0.425 0.494531 0.3375 0.00178909
9 0.508594 0.426172 0.484375 0.355469 0.95752
4 0.507129 0.420703 0.487305 0.357031 0.10376
24 0.509766 0.425684 0.485156 0.362695 0.0522461
6 0.510059 0.424902 0.493945 0.35957 0.0068779
18 0.511328 0.426563 0.478125 0.347656 0.00439835
5 0.509766 0.425684 0.485156 0.362695 0.00284576
23 0.511328 0.426563 0.478125 0.347656 0.00239754
25 0.511328 0.426563 0.478125 0.347656 0.00222588
2 0.511328 0.426563 0.478125 0.347656 0.00154877
14 0.508594 0.426172 0.484375 0.355469 0.00140476
9 0.509277 0.426172 0.500195 0.335156 0.888672
6 0.509473 0.425 0.49668 0.334375 0.0451965
24 0.508594 0.423047 0.480469 0.332813 0.0405273
4 0.51084 0.427246 0.501758 0.331445 0.00723267
18 0.51084 0.427246 0.501758 0.331445 0.00475693
23 0.51084 0.427246 0.501758 0.331445 0.00172043
9 0.508594 0.418359 0.501563 0.355469 0.984375
4 0.508594 0.418359 0.501563 0.355469 0.069519
24 0.508691 0.41875 0.49668 0.353125 0.0235138
6 0.505469 0.422656 0.498437 0.35 0.0102463
2 0.508496 0.41875 0.501758 0.353125 0.00288963
25 0.508496 0.41875 0.501758 0.353125 0.00113773
9 0.513281 0.42041 0.508594 0.360742 0.695801
4 0.507031 0.421191 0.510938 0.357617 0.0903931
24 0.506152 0.424219 0.500195 0.355469 0.0133743
6 0.507031 0.421191 0.510938 0.357617 0.00416565
25 0.508203 0.425391 0.504687 0.360156 0.00314713
5 0.508203 0.425391 0.504687 0.360156 0.00119686
9 0.512598 0.414062 0.499805 0.354688 0.994141
24 0.512598 0.414062 0.499805 0.354688 0.0325928
4 0.507031 0.414746 0.520312 0.356445 0.0123367
6 0.512598 0.414062 0.499805 0.354688 0.0115051
2 0.509375 0.419922 0.495313 0.360156 0.00191879
18 0.509375 0.419922 0.495313 0.360156 0.00152493
5 0.509375 0.419922 0.495313 0.360156 0.0012064
9 0.522754 0.404004 0.487305 0.33418 0.969238
6 0.521484 0.403223 0.489063 0.329492 0.138428
24 0.521484 0.403223 0.489063 0.329492 0.0420837
4 0.520703 0.400684 0.497656 0.32207 0.00253105
9 0.433203 0.411719 0.301563 0.327344 0.00235939
2 0.519922 0.400781 0.502344 0.325781 0.00150108
9 0.600781 0.392578 0.328125 0.266406 0.00139427
9 0.516797 0.405566 0.492969 0.34043 0.927246
4 0.513379 0.404687 0.506055 0.348438 0.0272217
24 0.516797 0.405566 0.492969 0.34043 0.0103302
6 0.516797 0.405566 0.492969 0.34043 0.0102463
2 0.517188 0.407813 0.496094 0.348438 0.00971222
16 0.521484 0.408984 0.503906 0.346094 0.00172043
9 0.521094 0.407422 0.5125 0.338281 0.962402
24 0.521094 0.407422 0.5125 0.338281 0.0375977
6 0.521094 0.407422 0.5125 0.338281 0.0249329
4 0.513672 0.408691 0.508594 0.335742 0.00878143
2 0.513281 0.410254 0.507031 0.338867 0.00328636
16 0.522266 0.409766 0.513281 0.3375 0.00105286
9 0.524219 0.405469 0.4875 0.320312 0.973145
6 0.525098 0.405859 0.495117 0.320312 0.0223236
24 0.52666 0.403516 0.49043 0.325 0.0115509
4 0.525684 0.401172 0.487695 0.305469 0.0105667
2 0.525391 0.399609 0.489844 0.316406 0.00912476
18 0.525391 0.399609 0.489844 0.316406 0.0012064
9 0.517578 0.410156 0.482031 0.325 0.881836
6 0.515723 0.409766 0.479492 0.328125 0.0375977
4 0.526563 0.406152 0.475 0.318945 0.0283356
24 0.513672 0.40625 0.469531 0.333594 0.014389
2 0.518359 0.408984 0.478906 0.321875 0.00429916
9 0.515625 0.416797 0.490625 0.334375 0.951172
6 0.51875 0.4125 0.495313 0.328906 0.0261078
24 0.517578 0.410156 0.494531 0.335938 0.0171814
4 0.522656 0.4125 0.490625 0.323438 0.00930023
2 0.521094 0.414746 0.482031 0.326758 0.00600433
9 0.523828 0.410938 0.496094 0.341406 0.963379
6 0.521484 0.412109 0.499219 0.336719 0.0279083
4 0.521094 0.408984 0.492188 0.335156 0.0200958
24 0.512891 0.409277 0.485156 0.337695 0.0177765
2 0.520996 0.411719 0.486133 0.342187 0.00701141
16 0.520996 0.411719 0.486133 0.342187 0.00102806
23 0.520996 0.411719 0.486133 0.342187 0.00102425
9 0.516016 0.412891 0.497656 0.348438 0.977051
4 0.513281 0.405078 0.5 0.342187 0.0171814
24 0.517285 0.407031 0.498242 0.344531 0.00837708
2 0.516309 0.408203 0.492383 0.338281 0.00701141
6 0.514453 0.412402 0.497656 0.348633 0.00695801
9 0.516016 0.415625 0.507812 0.341406 0.956055
4 0.509473 0.416016 0.524805 0.342187 0.0236511
6 0.516016 0.415625 0.507812 0.341406 0.0164032
24 0.521973 0.412891 0.499805 0.345313 0.0127258
2 0.512109 0.417871 0.505469 0.343945 0.00194931
9 0.515527 0.41709 0.500195 0.34707 0.931641
4 0.51084 0.415234 0.498633 0.346875 0.0139008
24 0.512891 0.413184 0.483594 0.34707 0.0134811
6 0.514063 0.419922 0.496875 0.349219 0.00486755
2 0.512891 0.417285 0.492969 0.348242 0.00460815
16 0.515527 0.41709 0.500195 0.34707 0.00133514
9 0.510254 0.410156 0.48418 0.314063 0.892578
6 0.510254 0.410156 0.48418 0.314063 0.0568542
4 0.509766 0.407422 0.505469 0.302344 0.0253296
2 0.509277 0.405859 0.481445 0.314844 0.00847626
24 0.517969 0.409473 0.460938 0.316992 0.00828552
9 0.442871 0.410938 0.31582 0.310937 0.00151253
16 0.442871 0.410938 0.31582 0.310937 0.00139427
9 0.515625 0.414844 0.479688 0.33125 0.973145
4 0.516016 0.415234 0.483594 0.317969 0.0150757
6 0.516016 0.415234 0.483594 0.317969 0.012825
24 0.514746 0.41416 0.47207 0.329492 0.00728989
2 0.513672 0.417969 0.474219 0.325781 0.00526047
23 0.513672 0.417969 0.474219 0.325781 0.00102806
9 0.525 0.4125 0.472656 0.325 0.928711
24 0.528125 0.410547 0.457813 0.325781 0.0137405
4 0.52334 0.413281 0.479883 0.310937 0.0110703
2 0.521094 0.413672 0.482812 0.31875 0.00963593
6 0.525 0.4125 0.472656 0.325 0.00891876
16 0.526465 0.412891 0.473633 0.327344 0.00117397
9 0.516797 0.416016 0.496094 0.336719 0.884766
4 0.515625 0.418066 0.500781 0.33418 0.0301514
24 0.521484 0.414746 0.492969 0.336133 0.0212097
6 0.516406 0.41709 0.494531 0.339258 0.00638962
2 0.51875 0.42041 0.492969 0.34043 0.00236893
9 0.521094 0.412891 0.465625 0.324219 0.853027
24 0.521875 0.416504 0.45625 0.323242 0.0372009
6 0.521484 0.413184 0.4625 0.32207 0.0153046
4 0.517969 0.4125 0.472656 0.316406 0.0148392
2 0.519922 0.413672 0.458594 0.319531 0.00112915
9 0.521875 0.414062 0.474219 0.322656 0.907227
6 0.520703 0.412598 0.467969 0.318555 0.0153046
24 0.519141 0.412109 0.482031 0.311719 0.00926971
4 0.519141 0.412109 0.482031 0.311719 0.00923157
2 0.520703 0.412598 0.467969 0.318555 0.00312424
9 0.519922 0.409277 0.461719 0.31582 0.799316
6 0.52041 0.409766 0.463867 0.315625 0.024704
4 0.521875 0.408984 0.466406 0.314063 0.0118713
24 0.524316 0.410156 0.454492 0.317969 0.00828552
2 0.52041 0.409766 0.463867 0.315625 0.00138855
9 0.522559 0.410938 0.464258 0.315625 0.894043
24 0.521191 0.41416 0.46543 0.312305 0.0134811
4 0.521191 0.41416 0.46543 0.312305 0.012146
6 0.521484 0.415625 0.457031 0.31875 0.008255
2 0.521484 0.415625 0.457031 0.31875 0.00112438
9 0.524609 0.408203 0.45 0.299219 0.85498
6 0.521875 0.409766 0.452344 0.305469 0.02948
24 0.521484 0.409277 0.463281 0.295508 0.00572968
4 0.521484 0.409277 0.463281 0.295508 0.00568771
2 0.521875 0.409766 0.452344 0.305469 0.00107288
9 0.528809 0.411328 0.46582 0.313281 0.85791
24 0.528809 0.4125 0.462695 0.317188 0.0105286
4 0.518848 0.411328 0.474805 0.308594 0.008255
6 0.518848 0.411328 0.474805 0.308594 0.00677109
2 0.521484 0.410156 0.464844 0.314063 0.00192642
9 0.521973 0.406641 0.45293 0.294531 0.598145
6 0.523438 0.404687 0.453125 0.298438 0.0594177
4 0.522266 0.405078 0.447656 0.295312 0.0143356
24 0.522754 0.407129 0.448242 0.299805 0.0102081
2 0.51875 0.405566 0.463281 0.287305 0.00426483
11 0.51875 0.405566 0.463281 0.287305 0.00119209
9 0.514844 0.414062 0.478906 0.313281 0.920898
24 0.514844 0.414062 0.478906 0.313281 0.0110321
6 0.515723 0.414453 0.481055 0.310156 0.00763702
2 0.511621 0.413281 0.475195 0.310937 0.00392914
4 0.510547 0.413281 0.486719 0.30625 0.00201988
16 0.513965 0.413379 0.483008 0.312305 0.00119209
9 0.511816 0.416504 0.470117 0.304492 0.873047
24 0.511816 0.416504 0.470117 0.304492 0.016983
6 0.513379 0.417188 0.470117 0.303125 0.014061
2 0.507031 0.416309 0.477344 0.304883 0.00748825
4 0.509375 0.416797 0.472656 0.304688 0.00153065
16 0.507031 0.416309 0.477344 0.304883 0.00135612
9 0.511621 0.41709 0.486133 0.317383 0.794434
6 0.508203 0.414844 0.486719 0.321094 0.0130234
24 0.515234 0.417285 0.488281 0.32168 0.00878143
2 0.508203 0.414844 0.486719 0.321094 0.00725937
16 0.512109 0.415625 0.489844 0.321875 0.00234222
4 0.509473 0.414941 0.49043 0.310742 0.00201035
9 0.518066 0.414844 0.50293 0.329688 0.838867
24 0.518066 0.414844 0.50293 0.329688 0.0126724
6 0.521094 0.417871 0.504687 0.323633 0.00971222
4 0.507422 0.414453 0.514844 0.328125 0.00204277
2 0.509766 0.413672 0.505469 0.339844 0.00144386
9 0.517969 0.415234 0.490625 0.328906 0.839844
24 0.517969 0.415234 0.490625 0.328906 0.0136871
4 0.514063 0.413672 0.5 0.323438 0.00803375
6 0.514453 0.415625 0.495313 0.33125 0.00763702
2 0.513281 0.413184 0.498437 0.336133 0.00584412
9 0.518359 0.416406 0.480469 0.319531 0.771973
6 0.521777 0.416406 0.486133 0.31875 0.0164032
24 0.519434 0.414844 0.48457 0.324219 0.0115051
4 0.516016 0.412891 0.486719 0.313281 0.00351143
2 0.516016 0.412891 0.486719 0.313281 0.0024929
9 0.522656 0.413379 0.475 0.318555 0.823242
6 0.523535 0.414844 0.47793 0.315625 0.0136871
2 0.514746 0.410059 0.48457 0.306445 0.00919342
24 0.522656 0.413379 0.475 0.318555 0.00760651
4 0.514746 0.410059 0.48457 0.306445 0.00575256
11 0.514746 0.410059 0.48457 0.306445 0.00116062
9 0.518359 0.415625 0.478125 0.314063 0.837402
6 0.517969 0.411035 0.479688 0.316992 0.0132217
2 0.517969 0.411035 0.479688 0.316992 0.0106506
4 0.517969 0.411035 0.479688 0.316992 0.0100098
24 0.516016 0.414746 0.482031 0.325195 0.00669098
23 0.517969 0.411035 0.479688 0.316992 0.00122547
9 0.521191 0.412891 0.468555 0.3125 0.912598
4 0.51875 0.411719 0.480469 0.317188 0.0137939
24 0.522656 0.413184 0.46875 0.323633 0.00796509
6 0.518359 0.411621 0.471094 0.325195 0.00728989
2 0.518359 0.411621 0.471094 0.325195 0.00516129
9 0.521191 0.412109 0.474805 0.317969 0.920898
4 0.517188 0.41084 0.475781 0.304883 0.00937653
6 0.516406 0.408203 0.470313 0.315625 0.00818634
24 0.521191 0.412109 0.474805 0.317969 0.00746155
2 0.516406 0.408203 0.470313 0.315625 0.00734711
9 0.52041 0.412402 0.470117 0.318945 0.905273
2 0.518359 0.408691 0.46875 0.316992 0.0130234
6 0.518359 0.408691 0.46875 0.316992 0.0100098
4 0.519922 0.410254 0.471094 0.310742 0.00772476
24 0.52041 0.412402 0.470117 0.318945 0.00526047
9 0.518848 0.4125 0.474805 0.321875 0.902832
4 0.519531 0.412109 0.472656 0.315625 0.0112
2 0.517578 0.412402 0.467969 0.32207 0.00985718
6 0.517578 0.412402 0.467969 0.32207 0.00455475
24 0.518848 0.4125 0.474805 0.321875 0.00453949
9 0.51875 0.412598 0.478906 0.318555 0.904785
2 0.519141 0.412891 0.474219 0.317188 0.0247955
4 0.522266 0.411621 0.475781 0.312695 0.00614548
6 0.519141 0.412891 0.474219 0.317188 0.00582123
24 0.519629 0.4125 0.479492 0.321094 0.00498199
9 0.516504 0.413281 0.479492 0.322656 0.906738
2 0.515234 0.4125 0.477344 0.321094 0.018692
4 0.519629 0.411816 0.47793 0.316992 0.0116425
24 0.516504 0.413281 0.479492 0.322656 0.00453949
6 0.515234 0.4125 0.477344 0.321094 0.00408554
9 0.51875 0.412598 0.476562 0.316992 0.896973
2 0.51875 0.411816 0.473438 0.31543 0.00967407
4 0.521094 0.411816 0.478125 0.30918 0.00800323
6 0.51875 0.411816 0.473438 0.31543 0.00712204
24 0.51875 0.412598 0.476562 0.316992 0.00638962
9 0.519141 0.4125 0.477344 0.317188 0.900391
2 0.517285 0.4125 0.474805 0.315625 0.00834656
24 0.519141 0.4125 0.477344 0.317188 0.00818634
4 0.519141 0.411816 0.480469 0.310742 0.00746155
6 0.517285 0.4125 0.474805 0.315625 0.00634003
9 0.520312 0.413281 0.471094 0.314844 0.889648
2 0.519141 0.411621 0.46875 0.311133 0.0136337
24 0.520312 0.413281 0.471094 0.314844 0.00746155
6 0.519141 0.411621 0.46875 0.311133 0.00614548
4 0.520703 0.411719 0.472656 0.307813 0.005867
9 0.51875 0.413281 0.472656 0.316406 0.888672
2 0.518066 0.412109 0.47168 0.314844 0.00803375
4 0.519434 0.412109 0.476758 0.308594 0.0069046
24 0.51875 0.413281 0.472656 0.316406 0.00624084
6 0.519434 0.412109 0.476758 0.308594 0.00455475
9 0.518848 0.413379 0.474805 0.312305 0.861328
2 0.517578 0.411719 0.470313 0.309375 0.0104065
4 0.51875 0.411328 0.475 0.303906 0.00775528
24 0.518848 0.413379 0.474805 0.312305 0.00619125
6 0.517578 0.411719 0.470313 0.309375 0.00595856
9 0.517188 0.413379 0.474219 0.31543 0.884766
4 0.519141 0.410938 0.478125 0.308594 0.00844574
6 0.516504 0.411035 0.473242 0.313867 0.00806427
24 0.517188 0.413379 0.474219 0.31543 0.00664139
2 0.516504 0.411035 0.473242 0.313867 0.00502014
9 0.519434 0.412891 0.473633 0.314844 0.881836
6 0.517285 0.41084 0.470117 0.312695 0.01017
4 0.518848 0.410156 0.474805 0.308594 0.00919342
24 0.519434 0.412891 0.473633 0.314844 0.00787354
2 0.517285 0.41084 0.470117 0.312695 0.00428009
9 0.519531 0.412891 0.473438 0.314844 0.888184
4 0.519141 0.41084 0.472656 0.308008 0.0133286
24 0.519531 0.412891 0.473438 0.314844 0.00723267
6 0.51709 0.41084 0.468945 0.312695 0.00706482
2 0.51709 0.41084 0.468945 0.312695 0.00428009
9 0.519141 0.413281 0.472656 0.314844 0.905273
4 0.51875 0.412109 0.473438 0.308594 0.0138474
2 0.516797 0.412598 0.469531 0.313867 0.00695801
6 0.516797 0.412598 0.469531 0.313867 0.00653839
24 0.519141 0.413281 0.472656 0.314844 0.00591278
9 0.517871 0.412402 0.473633 0.312695 0.90332
4 0.517871 0.410938 0.475195 0.307813 0.0109863
2 0.516016 0.410547 0.470313 0.3125 0.0078125
24 0.517871 0.412402 0.473633 0.312695 0.00542831
6 0.516016 0.410547 0.470313 0.3125 0.00521851
9 0.519434 0.4125 0.47207 0.3125 0.898438
4 0.518848 0.410938 0.47168 0.30625 0.0102081
2 0.517188 0.411035 0.467969 0.310742 0.0100098
24 0.519434 0.4125 0.47207 0.3125 0.00629044
6 0.517188 0.411035 0.467969 0.310742 0.00540543
9 0.519141 0.4125 0.474219 0.3125 0.896973
4 0.518652 0.41084 0.473633 0.306445 0.00945282
2 0.516797 0.410938 0.470313 0.310156 0.0085144
24 0.519141 0.4125 0.474219 0.3125 0.0069046
6 0.516797 0.410938 0.470313 0.310156 0.00500107
9 0.51875 0.411816 0.473438 0.312305 0.883301
4 0.519531 0.409766 0.473438 0.30625 0.00837708
2 0.517188 0.410156 0.470313 0.309375 0.00806427
24 0.51875 0.411816 0.473438 0.312305 0.00634003
6 0.517188 0.410156 0.470313 0.309375 0.00568771
9 0.518652 0.412109 0.473633 0.310937 0.880859
4 0.51875 0.409766 0.474219 0.304688 0.008255
2 0.516504 0.409766 0.470117 0.308594 0.00717545
24 0.518652 0.412109 0.473633 0.310937 0.00677109
6 0.520312 0.411328 0.472656 0.303906 0.00527954
9 0.51875 0.411621 0.474219 0.311133 0.889648
4 0.51875 0.409766 0.474219 0.305469 0.00831604
2 0.516797 0.410254 0.470313 0.30918 0.00815582
24 0.51875 0.411621 0.474219 0.311133 0.00695801
6 0.516797 0.410254 0.470313 0.30918 0.00577545
9 0.518848 0.412109 0.473242 0.311719 0.894043
4 0.51875 0.410254 0.473438 0.306055 0.0088501
2 0.51709 0.409766 0.468945 0.308594 0.0085144
24 0.518848 0.412109 0.473242 0.311719 0.00661469
6 0.51709 0.409766 0.468945 0.308594 0.00579834
9 0.519629 0.412598 0.47168 0.310742 0.89502
2 0.51709 0.410156 0.467383 0.307813 0.0086441
4 0.51875 0.410059 0.472656 0.304883 0.00793457
24 0.519629 0.412598 0.47168 0.310742 0.0064888
6 0.51709 0.410156 0.467383 0.307813 0.00614548
9 0.520215 0.411621 0.468945 0.30957 0.895508
2 0.517578 0.409766 0.466406 0.307031 0.00818634
4 0.51875 0.410156 0.471875 0.304688 0.00769424
24 0.520215 0.411621 0.468945 0.30957 0.00653839
6 0.517578 0.409766 0.466406 0.307031 0.006073
9 0.520215 0.412109 0.468945 0.310156 0.896484
4 0.51875 0.410059 0.471875 0.304883 0.00803375
2 0.517578 0.410059 0.466406 0.308008 0.00793457
24 0.520215 0.412109 0.468945 0.310156 0.00656509
6 0.521875 0.411328 0.46875 0.303125 0.00598145
9 0.519922 0.412109 0.469531 0.309375 0.895508
4 0.51875 0.410059 0.471875 0.304883 0.00831604
2 0.517578 0.410254 0.466406 0.307617 0.00769424
24 0.519922 0.412109 0.469531 0.309375 0.00677109
6 0.521484 0.411035 0.469531 0.30293 0.00605011
9 0.519629 0.412109 0.47168 0.310937 0.893066
4 0.518359 0.410156 0.472656 0.30625 0.00854492
2 0.51709 0.410156 0.467383 0.308594 0.00740433
24 0.519629 0.412109 0.47168 0.310937 0.00674438
6 0.521094 0.411328 0.471094 0.303906 0.00584412
9 0.519141 0.412109 0.473438 0.311719 0.894043
4 0.518652 0.410254 0.473633 0.306055 0.00888062
2 0.51709 0.409766 0.468945 0.308594 0.0085144
24 0.519141 0.412109 0.473438 0.311719 0.00661469
6 0.51709 0.409766 0.468945 0.308594 0.00577545
