19 0.566016 0.401953 0.292969 0.392188 0.0171051
3 0.550781 0.446094 0.329688 0.432813 0.003088
11 0.544922 0.454785 0.34375 0.460742 0.0028553
11 0.557813 0.389062 0.632812 0.609375 0.00253105
11 0.614844 0.468652 0.71875 0.651758 0.0024929
19 0.549609 0.484766 0.310156 0.357812 0.00222588
19 0.575 0.375 0.2625 0.3 0.00209999
11 0.661719 0.41875 0.676562 0.548438 0.00187492
14 0.540234 0.451465 0.338281 0.44707 0.00175476
9 0.516016 0.420312 0.420312 0.528906 0.0016613
3 0.680469 0.453906 0.639063 0.491406 0.00149536
3 0.614844 0.468652 0.71875 0.651758 0.00149536
1 0.532129 0.454688 0.362305 0.460938 0.00145531
11 0.641797 0.513281 0.716406 0.904688 0.00141621
5 0.483984 0.416309 0.48125 0.556445 0.00138855
17 0.549219 0.428027 0.334375 0.389258 0.00135612
20 0.532129 0.454688 0.362305 0.460938 0.00129414
5 0.557813 0.389062 0.632812 0.609375 0.00126457
4 0.516016 0.420312 0.420312 0.528906 0.00125504
5 0.523438 0.454688 0.389844 0.470313 0.0012064
2 0.549219 0.428027 0.334375 0.389258 0.00115585
14 0.614844 0.468652 0.71875 0.651758 0.00112438
0 0.549219 0.428027 0.334375 0.389258 0.0011034
4 0.540234 0.451465 0.338281 0.44707 0.00102043
22 0.475098 0.455469 0.562305 0.629687 0.992676
17 0.466309 0.480078 0.50957 0.513281 0.986328
22 0.498535 0.503906 0.723242 0.770312 0.963867
17 0.498535 0.503906 0.723242 0.770312 0.944824
20 0.466309 0.480078 0.50957 0.513281 0.938965
17 0.529688 0.46416 0.495313 0.707617 0.916504
22 0.531641 0.462109 0.447656 0.5 0.90332
20 0.498535 0.503906 0.723242 0.770312 0.858887
22 0.594531 0.547266 0.665625 0.805469 0.841797
3 0.466309 0.480078 0.50957 0.513281 0.810547
22 0.656641 0.486719 0.686719 0.865625 0.750488
20 0.529688 0.46416 0.495313 0.707617 0.679199
3 0.498535 0.503906 0.723242 0.770312 0.541016
17 0.594531 0.547266 0.665625 0.805469 0.53125
17 0.636719 0.633203 0.726562 0.733594 0.513672
17 0.661719 0.430078 0.676562 0.860156 0.486328
14 0.475098 0.455469 0.562305 0.629687 0.476562
14 0.482031 0.447266 0.48125 0.463281 0.429199
22 0.636719 0.633203 0.726562 0.733594 0.414795
17 0.495703 0.406641 0.752344 0.813281 0.39502
17 0.467969 0.561719 0.845313 0.876563 0.394287
14 0.498535 0.503906 0.723242 0.770312 0.384033
3 0.529688 0.46416 0.495313 0.707617 0.370117
11 0.475098 0.455469 0.562305 0.629687 0.356689
25 0.466309 0.480078 0.50957 0.513281 0.341553
17 0.528516 0.430566 0.385156 0.399805 0.32251
17 0.388672 0.482812 0.777344 0.9125 0.309082
11 0.498535 0.503906 0.723242 0.770312 0.306641
22 0.467969 0.561719 0.845313 0.876563 0.303955
22 0.495703 0.406641 0.752344 0.813281 0.246582
22 0.385742 0.440625 0.771484 0.88125 0.229492
17 0.537402 0.455371 0.433008 0.511133 0.220703
10 0.498535 0.503906 0.723242 0.770312 0.167236
20 0.594531 0.547266 0.665625 0.805469 0.167236
1 0.498535 0.503906 0.723242 0.770312 0.158691
22 0.528516 0.430566 0.385156 0.399805 0.155029
19 0.553125 0.413281 0.279687 0.357031 0.143188
1 0.466309 0.480078 0.50957 0.513281 0.139893
20 0.661719 0.430078 0.676562 0.860156 0.139404
20 0.495703 0.406641 0.752344 0.813281 0.124207
14 0.528516 0.430566 0.385156 0.399805 0.123779
8 0.475781 0.487891 0.645312 0.672656 0.113953
17 0.364063 0.555469 0.728125 0.889063 0.111267
17 0.686523 0.65625 0.626953 0.6875 0.110474
25 0.529688 0.46416 0.495313 0.707617 0.108215
14 0.495703 0.406641 0.752344 0.813281 0.106689
20 0.636719 0.633203 0.726562 0.733594 0.10376
8 0.466309 0.480078 0.50957 0.513281 0.101929
22 0.686523 0.65625 0.626953 0.6875 0.0966797
17 0.344922 0.414062 0.689844 0.828125 0.0960083
22 0.650391 0.388281 0.699219 0.776563 0.0933228
3 0.594531 0.547266 0.665625 0.805469 0.0869141
10 0.466309 0.480078 0.50957 0.513281 0.0844727
20 0.388672 0.482812 0.777344 0.9125 0.0841675
17 0.686719 0.39375 0.626563 0.7875 0.0827026
20 0.467969 0.561719 0.845313 0.876563 0.0809326
0 0.482031 0.447266 0.48125 0.463281 0.0806274
17 0.264648 0.423145 0.529297 0.611523 0.0803833
13 0.498535 0.503906 0.723242 0.770312 0.0783691
3 0.661719 0.430078 0.676562 0.860156 0.0731812
17 0.668359 0.563281 0.663281 0.873438 0.072876
22 0.360938 0.526563 0.721875 0.928125 0.0682983
14 0.594531 0.547266 0.665625 0.805469 0.0651245
17 0.294922 0.376953 0.589844 0.753906 0.0646362
13 0.475098 0.455469 0.562305 0.629687 0.0577087
22 0.32832 0.416406 0.656641 0.832812 0.0560303
11 0.594531 0.547266 0.665625 0.805469 0.0539856
8 0.47959 0.501563 0.77207 0.8625 0.053009
22 0.688672 0.558203 0.622656 0.883594 0.053009
25 0.528516 0.430566 0.385156 0.399805 0.0516663
3 0.636719 0.633203 0.726562 0.733594 0.0507202
25 0.498535 0.503906 0.723242 0.770312 0.0501404
1 0.636719 0.633203 0.726562 0.733594 0.0484924
14 0.397656 0.533203 0.795313 0.921094 0.0483093
14 0.636719 0.633203 0.726562 0.733594 0.0481262
9 0.475098 0.455469 0.562305 0.629687 0.0472412
14 0.661719 0.430078 0.676562 0.860156 0.0435181
24 0.529688 0.46416 0.495313 0.707617 0.0435181
9 0.498535 0.503906 0.723242 0.770312 0.0420837
1 0.397656 0.533203 0.795313 0.921094 0.0419312
3 0.528516 0.430566 0.385156 0.399805 0.0414734
22 0.392969 0.608203 0.785937 0.783594 0.0389099
3 0.495703 0.406641 0.752344 0.813281 0.0370483
17 0.508594 0.635547 0.851562 0.728906 0.0352783
22 0.265625 0.372656 0.53125 0.745313 0.0351562
3 0.537402 0.455371 0.433008 0.511133 0.0350037
20 0.344922 0.414062 0.689844 0.828125 0.0350037
2 0.466309 0.480078 0.50957 0.513281 0.0344849
22 0.69082 0.343359 0.618359 0.686719 0.0343628
17 0.310156 0.467187 0.620313 0.925 0.0335999
3 0.467969 0.561719 0.845313 0.876563 0.0332031
21 0.553125 0.413281 0.279687 0.357031 0.0327148
0 0.475781 0.487891 0.645312 0.672656 0.0316162
11 0.656641 0.486719 0.686719 0.865625 0.0297546
17 0.346094 0.661523 0.692187 0.676953 0.0296478
25 0.537402 0.455371 0.433008 0.511133 0.0294189
5 0.498535 0.503906 0.723242 0.770312 0.0292053
14 0.344922 0.414062 0.689844 0.828125 0.0276947
22 0.264648 0.423145 0.529297 0.611523 0.0269623
0 0.528809 0.468066 0.454883 0.568555 0.0262604
22 0.508594 0.635547 0.851562 0.728906 0.026062
13 0.482031 0.447266 0.48125 0.463281 0.0256653
11 0.531641 0.462109 0.447656 0.5 0.0255585
13 0.467969 0.561719 0.845313 0.876563 0.0249939
22 0.379688 0.688867 0.759375 0.622266 0.0245209
17 0.495703 0.757422 0.657031 0.485156 0.024231
20 0.364063 0.555469 0.728125 0.889063 0.0238647
3 0.385742 0.440625 0.771484 0.88125 0.0228882
13 0.594531 0.547266 0.665625 0.805469 0.0226288
14 0.294922 0.376953 0.589844 0.753906 0.0216217
1 0.467187 0.583984 0.846875 0.832031 0.0215759
5 0.475098 0.455469 0.562305 0.629687 0.0205688
0 0.528516 0.430566 0.385156 0.399805 0.0204468
10 0.495703 0.406641 0.752344 0.813281 0.0200195
20 0.528516 0.430566 0.385156 0.399805 0.0197906
22 0.332422 0.657813 0.664844 0.684375 0.0197906
0 0.654688 0.407813 0.690625 0.815625 0.0195618
25 0.661719 0.430078 0.676562 0.860156 0.0195618
13 0.656641 0.486719 0.686719 0.865625 0.0191193
1 0.364844 0.580859 0.729688 0.838281 0.0190125
1 0.529688 0.46416 0.495313 0.707617 0.0187988
25 0.594531 0.547266 0.665625 0.805469 0.0186157
20 0.294922 0.376953 0.589844 0.753906 0.0179138
14 0.464063 0.591406 0.765625 0.817187 0.0177765
13 0.495703 0.406641 0.752344 0.813281 0.0175781
20 0.686523 0.65625 0.626953 0.6875 0.0175171
13 0.614844 0.658984 0.770312 0.682031 0.0174408
17 0.533496 0.371484 0.508008 0.742969 0.0173035
1 0.279687 0.41875 0.559375 0.8375 0.0170441
17 0.571973 0.889063 0.42793 0.221875 0.0170441
1 0.664844 0.417969 0.670313 0.835938 0.0165253
24 0.594531 0.547266 0.665625 0.805469 0.0158997
22 0.495703 0.757422 0.657031 0.485156 0.0158997
1 0.569922 0.658594 0.857031 0.682813 0.0156708
22 0.736328 0.355078 0.527344 0.710156 0.0155411
17 0.255078 0.340625 0.510156 0.68125 0.0154877
20 0.668359 0.563281 0.663281 0.873438 0.0150146
20 0.537402 0.455371 0.433008 0.511133 0.0148392
17 0.736328 0.355078 0.527344 0.710156 0.0143356
11 0.385742 0.440625 0.771484 0.88125 0.0141754
17 0.442188 0.712305 0.80625 0.575391 0.0140076
1 0.668359 0.563281 0.663281 0.873438 0.0137939
3 0.686523 0.65625 0.626953 0.6875 0.0136871
1 0.366211 0.441406 0.732422 0.882812 0.0135345
14 0.264648 0.423145 0.529297 0.611523 0.0134811
22 0.311914 0.576563 0.623828 0.846875 0.0134811
1 0.686523 0.65625 0.626953 0.6875 0.0133743
24 0.656641 0.486719 0.686719 0.865625 0.0132751
3 0.653125 0.895312 0.376563 0.209375 0.0132217
22 0.533496 0.371484 0.508008 0.742969 0.0131226
2 0.475781 0.487891 0.645312 0.672656 0.0131226
14 0.336133 0.553125 0.672266 0.89375 0.0131226
1 0.314063 0.51875 0.628125 0.925 0.0127258
13 0.32832 0.416406 0.656641 0.832812 0.0126724
13 0.386328 0.479297 0.772656 0.680469 0.0126266
8 0.637109 0.656641 0.725781 0.686719 0.0125732
16 0.512891 0.537598 0.664844 0.751367 0.0124283
13 0.379297 0.528906 0.758594 0.923438 0.0122375
20 0.264648 0.423145 0.529297 0.611523 0.012146
0 0.495703 0.406641 0.752344 0.813281 0.0120544
21 0.547656 0.513281 0.292188 0.35625 0.011734
19 0.350391 0.122656 0.322656 0.245312 0.0116882
17 0.714844 0.311133 0.570312 0.622266 0.0116882
19 0.550781 0.484766 0.285938 0.375 0.0115051
16 0.482031 0.447266 0.48125 0.463281 0.0115051
11 0.467969 0.561719 0.845313 0.876563 0.0115051
17 0.641113 0.353516 0.717773 0.707031 0.0112915
16 0.475098 0.455469 0.562305 0.629687 0.0112
20 0.686719 0.39375 0.626563 0.7875 0.0111618
20 0.310156 0.467187 0.620313 0.925 0.0111618
1 0.495703 0.406641 0.752344 0.813281 0.0109863
22 0.571973 0.889063 0.42793 0.221875 0.0109863
1 0.342187 0.680469 0.684375 0.639063 0.0108185
22 0.589844 0.693164 0.820312 0.613672 0.0106506
3 0.364063 0.555469 0.728125 0.889063 0.0105286
22 0.733594 0.440234 0.532813 0.860156 0.0104904
1 0.594531 0.547266 0.665625 0.805469 0.01017
3 0.304297 0.416797 0.608594 0.833594 0.0100937
20 0.569922 0.658594 0.857031 0.682813 0.0100937
11 0.637109 0.656641 0.725781 0.686719 0.0100098
17 0.589844 0.693164 0.820312 0.613672 0.0100098
17 0.105859 0.146191 0.211719 0.292383 0.00989532
22 0.281641 0.468359 0.563281 0.919531 0.00978088
20 0.653125 0.895312 0.376563 0.209375 0.00971222
21 0.453027 0.485547 0.551758 0.542188 0.00967407
14 0.628516 0.902344 0.372656 0.195312 0.00967407
14 0.686523 0.65625 0.626953 0.6875 0.00963593
8 0.467187 0.583984 0.846875 0.832031 0.00945282
3 0.686719 0.39375 0.626563 0.7875 0.00933838
14 0.668359 0.563281 0.663281 0.873438 0.00933838
16 0.653125 0.895312 0.376563 0.209375 0.00926971
17 0.732813 0.486328 0.534375 0.860156 0.00919342
3 0.571973 0.889063 0.42793 0.221875 0.00919342
11 0.625781 0.897656 0.407813 0.204688 0.00912476
17 0.653125 0.895312 0.376563 0.209375 0.00905609
14 0.569922 0.658594 0.857031 0.682813 0.00898743
13 0.650391 0.388281 0.699219 0.776563 0.0088501
14 0.533496 0.371484 0.508008 0.742969 0.0086441
24 0.466309 0.480078 0.50957 0.513281 0.0086441
0 0.470996 0.564063 0.776758 0.86875 0.0086441
17 0.313672 0.603125 0.627344 0.79375 0.00857544
11 0.592285 0.868359 0.513867 0.263281 0.00831604
3 0.689453 0.531641 0.621094 0.924219 0.008255
22 0.255469 0.382422 0.510938 0.764844 0.00818634
1 0.376172 0.714844 0.752344 0.570312 0.00818634
20 0.385156 0.635547 0.770312 0.728906 0.00809479
10 0.614844 0.632812 0.770312 0.734375 0.00809479
10 0.529688 0.46416 0.495313 0.707617 0.00803375
17 0.736719 0.700195 0.526563 0.599609 0.00800323
22 0.105664 0.132617 0.211328 0.265234 0.00790405
24 0.498535 0.503906 0.723242 0.770312 0.00787354
8 0.528516 0.430566 0.385156 0.399805 0.0078125
3 0.265625 0.372656 0.53125 0.745313 0.00775528
13 0.528516 0.430566 0.385156 0.399805 0.00772476
14 0.686719 0.39375 0.626563 0.7875 0.00772476
22 0.628516 0.902344 0.372656 0.195312 0.00769424
1 0.265625 0.372656 0.53125 0.745313 0.00757599
8 0.385742 0.440625 0.771484 0.88125 0.00751877
11 0.32832 0.416406 0.656641 0.832812 0.00734711
13 0.33418 0.577734 0.668359 0.844531 0.00734711
22 0.734766 0.678125 0.530469 0.64375 0.00723267
21 0.531641 0.462109 0.447656 0.5 0.00717545
1 0.664844 0.342773 0.670313 0.685547 0.00712204
13 0.265625 0.372656 0.53125 0.745313 0.00698471
13 0.686523 0.65625 0.626953 0.6875 0.00695801
3 0.264648 0.423145 0.529297 0.611523 0.0068779
16 0.495703 0.406641 0.752344 0.813281 0.00679779
13 0.508594 0.635547 0.851562 0.728906 0.00679779
13 0.571973 0.889063 0.42793 0.221875 0.00679779
13 0.507812 0.725 0.6 0.55 0.00677109
25 0.446484 0.412109 0.783594 0.824219 0.00674438
9 0.47041 0.603906 0.706055 0.792188 0.00669098
17 0.231055 0.341016 0.462109 0.682031 0.00664139
17 0.32583 0.15127 0.381152 0.302539 0.00661469
11 0.650391 0.388281 0.699219 0.776563 0.00661469
25 0.386328 0.479297 0.772656 0.680469 0.00658798
14 0.571973 0.889063 0.42793 0.221875 0.00641251
8 0.385156 0.557813 0.770312 0.884375 0.00638962
19 0.365234 0.0837891 0.302344 0.167578 0.00634003
1 0.489746 0.720313 0.681445 0.559375 0.00629044
11 0.495703 0.406641 0.752344 0.813281 0.00609589
13 0.392969 0.608203 0.785937 0.783594 0.006073
25 0.660156 0.632031 0.679688 0.735938 0.00605011
1 0.317578 0.156348 0.417969 0.312695 0.00602722
14 0.332422 0.657813 0.664844 0.684375 0.00595856
1 0.105664 0.132617 0.211328 0.265234 0.00591278
1 0.264648 0.423145 0.529297 0.611523 0.00584412
24 0.659375 0.891797 0.454688 0.216406 0.00572968
13 0.653125 0.895312 0.376563 0.209375 0.00570679
0 0.275586 0.43125 0.508984 0.617188 0.00568771
13 0.281641 0.468359 0.563281 0.919531 0.00566483
8 0.32832 0.416406 0.656641 0.832812 0.00559998
0 0.636719 0.633203 0.726562 0.733594 0.00559998
21 0.117969 0.124414 0.235938 0.248828 0.00557709
1 0.108398 0.144141 0.216797 0.288281 0.0055542
10 0.464063 0.591406 0.765625 0.817187 0.0055542
25 0.275586 0.43125 0.508984 0.617188 0.00551224
1 0.31543 0.628906 0.630859 0.742188 0.00547028
21 0.350391 0.122656 0.322656 0.245312 0.00544739
16 0.571973 0.889063 0.42793 0.221875 0.00542831
2 0.653125 0.895312 0.376563 0.209375 0.00538635
1 0.533496 0.371484 0.508008 0.742969 0.00536346
13 0.355078 0.705469 0.710156 0.589063 0.00534439
25 0.653125 0.895312 0.376563 0.209375 0.00534439
13 0.688672 0.558203 0.622656 0.883594 0.0053215
10 0.385742 0.440625 0.771484 0.88125 0.00527954
14 0.105664 0.132617 0.211328 0.265234 0.00521851
13 0.264648 0.423145 0.529297 0.611523 0.00521851
14 0.281641 0.468359 0.563281 0.919531 0.00521851
19 0.569922 0.351367 0.282031 0.330078 0.00511932
8 0.555469 0.633984 0.845313 0.732031 0.00502014
3 0.495703 0.757422 0.657031 0.485156 0.00502014
22 0.794141 0.257422 0.411719 0.514844 0.00498199
10 0.528516 0.430566 0.385156 0.399805 0.00498199
8 0.594531 0.547266 0.665625 0.805469 0.0049057
1 0.537402 0.455371 0.433008 0.511133 0.00488663
3 0.508594 0.635547 0.851562 0.728906 0.00488663
19 0.106152 0.123828 0.212305 0.247656 0.00484848
1 0.733594 0.382812 0.532813 0.765625 0.00482941
13 0.451953 0.739648 0.763281 0.520703 0.00479126
13 0.533496 0.371484 0.508008 0.742969 0.00475693
11 0.502734 0.789062 0.636719 0.421875 0.00471878
21 0.529688 0.46416 0.495313 0.707617 0.00468063
14 0.255078 0.340625 0.510156 0.68125 0.00466537
17 0.108398 0.144141 0.216797 0.288281 0.00462723
22 0.188672 0.299609 0.377344 0.599219 0.00460815
16 0.656641 0.486719 0.686719 0.865625 0.00453949
4 0.488281 0.433594 0.76875 0.867188 0.00452042
0 0.265625 0.372656 0.53125 0.745313 0.00450516
9 0.653906 0.891406 0.434375 0.217188 0.00448608
20 0.335547 0.710938 0.671094 0.578125 0.00446701
9 0.594531 0.547266 0.665625 0.805469 0.00439835
25 0.615625 0.592578 0.76875 0.814844 0.00439835
14 0.495703 0.757422 0.657031 0.485156 0.00439835
3 0.533496 0.371484 0.508008 0.742969 0.00438309
20 0.105664 0.132617 0.211328 0.265234 0.00436401
13 0.255469 0.382422 0.510938 0.764844 0.00429916
16 0.458594 0.54375 0.820312 0.9125 0.00429916
1 0.231055 0.341016 0.462109 0.682031 0.00428009
1 0.736719 0.700195 0.526563 0.599609 0.00428009
19 0.566016 0.424219 0.327344 0.347656 0.789062
21 0.566016 0.424219 0.327344 0.347656 0.596191
16 0.571094 0.433984 0.30625 0.307813 0.0809326
13 0.555469 0.439746 0.31875 0.318945 0.0562439
17 0.575781 0.447754 0.246875 0.406055 0.0189819
1 0.501563 0.488184 0.403906 0.514258 0.0157166
22 0.575781 0.447754 0.246875 0.406055 0.0147324
1 0.575781 0.469531 0.246875 0.425 0.0118256
19 0.111328 0.122754 0.222656 0.245508 0.0110703
21 0.559375 0.529688 0.301563 0.348438 0.00763702
17 0.504297 0.476172 0.39375 0.470313 0.00636292
21 0.111328 0.122754 0.222656 0.245508 0.005867
19 0.559375 0.529688 0.301563 0.348438 0.00564194
1 0.458984 0.406641 0.489844 0.475781 0.00479126
1 0.513672 0.588379 0.377344 0.593555 0.00428009
22 0.504297 0.476172 0.39375 0.470313 0.0039444
3 0.504297 0.476172 0.39375 0.470313 0.00370789
1 0.472266 0.515527 0.469531 0.74707 0.00370789
16 0.6 0.664062 0.348438 0.314063 0.00353813
3 0.575781 0.447754 0.246875 0.406055 0.00348282
4 0.504297 0.476172 0.39375 0.470313 0.00333786
2 0.575781 0.447754 0.246875 0.406055 0.00327301
17 0.541016 0.608203 0.321094 0.521094 0.00314713
17 0.458984 0.406641 0.489844 0.475781 0.0030632
12 0.408496 0.473535 0.650195 0.685742 0.00302696
8 0.501563 0.488184 0.403906 0.514258 0.00302696
13 0.559375 0.529688 0.301563 0.348438 0.00298119
21 0.578125 0.372461 0.239063 0.262109 0.00296974
12 0.501563 0.488184 0.403906 0.514258 0.00284576
11 0.501563 0.488184 0.403906 0.514258 0.00282288
1 0.560156 0.553125 0.28125 0.53125 0.00279045
19 0.549609 0.422559 0.258594 0.30332 0.00271416
20 0.501563 0.488184 0.403906 0.514258 0.00269318
19 0.578125 0.372461 0.239063 0.262109 0.0026722
1 0.408496 0.473535 0.650195 0.685742 0.00265312
22 0.541016 0.608203 0.321094 0.521094 0.00265312
16 0.537891 0.541016 0.321875 0.30625 0.00261116
4 0.575781 0.447754 0.246875 0.406055 0.0024147
20 0.575781 0.447754 0.246875 0.406055 0.00232315
1 0.52334 0.628125 0.483008 0.690625 0.00230598
19 0.358984 0.143066 0.369531 0.286133 0.00214005
2 0.504297 0.476172 0.39375 0.470313 0.00211525
8 0.575781 0.447754 0.246875 0.406055 0.00209999
16 0.102148 0.131738 0.204297 0.263477 0.00205803
0 0.575781 0.447754 0.246875 0.406055 0.00203514
9 0.501563 0.488184 0.403906 0.514258 0.00201988
12 0.575781 0.447754 0.246875 0.406055 0.00190449
12 0.513672 0.588379 0.377344 0.593555 0.00185299
4 0.39375 0.457422 0.651563 0.641406 0.00179577
13 0.111328 0.122754 0.222656 0.245508 0.00176811
22 0.458984 0.406641 0.489844 0.475781 0.00176811
19 0.6 0.664062 0.348438 0.314063 0.00174809
25 0.575781 0.447754 0.246875 0.406055 0.00174809
13 0.503516 0.451953 0.402344 0.557031 0.0017271
22 0.504785 0.535937 0.40293 0.7125 0.00172043
1 0.426172 0.311719 0.582812 0.623438 0.00168705
12 0.472266 0.515527 0.469531 0.74707 0.00168133
11 0.575781 0.469531 0.246875 0.425 0.0016489
1 0.112891 0.125391 0.225781 0.245312 0.00163555
12 0.541406 0.61084 0.554688 0.661133 0.00157356
4 0.458984 0.406641 0.489844 0.475781 0.00156689
0 0.504297 0.476172 0.39375 0.470313 0.00156689
17 0.504785 0.535937 0.40293 0.7125 0.00154877
17 0.52334 0.628125 0.483008 0.690625 0.00152493
12 0.1 0.130078 0.2 0.260156 0.00148964
12 0.629785 0.633594 0.74043 0.732813 0.00148392
12 0.458984 0.406641 0.489844 0.475781 0.00143814
12 0.424219 0.530078 0.8125 0.857031 0.00143242
1 0.116016 0.141797 0.232031 0.283594 0.00142097
22 0.52334 0.628125 0.483008 0.690625 0.00139904
12 0.567187 0.497656 0.43125 0.589063 0.00137806
16 0.770312 0.742969 0.367188 0.375 0.00137234
1 0.629785 0.633594 0.74043 0.732813 0.00135612
9 0.575781 0.469531 0.246875 0.425 0.00135136
13 0.408496 0.473535 0.650195 0.685742 0.00133514
12 0.397656 0.351172 0.661719 0.702344 0.00131512
2 0.458984 0.406641 0.489844 0.475781 0.00128937
13 0.514063 0.565723 0.403125 0.64043 0.0012846
11 0.472266 0.515527 0.469531 0.74707 0.00121593
3 0.458984 0.406641 0.489844 0.475781 0.00119209
13 0.575781 0.469531 0.246875 0.425 0.00117397
3 0.504785 0.535937 0.40293 0.7125 0.00114727
17 0.112891 0.125391 0.225781 0.245312 0.00113392
10 0.504297 0.476172 0.39375 0.470313 0.00113392
17 0.408496 0.473535 0.650195 0.685742 0.00113392
5 0.501563 0.488184 0.403906 0.514258 0.0011158
10 0.575781 0.469531 0.246875 0.425 0.00108147
13 0.541406 0.61084 0.554688 0.661133 0.00107288
12 0.101953 0.132715 0.203906 0.26543 0.00106525
12 0.568066 0.394531 0.473242 0.6875 0.00104809
12 0.345703 0.467187 0.691406 0.828125 0.00104046
1 0.559375 0.403906 0.28125 0.389062 0.00103188
12 0.428906 0.654688 0.820312 0.690625 0.00103188
11 0.408496 0.473535 0.650195 0.685742 0.00102425
14 0.501563 0.488184 0.403906 0.514258 0.00101662
2 0.541016 0.608203 0.321094 0.521094 0.00101662
12 0.144141 0.226172 0.288281 0.452344 0.00100803
4 0.504785 0.535937 0.40293 0.7125 0.00100422
0 0.541016 0.608203 0.321094 0.521094 0.00100422
21 0.557813 0.41709 0.29375 0.401758 0.949219
19 0.557813 0.41709 0.29375 0.401758 0.895508
22 0.555859 0.433496 0.277344 0.364258 0.287842
13 0.557813 0.41709 0.29375 0.401758 0.171021
17 0.553125 0.429688 0.278906 0.351562 0.0923462
11 0.55 0.427734 0.278125 0.374219 0.0800781
1 0.553125 0.429688 0.278906 0.351562 0.078064
22 0.586328 0.216016 0.367969 0.432031 0.0510864
3 0.553125 0.429688 0.278906 0.351562 0.0343628
17 0.579688 0.307813 0.385938 0.615625 0.0340881
5 0.550781 0.452734 0.290625 0.410938 0.0283356
1 0.579688 0.307813 0.385938 0.615625 0.0208435
22 0.579688 0.307813 0.385938 0.615625 0.0193481
10 0.55 0.427734 0.278125 0.374219 0.0176392
1 0.586328 0.216016 0.367969 0.432031 0.0162811
8 0.55 0.427734 0.278125 0.374219 0.0147324
22 0.554688 0.469629 0.323438 0.456055 0.0127258
20 0.553125 0.429688 0.278906 0.351562 0.0125732
11 0.541309 0.467187 0.343945 0.45625 0.0109863
11 0.586328 0.216016 0.367969 0.432031 0.0108185
17 0.586328 0.216016 0.367969 0.432031 0.0106964
22 0.632812 0.260938 0.51875 0.521875 0.0106506
11 0.598437 0.444531 0.43125 0.442969 0.0106506
14 0.555859 0.433496 0.277344 0.364258 0.0104523
25 0.555859 0.433496 0.277344 0.364258 0.0101318
3 0.586328 0.216016 0.367969 0.432031 0.00985718
4 0.554688 0.430566 0.278125 0.348242 0.00933838
19 0.544531 0.438379 0.23125 0.343555 0.00901794
13 0.598437 0.444531 0.43125 0.442969 0.00881195
17 0.683203 0.314844 0.589844 0.629687 0.00867462
12 0.553125 0.429688 0.278906 0.351562 0.00818634
1 0.683203 0.314844 0.589844 0.629687 0.00790405
3 0.579688 0.307813 0.385938 0.615625 0.00763702
22 0.785547 0.448438 0.428906 0.533594 0.00751877
16 0.555859 0.433496 0.277344 0.364258 0.00728989
1 0.630859 0.372266 0.467969 0.64375 0.00714874
19 0.541309 0.467187 0.343945 0.45625 0.00709534
1 0.786719 0.405469 0.426563 0.574219 0.00703812
2 0.553125 0.429688 0.278906 0.351562 0.0069046
1 0.598437 0.444531 0.43125 0.442969 0.00679779
22 0.683203 0.314844 0.589844 0.629687 0.00674438
13 0.541309 0.467187 0.343945 0.45625 0.00674438
1 0.791602 0.273047 0.416797 0.546094 0.00664139
19 0.350781 0.146875 0.307031 0.29375 0.0064621
5 0.598437 0.444531 0.43125 0.442969 0.00614548
0 0.553125 0.429688 0.278906 0.351562 0.00595856
6 0.554688 0.447266 0.278125 0.385156 0.00591278
1 0.541309 0.467187 0.343945 0.45625 0.00564194
22 0.79707 0.255859 0.405859 0.511719 0.00559998
19 0.598437 0.444531 0.43125 0.442969 0.00548935
19 0.870313 0.16543 0.259375 0.330859 0.00544739
4 0.598437 0.444531 0.43125 0.442969 0.00534439
5 0.586328 0.216016 0.367969 0.432031 0.00527954
19 0.857617 0.493359 0.284766 0.441406 0.00488663
20 0.586328 0.216016 0.367969 0.432031 0.00482941
22 0.598437 0.444531 0.43125 0.442969 0.00466537
1 0.779688 0.660937 0.440625 0.6125 0.00460815
24 0.554688 0.447266 0.278125 0.385156 0.00438309
3 0.598437 0.444531 0.43125 0.442969 0.00428009
11 0.632812 0.260938 0.51875 0.521875 0.00426483
4 0.554688 0.469629 0.323438 0.456055 0.00426483
9 0.550781 0.452734 0.290625 0.410938 0.0042305
17 0.554688 0.469629 0.323438 0.456055 0.0042305
13 0.603125 0.24707 0.41875 0.494141 0.00407028
19 0.603125 0.24707 0.41875 0.494141 0.00403976
4 0.579688 0.307813 0.385938 0.615625 0.00402451
21 0.586328 0.216016 0.367969 0.432031 0.00397491
19 0.863477 0.208984 0.273047 0.417969 0.00391388
0 0.567969 0.204688 0.35 0.409375 0.00380898
11 0.790039 0.300391 0.419922 0.560938 0.00379562
25 0.554688 0.469629 0.323438 0.456055 0.00356483
4 0.586328 0.216016 0.367969 0.432031 0.00355148
14 0.586328 0.216016 0.367969 0.432031 0.00351143
1 0.780859 0.510938 0.438281 0.542188 0.00348282
11 0.786719 0.405469 0.426563 0.574219 0.00342941
4 0.630859 0.372266 0.467969 0.64375 0.00336266
12 0.630859 0.372266 0.467969 0.64375 0.00336266
1 0.632812 0.260938 0.51875 0.521875 0.00329781
17 0.632812 0.260938 0.51875 0.521875 0.00329781
0 0.579688 0.307813 0.385938 0.615625 0.00329781
12 0.683203 0.314844 0.589844 0.629687 0.00322342
16 0.545313 0.458496 0.328125 0.464258 0.00322342
12 0.579688 0.307813 0.385938 0.615625 0.00317192
8 0.579688 0.307813 0.385938 0.615625 0.00316048
1 0.49375 0.388281 0.840625 0.776563 0.00314713
13 0.630859 0.372266 0.467969 0.64375 0.00313568
11 0.785547 0.70625 0.428906 0.560938 0.00304031
14 0.554688 0.469629 0.323438 0.456055 0.00300407
3 0.541309 0.467187 0.343945 0.45625 0.00299263
24 0.597266 0.248047 0.421094 0.496094 0.00298119
8 0.598437 0.444531 0.43125 0.442969 0.0029583
8 0.586328 0.216016 0.367969 0.432031 0.00291252
19 0.855078 0.774805 0.289844 0.434766 0.00279999
13 0.594531 0.320312 0.564063 0.640625 0.00279999
22 0.779688 0.660937 0.440625 0.6125 0.00279999
11 0.689258 0.458594 0.621484 0.717188 0.00276756
12 0.528125 0.501563 0.484375 0.615625 0.00271416
17 0.786719 0.405469 0.426563 0.574219 0.00270462
12 0.586328 0.216016 0.367969 0.432031 0.00269318
12 0.49375 0.388281 0.840625 0.776563 0.0026722
20 0.786719 0.405469 0.426563 0.574219 0.00266266
3 0.683203 0.314844 0.589844 0.629687 0.00264168
12 0.598437 0.444531 0.43125 0.442969 0.00263214
19 0.567187 0.354688 0.285156 0.40625 0.00257111
2 0.567969 0.204688 0.35 0.409375 0.00255013
17 0.598437 0.444531 0.43125 0.442969 0.00255013
10 0.598437 0.444531 0.43125 0.442969 0.00253105
11 0.630859 0.372266 0.467969 0.64375 0.00251198
17 0.791602 0.273047 0.416797 0.546094 0.00250244
22 0.25625 0.431641 0.5125 0.557031 0.00247192
1 0.25625 0.431641 0.5125 0.557031 0.00243378
25 0.579688 0.307813 0.385938 0.615625 0.00239754
22 0.349219 0.259375 0.432813 0.51875 0.00237846
11 0.780859 0.510938 0.438281 0.542188 0.00237846
1 0.313281 0.253125 0.407031 0.50625 0.00233269
3 0.786719 0.405469 0.426563 0.574219 0.00230598
14 0.786719 0.405469 0.426563 0.574219 0.00230598
13 0.785547 0.448438 0.428906 0.533594 0.00230598
12 0.785547 0.448438 0.428906 0.533594 0.00229645
19 0.103516 0.127539 0.207031 0.255078 0.00227928
12 0.785547 0.70625 0.428906 0.560938 0.00226974
12 0.791602 0.273047 0.416797 0.546094 0.00225258
12 0.632812 0.260938 0.51875 0.521875 0.00221634
22 0.630859 0.372266 0.467969 0.64375 0.00221634
25 0.600781 0.220703 0.429688 0.441406 0.00218201
1 0.69375 0.408203 0.6125 0.792969 0.00218201
14 0.598437 0.444531 0.43125 0.442969 0.00214958
0 0.683203 0.314844 0.589844 0.629687 0.00213242
3 0.630859 0.372266 0.467969 0.64375 0.00212479
14 0.579688 0.307813 0.385938 0.615625 0.00209999
13 0.790039 0.300391 0.419922 0.560938 0.00209999
13 0.579688 0.307813 0.385938 0.615625 0.00208282
22 0.775 0.554297 0.45 0.592969 0.00208282
1 0.275391 0.371875 0.550781 0.732031 0.00202751
21 0.786719 0.405469 0.426563 0.574219 0.00200272
12 0.689844 0.403125 0.620313 0.80625 0.00198746
11 0.680859 0.274023 0.638281 0.548047 0.00197983
17 0.779688 0.660937 0.440625 0.6125 0.00197983
11 0.796484 0.231445 0.407031 0.462891 0.0019722
10 0.541309 0.467187 0.343945 0.45625 0.00195694
21 0.579688 0.307813 0.385938 0.615625 0.00193405
17 0.630859 0.372266 0.467969 0.64375 0.00192642
13 0.785547 0.70625 0.428906 0.560938 0.00192642
12 0.541309 0.467187 0.343945 0.45625 0.00191879
21 0.350781 0.146875 0.307031 0.29375 0.00191212
10 0.586328 0.216016 0.367969 0.432031 0.00191212
10 0.579688 0.307813 0.385938 0.615625 0.00188255
20 0.579688 0.307813 0.385938 0.615625 0.00188255
2 0.579688 0.307813 0.385938 0.615625 0.00187492
3 0.791602 0.273047 0.416797 0.546094 0.00186729
0 0.554688 0.469629 0.323438 0.456055 0.00183105
20 0.542188 0.451562 0.314063 0.470313 0.00183105
21 0.863477 0.208984 0.273047 0.417969 0.0018177
17 0.780859 0.510938 0.438281 0.542188 0.00181007
22 0.476562 0.320703 0.717188 0.641406 0.00178909
11 0.621875 0.339063 0.5625 0.678125 0.00175476
4 0.786719 0.405469 0.426563 0.574219 0.00174141
20 0.598437 0.444531 0.43125 0.442969 0.00173378
14 0.791602 0.273047 0.416797 0.546094 0.00172043
0 0.598437 0.444531 0.43125 0.442969 0.00169373
23 0.55 0.427734 0.278125 0.374219 0.00169373
4 0.683203 0.314844 0.589844 0.629687 0.00168705
9 0.598437 0.444531 0.43125 0.442969 0.00168705
13 0.497656 0.369531 0.839063 0.739062 0.00168133
12 0.25625 0.431641 0.5125 0.557031 0.00168133
13 0.528125 0.501563 0.484375 0.615625 0.00167465
12 0.469531 0.571094 0.654688 0.8 0.00167465
1 0.476562 0.320703 0.717188 0.641406 0.00166798
22 0.796094 0.356641 0.407813 0.589063 0.00166798
5 0.632812 0.260938 0.51875 0.521875 0.0016613
8 0.630859 0.372266 0.467969 0.64375 0.0016613
12 0.476562 0.320703 0.717188 0.641406 0.00163555
19 0.597266 0.708594 0.260156 0.340625 0.00162888
14 0.683203 0.314844 0.589844 0.629687 0.00162888
1 0.823828 0.199609 0.352344 0.399219 0.00162315
21 0.796484 0.231445 0.407031 0.462891 0.00162315
19 0.858398 0.371094 0.283203 0.436719 0.00160408
19 0.770703 0.335938 0.296094 0.380469 0.0015974
6 0.537598 0.488672 0.35293 0.503906 0.00158501
6 0.600781 0.220703 0.429688 0.441406 0.00157356
3 0.632812 0.260938 0.51875 0.521875 0.00156116
22 0.285547 0.296875 0.563281 0.59375 0.00156116
19 0.858203 0.27168 0.283594 0.442578 0.00154877
25 0.683203 0.314844 0.589844 0.629687 0.00154877
12 0.774219 0.619141 0.451562 0.638281 0.00154877
11 0.676172 0.5375 0.647656 0.68125 0.00152493
0 0.684375 0.235938 0.63125 0.471875 0.00151253
22 0.790625 0.75 0.41875 0.5 0.00150108
11 0.579688 0.307813 0.385938 0.615625 0.00148964
20 0.79707 0.255859 0.405859 0.511719 0.00148392
12 0.319727 0.369336 0.639453 0.738672 0.00148392
5 0.785547 0.448438 0.428906 0.533594 0.00148392
2 0.542188 0.451562 0.314063 0.470313 0.00146675
20 0.632812 0.260938 0.51875 0.521875 0.00145531
17 0.349219 0.259375 0.432813 0.51875 0.00144958
17 0.25625 0.431641 0.5125 0.557031 0.00144386
1 0.676172 0.5375 0.647656 0.68125 0.00143242
22 0.676172 0.5375 0.647656 0.68125 0.00143242
9 0.586328 0.216016 0.367969 0.432031 0.00139427
13 0.678906 0.347656 0.642188 0.695312 0.00138283
11 0.313281 0.253125 0.407031 0.50625 0.00137806
14 0.779688 0.660937 0.440625 0.6125 0.00137806
13 0.567969 0.204688 0.35 0.409375 0.00137234
0 0.69375 0.408203 0.6125 0.792969 0.00137234
1 0.790625 0.75 0.41875 0.5 0.00137234
4 0.689258 0.458594 0.621484 0.717188 0.00136662
13 0.684375 0.235938 0.63125 0.471875 0.00136185
13 0.476562 0.320703 0.717188 0.641406 0.00134563
4 0.632812 0.260938 0.51875 0.521875 0.00134563
21 0.858594 0.471973 0.282813 0.441992 0.00134087
19 0.85625 0.700391 0.2875 0.435156 0.00133514
11 0.774219 0.619141 0.451562 0.638281 0.00133514
4 0.796484 0.231445 0.407031 0.462891 0.00131512
0 0.786719 0.405469 0.426563 0.574219 0.00131512
16 0.600781 0.220703 0.429688 0.441406 0.00129986
13 0.350781 0.146875 0.307031 0.29375 0.00128937
12 0.420312 0.479785 0.675 0.687305 0.0012846
12 0.285547 0.296875 0.563281 0.59375 0.00127411
6 0.579688 0.307813 0.385938 0.615625 0.00127411
6 0.786719 0.405469 0.426563 0.574219 0.00127411
12 0.682031 0.50625 0.635938 0.6875 0.00126934
12 0.252344 0.535547 0.504687 0.711719 0.00126934
4 0.790039 0.300391 0.419922 0.560938 0.00125504
13 0.69375 0.408203 0.6125 0.792969 0.00125504
2 0.683203 0.314844 0.589844 0.629687 0.00123501
11 0.25625 0.431641 0.5125 0.557031 0.00123501
12 0.349219 0.259375 0.432813 0.51875 0.00122547
11 0.476562 0.320703 0.717188 0.641406 0.00122547
17 0.476562 0.320703 0.717188 0.641406 0.00122547
17 0.49375 0.388281 0.840625 0.776563 0.00122547
14 0.632812 0.260938 0.51875 0.521875 0.0012207
24 0.785547 0.448438 0.428906 0.533594 0.0012207
13 0.775 0.554297 0.45 0.592969 0.0012207
21 0.598437 0.444531 0.43125 0.442969 0.00121593
22 0.692969 0.237891 0.614062 0.475781 0.0012064
22 0.689258 0.458594 0.621484 0.717188 0.0012064
0 0.805273 0.228906 0.389453 0.457813 0.00120163
11 0.497656 0.369531 0.839063 0.739062 0.00120163
11 0.285547 0.296875 0.563281 0.59375 0.00119686
13 0.285547 0.296875 0.563281 0.59375 0.00118828
6 0.683203 0.314844 0.589844 0.629687 0.00118828
14 0.69375 0.408203 0.6125 0.792969 0.00118351
16 0.676172 0.5375 0.647656 0.68125 0.00118351
0 0.630859 0.372266 0.467969 0.64375 0.00116539
1 0.513379 0.473047 0.504492 0.625781 0.00116539
2 0.791016 0.405078 0.417969 0.589844 0.00116539
19 0.594531 0.320312 0.564063 0.640625 0.00115585
2 0.6625 0.208203 0.56875 0.416406 0.00115108
2 0.69375 0.408203 0.6125 0.792969 0.00115108
13 0.25625 0.431641 0.5125 0.557031 0.0011425
3 0.779688 0.660937 0.440625 0.6125 0.0011425
24 0.684375 0.235938 0.63125 0.471875 0.00113392
21 0.632812 0.260938 0.51875 0.521875 0.00112915
6 0.684375 0.235938 0.63125 0.471875 0.00112438
1 0.692969 0.237891 0.614062 0.475781 0.00112438
8 0.683203 0.314844 0.589844 0.629687 0.00112438
6 0.689258 0.458594 0.621484 0.717188 0.00112438
20 0.780859 0.510938 0.438281 0.542188 0.00112438
19 0.773438 0.730078 0.292188 0.388281 0.00112057
14 0.780859 0.510938 0.438281 0.542188 0.00110722
2 0.598437 0.444531 0.43125 0.442969 0.00108624
3 0.780859 0.510938 0.438281 0.542188 0.00108147
21 0.855078 0.774805 0.289844 0.434766 0.00107765
19 0.785547 0.448438 0.428906 0.533594 0.00107288
4 0.785547 0.70625 0.428906 0.560938 0.00105667
17 0.285547 0.296875 0.563281 0.59375 0.00105286
6 0.676172 0.5375 0.647656 0.68125 0.00104809
16 0.790625 0.75 0.41875 0.5 0.00104046
21 0.870313 0.170801 0.259375 0.341602 0.00103188
20 0.779688 0.660937 0.440625 0.6125 0.00103188
13 0.313281 0.253125 0.407031 0.50625 0.00102425
12 0.713672 0.350391 0.572656 0.664844 0.00102425
6 0.598437 0.444531 0.43125 0.442969 0.00101662
13 0.676172 0.5375 0.647656 0.68125 0.00101662
22 0.319727 0.369336 0.639453 0.738672 0.00100803
4 0.49375 0.388281 0.840625 0.776563 0.00100803
14 0.630859 0.372266 0.467969 0.64375 0.00100803
12 0.528125 0.575391 0.379688 0.536719 0.00100803
6 0.790039 0.300391 0.419922 0.560938 0.00100422
19 0.558594 0.420312 0.279687 0.392188 0.286133
21 0.558594 0.420312 0.279687 0.392188 0.0715942
12 0.0981445 0.124219 0.196289 0.248438 0.0362244
19 0.103418 0.113086 0.206836 0.226172 0.0199432
12 0.496484 0.444141 0.480469 0.548438 0.0191956
17 0.567969 0.422266 0.267188 0.357031 0.016983
19 0.526563 0.420312 0.226562 0.324219 0.014389
12 0.257031 0.136035 0.514063 0.27207 0.0135345
11 0.257031 0.136035 0.514063 0.27207 0.0128708
19 0.0996094 0.0884766 0.199219 0.176953 0.0119171
12 0.462109 0.492285 0.728906 0.724805 0.0116882
1 0.561328 0.429297 0.283594 0.389062 0.0112457
22 0.561328 0.429297 0.283594 0.389062 0.0110703
12 0.525781 0.442871 0.380469 0.43457 0.0109024
13 0.110059 0.126953 0.220117 0.253906 0.0100098
16 0.108789 0.128125 0.217578 0.25625 0.0100098
1 0.525781 0.442871 0.380469 0.43457 0.00993347
1 0.0981445 0.124219 0.196289 0.248438 0.00948334
11 0.18418 0.136328 0.368359 0.272656 0.00871277
6 0.114941 0.130762 0.229883 0.261523 0.00841522
13 0.496484 0.444141 0.480469 0.548438 0.00821686
13 0.538184 0.446484 0.364258 0.495313 0.0078125
4 0.0981445 0.124219 0.196289 0.248438 0.00757599
12 0.500391 0.167969 0.774219 0.335938 0.00723267
17 0.0981445 0.124219 0.196289 0.248438 0.00717545
12 0.561328 0.429297 0.283594 0.389062 0.00714874
12 0.399121 0.348047 0.683008 0.696094 0.00674438
12 0.299609 0.148242 0.599219 0.296484 0.00658798
11 0.110059 0.126953 0.220117 0.253906 0.0064888
13 0.257031 0.136035 0.514063 0.27207 0.00629044
6 0.18418 0.136328 0.368359 0.272656 0.00619125
19 0.571484 0.305664 0.252344 0.335547 0.00609589
24 0.18418 0.136328 0.368359 0.272656 0.00584412
3 0.110059 0.126953 0.220117 0.253906 0.00577545
11 0.299609 0.148242 0.599219 0.296484 0.0055542
17 0.525781 0.442871 0.380469 0.43457 0.00553513
25 0.110059 0.126953 0.220117 0.253906 0.00521851
24 0.114941 0.130762 0.229883 0.261523 0.00436401
12 0.337695 0.147656 0.396484 0.295312 0.00429916
22 0.525781 0.442871 0.380469 0.43457 0.00426483
12 0.527441 0.140723 0.726367 0.281445 0.0042305
13 0.561328 0.429297 0.283594 0.389062 0.0042305
14 0.104688 0.131543 0.209375 0.263086 0.00419998
16 0.257031 0.136035 0.514063 0.27207 0.00407028
7 0.18418 0.136328 0.368359 0.272656 0.00407028
12 0.408203 0.15625 0.764844 0.3125 0.00407028
12 0.51416 0.122461 0.47793 0.244922 0.00397491
16 0.18418 0.136328 0.368359 0.272656 0.0039444
0 0.116504 0.135352 0.233008 0.270703 0.00390053
12 0.284375 0.14668 0.56875 0.293359 0.00383949
4 0.257031 0.136035 0.514063 0.27207 0.00382423
4 0.18418 0.136328 0.368359 0.272656 0.00382423
3 0.567969 0.422266 0.267188 0.357031 0.00362206
23 0.108789 0.128125 0.217578 0.25625 0.00352478
9 0.108789 0.128125 0.217578 0.25625 0.00351143
12 0.18418 0.136328 0.368359 0.272656 0.00340271
14 0.257031 0.136035 0.514063 0.27207 0.00335121
25 0.567969 0.422266 0.267188 0.357031 0.00335121
19 0.0935547 0.11709 0.187109 0.23418 0.00331116
1 0.450098 0.314063 0.591992 0.628125 0.00329781
2 0.108789 0.128125 0.217578 0.25625 0.00325966
12 0.580371 0.576172 0.631445 0.757031 0.00324821
15 0.533496 0.141406 0.77207 0.282813 0.00314713
12 0.13252 0.145898 0.265039 0.291797 0.00305176
15 0.257031 0.136035 0.514063 0.27207 0.00300407
20 0.561328 0.429297 0.283594 0.389062 0.00296974
7 0.114941 0.130762 0.229883 0.261523 0.00284576
17 0.450098 0.314063 0.591992 0.628125 0.00279045
13 0.299609 0.148242 0.599219 0.296484 0.00277901
11 0.533496 0.141406 0.77207 0.282813 0.00273705
12 0.108789 0.130859 0.217578 0.261719 0.0026722
12 0.28125 0.146191 0.5625 0.292383 0.00265312
7 0.257031 0.136035 0.514063 0.27207 0.00265312
13 0.533496 0.141406 0.77207 0.282813 0.00265312
6 0.257031 0.136035 0.514063 0.27207 0.00263214
15 0.51416 0.122461 0.47793 0.244922 0.00254059
15 0.299609 0.148242 0.599219 0.296484 0.00253105
20 0.525781 0.442871 0.380469 0.43457 0.00253105
16 0.538184 0.446484 0.364258 0.495313 0.00251198
15 0.18418 0.136328 0.368359 0.272656 0.00244331
20 0.110059 0.126953 0.220117 0.253906 0.00243378
2 0.567969 0.422266 0.267188 0.357031 0.0024147
2 0.257031 0.136035 0.514063 0.27207 0.00240517
13 0.462109 0.492285 0.728906 0.724805 0.002388
9 0.18418 0.136328 0.368359 0.272656 0.00232315
13 0.18418 0.136328 0.368359 0.272656 0.00231361
8 0.567969 0.422266 0.267188 0.357031 0.00227928
15 0.110059 0.126953 0.220117 0.253906 0.00226974
12 0.17168 0.174219 0.343359 0.348438 0.00221634
13 0.5 0.12832 0.486719 0.256641 0.00217438
16 0.482031 0.438281 0.513281 0.559375 0.00216484
4 0.561328 0.429297 0.283594 0.389062 0.00213242
3 0.525781 0.442871 0.380469 0.43457 0.00210762
11 0.28125 0.146191 0.5625 0.292383 0.00209999
12 0.377734 0.573438 0.755469 0.853125 0.00209999
11 0.5 0.12832 0.486719 0.256641 0.00206757
6 0.561328 0.429297 0.283594 0.389062 0.00202751
4 0.525781 0.442871 0.380469 0.43457 0.00197983
12 0.489844 0.340625 0.453125 0.514063 0.00196457
24 0.291016 0.140234 0.582031 0.280469 0.00195694
1 0.496484 0.444141 0.480469 0.548438 0.00194168
6 0.51416 0.122461 0.47793 0.244922 0.00191212
14 0.18418 0.136328 0.368359 0.272656 0.00186729
14 0.28125 0.146191 0.5625 0.292383 0.00185299
8 0.0981445 0.124219 0.196289 0.248438 0.00183868
14 0.299609 0.148242 0.599219 0.296484 0.00182438
1 0.28125 0.146191 0.5625 0.292383 0.0018177
0 0.567969 0.422266 0.267188 0.357031 0.00178909
2 0.28125 0.146191 0.5625 0.292383 0.00174141
5 0.114941 0.130762 0.229883 0.261523 0.0017271
6 0.525781 0.442871 0.380469 0.43457 0.00171375
0 0.257031 0.136035 0.514063 0.27207 0.00170708
6 0.533496 0.141406 0.77207 0.282813 0.00168705
18 0.257031 0.136035 0.514063 0.27207 0.00168133
21 0.10957 0.120508 0.219141 0.241016 0.00167465
5 0.525781 0.442871 0.380469 0.43457 0.0016613
13 0.399121 0.348047 0.683008 0.696094 0.0016489
22 0.0981445 0.124219 0.196289 0.248438 0.00163555
1 0.257031 0.136035 0.514063 0.27207 0.00162315
24 0.51416 0.122461 0.47793 0.244922 0.00161076
14 0.534766 0.419922 0.355469 0.378906 0.0015974
15 0.439453 0.140723 0.671094 0.281445 0.00159168
21 0.0996094 0.0884766 0.199219 0.176953 0.00157928
15 0.408203 0.15625 0.764844 0.3125 0.00156116
12 0.505566 0.119531 0.587305 0.239063 0.00154877
7 0.533496 0.141406 0.77207 0.282813 0.00153637
24 0.250391 0.133594 0.500781 0.267188 0.00153637
18 0.114941 0.130762 0.229883 0.261523 0.0015192
4 0.14043 0.12373 0.280859 0.247461 0.00148392
3 0.257031 0.136035 0.514063 0.27207 0.00146675
2 0.18418 0.136328 0.368359 0.272656 0.00145531
0 0.28125 0.146191 0.5625 0.292383 0.0014267
7 0.51416 0.122461 0.47793 0.244922 0.00141621
13 0.337695 0.147656 0.396484 0.295312 0.00141621
13 0.28125 0.146191 0.5625 0.292383 0.00141048
14 0.500391 0.167969 0.774219 0.335938 0.00140476
25 0.257031 0.136035 0.514063 0.27207 0.00137806
9 0.561328 0.429297 0.283594 0.389062 0.00137806
11 0.408203 0.15625 0.764844 0.3125 0.00136662
13 0.408203 0.15625 0.764844 0.3125 0.00136662
24 0.439453 0.140723 0.671094 0.281445 0.00135136
1 0.108789 0.130859 0.217578 0.261719 0.00133514
1 0.489844 0.340625 0.453125 0.514063 0.00133038
19 0.114941 0.130762 0.229883 0.261523 0.00131512
17 0.499609 0.41875 0.486719 0.569531 0.00130939
14 0.527441 0.140723 0.726367 0.281445 0.00130463
18 0.18418 0.136328 0.368359 0.272656 0.00129414
23 0.18418 0.136328 0.368359 0.272656 0.00129414
14 0.5 0.12832 0.486719 0.256641 0.00126934
7 0.299609 0.148242 0.599219 0.296484 0.00126934
24 0.533496 0.141406 0.77207 0.282813 0.00124454
19 0.352539 0.125 0.303516 0.25 0.00123978
19 0.549609 0.391406 0.239063 0.314063 0.00123978
19 0.18418 0.136328 0.368359 0.272656 0.00123024
13 0.516406 0.503906 0.345313 0.446094 0.00122547
15 0.337695 0.147656 0.396484 0.295312 0.00121117
10 0.561328 0.429297 0.283594 0.389062 0.0012064
16 0.561328 0.429297 0.283594 0.389062 0.00119686
20 0.257031 0.136035 0.514063 0.27207 0.00118828
12 0.439453 0.140723 0.671094 0.281445 0.00117874
4 0.299609 0.148242 0.599219 0.296484 0.0011692
11 0.538184 0.446484 0.364258 0.495313 0.0011692
13 0.284375 0.14668 0.56875 0.293359 0.00116062
11 0.496484 0.444141 0.480469 0.548438 0.00114727
21 0.116504 0.135352 0.233008 0.270703 0.0011425
4 0.533496 0.141406 0.77207 0.282813 0.0011425
5 0.561328 0.429297 0.283594 0.389062 0.00113392
4 0.51416 0.122461 0.47793 0.244922 0.0011158
11 0.337695 0.147656 0.396484 0.295312 0.00111198
21 0.525781 0.442871 0.380469 0.43457 0.00111198
25 0.525781 0.442871 0.380469 0.43457 0.00109863
12 0.516406 0.503906 0.345313 0.446094 0.00109863
12 0.502344 0.533984 0.400781 0.577344 0.00109005
19 0.525781 0.442871 0.380469 0.43457 0.00108624
14 0.516016 0.45625 0.410938 0.51875 0.00108147
19 0.355078 0.112891 0.282031 0.225781 0.00107765
15 0.505566 0.119531 0.587305 0.239063 0.00107765
2 0.525781 0.442871 0.380469 0.43457 0.00107765
5 0.18418 0.136328 0.368359 0.272656 0.00107288
9 0.525781 0.442871 0.380469 0.43457 0.00107288
24 0.540527 0.119141 0.376758 0.238281 0.00106525
17 0.257031 0.136035 0.514063 0.27207 0.00106049
16 0.299609 0.148242 0.599219 0.296484 0.00105667
13 0.489844 0.340625 0.453125 0.514063 0.00105667
6 0.299609 0.148242 0.599219 0.296484 0.00105286
0 0.18418 0.136328 0.368359 0.272656 0.00104427
2 0.299609 0.148242 0.599219 0.296484 0.00102043
14 0.450098 0.314063 0.591992 0.628125 0.00101662
6 0.439453 0.140723 0.671094 0.281445 0.00101185
6 0.499609 0.41875 0.486719 0.569531 0.00101185
15 0.28125 0.146191 0.5625 0.292383 0.00100803
25 0.18418 0.136328 0.368359 0.272656 0.00100422
11 0.561328 0.429297 0.283594 0.389062 0.00100422
19 0.554297 0.430371 0.266406 0.35332 0.766113
21 0.555469 0.420215 0.279687 0.370508 0.658203
17 0.557813 0.431934 0.260938 0.383008 0.058136
17 0.552344 0.454297 0.264062 0.530469 0.0484924
22 0.552344 0.454297 0.264062 0.530469 0.0374756
11 0.552344 0.454297 0.264062 0.530469 0.021698
3 0.553906 0.449121 0.264062 0.412695 0.021286
25 0.552344 0.454297 0.264062 0.530469 0.0199432
8 0.552344 0.454297 0.264062 0.530469 0.0197144
1 0.553906 0.449121 0.264062 0.412695 0.0167847
1 0.552344 0.434473 0.2875 0.588867 0.0166626
10 0.552344 0.454297 0.264062 0.530469 0.0150757
8 0.557813 0.431934 0.260938 0.383008 0.0148392
3 0.552344 0.434473 0.2875 0.588867 0.0132217
13 0.552344 0.434473 0.2875 0.588867 0.0124283
4 0.552344 0.454297 0.264062 0.530469 0.0115051
19 0.874609 0.148828 0.250781 0.297656 0.0106506
5 0.552344 0.434473 0.2875 0.588867 0.0106506
22 0.557813 0.431934 0.260938 0.383008 0.0105667
12 0.547656 0.455371 0.279687 0.529883 0.0105667
21 0.552344 0.454297 0.264062 0.530469 0.00937653
4 0.557813 0.431934 0.260938 0.383008 0.00898743
0 0.552344 0.454297 0.264062 0.530469 0.00837708
14 0.552344 0.454297 0.264062 0.530469 0.0078125
19 0.552344 0.434473 0.2875 0.588867 0.00714874
6 0.552344 0.454297 0.264062 0.530469 0.00706482
16 0.5375 0.441406 0.270313 0.502344 0.00511932
13 0.553906 0.449121 0.264062 0.412695 0.0050621
14 0.557813 0.431934 0.260938 0.383008 0.00484848
25 0.557813 0.431934 0.260938 0.383008 0.00482941
20 0.553906 0.449121 0.264062 0.412695 0.00479126
2 0.553906 0.449121 0.264062 0.412695 0.00450516
10 0.557813 0.431934 0.260938 0.383008 0.00431442
5 0.553906 0.449121 0.264062 0.412695 0.00411606
12 0.557813 0.431934 0.260938 0.383008 0.00353813
17 0.560938 0.432813 0.345313 0.59375 0.00302696
20 0.552344 0.434473 0.2875 0.588867 0.00302696
2 0.552344 0.434473 0.2875 0.588867 0.00293541
0 0.557813 0.431934 0.260938 0.383008 0.00290108
11 0.560938 0.432813 0.345313 0.59375 0.00286674
4 0.560938 0.432813 0.345313 0.59375 0.00282288
23 0.547656 0.455371 0.279687 0.529883 0.0027256
12 0.435254 0.460547 0.623242 0.652344 0.00266266
21 0.874609 0.148828 0.250781 0.297656 0.00245285
9 0.552344 0.454297 0.264062 0.530469 0.00244331
4 0.542578 0.493359 0.253906 0.386719 0.00226021
6 0.542578 0.493359 0.253906 0.386719 0.00217438
16 0.555469 0.435547 0.267188 0.347656 0.00211525
19 0.582031 0.328906 0.275 0.275781 0.00191212
12 0.574219 0.31875 0.40625 0.6375 0.00184631
11 0.542578 0.493359 0.253906 0.386719 0.00175476
22 0.560938 0.432813 0.345313 0.59375 0.00173378
12 0.542578 0.493359 0.253906 0.386719 0.00168705
14 0.560938 0.432813 0.345313 0.59375 0.00162315
8 0.542578 0.493359 0.253906 0.386719 0.00157356
11 0.691016 0.368359 0.617969 0.657031 0.00156116
0 0.542578 0.493359 0.253906 0.386719 0.00155449
15 0.547656 0.455371 0.279687 0.529883 0.00146103
1 0.574219 0.31875 0.40625 0.6375 0.00141048
16 0.530469 0.549219 0.2625 0.290625 0.00137806
6 0.530469 0.549219 0.2625 0.290625 0.00135612
14 0.542578 0.493359 0.253906 0.386719 0.00131989
12 0.487109 0.464063 0.460156 0.610938 0.00125504
8 0.560938 0.432813 0.345313 0.59375 0.0012207
11 0.564063 0.428809 0.264062 0.379883 0.0011692
17 0.542578 0.493359 0.253906 0.386719 0.00109482
12 0.697656 0.380859 0.604688 0.550781 0.00108147
16 0.560938 0.432813 0.345313 0.59375 0.00104046
6 0.560938 0.432813 0.345313 0.59375 0.00102806
6 0.557813 0.431934 0.260938 0.383008 0.00102043
19 0.552344 0.425 0.290625 0.3875 0.363037
17 0.5625 0.425879 0.276563 0.35918 0.0930176
25 0.558984 0.408691 0.283594 0.36543 0.0800781
19 0.528906 0.416504 0.232813 0.337305 0.0656128
21 0.558984 0.408691 0.283594 0.36543 0.0381775
5 0.557813 0.409473 0.29375 0.366992 0.0328369
10 0.557813 0.409473 0.29375 0.366992 0.0268555
1 0.5625 0.425879 0.276563 0.35918 0.0259552
22 0.558984 0.408691 0.283594 0.36543 0.0257568
8 0.562109 0.424219 0.279687 0.354688 0.0227966
3 0.5625 0.425879 0.276563 0.35918 0.0171051
13 0.554297 0.415234 0.297656 0.359375 0.0141754
14 0.558984 0.408691 0.283594 0.36543 0.0128708
6 0.558984 0.408691 0.283594 0.36543 0.00955963
1 0.0981445 0.120508 0.196289 0.241016 0.00919342
20 0.5625 0.425879 0.276563 0.35918 0.0091629
11 0.555469 0.415527 0.290625 0.361133 0.00888062
12 0.554297 0.415234 0.297656 0.359375 0.0085144
4 0.560156 0.403809 0.298438 0.35957 0.00812531
13 0.547656 0.453906 0.33125 0.475 0.00806427
17 0.0984375 0.119727 0.196875 0.239453 0.00790405
2 0.5625 0.425879 0.276563 0.35918 0.0064888
8 0.0975586 0.126563 0.195117 0.253125 0.00638962
0 0.566406 0.410156 0.2625 0.332813 0.00575256
9 0.558984 0.408691 0.283594 0.36543 0.00559998
12 0.547656 0.453906 0.33125 0.475 0.00551224
1 0.547656 0.453906 0.33125 0.475 0.00471878
21 0.0975586 0.126563 0.195117 0.253125 0.00434875
2 0.0981445 0.120508 0.196289 0.241016 0.00351143
6 0.0975586 0.126563 0.195117 0.253125 0.00335121
5 0.0986328 0.12793 0.197266 0.255859 0.00324821
4 0.0981445 0.120508 0.196289 0.241016 0.00307465
25 0.0984375 0.119727 0.196875 0.239453 0.00292397
0 0.0975586 0.126563 0.195117 0.253125 0.00263214
22 0.0981445 0.120508 0.196289 0.241016 0.00251198
14 0.0981445 0.120508 0.196289 0.241016 0.00243378
12 0.0990234 0.119727 0.198047 0.239453 0.00239754
11 0.0975586 0.126563 0.195117 0.253125 0.00239754
16 0.548047 0.457422 0.319531 0.467187 0.002388
17 0.547656 0.453906 0.33125 0.475 0.00229645
10 0.0975586 0.126563 0.195117 0.253125 0.00216484
12 0.61084 0.493359 0.51582 0.669531 0.00214005
3 0.0981445 0.120508 0.196289 0.241016 0.00211525
16 0.0986328 0.12793 0.197266 0.255859 0.00201988
24 0.558984 0.408691 0.283594 0.36543 0.00194168
19 0.0972656 0.0874512 0.194531 0.174902 0.00177479
6 0.548047 0.457422 0.319531 0.467187 0.0017004
13 0.0981445 0.120508 0.196289 0.241016 0.00161076
23 0.566406 0.410156 0.2625 0.332813 0.00157928
15 0.566406 0.410156 0.2625 0.332813 0.00153065
11 0.576953 0.405469 0.400781 0.414062 0.00137806
20 0.0981445 0.120508 0.196289 0.241016 0.00109863
9 0.0975586 0.126563 0.195117 0.253125 0.00104427
16 0.558984 0.408691 0.283594 0.36543 0.00103188
12 0.582422 0.407422 0.403906 0.455469 0.00100803
3 0.548047 0.457422 0.319531 0.467187 0.00100422
25 0.566797 0.410254 0.261719 0.360742 0.149536
19 0.567187 0.409375 0.29375 0.376563 0.103027
22 0.562109 0.407422 0.272656 0.335156 0.0994873
17 0.566797 0.410254 0.261719 0.360742 0.0803833
21 0.563281 0.412109 0.309375 0.41875 0.0769653
14 0.56875 0.399121 0.253125 0.367383 0.0359497
1 0.555469 0.408984 0.290625 0.367188 0.0273285
3 0.566797 0.410254 0.261719 0.360742 0.0222015
2 0.56875 0.399121 0.253125 0.367383 0.0214539
13 0.537109 0.446094 0.369531 0.464063 0.0213623
12 0.549609 0.4125 0.325781 0.432813 0.0190582
1 0.544531 0.461328 0.33125 0.444531 0.018692
12 0.566797 0.410254 0.261719 0.360742 0.0179138
13 0.555469 0.408984 0.290625 0.367188 0.0171814
0 0.56875 0.399121 0.253125 0.367383 0.0171051
10 0.554688 0.403516 0.28125 0.339063 0.0157776
20 0.566797 0.410254 0.261719 0.360742 0.0157166
4 0.564063 0.394922 0.248438 0.352344 0.0147324
5 0.554688 0.403516 0.28125 0.339063 0.014389
1 0.550781 0.505859 0.2875 0.34375 0.013588
8 0.560938 0.413184 0.25625 0.362695 0.0132217
21 0.560156 0.405469 0.267188 0.339063 0.0124817
12 0.521094 0.464844 0.502344 0.569531 0.0119629
23 0.56875 0.399121 0.253125 0.367383 0.00952148
14 0.573438 0.342383 0.239063 0.225391 0.00857544
22 0.549609 0.4125 0.325781 0.432813 0.00837708
19 0.566797 0.339063 0.261719 0.289062 0.00834656
17 0.549609 0.4125 0.325781 0.432813 0.00800323
2 0.573438 0.342383 0.239063 0.225391 0.00731659
13 0.521094 0.464844 0.502344 0.569531 0.00728989
12 0.524219 0.551172 0.582812 0.819531 0.00634003
22 0.550781 0.505859 0.2875 0.34375 0.00582123
6 0.562109 0.407422 0.272656 0.335156 0.00572968
3 0.544531 0.461328 0.33125 0.444531 0.0055542
0 0.573438 0.342383 0.239063 0.225391 0.00551224
19 0.541406 0.407813 0.227344 0.322656 0.00524139
13 0.524219 0.551172 0.582812 0.819531 0.00524139
16 0.544531 0.461328 0.33125 0.444531 0.00516129
9 0.562109 0.407422 0.272656 0.335156 0.0051384
1 0.100391 0.124414 0.200781 0.248828 0.00494385
4 0.549609 0.4125 0.325781 0.432813 0.00494385
17 0.550781 0.505859 0.2875 0.34375 0.00429916
5 0.549609 0.4125 0.325781 0.432813 0.00390053
17 0.0994141 0.116211 0.198828 0.232422 0.00382423
8 0.544531 0.461328 0.33125 0.444531 0.00379562
8 0.550781 0.505859 0.2875 0.34375 0.00376511
6 0.544531 0.461328 0.33125 0.444531 0.00366402
3 0.550781 0.505859 0.2875 0.34375 0.00366402
25 0.550781 0.505859 0.2875 0.34375 0.0036068
6 0.550781 0.505859 0.2875 0.34375 0.00335121
11 0.529297 0.450781 0.389062 0.495313 0.0029583
23 0.573438 0.342383 0.239063 0.225391 0.00286674
11 0.555469 0.408984 0.290625 0.367188 0.00284576
10 0.544531 0.461328 0.33125 0.444531 0.00284576
12 0.550781 0.505859 0.2875 0.34375 0.00279999
21 0.550781 0.505859 0.2875 0.34375 0.00275803
13 0.550781 0.505859 0.2875 0.34375 0.00273705
4 0.573438 0.342383 0.239063 0.225391 0.00255013
20 0.550781 0.505859 0.2875 0.34375 0.00232315
12 0.101953 0.127832 0.203906 0.255664 0.00228691
25 0.573438 0.342383 0.239063 0.225391 0.00225258
15 0.566797 0.410254 0.261719 0.360742 0.00221634
22 0.100391 0.124414 0.200781 0.248828 0.00202751
12 0.522559 0.377734 0.408008 0.513281 0.00200272
14 0.550781 0.505859 0.2875 0.34375 0.0019722
12 0.482812 0.546094 0.778125 0.907813 0.00196457
14 0.549609 0.4125 0.325781 0.432813 0.00195694
2 0.550781 0.505859 0.2875 0.34375 0.00194931
2 0.553125 0.4375 0.30625 0.421875 0.00194168
11 0.521094 0.464844 0.502344 0.569531 0.00191212
20 0.544531 0.461328 0.33125 0.444531 0.00191212
25 0.544531 0.461328 0.33125 0.444531 0.00179577
19 0.544531 0.461328 0.33125 0.444531 0.00174141
19 0.0998047 0.09375 0.199609 0.1875 0.00173378
4 0.550781 0.505859 0.2875 0.34375 0.00173378
21 0.100391 0.124414 0.200781 0.248828 0.0017271
1 0.519922 0.468359 0.488281 0.621094 0.0017271
5 0.550781 0.505859 0.2875 0.34375 0.00167465
16 0.555469 0.408984 0.290625 0.367188 0.00166798
8 0.0957031 0.124316 0.191406 0.248633 0.00165462
25 0.0960938 0.116602 0.192188 0.233203 0.0016489
0 0.549609 0.4125 0.325781 0.432813 0.0016489
0 0.550781 0.505859 0.2875 0.34375 0.00154877
23 0.553125 0.4375 0.30625 0.421875 0.00154305
2 0.529297 0.450781 0.389062 0.495313 0.00152493
15 0.549609 0.4125 0.325781 0.432813 0.00148392
15 0.519922 0.468359 0.488281 0.621094 0.0014782
4 0.519922 0.468359 0.488281 0.621094 0.00143814
14 0.519922 0.468359 0.488281 0.621094 0.00138855
11 0.550781 0.505859 0.2875 0.34375 0.00137806
10 0.550781 0.505859 0.2875 0.34375 0.00135612
1 0.524219 0.551172 0.582812 0.819531 0.00133514
14 0.0994141 0.116211 0.198828 0.232422 0.00129986
17 0.573438 0.342383 0.239063 0.225391 0.00129414
0 0.0957031 0.124316 0.191406 0.248633 0.0012846
11 0.524219 0.551172 0.582812 0.819531 0.00126934
2 0.100391 0.124414 0.200781 0.248828 0.00125504
24 0.562109 0.407422 0.272656 0.335156 0.00123024
3 0.573438 0.342383 0.239063 0.225391 0.00122547
10 0.573438 0.342383 0.239063 0.225391 0.0012064
13 0.0960938 0.116602 0.192188 0.233203 0.00116062
12 0.527441 0.466309 0.393555 0.481445 0.00116062
4 0.0994141 0.116211 0.198828 0.232422 0.00114727
0 0.522559 0.377734 0.408008 0.513281 0.00114727
22 0.519922 0.468359 0.488281 0.621094 0.00114727
7 0.5625 0.366016 0.254688 0.285156 0.00113392
16 0.550781 0.505859 0.2875 0.34375 0.00112438
0 0.519922 0.468359 0.488281 0.621094 0.0011034
15 0.522559 0.377734 0.408008 0.513281 0.00108624
23 0.529297 0.450781 0.389062 0.495313 0.00107288
21 0.551562 0.426172 0.277344 0.391406 0.42627
19 0.546875 0.424902 0.267188 0.376758 0.222656
17 0.564063 0.417969 0.239063 0.346094 0.144165
22 0.559375 0.428223 0.240625 0.349805 0.141724
1 0.559375 0.428223 0.240625 0.349805 0.119995
8 0.559375 0.428223 0.240625 0.349805 0.0406799
10 0.559375 0.428223 0.240625 0.349805 0.0402527
5 0.559375 0.428223 0.240625 0.349805 0.0397949
25 0.564063 0.417969 0.239063 0.346094 0.0292053
3 0.559375 0.420703 0.235938 0.346875 0.0247955
20 0.559375 0.428223 0.240625 0.349805 0.0219421
13 0.557031 0.420312 0.246875 0.358594 0.00682449
11 0.561328 0.426953 0.26875 0.357812 0.00664139
21 0.557031 0.411035 0.238281 0.31543 0.00638962
19 0.541406 0.417578 0.210938 0.319531 0.0055542
4 0.561328 0.426953 0.26875 0.357812 0.00468063
12 0.653906 0.585156 0.692187 0.771875 0.00448608
14 0.559375 0.420703 0.235938 0.346875 0.00446701
0 0.564063 0.417969 0.239063 0.346094 0.0037365
12 0.557422 0.429297 0.277344 0.4125 0.00348282
13 0.553125 0.451465 0.325 0.473633 0.0027256
6 0.559766 0.426563 0.259375 0.346875 0.00240517
13 0.391309 0.535547 0.729883 0.667969 0.00239754
12 0.391309 0.535547 0.729883 0.667969 0.00206757
15 0.653906 0.585156 0.692187 0.771875 0.0019722
9 0.559766 0.426563 0.259375 0.346875 0.00191212
2 0.559375 0.428223 0.240625 0.349805 0.00186729
11 0.391309 0.535547 0.729883 0.667969 0.00168705
13 0.653906 0.585156 0.692187 0.771875 0.00168705
1 0.553125 0.451465 0.325 0.473633 0.00168133
11 0.553125 0.451465 0.325 0.473633 0.00148964
16 0.557031 0.420312 0.246875 0.358594 0.00144386
11 0.653906 0.585156 0.692187 0.771875 0.0014267
12 0.271094 0.462109 0.542188 0.753906 0.0012846
11 0.497656 0.505859 0.502344 0.608594 0.00115585
12 0.557031 0.410254 0.235938 0.332617 0.00109005
1 0.685059 0.59375 0.629883 0.7375 0.00105667
21 0.555469 0.427344 0.228125 0.358594 0.294922
17 0.558203 0.42334 0.224219 0.35957 0.244385
22 0.558203 0.42334 0.224219 0.35957 0.21936
8 0.555469 0.427344 0.228125 0.358594 0.117188
1 0.555469 0.427344 0.228125 0.358594 0.113953
19 0.555469 0.427344 0.228125 0.358594 0.112793
5 0.555469 0.427344 0.228125 0.358594 0.0957031
10 0.555859 0.423438 0.224219 0.350781 0.0417786
3 0.558203 0.42334 0.224219 0.35957 0.0239563
20 0.557422 0.424609 0.233594 0.363281 0.0184021
25 0.558203 0.42334 0.224219 0.35957 0.0147324
11 0.559766 0.424609 0.266406 0.364844 0.0133743
16 0.553906 0.426172 0.229687 0.360156 0.00857544
13 0.553906 0.426172 0.229687 0.360156 0.00466537
14 0.555859 0.423438 0.224219 0.350781 0.00426483
2 0.553906 0.426172 0.229687 0.360156 0.00345612
6 0.554297 0.426563 0.235156 0.358594 0.00273705
24 0.557422 0.424609 0.233594 0.363281 0.00253105
4 0.559766 0.424609 0.266406 0.364844 0.00236893
23 0.553906 0.426172 0.229687 0.360156 0.00230598
12 0.558984 0.400879 0.219531 0.32168 0.00209999
0 0.554297 0.426563 0.235156 0.358594 0.00188255
12 0.551172 0.470703 0.24375 0.326562 0.00118828
9 0.553906 0.426172 0.229687 0.360156 0.00112438
12 0.564844 0.409277 0.295312 0.362695 0.00109005
17 0.564453 0.416016 0.250781 0.341406 0.0946655
21 0.554688 0.434473 0.296875 0.39043 0.0939941
22 0.559375 0.422266 0.2625 0.350781 0.0750122
19 0.548828 0.431934 0.277344 0.356445 0.0715942
1 0.557031 0.426563 0.261719 0.355469 0.064209
8 0.557031 0.426563 0.261719 0.355469 0.0399475
5 0.557031 0.426563 0.261719 0.355469 0.0393372
3 0.559375 0.422266 0.2625 0.350781 0.0293121
10 0.557031 0.426563 0.261719 0.355469 0.0130692
25 0.564453 0.416016 0.250781 0.341406 0.0123367
20 0.557031 0.426563 0.261719 0.355469 0.00763702
13 0.553125 0.420215 0.260938 0.370508 0.00643921
11 0.557031 0.426563 0.261719 0.355469 0.0051384
14 0.564453 0.416016 0.250781 0.341406 0.00385475
4 0.563281 0.419531 0.254688 0.349219 0.00365067
16 0.555078 0.427734 0.28125 0.375781 0.00329781
0 0.564453 0.416016 0.250781 0.341406 0.00288963
6 0.555469 0.426465 0.259375 0.345508 0.00245285
12 0.553125 0.420215 0.260938 0.370508 0.00226974
17 0.546875 0.432715 0.298438 0.41582 0.00203514
2 0.555078 0.427734 0.28125 0.375781 0.00163555
11 0.542578 0.465234 0.357031 0.489844 0.00150681
13 0.541016 0.461328 0.3375 0.458594 0.00144386
9 0.560938 0.418359 0.253125 0.340625 0.00133514
12 0.530566 0.482031 0.399805 0.540625 0.00126934
14 0.542578 0.465234 0.357031 0.489844 0.0011158
23 0.555078 0.427734 0.28125 0.375781 0.00100422
17 0.571875 0.421094 0.246875 0.354688 0.397949
22 0.571875 0.421094 0.246875 0.354688 0.380371
1 0.559375 0.427246 0.264062 0.375195 0.204346
21 0.571875 0.421094 0.246875 0.354688 0.119202
19 0.559375 0.427246 0.264062 0.375195 0.103027
13 0.557031 0.439941 0.265625 0.412305 0.0705566
10 0.567187 0.425781 0.251563 0.365625 0.0637207
3 0.561719 0.422656 0.257812 0.359375 0.0526123
8 0.561719 0.422656 0.257812 0.359375 0.0486755
5 0.561719 0.422656 0.257812 0.359375 0.0402527
12 0.557031 0.439941 0.265625 0.412305 0.0359497
25 0.567187 0.425781 0.251563 0.365625 0.0321045
1 0.555469 0.495313 0.259375 0.340625 0.01297
20 0.571875 0.421094 0.246875 0.354688 0.0120087
8 0.555469 0.495313 0.259375 0.340625 0.00538635
14 0.561719 0.422656 0.257812 0.359375 0.00498199
11 0.561719 0.444141 0.264062 0.439063 0.00457382
17 0.555469 0.495313 0.259375 0.340625 0.00452042
17 0.575391 0.365625 0.232031 0.238281 0.00445175
16 0.551953 0.470313 0.275781 0.407813 0.00322342
6 0.555469 0.495313 0.259375 0.340625 0.00321007
12 0.10459 0.126563 0.20918 0.253125 0.00301552
4 0.567969 0.41875 0.248438 0.367188 0.00300407
12 0.109766 0.132715 0.219531 0.26543 0.00269318
8 0.555469 0.457129 0.298438 0.45918 0.00265312
3 0.555469 0.495313 0.259375 0.340625 0.0024147
13 0.10459 0.126563 0.20918 0.253125 0.00223351
0 0.575 0.393652 0.228906 0.295508 0.00215721
19 0.811719 0.238086 0.3375 0.358203 0.00214958
15 0.561328 0.4375 0.257031 0.396875 0.00206757
4 0.555469 0.495313 0.259375 0.340625 0.00204277
23 0.551953 0.470313 0.275781 0.407813 0.00189686
11 0.455859 0.501953 0.560938 0.608594 0.00186729
13 0.455859 0.501953 0.560938 0.608594 0.00174809
12 0.455859 0.501953 0.560938 0.608594 0.0016613
3 0.555469 0.457129 0.298438 0.45918 0.00156116
6 0.567187 0.425781 0.251563 0.365625 0.0014782
11 0.385547 0.567969 0.771094 0.817187 0.00135612
25 0.555469 0.495313 0.259375 0.340625 0.00134563
17 0.555469 0.457129 0.298438 0.45918 0.00133514
25 0.575391 0.365625 0.232031 0.238281 0.00128937
2 0.551953 0.470313 0.275781 0.407813 0.00125504
14 0.555469 0.495313 0.259375 0.340625 0.00123501
12 0.575 0.406641 0.229687 0.325 0.00115108
13 0.109766 0.132715 0.219531 0.26543 0.0011158
9 0.561328 0.4375 0.257031 0.396875 0.00109482
11 0.535156 0.471484 0.395313 0.538281 0.00107765
13 0.385547 0.567969 0.771094 0.817187 0.00106049
12 0.671582 0.580859 0.656836 0.838281 0.00101662
5 0.555469 0.457129 0.298438 0.45918 0.00100422
22 0.564453 0.419434 0.26875 0.358008 0.602051
17 0.567969 0.415234 0.2625 0.367969 0.301514
1 0.559375 0.423047 0.273438 0.363281 0.280518
21 0.557813 0.425391 0.271875 0.388281 0.267334
25 0.564453 0.419434 0.26875 0.358008 0.213379
19 0.555859 0.435937 0.266406 0.357031 0.111267
20 0.564453 0.419434 0.26875 0.358008 0.0803833
8 0.559375 0.423047 0.273438 0.363281 0.0596619
3 0.564453 0.419434 0.26875 0.358008 0.0405273
12 0.564453 0.419434 0.26875 0.358008 0.0346069
13 0.556641 0.421484 0.276563 0.375781 0.0224609
5 0.561719 0.420215 0.26875 0.361133 0.0186157
10 0.561719 0.420215 0.26875 0.361133 0.0167236
14 0.564453 0.419434 0.26875 0.358008 0.0147858
19 0.576563 0.343555 0.264844 0.298047 0.0104904
4 0.564063 0.410938 0.254688 0.354688 0.00844574
13 0.545313 0.461719 0.325 0.420312 0.00725937
1 0.545313 0.461719 0.325 0.420312 0.00706482
0 0.567969 0.403223 0.253125 0.337305 0.00703812
11 0.554688 0.42334 0.298438 0.39082 0.0068512
11 0.540234 0.450781 0.372656 0.466406 0.00626373
16 0.550781 0.453906 0.29375 0.344531 0.00609589
19 0.589063 0.330078 0.25 0.196875 0.00452042
13 0.548828 0.525391 0.248438 0.359375 0.0042305
6 0.559375 0.422656 0.271875 0.373437 0.00291252
8 0.545313 0.461719 0.325 0.420312 0.00232315
2 0.567969 0.403223 0.253125 0.337305 0.00223351
12 0.545313 0.461719 0.325 0.420312 0.00221634
16 0.576563 0.343555 0.264844 0.298047 0.00189686
9 0.557422 0.420312 0.247656 0.3625 0.00186729
4 0.550781 0.453906 0.29375 0.344531 0.00183868
23 0.557813 0.420996 0.2875 0.367383 0.00167465
14 0.541016 0.435254 0.3625 0.41543 0.00145531
6 0.545313 0.461719 0.325 0.420312 0.00142097
3 0.545313 0.461719 0.325 0.420312 0.00141048
15 0.564844 0.414941 0.264062 0.370117 0.00134087
2 0.545313 0.461719 0.325 0.420312 0.00126934
1 0.526953 0.471973 0.417188 0.516992 0.0012598
12 0.643848 0.591797 0.712305 0.805469 0.00120163
13 0.526953 0.471973 0.417188 0.516992 0.00119686
17 0.545313 0.461719 0.325 0.420312 0.0011692
4 0.541016 0.435254 0.3625 0.41543 0.0011425
0 0.540234 0.450781 0.372656 0.466406 0.00104427
5 0.545313 0.461719 0.325 0.420312 0.00104046
1 0.558594 0.423828 0.273438 0.375781 0.475586
21 0.558594 0.423828 0.273438 0.375781 0.439697
22 0.558594 0.423828 0.273438 0.375781 0.377441
17 0.555469 0.422266 0.26875 0.372656 0.188354
19 0.555469 0.422266 0.26875 0.372656 0.173828
3 0.558594 0.423828 0.273438 0.375781 0.0708008
8 0.555469 0.422266 0.26875 0.372656 0.0488586
20 0.558594 0.423828 0.273438 0.375781 0.0455322
10 0.555078 0.421875 0.277344 0.373437 0.0402527
25 0.558594 0.423828 0.273438 0.375781 0.0333252
5 0.555469 0.422266 0.26875 0.372656 0.0323486
25 0.564063 0.379785 0.245312 0.29043 0.0068512
14 0.564063 0.379785 0.245312 0.29043 0.00677109
14 0.558594 0.423828 0.273438 0.375781 0.00502014
0 0.564063 0.379785 0.245312 0.29043 0.0037365
17 0.558984 0.372461 0.238281 0.276953 0.00327301
11 0.548828 0.418359 0.266406 0.35625 0.00311089
4 0.564063 0.379785 0.245312 0.29043 0.00298119
13 0.544141 0.524609 0.273438 0.366406 0.00239754
21 0.557813 0.441797 0.342187 0.433594 0.00232315
13 0.55 0.419531 0.270313 0.385156 0.00221634
12 0.558594 0.423828 0.273438 0.375781 0.00218201
8 0.558984 0.372461 0.238281 0.276953 0.00214005
4 0.552344 0.419922 0.289062 0.388281 0.00172043
6 0.554297 0.422656 0.272656 0.369531 0.0011425
21 0.564063 0.379785 0.245312 0.29043 0.00108624
22 0.567578 0.421875 0.258594 0.355469 0.897461
1 0.567578 0.421875 0.258594 0.355469 0.649414
21 0.566797 0.425 0.260938 0.367188 0.331055
17 0.563672 0.416016 0.252344 0.35 0.237183
19 0.565625 0.420703 0.253125 0.352344 0.144165
20 0.567578 0.421875 0.258594 0.355469 0.107056
3 0.565625 0.420703 0.253125 0.352344 0.0844727
8 0.564844 0.424219 0.259375 0.360938 0.0668335
25 0.567578 0.421875 0.258594 0.355469 0.0420837
5 0.566797 0.425 0.260938 0.367188 0.0409851
12 0.568359 0.41875 0.254688 0.35 0.0109863
14 0.567578 0.401172 0.250781 0.327344 0.00981903
11 0.566797 0.425391 0.258594 0.363281 0.00971222
10 0.566797 0.425 0.260938 0.367188 0.00634003
4 0.561719 0.403906 0.245312 0.332813 0.005867
0 0.567578 0.401172 0.250781 0.327344 0.00453949
13 0.551172 0.421094 0.277344 0.380469 0.00305176
2 0.567578 0.401172 0.250781 0.327344 0.00210762
25 0.114551 0.130762 0.229102 0.261523 0.00179577
16 0.551172 0.421094 0.277344 0.380469 0.00154305
6 0.551172 0.421094 0.277344 0.380469 0.00153637
11 0.542285 0.418359 0.349805 0.394531 0.00142097
17 0.119629 0.130176 0.239258 0.260352 0.00131989
13 0.547656 0.526172 0.273438 0.367188 0.00113392
1 0.564844 0.416016 0.270313 0.366406 0.893066
17 0.562109 0.415527 0.271875 0.36582 0.629883
19 0.562109 0.415527 0.271875 0.36582 0.196167
22 0.564844 0.416016 0.270313 0.366406 0.187744
21 0.564844 0.416016 0.270313 0.366406 0.168335
25 0.564844 0.416016 0.270313 0.366406 0.0524292
8 0.562109 0.415527 0.271875 0.36582 0.0470886
3 0.562109 0.415527 0.271875 0.36582 0.0302124
12 0.561719 0.419531 0.273438 0.370313 0.0273743
20 0.564844 0.416016 0.270313 0.366406 0.0176392
10 0.564063 0.414062 0.26875 0.357812 0.0119629
14 0.562109 0.415527 0.271875 0.36582 0.00757599
5 0.561719 0.419434 0.275 0.370508 0.00723267
13 0.560938 0.421777 0.276563 0.39707 0.00471878
4 0.561719 0.419531 0.273438 0.370313 0.0026207
23 0.563672 0.418359 0.277344 0.376563 0.00147247
13 0.0960938 0.122656 0.192188 0.245312 0.00133038
0 0.572656 0.402734 0.245312 0.325781 0.00133038
2 0.564844 0.416016 0.270313 0.366406 0.00132465
1 0.557813 0.424219 0.28125 0.364063 0.897461
17 0.555859 0.423438 0.282031 0.364844 0.586914
25 0.558594 0.417871 0.278125 0.37207 0.283691
12 0.555859 0.423438 0.282031 0.364844 0.150513
22 0.555859 0.423438 0.282031 0.364844 0.145142
19 0.555859 0.423438 0.282031 0.364844 0.136108
14 0.564063 0.412891 0.265625 0.354688 0.0634766
21 0.555859 0.423438 0.282031 0.364844 0.0451965
8 0.555859 0.423438 0.282031 0.364844 0.0414734
0 0.564063 0.412891 0.265625 0.354688 0.0321045
3 0.555859 0.423438 0.282031 0.364844 0.0258636
4 0.563281 0.415625 0.265625 0.364063 0.0204468
20 0.557813 0.424219 0.28125 0.364063 0.0156021
13 0.553906 0.428906 0.278125 0.385156 0.012146
5 0.553906 0.428906 0.278125 0.385156 0.0102463
10 0.562891 0.422656 0.286719 0.365625 0.00703812
23 0.564063 0.412891 0.265625 0.354688 0.00468063
13 0.0974609 0.130078 0.194922 0.260156 0.00327301
2 0.557813 0.424219 0.28125 0.364063 0.00298119
17 0.575391 0.35957 0.239844 0.257422 0.00165462
6 0.555469 0.423047 0.2875 0.374219 0.00120163
11 0.381152 0.788477 0.751758 0.423047 0.00103188
9 0.563281 0.415625 0.265625 0.364063 0.00100803
1 0.551562 0.420996 0.273438 0.35332 0.783203
19 0.548828 0.428516 0.260938 0.361719 0.13208
17 0.551562 0.420996 0.273438 0.35332 0.093689
22 0.551562 0.420996 0.273438 0.35332 0.0903931
21 0.551562 0.420996 0.273438 0.35332 0.0477905
25 0.567187 0.357422 0.235938 0.224219 0.0389099
14 0.567187 0.357422 0.235938 0.224219 0.0318604
25 0.5625 0.416406 0.261719 0.351562 0.0302124
8 0.551562 0.420996 0.273438 0.35332 0.0199432
3 0.551562 0.420996 0.273438 0.35332 0.0181274
0 0.567187 0.357422 0.235938 0.224219 0.0104065
14 0.557031 0.419141 0.270313 0.357031 0.0102921
8 0.567187 0.357422 0.235938 0.224219 0.00963593
20 0.551562 0.420996 0.273438 0.35332 0.0086441
4 0.567187 0.357422 0.235938 0.224219 0.00751877
23 0.567187 0.357422 0.235938 0.224219 0.00619125
12 0.551562 0.420996 0.273438 0.35332 0.00593567
17 0.567187 0.357422 0.235938 0.224219 0.00568771
13 0.112305 0.12832 0.224609 0.256641 0.00518036
13 0.0972656 0.135156 0.194531 0.270313 0.00424957
5 0.552734 0.424609 0.277344 0.361719 0.00355148
2 0.567187 0.357422 0.235938 0.224219 0.00313568
10 0.552734 0.424609 0.277344 0.361719 0.00263214
4 0.5625 0.416406 0.261719 0.351562 0.00236893
2 0.557031 0.419141 0.270313 0.357031 0.00168705
12 0.720117 0.578516 0.559766 0.842969 0.0014782
0 0.561719 0.389844 0.253125 0.300781 0.00123501
1 0.564453 0.424902 0.266406 0.358008 0.883789
17 0.559766 0.424902 0.267969 0.356445 0.428223
25 0.566406 0.418359 0.2625 0.36875 0.0812378
21 0.564453 0.424902 0.266406 0.358008 0.0634766
19 0.559766 0.424902 0.267969 0.356445 0.0323486
22 0.564453 0.424902 0.266406 0.358008 0.0304413
14 0.564453 0.424902 0.266406 0.358008 0.016098
8 0.563281 0.417871 0.257812 0.364258 0.0132751
3 0.559766 0.424902 0.267969 0.356445 0.011467
12 0.564453 0.424902 0.266406 0.358008 0.00751877
14 0.570312 0.382812 0.234375 0.289062 0.00559998
2 0.558594 0.430859 0.26875 0.355469 0.00500107
10 0.559766 0.424902 0.267969 0.356445 0.00436401
17 0.570312 0.382812 0.234375 0.289062 0.00385475
20 0.564453 0.424902 0.266406 0.358008 0.00279999
25 0.570312 0.382812 0.234375 0.289062 0.00234222
6 0.564844 0.429785 0.265625 0.357617 0.00193405
0 0.570312 0.387109 0.24375 0.296875 0.00158501
2 0.570312 0.387109 0.24375 0.296875 0.00141048
5 0.563281 0.427344 0.25625 0.357031 0.00118351
4 0.570312 0.387109 0.24375 0.296875 0.00112057
4 0.559375 0.456934 0.260938 0.286133 0.00100803
1 0.561719 0.424316 0.279687 0.368555 0.934082
22 0.561719 0.424316 0.279687 0.368555 0.484375
17 0.560156 0.421875 0.28125 0.38125 0.155029
8 0.560156 0.421875 0.28125 0.38125 0.0328369
25 0.560156 0.421875 0.28125 0.38125 0.0243378
12 0.557813 0.422656 0.2875 0.36875 0.0241394
20 0.561719 0.424316 0.279687 0.368555 0.0199432
21 0.559375 0.424609 0.289062 0.367188 0.0188293
3 0.557813 0.422656 0.2875 0.36875 0.0130692
14 0.560938 0.423535 0.282813 0.366992 0.0110321
19 0.557813 0.422656 0.2875 0.36875 0.00981903
0 0.564844 0.409375 0.26875 0.351562 0.0049057
5 0.557813 0.422656 0.2875 0.36875 0.00356483
4 0.560156 0.421875 0.28125 0.38125 0.00312424
2 0.560938 0.423535 0.282813 0.366992 0.00148964
19 0.575391 0.326953 0.271094 0.367188 0.00134563
13 0.552344 0.419922 0.301563 0.371094 0.00116539
1 0.557813 0.432422 0.278125 0.388281 0.945312
17 0.555469 0.431152 0.275 0.38457 0.44751
22 0.557813 0.432422 0.278125 0.388281 0.0411377
8 0.555469 0.428125 0.251563 0.379688 0.0307922
21 0.558203 0.430566 0.278906 0.387305 0.0275879
25 0.554688 0.428516 0.273438 0.382031 0.016922
19 0.554688 0.428516 0.273438 0.382031 0.0144501
3 0.555469 0.431152 0.275 0.38457 0.0127258
10 0.555469 0.428125 0.251563 0.379688 0.0109482
12 0.557813 0.432422 0.278125 0.388281 0.00888062
14 0.557031 0.428027 0.28125 0.383008 0.00775528
20 0.557031 0.428027 0.28125 0.383008 0.00612259
5 0.557031 0.427344 0.264062 0.379688 0.0041008
13 0.55625 0.426172 0.25625 0.385938 0.00314713
4 0.558984 0.422656 0.275 0.382812 0.00214005
23 0.55625 0.426172 0.25625 0.385938 0.00198746
6 0.55625 0.427344 0.275 0.38125 0.00154877
15 0.557031 0.427344 0.264062 0.379688 0.00135136
1 0.555469 0.421094 0.270313 0.360938 0.983398
22 0.555469 0.421094 0.270313 0.360938 0.288574
17 0.562891 0.42334 0.275 0.358008 0.242188
20 0.555469 0.421094 0.270313 0.360938 0.0616455
8 0.562891 0.42334 0.275 0.358008 0.0541992
21 0.560547 0.419922 0.271094 0.359375 0.0438538
14 0.566016 0.395703 0.247656 0.311719 0.0391846
25 0.558984 0.418359 0.257812 0.363281 0.0186157
3 0.562891 0.42334 0.275 0.358008 0.0145569
5 0.559375 0.426953 0.278125 0.367969 0.0134277
0 0.566016 0.395703 0.247656 0.311719 0.00981903
19 0.559375 0.426953 0.278125 0.367969 0.00933838
10 0.562891 0.42334 0.275 0.358008 0.00629044
25 0.564453 0.364844 0.234375 0.240625 0.00564194
4 0.566016 0.395703 0.247656 0.311719 0.00494385
12 0.555469 0.421094 0.270313 0.360938 0.00416565
2 0.564453 0.364844 0.234375 0.240625 0.00231361
11 0.557031 0.425781 0.267188 0.361719 0.00221634
2 0.556641 0.412891 0.267969 0.349219 0.00150108
16 0.558594 0.423438 0.296875 0.371875 0.00135612
23 0.566016 0.395703 0.247656 0.311719 0.00112438
17 0.564453 0.364844 0.234375 0.240625 0.00103664
1 0.558984 0.422559 0.264844 0.358008 0.866211
17 0.5625 0.42334 0.264062 0.362695 0.250977
22 0.551562 0.420312 0.271875 0.3625 0.20752
21 0.5625 0.42334 0.264062 0.362695 0.166138
19 0.551953 0.421973 0.274219 0.362305 0.0446777
25 0.5625 0.423828 0.2625 0.357031 0.0340881
8 0.553906 0.423047 0.270313 0.364063 0.0248871
3 0.551562 0.415625 0.271094 0.36875 0.0185394
14 0.558203 0.422656 0.267969 0.358594 0.0115967
5 0.553516 0.432813 0.272656 0.376563 0.00912476
10 0.5625 0.423828 0.2625 0.357031 0.00775528
20 0.558984 0.422559 0.264844 0.358008 0.00671768
12 0.553906 0.433984 0.271875 0.385156 0.00367928
0 0.552344 0.414941 0.269531 0.373242 0.00230598
4 0.553906 0.433984 0.271875 0.385156 0.00200272
13 0.553906 0.433984 0.271875 0.385156 0.00186729
15 0.436035 0.745703 0.706055 0.508594 0.00138855
11 0.456641 0.793359 0.566406 0.413281 0.0012598
1 0.560156 0.423828 0.260156 0.367969 0.940918
17 0.561719 0.417578 0.260938 0.366406 0.262939
21 0.555859 0.422559 0.270313 0.364258 0.167725
22 0.560938 0.417871 0.254688 0.358008 0.0817871
8 0.561719 0.417578 0.260938 0.366406 0.0678101
14 0.554297 0.425098 0.277344 0.35918 0.0177155
3 0.561719 0.417578 0.260938 0.366406 0.0143356
19 0.556641 0.423438 0.264844 0.353125 0.0113297
10 0.557813 0.419629 0.264062 0.360742 0.00734711
5 0.555078 0.424121 0.274219 0.37207 0.005867
25 0.554297 0.425098 0.277344 0.35918 0.00551224
20 0.560156 0.423828 0.260156 0.367969 0.00518036
2 0.554297 0.425098 0.277344 0.35918 0.00221634
12 0.735156 0.563281 0.529688 0.873438 0.00143242
0 0.561719 0.417578 0.260938 0.366406 0.00110722
1 0.557031 0.424219 0.271875 0.375 0.916016
17 0.557031 0.424219 0.271875 0.375 0.166138
22 0.557031 0.424219 0.271875 0.375 0.14856
21 0.554688 0.424609 0.267188 0.372656 0.10968
19 0.554688 0.424609 0.267188 0.372656 0.00891876
5 0.554688 0.424609 0.267188 0.372656 0.0068779
14 0.558594 0.42959 0.266406 0.376758 0.006073
8 0.559375 0.428906 0.25625 0.375 0.00577545
3 0.559375 0.428906 0.25625 0.375 0.00473785
25 0.554297 0.429688 0.271094 0.380469 0.00432968
20 0.557031 0.424219 0.271875 0.375 0.00374985
10 0.559375 0.428906 0.25625 0.375 0.0018177
2 0.554297 0.429688 0.271094 0.380469 0.00158501
1 0.557031 0.421875 0.2625 0.363281 0.890137
17 0.557031 0.421875 0.2625 0.363281 0.272705
21 0.558203 0.424219 0.260156 0.3625 0.104492
19 0.558203 0.424219 0.260156 0.3625 0.0966797
22 0.557031 0.421875 0.2625 0.363281 0.049408
25 0.558203 0.424219 0.260156 0.3625 0.03125
3 0.558203 0.424219 0.260156 0.3625 0.011734
10 0.558203 0.424219 0.260156 0.3625 0.00891876
8 0.555859 0.41875 0.263281 0.373437 0.0088501
14 0.557813 0.423438 0.248438 0.35625 0.00666809
5 0.557422 0.423828 0.253906 0.357812 0.00484848
20 0.558203 0.424219 0.260156 0.3625 0.00356483
2 0.558594 0.41875 0.26875 0.370313 0.00275803
12 0.55625 0.42041 0.265625 0.349805 0.00226974
1 0.559375 0.418848 0.254688 0.360742 0.95459
17 0.559375 0.418848 0.254688 0.360742 0.182373
25 0.564844 0.412598 0.25 0.370117 0.0325928
8 0.564844 0.412598 0.25 0.370117 0.0323486
14 0.560156 0.41875 0.260938 0.365625 0.0212097
22 0.559375 0.418848 0.254688 0.360742 0.0182648
21 0.558594 0.416797 0.2625 0.360156 0.00997162
3 0.55625 0.419141 0.2625 0.360938 0.00874329
20 0.559375 0.418848 0.254688 0.360742 0.00717545
12 0.55625 0.419141 0.2625 0.360938 0.00674438
19 0.55625 0.419141 0.2625 0.360938 0.00385475
0 0.566406 0.408203 0.248438 0.349219 0.00345612
10 0.55625 0.419141 0.2625 0.360938 0.00233269
4 0.55625 0.419141 0.2625 0.360938 0.00109482
2 0.560156 0.41875 0.260938 0.365625 0.00102806
1 0.556641 0.424219 0.260938 0.360938 0.929199
17 0.557813 0.422656 0.254688 0.353906 0.19812
8 0.560938 0.420703 0.257812 0.360156 0.0122375
19 0.551562 0.414453 0.273438 0.370313 0.0110321
25 0.560938 0.420703 0.257812 0.360156 0.00955963
14 0.552344 0.424219 0.251563 0.354688 0.00831604
3 0.557031 0.423828 0.253125 0.346094 0.0078125
12 0.555469 0.436621 0.25625 0.325195 0.00526047
6 0.551953 0.475781 0.251563 0.251563 0.00502014
21 0.551562 0.414453 0.273438 0.370313 0.00428009
6 0.557031 0.423828 0.253125 0.346094 0.00277901
22 0.554297 0.425781 0.258594 0.3625 0.00276756
2 0.554688 0.426465 0.25 0.35332 0.00226021
10 0.557031 0.423828 0.253125 0.346094 0.00213242
20 0.554688 0.426465 0.25 0.35332 0.0017004
4 0.550781 0.427246 0.260938 0.35957 0.00106907
1 0.551953 0.420996 0.257031 0.361133 0.783203
17 0.542969 0.424219 0.259375 0.360938 0.24292
19 0.544141 0.430566 0.255469 0.329492 0.0700684
8 0.553906 0.416406 0.260938 0.364063 0.0609741
21 0.547656 0.419531 0.253125 0.3625 0.0238647
22 0.546484 0.417969 0.252344 0.360156 0.0122375
3 0.542969 0.424219 0.259375 0.360938 0.00760651
14 0.547656 0.419531 0.253125 0.3625 0.00400543
2 0.546484 0.421777 0.260156 0.364258 0.00342941
25 0.542969 0.424219 0.259375 0.360938 0.00298119
10 0.542969 0.424219 0.259375 0.360938 0.0020504
20 0.546484 0.417969 0.252344 0.360156 0.00138855
1 0.559375 0.422266 0.257812 0.369531 0.928223
17 0.559375 0.421094 0.26875 0.371875 0.466797
8 0.557031 0.416406 0.254688 0.371094 0.122498
25 0.559375 0.424121 0.271875 0.37832 0.0318604
21 0.558594 0.421484 0.2625 0.372656 0.013588
19 0.548828 0.428809 0.266406 0.339258 0.0106964
22 0.558594 0.421484 0.2625 0.372656 0.00751877
14 0.558984 0.422266 0.260156 0.369531 0.00658798
3 0.557031 0.416406 0.254688 0.371094 0.00468063
12 0.557031 0.424609 0.264062 0.367188 0.00291252
2 0.560938 0.425781 0.273438 0.378125 0.00204277
10 0.560547 0.422656 0.26875 0.374219 0.00163555
4 0.276758 0.429004 0.205859 0.170117 0.00127888
21 0.547656 0.515234 0.2875 0.36875 0.0011034
17 0.554297 0.424219 0.264844 0.367969 0.645996
1 0.559375 0.419922 0.257812 0.366406 0.603027
8 0.560938 0.418359 0.254688 0.367188 0.259033
19 0.558594 0.421094 0.249219 0.348438 0.0217743
21 0.555469 0.419141 0.261719 0.372656 0.0177155
25 0.55625 0.42334 0.254688 0.364258 0.0114212
22 0.555469 0.419141 0.261719 0.372656 0.00751877
3 0.55625 0.42334 0.254688 0.364258 0.00669098
10 0.55625 0.42334 0.254688 0.364258 0.0037365
14 0.551562 0.416016 0.259375 0.390625 0.00362206
2 0.557813 0.419629 0.254688 0.366992 0.00155449
12 0.555859 0.417969 0.263281 0.382812 0.00104427
1 0.556641 0.416016 0.2625 0.360156 0.905762
17 0.554688 0.418066 0.25 0.354492 0.0980835
8 0.554297 0.41416 0.247656 0.35918 0.0387573
22 0.551953 0.417188 0.25 0.357031 0.02211
21 0.550781 0.417969 0.254688 0.360938 0.00898743
14 0.550781 0.420996 0.245312 0.362695 0.00898743
20 0.550781 0.413281 0.25625 0.357031 0.00448608
3 0.554688 0.418066 0.25 0.354492 0.00300407
5 0.551953 0.417188 0.25 0.357031 0.00198746
0 0.554297 0.41416 0.247656 0.35918 0.0017004
25 0.554688 0.418066 0.25 0.354492 0.00152493
6 0.546875 0.488672 0.242188 0.224219 0.0014267
19 0.557422 0.419531 0.272656 0.346875 0.00127411
17 0.55625 0.421191 0.264062 0.36543 0.872559
1 0.557031 0.419434 0.260938 0.364258 0.411133
8 0.55625 0.416406 0.259375 0.370313 0.0470886
25 0.551562 0.420312 0.25625 0.378125 0.0330811
19 0.551172 0.419922 0.263281 0.367969 0.0265503
3 0.551172 0.419922 0.263281 0.367969 0.0144501
14 0.551562 0.420312 0.25625 0.378125 0.0108566
21 0.552344 0.412891 0.267188 0.359375 0.00857544
2 0.55625 0.421191 0.264062 0.36543 0.0085144
10 0.553125 0.421094 0.259375 0.370313 0.00235939
23 0.553906 0.424219 0.25625 0.382031 0.0012598
12 0.553125 0.421094 0.259375 0.370313 0.00123978
1 0.557813 0.413281 0.257031 0.375 0.944824
21 0.553125 0.414062 0.264844 0.375781 0.151978
17 0.557813 0.413184 0.26875 0.379883 0.0499573
22 0.557031 0.416309 0.259375 0.362695 0.0213623
14 0.557813 0.413281 0.257031 0.375 0.008255
19 0.558594 0.431934 0.260938 0.34082 0.00431442
8 0.559766 0.414746 0.266406 0.36582 0.00365067
5 0.555469 0.414062 0.254688 0.380469 0.00365067
3 0.555469 0.414062 0.254688 0.380469 0.00324821
10 0.557813 0.413184 0.26875 0.379883 0.00148964
25 0.557813 0.413184 0.26875 0.379883 0.00141048
20 0.557813 0.413281 0.257031 0.375 0.0011692
1 0.557813 0.416016 0.284375 0.375781 0.972168
17 0.557422 0.419922 0.275 0.376563 0.0673218
14 0.559375 0.413184 0.282813 0.37832 0.0351562
21 0.558594 0.415234 0.275 0.374219 0.00634003
8 0.559375 0.413184 0.282813 0.37832 0.0045929
22 0.557422 0.419922 0.275 0.376563 0.00294685
25 0.557422 0.419922 0.275 0.376563 0.00222588
3 0.557422 0.419922 0.275 0.376563 0.00174809
12 0.557422 0.419922 0.275 0.376563 0.00121593
1 0.557422 0.417871 0.279687 0.387695 0.946289
17 0.553906 0.417188 0.284375 0.391406 0.0469055
14 0.560156 0.418359 0.283594 0.396094 0.00714874
22 0.555469 0.417578 0.284375 0.382031 0.00638962
25 0.560938 0.418359 0.285938 0.402344 0.00572968
21 0.555469 0.417578 0.284375 0.382031 0.00446701
8 0.560156 0.414453 0.273438 0.378906 0.00346947
12 0.553906 0.417188 0.284375 0.391406 0.0026722
2 0.560156 0.418359 0.283594 0.396094 0.00142097
3 0.553906 0.417188 0.284375 0.391406 0.00121593
1 0.549219 0.413672 0.260938 0.36875 0.961426
17 0.548438 0.413184 0.264062 0.367383 0.313965
8 0.554297 0.413672 0.252344 0.36875 0.0623169
21 0.549219 0.413184 0.2625 0.36582 0.00629044
22 0.549219 0.413184 0.2625 0.36582 0.00575256
14 0.547266 0.415625 0.263281 0.360938 0.00439835
3 0.548438 0.413184 0.264062 0.367383 0.00429916
12 0.548438 0.413184 0.264062 0.367383 0.00366402
25 0.548438 0.413184 0.264062 0.367383 0.00277901
2 0.548047 0.412891 0.258594 0.379688 0.00152493
6 0.549609 0.413379 0.263281 0.376367 0.00110722
4 0.549609 0.413379 0.263281 0.376367 0.00109005
1 0.557813 0.426563 0.282813 0.383594 0.876465
17 0.5625 0.42666 0.275 0.38418 0.0102463
22 0.5625 0.42666 0.275 0.38418 0.00619125
14 0.560547 0.427734 0.280469 0.388281 0.00450516
12 0.5625 0.42666 0.275 0.38418 0.0042305
8 0.562891 0.420312 0.278906 0.377344 0.0024929
21 0.562891 0.420312 0.278906 0.377344 0.00209999
20 0.560156 0.422266 0.278906 0.383594 0.00162315
1 0.553125 0.415625 0.270313 0.371875 0.888672
14 0.551953 0.4125 0.274219 0.384375 0.00926971
17 0.553125 0.415625 0.270313 0.371875 0.00521851
22 0.553125 0.415625 0.270313 0.371875 0.00370789
21 0.551953 0.4125 0.274219 0.384375 0.00307465
12 0.553125 0.415625 0.270313 0.371875 0.00135612
1 0.548828 0.416406 0.261719 0.367188 0.934082
17 0.553906 0.417188 0.265625 0.3625 0.133911
14 0.546094 0.410938 0.254688 0.367188 0.00894928
25 0.553906 0.417188 0.265625 0.3625 0.00787354
22 0.555469 0.417871 0.264062 0.364258 0.00382423
8 0.555469 0.417188 0.259375 0.3625 0.00257111
21 0.555469 0.417871 0.264062 0.364258 0.00227928
2 0.557031 0.416406 0.276563 0.364844 0.00107288
12 0.553906 0.417188 0.265625 0.3625 0.00104427
1 0.554688 0.413184 0.264062 0.35957 0.876465
17 0.557422 0.413672 0.25625 0.357031 0.0133286
21 0.557422 0.413672 0.25625 0.357031 0.00518036
14 0.556641 0.412402 0.260156 0.370508 0.00452042
22 0.557422 0.413672 0.25625 0.357031 0.00432968
12 0.709766 0.528906 0.580469 0.942187 0.00342941
8 0.557813 0.4125 0.260938 0.3625 0.00201035
25 0.555469 0.414453 0.260938 0.364844 0.00153637
1 0.553125 0.40791 0.298438 0.39043 0.927246
17 0.555469 0.410547 0.298438 0.378906 0.00602722
14 0.551562 0.407422 0.295312 0.392188 0.00582123
22 0.555469 0.410547 0.298438 0.378906 0.00282288
25 0.551562 0.407422 0.295312 0.392188 0.00243378
21 0.555469 0.410547 0.298438 0.378906 0.00189686
8 0.559766 0.409766 0.297656 0.380469 0.00125504
1 0.558594 0.412891 0.2625 0.358594 0.844238
14 0.553125 0.412402 0.2625 0.364258 0.00570679
22 0.561719 0.409375 0.260938 0.360938 0.00162888
21 0.553125 0.412402 0.2625 0.364258 0.0011692
14 0.567578 0.358594 0.246875 0.250781 0.00106049
1 0.559766 0.405371 0.263281 0.370508 0.867676
22 0.558594 0.403906 0.259375 0.371094 0.0164642
17 0.560156 0.403809 0.260938 0.364258 0.00624084
8 0.567969 0.406641 0.253125 0.369531 0.00332451
12 0.701563 0.548828 0.596875 0.902344 0.00309944
14 0.555469 0.404687 0.259375 0.375 0.002388
25 0.560156 0.403809 0.260938 0.364258 0.00168133
0 0.564063 0.403125 0.257812 0.364063 0.00125504
2 0.315234 0.457422 0.630469 0.888281 0.00115108
1 0.557813 0.403809 0.28125 0.367383 0.881348
17 0.555859 0.401953 0.278906 0.360156 0.0191193
22 0.555859 0.401953 0.278906 0.360156 0.00572968
14 0.553125 0.408984 0.278125 0.361719 0.00426483
21 0.555859 0.401953 0.278906 0.360156 0.00157356
25 0.555859 0.401953 0.278906 0.360156 0.00131512
8 0.560938 0.400684 0.278125 0.36582 0.00112057
6 0.546094 0.482031 0.278125 0.2 0.00103664
1 0.558594 0.398047 0.253125 0.367188 0.918945
17 0.558594 0.396875 0.245312 0.360938 0.00919342
22 0.558594 0.396875 0.245312 0.360938 0.00413513
8 0.569531 0.378027 0.234375 0.317383 0.00366402
14 0.558594 0.398047 0.253125 0.367188 0.00282288
21 0.558594 0.396875 0.245312 0.360938 0.00146675
1 0.55625 0.403027 0.235938 0.34707 0.777344
22 0.55625 0.403027 0.235938 0.34707 0.0175171
17 0.551562 0.405859 0.2375 0.350781 0.0086441
14 0.555859 0.40166 0.247656 0.349805 0.00439835
21 0.554297 0.407422 0.238281 0.359375 0.00327301
8 0.570703 0.340234 0.210156 0.223438 0.00151253
1 0.55625 0.402734 0.253906 0.361719 0.875488
17 0.559375 0.403027 0.254688 0.354883 0.00985718
21 0.559375 0.403027 0.254688 0.354883 0.00534439
14 0.551562 0.40625 0.246875 0.367969 0.00468063
22 0.559375 0.403027 0.254688 0.354883 0.00460815
19 0.554688 0.414844 0.260938 0.351562 0.00149536
2 0.557031 0.399219 0.250781 0.352344 0.0011692
6 0.55 0.406641 0.248438 0.365625 0.0011425
1 0.560938 0.406641 0.278125 0.374219 0.933594
22 0.563281 0.406641 0.270313 0.371875 0.00356483
14 0.557422 0.408203 0.276563 0.375 0.00218201
8 0.571094 0.4 0.257812 0.349219 0.00121117
21 0.563281 0.406641 0.270313 0.371875 0.00115108
17 0.563281 0.406641 0.270313 0.371875 0.00109482
1 0.554688 0.409375 0.270313 0.369531 0.930176
22 0.557813 0.407031 0.265625 0.361719 0.049408
8 0.567578 0.381348 0.259375 0.307617 0.0140076
17 0.557813 0.407031 0.265625 0.361719 0.00542831
0 0.567578 0.381348 0.259375 0.307617 0.00299263
21 0.557813 0.407031 0.265625 0.361719 0.00210762
14 0.55625 0.407422 0.275 0.370313 0.00138855
20 0.557813 0.407031 0.265625 0.361719 0.00102425
1 0.554688 0.405566 0.265625 0.356055 0.88916
17 0.554688 0.405566 0.265625 0.356055 0.00740433
14 0.553906 0.405859 0.255469 0.359375 0.00475693
22 0.554688 0.405566 0.265625 0.356055 0.00419998
25 0.554688 0.405566 0.265625 0.356055 0.00157356
1 0.555078 0.407813 0.246875 0.357031 0.772461
17 0.557813 0.406641 0.260156 0.35625 0.00793457
14 0.557813 0.406641 0.260156 0.35625 0.00307465
22 0.554688 0.404687 0.24375 0.353906 0.00143814
25 0.554297 0.409277 0.263281 0.354883 0.00143242
21 0.555078 0.407813 0.246875 0.357031 0.00138855
1 0.557813 0.410156 0.246875 0.353125 0.854492
14 0.553125 0.408496 0.245312 0.35332 0.00397491
17 0.55625 0.407422 0.253125 0.352344 0.00226974
22 0.55625 0.407422 0.253125 0.352344 0.00189686
1 0.555469 0.408984 0.25 0.358594 0.82959
17 0.557813 0.40625 0.248438 0.35625 0.00669098
8 0.570312 0.367773 0.226562 0.267578 0.00342941
14 0.554688 0.406934 0.254688 0.358008 0.00264168
21 0.555469 0.408984 0.25 0.358594 0.00162315
22 0.557813 0.40625 0.248438 0.35625 0.00151253
25 0.551172 0.407422 0.258594 0.364063 0.00127411
1 0.5625 0.407715 0.239063 0.34082 0.880371
1 0.558594 0.482031 0.233594 0.192188 0.0200195
8 0.576563 0.328516 0.200781 0.178906 0.0195007
17 0.563281 0.405371 0.234375 0.339258 0.00624084
14 0.557813 0.407031 0.232813 0.344531 0.00568771
22 0.563281 0.405371 0.234375 0.339258 0.00302696
2 0.3375 0.856055 0.440625 0.284766 0.00161648
6 0.558203 0.425 0.239844 0.310937 0.00119686
1 0.55625 0.411816 0.239063 0.35293 0.797363
17 0.557813 0.408984 0.245312 0.350781 0.00985718
8 0.572266 0.378125 0.219531 0.28125 0.00751877
14 0.55625 0.410254 0.244531 0.354492 0.00468063
25 0.55625 0.410254 0.244531 0.354492 0.00125504
21 0.557813 0.408984 0.245312 0.350781 0.00109863
1 0.560938 0.408203 0.242188 0.347656 0.886719
17 0.560938 0.408203 0.242188 0.347656 0.00619125
14 0.560938 0.410156 0.242969 0.348438 0.00256157
22 0.5625 0.409375 0.236719 0.348438 0.00163555
25 0.560938 0.410156 0.242969 0.348438 0.00127411
8 0.570312 0.394922 0.223438 0.313281 0.00124454
21 0.560938 0.408203 0.242188 0.347656 0.00108147
1 0.558594 0.410938 0.25625 0.353125 0.788574
17 0.557813 0.411328 0.25625 0.35625 0.00345612
22 0.557813 0.411328 0.25625 0.35625 0.00279999
14 0.557813 0.411816 0.261719 0.357617 0.00224304
21 0.557813 0.411328 0.25625 0.35625 0.00126934
1 0.558203 0.415527 0.239844 0.350195 0.817383
22 0.557031 0.414844 0.245312 0.349219 0.00424957
14 0.558203 0.414844 0.246094 0.353906 0.00275803
17 0.557031 0.414844 0.245312 0.349219 0.00112057
1 0.561328 0.414844 0.239063 0.35 0.854004
17 0.560938 0.411816 0.2375 0.349805 0.00239754
22 0.560938 0.411816 0.2375 0.349805 0.00208282
14 0.560938 0.414453 0.239844 0.353906 0.00197983
1 0.559375 0.417969 0.239063 0.35625 0.834961
17 0.557813 0.414941 0.242188 0.356055 0.00763702
22 0.557813 0.414941 0.242188 0.356055 0.0024147
14 0.557031 0.416406 0.239063 0.357812 0.00192642
21 0.553125 0.421094 0.234375 0.354688 0.00183868
25 0.553125 0.417578 0.235938 0.357812 0.00103188
1 0.557031 0.414062 0.24375 0.35625 0.796875
17 0.557031 0.414062 0.24375 0.35625 0.0049057
22 0.557031 0.414062 0.24375 0.35625 0.00173378
14 0.560938 0.413281 0.246875 0.357031 0.00112057
21 0.557031 0.414062 0.24375 0.35625 0.00104809
1 0.5625 0.415527 0.240625 0.345508 0.885742
22 0.560547 0.414453 0.239844 0.346094 0.00362206
17 0.560547 0.414453 0.239844 0.346094 0.00219154
14 0.563672 0.413965 0.241406 0.348633 0.00166798
21 0.560547 0.414453 0.239844 0.346094 0.00139904
1 0.560156 0.415527 0.226562 0.337695 0.877441
1 0.554297 0.471094 0.217969 0.219531 0.328613
17 0.559375 0.414453 0.232813 0.339063 0.00955963
22 0.565234 0.413379 0.228906 0.34043 0.00399017
14 0.557031 0.41416 0.228125 0.338867 0.00282288
25 0.560938 0.415234 0.232813 0.342969 0.00189686
14 0.554297 0.471094 0.217969 0.219531 0.00161648
1 0.559766 0.411719 0.232031 0.339063 0.868164
17 0.558984 0.411035 0.233594 0.337305 0.0124817
22 0.562891 0.411328 0.234375 0.338281 0.00898743
14 0.559766 0.411719 0.232031 0.339063 0.00337601
25 0.559766 0.411719 0.232031 0.339063 0.00266266
1 0.553125 0.416797 0.242188 0.341406 0.873047
22 0.558984 0.415527 0.246094 0.342383 0.00544739
17 0.553125 0.416797 0.242188 0.341406 0.00353813
14 0.555859 0.414746 0.241406 0.342383 0.00275803
25 0.553125 0.416797 0.242188 0.341406 0.00194168
1 0.552344 0.417871 0.232031 0.33457 0.872559
17 0.552344 0.417871 0.232031 0.33457 0.0222015
25 0.552344 0.417871 0.232031 0.33457 0.00200272
14 0.549219 0.417969 0.23125 0.34375 0.00143242
21 0.552344 0.417871 0.232031 0.33457 0.00127888
1 0.553125 0.416309 0.2375 0.351758 0.922363
17 0.553125 0.416309 0.2375 0.351758 0.00674438
22 0.553125 0.416309 0.2375 0.351758 0.00178242
21 0.55 0.416797 0.242188 0.353906 0.0012207
25 0.553125 0.416309 0.2375 0.351758 0.0011425
1 0.559375 0.414844 0.242188 0.35625 0.876465
17 0.559375 0.414844 0.242188 0.35625 0.00905609
22 0.559375 0.414844 0.242188 0.35625 0.00245285
25 0.559375 0.414844 0.242188 0.35625 0.00169373
14 0.558594 0.416406 0.25 0.360938 0.00110722
21 0.559375 0.414844 0.242188 0.35625 0.00101662
1 0.558984 0.415234 0.249219 0.357031 0.889648
17 0.560938 0.413965 0.248438 0.350195 0.00351143
22 0.560938 0.413965 0.248438 0.350195 0.00213242
21 0.560938 0.413965 0.248438 0.350195 0.0011425
25 0.560938 0.413965 0.248438 0.350195 0.00109863
14 0.558984 0.415234 0.249219 0.357031 0.00104046
1 0.559766 0.414844 0.236719 0.342187 0.889648
17 0.559766 0.414844 0.236719 0.342187 0.00714874
22 0.559766 0.414844 0.236719 0.342187 0.00273705
21 0.559766 0.414844 0.236719 0.342187 0.00178242
25 0.559766 0.414844 0.236719 0.342187 0.00136185
14 0.554688 0.414453 0.242188 0.350781 0.00116539
1 0.556641 0.414941 0.236719 0.34668 0.868164
17 0.557813 0.414453 0.239063 0.342969 0.00526047
22 0.557813 0.414453 0.239063 0.342969 0.00161648
14 0.556641 0.414941 0.236719 0.34668 0.00154877
25 0.557813 0.414453 0.239063 0.342969 0.00143814
21 0.557813 0.414453 0.239063 0.342969 0.00124931
1 0.560156 0.414746 0.235938 0.34707 0.877441
17 0.560156 0.414746 0.235938 0.34707 0.00367928
22 0.560156 0.414746 0.235938 0.34707 0.00141048
14 0.55625 0.416406 0.240625 0.351562 0.00125504
21 0.560156 0.414746 0.235938 0.34707 0.00114727
25 0.560156 0.414746 0.235938 0.34707 0.00104046
1 0.562109 0.416797 0.241406 0.351562 0.893066
17 0.561719 0.415723 0.239063 0.34668 0.00429916
22 0.561719 0.415723 0.239063 0.34668 0.00245285
21 0.561719 0.415723 0.239063 0.34668 0.00108147
1 0.558594 0.414453 0.236719 0.346094 0.873047
17 0.558594 0.414453 0.236719 0.346094 0.0039444
22 0.558594 0.414453 0.236719 0.346094 0.002388
1 0.559375 0.415527 0.234375 0.34082 0.915039
17 0.559375 0.415527 0.234375 0.34082 0.00385475
22 0.559375 0.415527 0.234375 0.34082 0.00324821
25 0.559375 0.415527 0.234375 0.34082 0.00167465
14 0.55625 0.415625 0.23125 0.346094 0.00141048
21 0.559375 0.415527 0.234375 0.34082 0.00102043
1 0.558594 0.415234 0.240625 0.347656 0.910645
22 0.558594 0.415234 0.240625 0.347656 0.00367928
17 0.558594 0.415234 0.240625 0.347656 0.00160408
14 0.559766 0.416016 0.242969 0.352344 0.00109863
1 0.558594 0.414941 0.242188 0.34668 0.940918
22 0.558594 0.414941 0.242188 0.34668 0.00526047
14 0.560156 0.416016 0.24375 0.350781 0.00112438
1 0.560156 0.415234 0.239063 0.35 0.924316
22 0.560156 0.415234 0.239063 0.35 0.00438309
17 0.560156 0.415234 0.239063 0.35 0.00208282
25 0.560156 0.415234 0.239063 0.35 0.00106907
14 0.557031 0.417188 0.239063 0.353125 0.00105667
1 0.560156 0.413281 0.2375 0.344531 0.930176
22 0.560156 0.413281 0.2375 0.344531 0.00288963
17 0.560156 0.413281 0.2375 0.344531 0.00263214
14 0.557031 0.416016 0.239063 0.349219 0.00131989
25 0.560156 0.413281 0.2375 0.344531 0.00112438
1 0.559375 0.413672 0.2375 0.346094 0.924805
22 0.559375 0.413672 0.2375 0.346094 0.00243378
17 0.559375 0.413672 0.2375 0.346094 0.00220871
14 0.557031 0.415625 0.239063 0.348438 0.00140476
1 0.558203 0.414941 0.236719 0.345117 0.915527
22 0.558203 0.414941 0.236719 0.345117 0.00239754
17 0.558203 0.414941 0.236719 0.345117 0.00166798
14 0.555469 0.415723 0.234375 0.348242 0.00159168
1 0.558594 0.413965 0.235938 0.343945 0.911133
22 0.558594 0.413965 0.235938 0.343945 0.00259018
17 0.558594 0.413965 0.235938 0.343945 0.00124931
14 0.557031 0.414746 0.239063 0.348633 0.00104046
1 0.557813 0.414453 0.232813 0.342969 0.917969
22 0.557813 0.414453 0.232813 0.342969 0.00282288
17 0.557813 0.414453 0.232813 0.342969 0.00169373
14 0.555469 0.415625 0.2375 0.348438 0.00129986
1 0.559375 0.415234 0.2375 0.347656 0.915039
22 0.559375 0.415234 0.2375 0.347656 0.0026722
17 0.559375 0.415234 0.2375 0.347656 0.0012064
14 0.55625 0.416406 0.242188 0.351562 0.00116062
1 0.559375 0.414746 0.2375 0.34707 0.913574
22 0.559375 0.414746 0.2375 0.34707 0.00383949
17 0.559375 0.414746 0.2375 0.34707 0.00162888
1 0.559766 0.414453 0.235938 0.346094 0.922852
22 0.559766 0.414453 0.235938 0.346094 0.00369263
17 0.559766 0.414453 0.235938 0.346094 0.00139904
1 0.559375 0.415527 0.238281 0.345508 0.922852
22 0.559375 0.415527 0.238281 0.345508 0.00407028
17 0.559375 0.415527 0.238281 0.345508 0.00176811
1 0.559375 0.415234 0.239063 0.346875 0.913086
22 0.559375 0.415234 0.239063 0.346875 0.00329781
17 0.559375 0.415234 0.239063 0.346875 0.00132465
1 0.559375 0.416016 0.236719 0.348438 0.91748
22 0.559375 0.416016 0.236719 0.348438 0.00329781
17 0.559375 0.416016 0.236719 0.348438 0.00145531
14 0.55625 0.416406 0.239063 0.351562 0.00107765
1 0.558594 0.415723 0.235938 0.348242 0.921875
22 0.558594 0.415723 0.235938 0.348242 0.00302696
17 0.558594 0.415723 0.235938 0.348242 0.00136185
14 0.555469 0.416016 0.238281 0.350781 0.00110722
1 0.559375 0.415625 0.2375 0.348438 0.92041
22 0.559375 0.415625 0.2375 0.348438 0.00305176
17 0.559375 0.415625 0.2375 0.348438 0.00133038
14 0.55625 0.416016 0.239063 0.350781 0.00109005
1 0.559375 0.414746 0.234375 0.345508 0.921875
22 0.559375 0.414746 0.234375 0.345508 0.00311089
17 0.559375 0.414746 0.234375 0.345508 0.00131512
14 0.55625 0.415625 0.2375 0.348438 0.00110722
1 0.558594 0.414844 0.235156 0.346094 0.922852
22 0.558594 0.414844 0.235156 0.346094 0.00293541
17 0.558594 0.414844 0.235156 0.346094 0.0011425
14 0.555859 0.415234 0.236719 0.348438 0.00108147
1 0.558594 0.414746 0.235156 0.345508 0.925293
22 0.558594 0.414746 0.235156 0.345508 0.00304031
17 0.558594 0.414746 0.235156 0.345508 0.00117874
14 0.555859 0.415234 0.236719 0.348438 0.00102425
1 0.558594 0.414941 0.235938 0.345117 0.924805
22 0.558594 0.414941 0.235938 0.345117 0.003088
17 0.558594 0.414941 0.235938 0.345117 0.00129986
14 0.55625 0.415625 0.2375 0.348438 0.00100422
1 0.558984 0.414941 0.235156 0.345117 0.924316
22 0.558984 0.414941 0.235156 0.345117 0.00296974
17 0.558984 0.414941 0.235156 0.345117 0.00149536
14 0.55625 0.415723 0.2375 0.348242 0.00104809
1 0.559375 0.414941 0.235938 0.345117 0.924316
22 0.559375 0.414941 0.235938 0.345117 0.00281143
17 0.559375 0.414941 0.235938 0.345117 0.00144386
14 0.556641 0.415723 0.236719 0.348242 0.00100803
1 0.559375 0.415234 0.235938 0.345313 0.922363
22 0.559375 0.415234 0.235938 0.345313 0.00305176
17 0.559375 0.415234 0.235938 0.345313 0.00143814
14 0.556641 0.415625 0.2375 0.348438 0.00102425
1 0.559375 0.415234 0.235938 0.346094 0.920898
22 0.559375 0.415234 0.235938 0.346094 0.0029583
17 0.559375 0.415234 0.235938 0.346094 0.00123024
14 0.557031 0.415527 0.239063 0.348633 0.00100803
1 0.558594 0.414746 0.235156 0.345508 0.925293
22 0.558594 0.414746 0.235156 0.345508 0.00300407
17 0.558594 0.414746 0.235156 0.345508 0.00117874
14 0.555859 0.415234 0.236719 0.348438 0.00102043
