11 0.495996 0.424902 0.49082 0.281445 0.00679779
14 0.500684 0.431348 0.473633 0.282617 0.00609589
5 0.505859 0.425781 0.485938 0.285938 0.00534439
10 0.505859 0.425781 0.485938 0.285938 0.00436401
7 0.503516 0.429688 0.480469 0.292969 0.00403976
19 0.564844 0.411035 0.290625 0.266992 0.00307465
4 0.505859 0.425781 0.485938 0.285938 0.00307465
3 0.500684 0.431348 0.473633 0.282617 0.00302696
9 0.495996 0.424902 0.49082 0.281445 0.00223351
18 0.500684 0.431348 0.473633 0.282617 0.00213242
0 0.500684 0.431348 0.473633 0.282617 0.00185299
2 0.503516 0.429688 0.480469 0.292969 0.00167465
11 0.550879 0.396875 0.601367 0.365625 0.00157356
20 0.495996 0.424902 0.49082 0.281445 0.00154877
11 0.579688 0.299219 0.665625 0.557031 0.00142097
5 0.550879 0.396875 0.601367 0.365625 0.00124454
23 0.495996 0.424902 0.49082 0.281445 0.00123501
11 0.577734 0.412891 0.371094 0.330469 0.00119686
7 0.550879 0.396875 0.601367 0.365625 0.00115108
15 0.500684 0.431348 0.473633 0.282617 0.00111198
14 0.550879 0.396875 0.601367 0.365625 0.00101662
14 0.482715 0.409766 0.508008 0.769531 0.397949
11 0.546094 0.509375 0.578125 0.629687 0.379395
14 0.487891 0.496973 0.449219 0.43418 0.375732
22 0.417578 0.665527 0.446094 0.620508 0.332764
20 0.500781 0.541016 0.453125 0.517969 0.262939
11 0.482715 0.409766 0.508008 0.769531 0.238647
22 0.331641 0.669434 0.663281 0.661133 0.221313
11 0.487891 0.496973 0.449219 0.43418 0.219971
24 0.584766 0.520312 0.667969 0.770312 0.21936
22 0.655371 0.599219 0.61582 0.695312 0.21936
17 0.618652 0.581152 0.600195 0.61582 0.199951
20 0.546094 0.509375 0.578125 0.629687 0.196167
14 0.546094 0.509375 0.578125 0.629687 0.192505
17 0.417578 0.665527 0.446094 0.620508 0.188354
5 0.534766 0.436719 0.600781 0.801562 0.172119
17 0.246484 0.590625 0.492969 0.81875 0.171021
17 0.33457 0.634766 0.669141 0.730469 0.162354
17 0.164648 0.358008 0.329297 0.716016 0.155029
17 0.257422 0.441797 0.514844 0.883594 0.155029
17 0.640625 0.61084 0.71875 0.762695 0.152588
22 0.269922 0.607813 0.539844 0.784375 0.149048
20 0.510156 0.482422 0.421875 0.389062 0.147095
22 0.585547 0.542188 0.535156 0.514063 0.143677
17 0.510156 0.482422 0.421875 0.389062 0.139404
22 0.181836 0.360547 0.363672 0.721094 0.137085
17 0.331641 0.646094 0.597656 0.589063 0.135742
3 0.487891 0.496973 0.449219 0.43418 0.128906
20 0.610938 0.572656 0.703125 0.703125 0.122498
17 0.625781 0.79043 0.628125 0.419141 0.114746
22 0.541016 0.622754 0.739844 0.754492 0.112
20 0.482715 0.409766 0.508008 0.769531 0.111633
22 0.339063 0.566797 0.678125 0.866406 0.107788
17 0.603125 0.697656 0.74375 0.604688 0.105225
22 0.331641 0.646094 0.597656 0.589063 0.104858
11 0.610938 0.572656 0.703125 0.703125 0.100159
22 0.434766 0.61875 0.394531 0.475 0.0980835
22 0.625781 0.79043 0.628125 0.419141 0.0943604
22 0.242578 0.440625 0.485156 0.88125 0.0930176
22 0.37207 0.361328 0.744141 0.722656 0.0903931
17 0.434766 0.61875 0.394531 0.475 0.0903931
17 0.309375 0.5625 0.61875 0.875 0.0878906
25 0.487891 0.496973 0.449219 0.43418 0.0869141
17 0.376563 0.667969 0.698438 0.664062 0.0863037
22 0.536621 0.486035 0.404883 0.399805 0.0844727
17 0.377148 0.39375 0.754297 0.7875 0.0823975
22 0.376563 0.667969 0.698438 0.664062 0.0789185
22 0.627734 0.739062 0.703906 0.521875 0.0783691
17 0.500781 0.541016 0.453125 0.517969 0.0755615
9 0.584766 0.520312 0.667969 0.770312 0.0736694
3 0.546094 0.509375 0.578125 0.629687 0.0690308
16 0.487891 0.496973 0.449219 0.43418 0.0656128
13 0.482715 0.409766 0.508008 0.769531 0.0643921
22 0.663281 0.609766 0.673438 0.780469 0.0643921
22 0.214453 0.358984 0.428906 0.717969 0.0637207
3 0.482715 0.409766 0.508008 0.769531 0.0632324
16 0.546094 0.509375 0.578125 0.629687 0.0592041
22 0.274805 0.313477 0.494141 0.626953 0.0583496
22 0.48291 0.651953 0.79668 0.696094 0.0579224
17 0.196484 0.41875 0.392969 0.8375 0.055603
5 0.610938 0.572656 0.703125 0.703125 0.0544128
22 0.254688 0.553125 0.509375 0.89375 0.0512695
17 0.737109 0.363672 0.525781 0.727344 0.0503235
14 0.514941 0.460547 0.407617 0.330469 0.0495911
16 0.482715 0.409766 0.508008 0.769531 0.0495911
14 0.624219 0.599219 0.709375 0.653125 0.049408
0 0.487891 0.496973 0.449219 0.43418 0.0486755
17 0.679688 0.78457 0.496875 0.430859 0.0481262
14 0.420215 0.407031 0.704883 0.814063 0.0472412
17 0.741016 0.638281 0.517969 0.645312 0.0465393
22 0.741016 0.638281 0.517969 0.645312 0.0465393
21 0.881055 0.158203 0.237891 0.316406 0.0456848
17 0.372656 0.509766 0.517188 0.747656 0.0446777
17 0.592578 0.755859 0.503906 0.488281 0.0433655
22 0.811133 0.820508 0.252734 0.358984 0.0432129
22 0.679297 0.798242 0.500781 0.403516 0.0417786
17 0.247656 0.337891 0.495313 0.675781 0.0406799
17 0.716406 0.391406 0.567187 0.782813 0.0403748
21 0.862891 0.376563 0.274219 0.403125 0.0389099
17 0.241406 0.366016 0.482812 0.732031 0.037323
22 0.737109 0.363672 0.525781 0.727344 0.0366211
13 0.487891 0.496973 0.449219 0.43418 0.0366211
22 0.372656 0.509766 0.517188 0.747656 0.0335999
22 0.333594 0.341797 0.667188 0.683594 0.032959
20 0.417578 0.665527 0.446094 0.620508 0.0325928
17 0.48291 0.651953 0.79668 0.696094 0.0322266
20 0.420215 0.407031 0.704883 0.814063 0.0317383
25 0.546094 0.509375 0.578125 0.629687 0.0310211
20 0.653906 0.546875 0.546875 0.553125 0.0309143
17 0.482715 0.409766 0.508008 0.769531 0.0304413
17 0.678125 0.775195 0.64375 0.449609 0.0298767
17 0.280859 0.64375 0.561719 0.7125 0.0296478
22 0.607422 0.351758 0.538281 0.703516 0.0293121
22 0.716406 0.391406 0.567187 0.782813 0.0288696
17 0.333594 0.341797 0.667188 0.683594 0.0285492
1 0.277344 0.614062 0.554688 0.771875 0.0279541
20 0.246484 0.590625 0.492969 0.81875 0.0276947
2 0.487891 0.496973 0.449219 0.43418 0.0271759
17 0.428125 0.35625 0.59375 0.7125 0.0268555
17 0.607422 0.351758 0.538281 0.703516 0.0264587
24 0.500781 0.541016 0.453125 0.517969 0.0263519
22 0.490625 0.462109 0.44375 0.333594 0.0261536
22 0.880664 0.236719 0.238672 0.473438 0.0257568
3 0.655371 0.599219 0.61582 0.695312 0.0257568
22 0.326367 0.260742 0.356641 0.521484 0.025177
22 0.592578 0.755859 0.503906 0.488281 0.025177
17 0.673438 0.490723 0.485938 0.68418 0.024231
22 0.767578 0.31543 0.464844 0.630859 0.0241394
5 0.5 0.517578 0.5125 0.514844 0.0241394
17 0.428125 0.546094 0.365625 0.329688 0.0239563
19 0.871484 0.365234 0.257031 0.369531 0.0237732
20 0.174805 0.388672 0.349609 0.777344 0.0237732
22 0.673438 0.490723 0.485938 0.68418 0.0230713
13 0.420215 0.407031 0.704883 0.814063 0.0229797
18 0.487891 0.496973 0.449219 0.43418 0.0226288
1 0.174805 0.388672 0.349609 0.777344 0.0224152
1 0.256641 0.477734 0.513281 0.936719 0.0223694
25 0.514941 0.460547 0.407617 0.330469 0.0222015
17 0.811133 0.820508 0.252734 0.358984 0.0217743
13 0.546094 0.509375 0.578125 0.629687 0.021286
22 0.428125 0.546094 0.365625 0.329688 0.0212097
20 0.625781 0.79043 0.628125 0.419141 0.0212097
20 0.434766 0.61875 0.394531 0.475 0.0211182
3 0.331641 0.669434 0.663281 0.661133 0.0208893
20 0.331641 0.669434 0.663281 0.661133 0.0208893
3 0.417578 0.665527 0.446094 0.620508 0.0207214
20 0.663281 0.609766 0.673438 0.780469 0.0207214
14 0.271094 0.579297 0.542188 0.841406 0.0206451
11 0.420215 0.407031 0.704883 0.814063 0.0204926
17 0.546094 0.509375 0.578125 0.629687 0.0204163
17 0.784961 0.309766 0.430078 0.600781 0.0198669
20 0.627734 0.739062 0.703906 0.521875 0.0196381
20 0.257422 0.441797 0.514844 0.883594 0.0191956
2 0.546094 0.509375 0.578125 0.629687 0.0190582
17 0.326367 0.260742 0.356641 0.521484 0.0184021
22 0.170898 0.283398 0.341797 0.566797 0.0183411
22 0.415625 0.451562 0.83125 0.903125 0.0177155
18 0.546094 0.509375 0.578125 0.629687 0.0176392
19 0.881055 0.158203 0.237891 0.316406 0.0175781
3 0.420215 0.407031 0.704883 0.814063 0.0173035
17 0.392188 0.685938 0.784375 0.628125 0.0173035
3 0.625781 0.79043 0.628125 0.419141 0.0172424
14 0.253906 0.417969 0.507812 0.835938 0.0171051
3 0.514941 0.460547 0.407617 0.330469 0.0171051
1 0.614356 0.713086 0.771289 0.573828 0.0166626
17 0.825586 0.259375 0.348828 0.51875 0.0165863
0 0.514941 0.460547 0.407617 0.330469 0.0165863
1 0.365625 0.692187 0.73125 0.615625 0.0165863
22 0.499609 0.710938 0.833594 0.578125 0.0163422
18 0.482715 0.409766 0.508008 0.769531 0.0162201
22 0.5 0.517578 0.5125 0.514844 0.0157166
17 0.177734 0.301563 0.355469 0.603125 0.0156708
24 0.482715 0.409766 0.508008 0.769531 0.0156708
23 0.487891 0.496973 0.449219 0.43418 0.0156708
1 0.377148 0.39375 0.754297 0.7875 0.0153046
10 0.487891 0.496973 0.449219 0.43418 0.0153046
22 0.583594 0.425879 0.534375 0.748242 0.0153046
1 0.655371 0.599219 0.61582 0.695312 0.0152512
25 0.610938 0.572656 0.703125 0.703125 0.0151901
3 0.269922 0.607813 0.539844 0.784375 0.0148392
17 0.886719 0.192969 0.226562 0.385938 0.0147858
23 0.546094 0.509375 0.578125 0.629687 0.0145569
3 0.174805 0.388672 0.349609 0.777344 0.014389
25 0.482715 0.409766 0.508008 0.769531 0.014389
8 0.487891 0.496973 0.449219 0.43418 0.0143356
1 0.663281 0.609766 0.673438 0.780469 0.0142822
17 0.331836 0.314844 0.564453 0.629687 0.0138474
10 0.546094 0.509375 0.578125 0.629687 0.0136337
1 0.241406 0.366016 0.482812 0.732031 0.0134277
1 0.737109 0.363672 0.525781 0.727344 0.0134277
3 0.267773 0.476562 0.535547 0.925 0.0134277
14 0.619629 0.542969 0.556055 0.51875 0.0134277
17 0.499609 0.710938 0.833594 0.578125 0.0134277
22 0.482715 0.409766 0.508008 0.769531 0.0133286
3 0.619629 0.542969 0.556055 0.51875 0.0133286
11 0.627734 0.739062 0.703906 0.521875 0.0133286
14 0.627734 0.739062 0.703906 0.521875 0.0133286
3 0.331641 0.646094 0.597656 0.589063 0.0132751
3 0.627734 0.739062 0.703906 0.521875 0.0131683
17 0.383008 0.465625 0.766016 0.93125 0.0131226
9 0.500781 0.541016 0.453125 0.517969 0.0130234
7 0.482715 0.409766 0.508008 0.769531 0.0128708
17 0.682422 0.628125 0.635156 0.74375 0.012825
22 0.825586 0.259375 0.348828 0.51875 0.0126266
20 0.404687 0.690625 0.746875 0.61875 0.0125275
3 0.434766 0.61875 0.394531 0.475 0.0124817
1 0.33457 0.634766 0.669141 0.730469 0.0122375
13 0.262109 0.603125 0.524219 0.79375 0.0122375
14 0.174805 0.388672 0.349609 0.777344 0.0121002
10 0.482715 0.409766 0.508008 0.769531 0.011734
20 0.309375 0.5625 0.61875 0.875 0.0115967
14 0.33457 0.634766 0.669141 0.730469 0.0115967
20 0.331641 0.646094 0.597656 0.589063 0.0115509
22 0.793359 0.34043 0.413281 0.542578 0.0113297
14 0.673828 0.578125 0.499219 0.6375 0.0113297
8 0.482715 0.409766 0.508008 0.769531 0.0112915
1 0.417578 0.665527 0.446094 0.620508 0.0111618
11 0.417578 0.665527 0.446094 0.620508 0.0111618
14 0.625781 0.79043 0.628125 0.419141 0.0111618
11 0.331641 0.669434 0.663281 0.661133 0.0110703
22 0.8875 0.166309 0.225 0.332617 0.0108185
23 0.482715 0.409766 0.508008 0.769531 0.0107803
25 0.469629 0.594629 0.45293 0.520117 0.0107346
14 0.663281 0.609766 0.673438 0.780469 0.0106964
20 0.350391 0.370703 0.700781 0.741406 0.0106506
17 0.583594 0.425879 0.534375 0.748242 0.0106506
22 0.293164 0.629687 0.586328 0.740625 0.0105667
20 0.280859 0.64375 0.561719 0.7125 0.0104523
22 0.375391 0.717383 0.750781 0.565234 0.0104523
17 0.161914 0.252148 0.323828 0.504297 0.0104065
4 0.534766 0.436719 0.600781 0.801562 0.0103302
3 0.404687 0.690625 0.746875 0.61875 0.0103302
13 0.588281 0.70625 0.801562 0.5875 0.0102463
22 0.673438 0.721484 0.523438 0.557031 0.0101318
3 0.663281 0.609766 0.673438 0.780469 0.00993347
14 0.583594 0.425879 0.534375 0.748242 0.00971222
13 0.256641 0.477734 0.513281 0.936719 0.00971222
16 0.610938 0.572656 0.703125 0.703125 0.00971222
3 0.339063 0.566797 0.678125 0.866406 0.00963593
20 0.741016 0.638281 0.517969 0.645312 0.00941467
16 0.420215 0.407031 0.704883 0.814063 0.00937653
17 0.732813 0.304492 0.534375 0.608984 0.00933838
14 0.417578 0.665527 0.446094 0.620508 0.00933838
11 0.663281 0.609766 0.673438 0.780469 0.0091629
0 0.482715 0.409766 0.508008 0.769531 0.00912476
1 0.490625 0.684766 0.825 0.630469 0.00912476
1 0.625781 0.79043 0.628125 0.419141 0.00901794
1 0.430078 0.478906 0.860156 0.957812 0.00898743
0 0.585547 0.542188 0.535156 0.514063 0.00898743
3 0.679297 0.798242 0.500781 0.403516 0.00888062
3 0.811133 0.820508 0.252734 0.358984 0.00881195
17 0.562109 0.287305 0.530469 0.574609 0.00871277
17 0.261133 0.263086 0.452734 0.526172 0.00867462
22 0.732813 0.304492 0.534375 0.608984 0.0086441
13 0.624219 0.599219 0.709375 0.653125 0.0086441
13 0.470996 0.413281 0.461133 0.577344 0.00861359
3 0.350391 0.370703 0.700781 0.741406 0.00857544
2 0.514941 0.460547 0.407617 0.330469 0.00857544
1 0.717188 0.421094 0.565625 0.842188 0.00857544
13 0.613672 0.587891 0.772656 0.824219 0.00857544
1 0.309375 0.5625 0.61875 0.875 0.0085144
14 0.404687 0.690625 0.746875 0.61875 0.00847626
20 0.241406 0.366016 0.482812 0.732031 0.00837708
3 0.737109 0.363672 0.525781 0.727344 0.00831604
22 0.745313 0.815625 0.396875 0.36875 0.00831604
13 0.350391 0.668359 0.700781 0.663281 0.00809479
3 0.254102 0.396094 0.508203 0.792188 0.00806427
7 0.487891 0.496973 0.449219 0.43418 0.00806427
20 0.540625 0.682031 0.815625 0.635938 0.00796509
22 0.562109 0.287305 0.530469 0.574609 0.00769424
1 0.466309 0.488672 0.520508 0.417969 0.00769424
14 0.469629 0.594629 0.45293 0.520117 0.00769424
1 0.666406 0.39375 0.667188 0.7875 0.00763702
2 0.482715 0.409766 0.508008 0.769531 0.00763702
13 0.430078 0.478906 0.860156 0.957812 0.00757599
1 0.585059 0.669141 0.698633 0.661719 0.00757599
1 0.549316 0.373437 0.566992 0.746875 0.00751877
20 0.679297 0.798242 0.500781 0.403516 0.00748825
14 0.470996 0.413281 0.461133 0.577344 0.00740433
3 0.741016 0.638281 0.517969 0.645312 0.00740433
1 0.170898 0.283398 0.341797 0.566797 0.00734711
14 0.540625 0.682031 0.815625 0.635938 0.00734711
21 0.546094 0.509375 0.578125 0.629687 0.00723267
25 0.653906 0.546875 0.546875 0.553125 0.00720596
10 0.331641 0.669434 0.663281 0.661133 0.00714874
1 0.247656 0.337891 0.495313 0.675781 0.00706482
22 0.603809 0.649219 0.626758 0.701563 0.00706482
13 0.248828 0.391406 0.497656 0.782813 0.00703812
14 0.349805 0.369336 0.699609 0.738672 0.00701141
1 0.500684 0.424609 0.57207 0.849219 0.00698471
10 0.417578 0.665527 0.446094 0.620508 0.00698471
3 0.274805 0.313477 0.494141 0.626953 0.00695801
13 0.375391 0.717383 0.750781 0.565234 0.0068779
0 0.331641 0.646094 0.597656 0.589063 0.00679779
14 0.280859 0.64375 0.561719 0.7125 0.00679779
8 0.331641 0.646094 0.597656 0.589063 0.00674438
3 0.362305 0.642188 0.724609 0.715625 0.00674438
3 0.17832 0.331055 0.356641 0.662109 0.00669098
22 0.68584 0.491016 0.62832 0.908594 0.00669098
1 0.331641 0.646094 0.597656 0.589063 0.00669098
3 0.541016 0.622754 0.739844 0.754492 0.00666809
17 0.745313 0.815625 0.396875 0.36875 0.00666809
22 0.584766 0.520312 0.667969 0.770312 0.00653839
21 0.878906 0.203516 0.242188 0.407031 0.0064621
20 0.486328 0.657813 0.739844 0.684375 0.0064621
3 0.886719 0.192969 0.226562 0.385938 0.00643921
1 0.679297 0.798242 0.500781 0.403516 0.00643921
3 0.592578 0.755859 0.503906 0.488281 0.00641251
14 0.428125 0.546094 0.365625 0.329688 0.00634003
14 0.592578 0.755859 0.503906 0.488281 0.00634003
20 0.737109 0.363672 0.525781 0.727344 0.00629044
22 0.842773 0.849023 0.314453 0.301953 0.00629044
17 0.581934 0.341602 0.71582 0.683203 0.00624084
17 0.603809 0.649219 0.626758 0.701563 0.00624084
8 0.546094 0.509375 0.578125 0.629687 0.00614548
22 0.211328 0.275977 0.422656 0.551953 0.00612259
16 0.514941 0.460547 0.407617 0.330469 0.00609589
1 0.490625 0.462109 0.44375 0.333594 0.00598145
20 0.247656 0.337891 0.495313 0.675781 0.00595856
8 0.640625 0.61084 0.71875 0.762695 0.00591278
13 0.280859 0.64375 0.561719 0.7125 0.00591278
19 0.87793 0.366602 0.244141 0.342578 0.0261536
16 0.556152 0.426563 0.408008 0.278125 0.0243378
19 0.556152 0.426563 0.408008 0.278125 0.0197906
16 0.878906 0.382812 0.242188 0.316406 0.0147324
2 0.495703 0.444922 0.421094 0.300781 0.00519943
11 0.495703 0.444922 0.421094 0.300781 0.00481033
16 0.495703 0.444922 0.421094 0.300781 0.00385475
6 0.49541 0.439063 0.413867 0.271094 0.00376511
4 0.49541 0.439063 0.413867 0.271094 0.00349617
21 0.875586 0.364063 0.248828 0.367969 0.00291252
0 0.495703 0.444922 0.421094 0.300781 0.00284576
7 0.495703 0.444922 0.421094 0.300781 0.00251198
24 0.49541 0.439063 0.413867 0.271094 0.00247192
18 0.495703 0.444922 0.421094 0.300781 0.00230598
9 0.49541 0.439063 0.413867 0.271094 0.00216484
1 0.499316 0.441797 0.42793 0.286719 0.00213242
14 0.495703 0.444922 0.421094 0.300781 0.00195694
23 0.49541 0.439063 0.413867 0.271094 0.00192642
3 0.495703 0.444922 0.421094 0.300781 0.00185299
12 0.495703 0.444922 0.421094 0.300781 0.00152493
21 0.549902 0.425684 0.37832 0.264258 0.00136662
13 0.496094 0.444434 0.400781 0.298633 0.00135612
5 0.49541 0.439063 0.413867 0.271094 0.00121593
15 0.49541 0.439063 0.413867 0.271094 0.00118828
20 0.49541 0.439063 0.413867 0.271094 0.00118351
12 0.7 0.71875 0.498437 0.5625 0.00113392
25 0.495703 0.444922 0.421094 0.300781 0.00108147
13 0.875586 0.364063 0.248828 0.367969 0.00104046
12 0.833789 0.304492 0.332422 0.541016 0.00102425
19 0.484375 0.440625 0.410938 0.257031 0.00102043
16 0.501172 0.466406 0.464844 0.332813 0.0339661
19 0.555469 0.383203 0.307813 0.417969 0.0313721
9 0.502344 0.478809 0.471875 0.389258 0.0298767
18 0.500684 0.454688 0.468945 0.304688 0.0238647
6 0.513672 0.462109 0.441406 0.351562 0.0237274
24 0.488672 0.471094 0.486719 0.366406 0.0236969
19 0.883203 0.360938 0.233594 0.366406 0.0225372
19 0.888281 0.174512 0.223438 0.349023 0.0200958
11 0.472754 0.442969 0.52168 0.367188 0.0194244
21 0.888281 0.174512 0.223438 0.349023 0.0179901
23 0.501172 0.466406 0.464844 0.332813 0.0167847
20 0.488672 0.471094 0.486719 0.366406 0.0144501
11 0.460547 0.331641 0.669531 0.663281 0.0106506
21 0.316406 0.239453 0.274219 0.3875 0.0100555
2 0.501172 0.466406 0.464844 0.332813 0.00985718
11 0.511719 0.450098 0.442188 0.301367 0.00963593
1 0.16582 0.560059 0.331641 0.606445 0.00963593
5 0.501172 0.466406 0.464844 0.332813 0.00926971
21 0.488672 0.471094 0.486719 0.366406 0.0086441
4 0.511719 0.450098 0.442188 0.301367 0.0086441
13 0.472754 0.442969 0.52168 0.367188 0.00857544
19 0.130859 0.155371 0.261719 0.310742 0.00828552
16 0.571875 0.440527 0.326562 0.283008 0.00818634
22 0.779688 0.837695 0.376563 0.324609 0.00818634
19 0.316406 0.239453 0.274219 0.3875 0.00806427
22 0.162109 0.590234 0.324219 0.546094 0.00806427
12 0.504004 0.451953 0.466992 0.300781 0.00760651
22 0.793359 0.267578 0.413281 0.535156 0.00751877
1 0.505859 0.328906 0.535156 0.596875 0.00740433
14 0.501172 0.466406 0.464844 0.332813 0.00728989
15 0.501172 0.466406 0.464844 0.332813 0.00723267
22 0.309766 0.21875 0.267188 0.4375 0.00717545
19 0.138867 0.24707 0.277734 0.448047 0.00703812
11 0.505859 0.328906 0.535156 0.596875 0.0068512
13 0.460547 0.331641 0.669531 0.663281 0.00656509
21 0.875977 0.370508 0.248047 0.391797 0.00626373
1 0.793359 0.267578 0.413281 0.535156 0.00591278
13 0.505859 0.328906 0.535156 0.596875 0.00570679
7 0.500684 0.454688 0.468945 0.304688 0.00551224
1 0.460547 0.331641 0.669531 0.663281 0.00547028
3 0.504004 0.451953 0.466992 0.300781 0.00542831
1 0.309766 0.21875 0.267188 0.4375 0.00538635
4 0.472754 0.442969 0.52168 0.367188 0.00521851
10 0.502344 0.478809 0.471875 0.389258 0.00510025
16 0.787305 0.842188 0.375391 0.315625 0.00510025
0 0.500684 0.454688 0.468945 0.304688 0.0049057
19 0.883008 0.235938 0.233984 0.398438 0.00488663
25 0.501172 0.466406 0.464844 0.332813 0.00469971
6 0.571875 0.440527 0.326562 0.283008 0.00468063
19 0.472754 0.442969 0.52168 0.367188 0.00462723
21 0.307227 0.18623 0.287891 0.372461 0.00452042
1 0.774219 0.839453 0.326562 0.321094 0.00450516
21 0.883008 0.235938 0.233984 0.398438 0.00443268
22 0.399121 0.262109 0.517383 0.524219 0.00436401
24 0.456641 0.396875 0.557031 0.55625 0.00436401
19 0.307227 0.18623 0.287891 0.372461 0.00434875
12 0.505859 0.328906 0.535156 0.596875 0.00432968
14 0.460547 0.331641 0.669531 0.663281 0.00429916
19 0.154688 0.641797 0.309375 0.446094 0.0042305
1 0.541797 0.449219 0.414844 0.329688 0.0042305
21 0.13457 0.159766 0.269141 0.319531 0.00421524
13 0.875 0.388672 0.25 0.389844 0.00421524
22 0.764258 0.317969 0.471484 0.635938 0.00419998
14 0.505859 0.328906 0.535156 0.596875 0.00407028
4 0.505859 0.328906 0.535156 0.596875 0.00388527
1 0.150391 0.310547 0.300781 0.582031 0.00385475
17 0.162109 0.590234 0.324219 0.546094 0.00382423
4 0.460547 0.331641 0.669531 0.663281 0.00379562
1 0.764258 0.317969 0.471484 0.635938 0.00374985
17 0.309766 0.21875 0.267188 0.4375 0.00367928
4 0.571875 0.440527 0.326562 0.283008 0.00362206
21 0.138867 0.24707 0.277734 0.448047 0.00359344
16 0.460547 0.331641 0.669531 0.663281 0.00359344
22 0.186523 0.301953 0.373047 0.603906 0.00356483
0 0.571875 0.440527 0.326562 0.283008 0.00352478
6 0.495313 0.489746 0.485938 0.458008 0.00349617
18 0.460547 0.331641 0.669531 0.663281 0.00348282
16 0.505859 0.328906 0.535156 0.596875 0.00332451
22 0.148438 0.283594 0.296875 0.567187 0.00329781
19 0.880273 0.432422 0.239453 0.364844 0.00325966
11 0.166602 0.595313 0.333203 0.540625 0.00323486
19 0.152051 0.546875 0.304102 0.446875 0.00322342
21 0.555469 0.383203 0.307813 0.417969 0.00321007
3 0.505859 0.328906 0.535156 0.596875 0.00321007
1 0.792383 0.741016 0.415234 0.517969 0.00321007
17 0.793359 0.267578 0.413281 0.535156 0.00319672
22 0.787305 0.842188 0.375391 0.315625 0.00319672
11 0.571875 0.440527 0.326562 0.283008 0.00318527
19 0.890234 0.123633 0.219531 0.247266 0.00317192
20 0.779688 0.837695 0.376563 0.324609 0.00314713
20 0.444141 0.333594 0.619531 0.635938 0.00309944
2 0.571875 0.440527 0.326562 0.283008 0.00305176
1 0.787305 0.842188 0.375391 0.315625 0.00305176
13 0.541797 0.449219 0.414844 0.329688 0.00298119
16 0.456641 0.396875 0.557031 0.55625 0.00294685
12 0.460547 0.331641 0.669531 0.663281 0.00293541
21 0.779688 0.837695 0.376563 0.324609 0.00292397
0 0.460547 0.331641 0.669531 0.663281 0.0028553
22 0.454688 0.325 0.615625 0.65 0.00282288
1 0.355811 0.253711 0.364941 0.507422 0.00279045
1 0.571875 0.440527 0.326562 0.283008 0.00277901
18 0.505859 0.328906 0.535156 0.596875 0.00271416
20 0.787305 0.842188 0.375391 0.315625 0.00269318
6 0.456641 0.396875 0.557031 0.55625 0.00266266
13 0.792383 0.741016 0.415234 0.517969 0.00261116
1 0.472754 0.442969 0.52168 0.367188 0.00260162
15 0.460547 0.331641 0.669531 0.663281 0.00259018
19 0.141406 0.344922 0.282813 0.451562 0.00256157
11 0.330859 0.241797 0.342969 0.483594 0.00256157
1 0.153516 0.41084 0.307031 0.581445 0.00256157
11 0.793359 0.267578 0.413281 0.535156 0.00255013
22 0.355811 0.253711 0.364941 0.507422 0.00255013
12 0.162109 0.590234 0.324219 0.546094 0.00253105
24 0.779688 0.837695 0.376563 0.324609 0.00253105
17 0.504004 0.451953 0.466992 0.300781 0.00251198
13 0.456641 0.396875 0.557031 0.55625 0.00248146
12 0.793359 0.267578 0.413281 0.535156 0.00244331
16 0.792383 0.741016 0.415234 0.517969 0.0024147
19 0.129688 0.11582 0.259375 0.231641 0.00240517
3 0.460547 0.331641 0.669531 0.663281 0.00239754
12 0.792383 0.741016 0.415234 0.517969 0.00239754
1 0.186523 0.301953 0.373047 0.603906 0.00237846
0 0.505859 0.328906 0.535156 0.596875 0.00234985
0 0.787305 0.842188 0.375391 0.315625 0.00232315
6 0.787305 0.842188 0.375391 0.315625 0.00232315
17 0.399121 0.262109 0.517383 0.524219 0.00230598
1 0.399121 0.262109 0.517383 0.524219 0.00229645
13 0.13457 0.159766 0.269141 0.319531 0.00227928
4 0.779688 0.837695 0.376563 0.324609 0.00221634
6 0.779688 0.837695 0.376563 0.324609 0.00221634
11 0.780469 0.8375 0.376563 0.325 0.00221634
11 0.764258 0.317969 0.471484 0.635938 0.00220871
17 0.764258 0.317969 0.471484 0.635938 0.00220871
13 0.888281 0.174512 0.223438 0.349023 0.00217438
17 0.186523 0.301953 0.373047 0.603906 0.00216484
14 0.571875 0.440527 0.326562 0.283008 0.00214005
1 0.781055 0.836133 0.437891 0.327734 0.00212479
12 0.399121 0.262109 0.517383 0.524219 0.00210762
2 0.787305 0.842188 0.375391 0.315625 0.00208282
17 0.779688 0.837695 0.376563 0.324609 0.00208282
21 0.444141 0.333594 0.619531 0.635938 0.00206757
24 0.787305 0.842188 0.375391 0.315625 0.00206757
22 0.541797 0.449219 0.414844 0.329688 0.0020504
21 0.787305 0.842188 0.375391 0.315625 0.00203514
13 0.166602 0.595313 0.333203 0.540625 0.00201988
12 0.764258 0.317969 0.471484 0.635938 0.00200272
17 0.505859 0.328906 0.535156 0.596875 0.00199509
13 0.787305 0.842188 0.375391 0.315625 0.00198746
3 0.787305 0.842188 0.375391 0.315625 0.00197983
19 0.877734 0.304639 0.244531 0.387598 0.0019722
22 0.493066 0.483594 0.479492 0.421875 0.0019722
22 0.571875 0.440527 0.326562 0.283008 0.00195694
3 0.793359 0.267578 0.413281 0.535156 0.00193405
1 0.831836 0.282227 0.336328 0.562109 0.00192642
12 0.319336 0.233594 0.291016 0.467187 0.00184631
21 0.571875 0.440527 0.326562 0.283008 0.00183868
0 0.796094 0.815625 0.407813 0.36875 0.00183868
16 0.779688 0.837695 0.376563 0.324609 0.00183105
17 0.148438 0.283594 0.296875 0.567187 0.00182438
17 0.571875 0.440527 0.326562 0.283008 0.00182438
0 0.779688 0.837695 0.376563 0.324609 0.00182438
12 0.610938 0.364063 0.778125 0.728125 0.00181007
21 0.153906 0.620703 0.307813 0.452344 0.0018034
11 0.792383 0.741016 0.415234 0.517969 0.00179577
3 0.166602 0.595313 0.333203 0.540625 0.00178909
1 0.16582 0.634766 0.331641 0.485156 0.00178909
11 0.787305 0.842188 0.375391 0.315625 0.00178909
13 0.330859 0.241797 0.342969 0.483594 0.00175476
4 0.787305 0.842188 0.375391 0.315625 0.00175476
22 0.792383 0.741016 0.415234 0.517969 0.00174141
20 0.571875 0.440527 0.326562 0.283008 0.0017271
3 0.774219 0.839453 0.326562 0.321094 0.0017271
22 0.456641 0.396875 0.557031 0.55625 0.0017004
5 0.444141 0.333594 0.619531 0.635938 0.00168705
11 0.456641 0.396875 0.557031 0.55625 0.00168705
12 0.367578 0.401953 0.735156 0.803906 0.00168133
7 0.460547 0.331641 0.669531 0.663281 0.0016613
3 0.309766 0.21875 0.267188 0.4375 0.0016489
13 0.571875 0.440527 0.326562 0.283008 0.0016489
3 0.792383 0.741016 0.415234 0.517969 0.0016489
22 0.153516 0.41084 0.307031 0.581445 0.00164223
17 0.787305 0.842188 0.375391 0.315625 0.00163555
17 0.355811 0.253711 0.364941 0.507422 0.00161648
17 0.460547 0.331641 0.669531 0.663281 0.00161648
11 0.391309 0.278906 0.526758 0.557813 0.0015974
13 0.883008 0.235938 0.233984 0.398438 0.00158501
15 0.456641 0.396875 0.557031 0.55625 0.00158501
17 0.792383 0.741016 0.415234 0.517969 0.00157928
13 0.764258 0.317969 0.471484 0.635938 0.00157356
1 0.610938 0.364063 0.778125 0.728125 0.00157356
12 0.641406 0.450391 0.717188 0.900781 0.00157356
1 0.456641 0.396875 0.557031 0.55625 0.00156689
15 0.505859 0.328906 0.535156 0.596875 0.00156116
19 0.444141 0.333594 0.619531 0.635938 0.00154877
13 0.793359 0.267578 0.413281 0.535156 0.00154305
13 0.391309 0.278906 0.526758 0.557813 0.00153637
23 0.571875 0.440527 0.326562 0.283008 0.00153637
25 0.571875 0.440527 0.326562 0.283008 0.00153637
1 0.641406 0.450391 0.717188 0.900781 0.00153065
4 0.805469 0.249219 0.389062 0.498437 0.00152493
8 0.504004 0.451953 0.466992 0.300781 0.00152493
14 0.456641 0.396875 0.557031 0.55625 0.00152493
25 0.779688 0.837695 0.376563 0.324609 0.00152493
20 0.793359 0.267578 0.413281 0.535156 0.00151253
19 0.166602 0.595313 0.333203 0.540625 0.00151253
1 0.165039 0.724219 0.330078 0.529688 0.00151253
11 0.658203 0.485938 0.558594 0.59375 0.00150681
12 0.186523 0.301953 0.373047 0.603906 0.00150108
9 0.779688 0.837695 0.376563 0.324609 0.00148392
2 0.460547 0.331641 0.669531 0.663281 0.0014782
3 0.571875 0.440527 0.326562 0.283008 0.00146675
12 0.787305 0.842188 0.375391 0.315625 0.00145531
8 0.505859 0.328906 0.535156 0.596875 0.00144958
12 0.774219 0.839453 0.326562 0.321094 0.00143814
1 0.658203 0.485938 0.558594 0.59375 0.00143242
1 0.271875 0.576172 0.54375 0.758594 0.0014267
1 0.137598 0.232813 0.275195 0.465625 0.00141048
19 0.511719 0.450098 0.442188 0.301367 0.00141048
12 0.271875 0.576172 0.54375 0.758594 0.00139427
13 0.641406 0.450391 0.717188 0.900781 0.00137234
2 0.505859 0.328906 0.535156 0.596875 0.00136662
7 0.505859 0.328906 0.535156 0.596875 0.00136662
11 0.641406 0.450391 0.717188 0.900781 0.00136662
20 0.16582 0.560059 0.331641 0.606445 0.00136662
22 0.165039 0.724219 0.330078 0.529688 0.00136185
14 0.779688 0.837695 0.376563 0.324609 0.00136185
4 0.456641 0.396875 0.557031 0.55625 0.00135612
1 0.812305 0.209375 0.375391 0.41875 0.00134087
0 0.805078 0.240234 0.389844 0.480469 0.00134087
14 0.787305 0.842188 0.375391 0.315625 0.00133038
9 0.444141 0.333594 0.619531 0.635938 0.00132465
12 0.378516 0.617969 0.757031 0.764063 0.00131989
5 0.779688 0.837695 0.376563 0.324609 0.00130939
9 0.575 0.469922 0.326562 0.364063 0.00130463
13 0.486621 0.494434 0.500195 0.514258 0.00128937
12 0.445996 0.665625 0.729883 0.66875 0.00128937
16 0.486621 0.494434 0.500195 0.514258 0.00127888
12 0.360938 0.494922 0.721875 0.938281 0.00126457
13 0.610938 0.364063 0.778125 0.728125 0.0012598
24 0.571875 0.440527 0.326562 0.283008 0.00125504
14 0.805469 0.249219 0.389062 0.498437 0.00124454
12 0.781055 0.836133 0.437891 0.327734 0.00124454
19 0.143066 0.418848 0.286133 0.443555 0.00123501
6 0.505859 0.328906 0.535156 0.596875 0.00123501
4 0.792383 0.741016 0.415234 0.517969 0.00122547
14 0.792383 0.741016 0.415234 0.517969 0.00122547
24 0.486621 0.494434 0.500195 0.514258 0.0012207
12 0.456641 0.396875 0.557031 0.55625 0.00121593
22 0.380859 0.654688 0.292188 0.559375 0.00121593
21 0.151562 0.523828 0.303125 0.444531 0.0012064
12 0.150391 0.310547 0.300781 0.582031 0.0012064
12 0.571875 0.440527 0.326562 0.283008 0.0012064
2 0.779688 0.837695 0.376563 0.324609 0.0012064
3 0.764258 0.317969 0.471484 0.635938 0.00120163
2 0.161426 0.552734 0.322852 0.619531 0.00119686
6 0.460547 0.331641 0.669531 0.663281 0.00119209
12 0.831836 0.282227 0.336328 0.562109 0.00119209
21 0.141406 0.344922 0.282813 0.451562 0.00118828
16 0.658203 0.485938 0.558594 0.59375 0.00118828
8 0.571875 0.440527 0.326562 0.283008 0.00118351
12 0.730469 0.691016 0.539062 0.617969 0.00117874
21 0.805469 0.249219 0.389062 0.498437 0.00117397
12 0.479297 0.588281 0.674219 0.823438 0.00116539
22 0.831836 0.282227 0.336328 0.562109 0.00116062
7 0.571875 0.440527 0.326562 0.283008 0.00116062
11 0.150391 0.310547 0.300781 0.582031 0.00115585
0 0.658203 0.485938 0.558594 0.59375 0.00115108
21 0.880273 0.432422 0.239453 0.364844 0.00114727
22 0.271875 0.576172 0.54375 0.758594 0.00114727
1 0.380859 0.654688 0.292188 0.559375 0.00113773
24 0.456152 0.353125 0.712695 0.70625 0.00113392
12 0.155566 0.473828 0.311133 0.607031 0.00112438
13 0.316406 0.239453 0.274219 0.3875 0.00111198
13 0.361523 0.354883 0.723047 0.709766 0.00110722
17 0.153516 0.41084 0.307031 0.581445 0.00110722
17 0.456641 0.396875 0.557031 0.55625 0.00110722
2 0.796094 0.815625 0.407813 0.36875 0.0011034
14 0.658203 0.485938 0.558594 0.59375 0.00109863
17 0.271875 0.576172 0.54375 0.758594 0.00109482
21 0.891406 0.136914 0.217188 0.273828 0.00109005
12 0.658203 0.485938 0.558594 0.59375 0.00108624
10 0.571875 0.440527 0.326562 0.283008 0.00108147
11 0.610938 0.364063 0.778125 0.728125 0.00106525
13 0.780469 0.8375 0.376563 0.325 0.00106525
13 0.555469 0.383203 0.307813 0.417969 0.00106049
5 0.787305 0.842188 0.375391 0.315625 0.00106049
11 0.361523 0.354883 0.723047 0.709766 0.00105667
20 0.309766 0.21875 0.267188 0.4375 0.00104809
7 0.456641 0.396875 0.557031 0.55625 0.00104809
17 0.831836 0.282227 0.336328 0.562109 0.00104046
11 0.698438 0.826758 0.603125 0.346484 0.00104046
14 0.16582 0.560059 0.331641 0.606445 0.00103664
0 0.792188 0.723437 0.415625 0.553125 0.00103188
12 0.774023 0.378027 0.451953 0.66582 0.00102806
13 0.658203 0.485938 0.558594 0.59375 0.00100803
4 0.309766 0.21875 0.267188 0.4375 0.00100422
24 0.499609 0.43125 0.428906 0.276563 0.286133
6 0.499609 0.43125 0.428906 0.276563 0.0648804
7 0.503125 0.436328 0.429688 0.295312 0.0566406
9 0.499609 0.43125 0.428906 0.276563 0.0531921
11 0.497266 0.432422 0.434375 0.301563 0.0520325
16 0.503125 0.436328 0.429688 0.295312 0.0419312
23 0.499609 0.43125 0.428906 0.276563 0.0406799
18 0.503125 0.436328 0.429688 0.295312 0.0386047
2 0.499609 0.43125 0.428906 0.276563 0.0179138
20 0.500098 0.41875 0.429492 0.267188 0.0146179
13 0.49209 0.424121 0.44082 0.295508 0.014061
12 0.498437 0.429297 0.419531 0.291406 0.0106964
19 0.885156 0.369141 0.229687 0.349219 0.0105667
19 0.497266 0.432422 0.434375 0.301563 0.0105667
19 0.553516 0.374023 0.282031 0.376953 0.0104904
14 0.498437 0.429297 0.419531 0.291406 0.0104523
15 0.497266 0.432422 0.434375 0.301563 0.00728989
4 0.498437 0.429297 0.419531 0.291406 0.00542831
0 0.520703 0.431641 0.39375 0.275 0.00518036
1 0.509766 0.431152 0.396875 0.283008 0.00452042
3 0.498437 0.429297 0.419531 0.291406 0.00382423
25 0.503125 0.436328 0.429688 0.295312 0.00316048
12 0.495703 0.383203 0.489844 0.374219 0.0026722
5 0.500098 0.41875 0.429492 0.267188 0.0026722
12 0.833984 0.365625 0.332031 0.73125 0.00261116
19 0.880664 0.0875 0.238672 0.175 0.00242424
1 0.485938 0.428906 0.474219 0.353125 0.00214958
16 0.491797 0.389844 0.453125 0.3 0.00208282
12 0.880469 0.374902 0.239063 0.375195 0.00201035
21 0.885156 0.354102 0.229687 0.373047 0.00200272
0 0.491309 0.414746 0.448633 0.343945 0.00195694
12 0.865625 0.322656 0.26875 0.615625 0.00189686
13 0.484375 0.396875 0.482812 0.457813 0.00186729
17 0.509766 0.431152 0.396875 0.283008 0.00178909
12 0.455859 0.329688 0.558594 0.659375 0.00175476
19 0.892188 0.158203 0.215625 0.316406 0.00171375
10 0.500098 0.41875 0.429492 0.267188 0.00168705
6 0.471094 0.375781 0.407031 0.261719 0.00148392
13 0.455859 0.329688 0.558594 0.659375 0.00138283
11 0.484375 0.396875 0.482812 0.457813 0.00134087
12 0.54375 0.425391 0.678125 0.849219 0.00133514
12 0.512891 0.448047 0.592969 0.576563 0.00127888
12 0.70625 0.378906 0.5875 0.757812 0.00127411
21 0.500098 0.41875 0.429492 0.267188 0.00118351
13 0.880469 0.374902 0.239063 0.375195 0.00117874
12 0.642578 0.39375 0.714844 0.7875 0.00115108
12 0.876563 0.292578 0.246875 0.585156 0.00106907
19 0.56875 0.407813 0.271875 0.265625 0.00104809
14 0.484375 0.396875 0.482812 0.457813 0.00104809
1 0.880469 0.374902 0.239063 0.375195 0.00102806
24 0.497266 0.435937 0.402344 0.2625 0.167236
19 0.884766 0.377246 0.230469 0.351758 0.0888062
6 0.497266 0.435937 0.402344 0.2625 0.0552063
7 0.496484 0.434473 0.414844 0.299805 0.0524292
23 0.497266 0.435937 0.402344 0.2625 0.0389099
18 0.497266 0.435937 0.402344 0.2625 0.0321045
9 0.497266 0.435937 0.402344 0.2625 0.0256653
21 0.884766 0.377246 0.230469 0.351758 0.02211
16 0.497266 0.435937 0.402344 0.2625 0.0136337
4 0.496484 0.434473 0.414844 0.299805 0.0120544
14 0.495703 0.440234 0.439063 0.297656 0.011467
11 0.496484 0.434473 0.414844 0.299805 0.0101318
19 0.896094 0.165527 0.207813 0.331055 0.0088501
0 0.491406 0.435156 0.41875 0.275 0.0088501
2 0.497266 0.435937 0.402344 0.2625 0.00861359
19 0.549609 0.391504 0.314844 0.393555 0.00787354
21 0.896094 0.165527 0.207813 0.331055 0.00631332
15 0.496484 0.434473 0.414844 0.299805 0.00468063
0 0.489941 0.435547 0.526367 0.316406 0.00400543
12 0.489941 0.435547 0.526367 0.316406 0.00247192
6 0.489941 0.435547 0.526367 0.316406 0.00234222
2 0.489941 0.435547 0.526367 0.316406 0.00232315
18 0.489941 0.435547 0.526367 0.316406 0.00228691
19 0.898438 0.0977539 0.203125 0.195508 0.00225258
6 0.509473 0.434375 0.50918 0.696875 0.00218201
5 0.497266 0.435937 0.402344 0.2625 0.00215721
19 0.134375 0.113477 0.26875 0.226953 0.00161648
0 0.509473 0.434375 0.50918 0.696875 0.00161648
11 0.568066 0.342969 0.663867 0.685938 0.0015974
13 0.495703 0.440234 0.439063 0.297656 0.00153637
16 0.489941 0.435547 0.526367 0.316406 0.00153065
3 0.495703 0.440234 0.439063 0.297656 0.00151253
20 0.497266 0.435937 0.402344 0.2625 0.00147247
11 0.509473 0.434375 0.50918 0.696875 0.00136662
16 0.509473 0.434375 0.50918 0.696875 0.00136662
19 0.138477 0.157129 0.276953 0.314258 0.00129414
6 0.568066 0.342969 0.663867 0.685938 0.00128937
25 0.478027 0.436035 0.45957 0.32168 0.0012598
12 0.875781 0.304688 0.248438 0.567187 0.00125504
4 0.568066 0.342969 0.663867 0.685938 0.00125504
19 0.496484 0.434473 0.414844 0.299805 0.0012064
1 0.489941 0.435547 0.526367 0.316406 0.00119209
12 0.733008 0.350781 0.533984 0.701563 0.00115585
19 0.753125 0.565625 0.3125 0.265625 0.00113392
12 0.568066 0.342969 0.663867 0.685938 0.00113392
0 0.568066 0.342969 0.663867 0.685938 0.00110722
16 0.568066 0.342969 0.663867 0.685938 0.00104046
14 0.568066 0.342969 0.663867 0.685938 0.00103188
12 0.883594 0.42959 0.232813 0.243945 0.00102425
16 0.769531 0.682813 0.460938 0.439063 0.00102043
4 0.509473 0.434375 0.50918 0.696875 0.00101662
1 0.875781 0.304688 0.248438 0.567187 0.00101185
6 0.499219 0.432031 0.429688 0.285156 0.172729
23 0.499219 0.432031 0.429688 0.285156 0.122498
9 0.499219 0.432031 0.429688 0.285156 0.116333
24 0.499219 0.432031 0.429688 0.285156 0.0614319
7 0.496094 0.421484 0.420312 0.258594 0.0465393
2 0.499219 0.432031 0.429688 0.285156 0.0463867
18 0.496094 0.421484 0.420312 0.258594 0.041626
0 0.498828 0.429785 0.425781 0.293555 0.0403748
4 0.499219 0.432031 0.429688 0.285156 0.0384521
16 0.499219 0.432031 0.429688 0.285156 0.0352783
14 0.499219 0.432031 0.429688 0.285156 0.0280151
10 0.499219 0.432031 0.429688 0.285156 0.0162201
11 0.498828 0.429785 0.425781 0.293555 0.0145035
15 0.495313 0.423438 0.425 0.267188 0.0104065
25 0.499219 0.432031 0.429688 0.285156 0.00955963
20 0.499219 0.432031 0.429688 0.285156 0.0064621
5 0.499219 0.432031 0.429688 0.285156 0.00609589
3 0.496973 0.43584 0.41543 0.256445 0.00416565
19 0.524902 0.380078 0.31582 0.352344 0.00270462
12 0.496973 0.43584 0.41543 0.256445 0.00248146
19 0.496094 0.421484 0.420312 0.258594 0.00161648
17 0.492188 0.430859 0.436719 0.263281 0.00139904
19 0.871094 0.380859 0.257812 0.348438 0.00136185
1 0.492188 0.430859 0.436719 0.263281 0.00132465
1 0.689453 0.854883 0.203906 0.283984 0.00119686
9 0.504297 0.428516 0.424219 0.296094 0.11676
6 0.503516 0.420312 0.419531 0.283594 0.11554
14 0.501563 0.416016 0.416406 0.288281 0.055603
2 0.494141 0.412891 0.416406 0.278906 0.0531921
24 0.504297 0.428516 0.424219 0.296094 0.0499573
23 0.494141 0.412891 0.416406 0.278906 0.0486755
4 0.501563 0.416016 0.416406 0.288281 0.0479431
18 0.494141 0.412891 0.416406 0.278906 0.042572
0 0.494141 0.412891 0.416406 0.278906 0.0391846
7 0.494141 0.412891 0.416406 0.278906 0.03125
11 0.494141 0.412891 0.416406 0.278906 0.0228882
19 0.558594 0.396484 0.3125 0.383594 0.021286
20 0.503027 0.421973 0.42207 0.299805 0.0209656
16 0.504297 0.428516 0.424219 0.296094 0.0186157
5 0.503027 0.421973 0.42207 0.299805 0.0104904
3 0.494141 0.412891 0.416406 0.278906 0.00857544
15 0.494141 0.412891 0.416406 0.278906 0.00800323
10 0.501563 0.416016 0.416406 0.288281 0.00553513
25 0.501563 0.416016 0.416406 0.288281 0.00526047
19 0.553906 0.408203 0.289062 0.28125 0.00436401
19 0.498047 0.419922 0.417969 0.274219 0.00327301
12 0.489844 0.40625 0.427344 0.269531 0.00198746
16 0.489746 0.385156 0.454883 0.292969 0.00157356
12 0.509766 0.350391 0.514844 0.444531 0.00110722
13 0.489844 0.40625 0.427344 0.269531 0.00109482
6 0.495313 0.427441 0.430469 0.26543 0.0270691
19 0.547656 0.382129 0.313281 0.412305 0.0162201
9 0.497656 0.424316 0.424219 0.262305 0.0147324
7 0.495313 0.427441 0.430469 0.26543 0.0141144
16 0.497656 0.424316 0.424219 0.262305 0.0106506
18 0.495313 0.427441 0.430469 0.26543 0.00948334
14 0.492578 0.432813 0.43125 0.260938 0.00837708
2 0.495313 0.427441 0.430469 0.26543 0.00800323
4 0.495313 0.427441 0.430469 0.26543 0.00769424
24 0.497656 0.424316 0.424219 0.262305 0.00754929
12 0.654004 0.646094 0.691992 0.707812 0.00746155
23 0.495313 0.427441 0.430469 0.26543 0.00669098
11 0.492578 0.432813 0.43125 0.260938 0.00614548
0 0.492578 0.432813 0.43125 0.260938 0.00436401
13 0.654004 0.646094 0.691992 0.707812 0.00419998
12 0.596094 0.713281 0.326562 0.573438 0.00279045
3 0.492578 0.432813 0.43125 0.260938 0.00225258
12 0.67666 0.678418 0.629492 0.643164 0.00178242
12 0.761719 0.487402 0.476562 0.69707 0.00177479
15 0.500098 0.433594 0.420117 0.241406 0.0017271
19 0.881055 0.381641 0.237891 0.380469 0.00167465
5 0.495313 0.427441 0.430469 0.26543 0.00163555
13 0.596094 0.713281 0.326562 0.573438 0.00161076
1 0.492578 0.432813 0.43125 0.260938 0.00137234
12 0.496973 0.400684 0.443555 0.370508 0.00135612
10 0.492578 0.432813 0.43125 0.260938 0.00131989
12 0.492578 0.432813 0.43125 0.260938 0.00127411
21 0.881055 0.381641 0.237891 0.380469 0.0012064
12 0.76875 0.579297 0.43125 0.450781 0.00118828
13 0.881055 0.381641 0.237891 0.380469 0.00106907
19 0.495313 0.427441 0.430469 0.26543 0.00103664
24 0.492969 0.430469 0.425 0.275 0.341553
9 0.492969 0.430469 0.425 0.275 0.151489
6 0.492969 0.430469 0.425 0.275 0.0458679
18 0.495996 0.430078 0.423633 0.296094 0.0419312
4 0.494434 0.438672 0.423633 0.282031 0.0405273
16 0.496484 0.428516 0.419531 0.279687 0.0375977
7 0.495996 0.430078 0.423633 0.296094 0.0263519
14 0.494434 0.438672 0.423633 0.282031 0.0253754
15 0.494922 0.432715 0.430469 0.28457 0.0202484
0 0.494434 0.438672 0.423633 0.282031 0.0119629
2 0.488281 0.439063 0.43125 0.290625 0.0109482
20 0.492969 0.430469 0.425 0.275 0.0106506
23 0.492969 0.430469 0.425 0.275 0.00974274
11 0.494922 0.432715 0.430469 0.28457 0.00664139
5 0.492969 0.430469 0.425 0.275 0.0046463
25 0.488281 0.439063 0.43125 0.290625 0.0037365
3 0.491797 0.433496 0.424219 0.30332 0.00317192
12 0.494922 0.432715 0.430469 0.28457 0.00266266
19 0.500391 0.429297 0.424219 0.271094 0.00175476
13 0.496875 0.428223 0.454688 0.33418 0.00174141
17 0.490527 0.432813 0.426758 0.294531 0.00148964
8 0.490527 0.432813 0.426758 0.294531 0.00130463
1 0.51416 0.429297 0.387305 0.285156 0.00111198
9 0.495996 0.438281 0.439258 0.260938 0.144653
24 0.495996 0.438281 0.439258 0.260938 0.144653
7 0.490625 0.436328 0.442188 0.271875 0.134766
18 0.490625 0.436328 0.442188 0.271875 0.0897827
6 0.495996 0.438281 0.439258 0.260938 0.0680542
23 0.494922 0.430371 0.409375 0.28457 0.0190582
4 0.498535 0.433203 0.407617 0.270313 0.0189362
16 0.495996 0.438281 0.439258 0.260938 0.0105667
0 0.488281 0.43916 0.439063 0.279492 0.00993347
14 0.488281 0.43916 0.439063 0.279492 0.00993347
2 0.488281 0.43916 0.439063 0.279492 0.00963593
11 0.489453 0.438281 0.430469 0.279687 0.00557709
15 0.491797 0.436621 0.428906 0.267383 0.0041008
3 0.488281 0.43916 0.439063 0.279492 0.00296974
5 0.495996 0.438281 0.439258 0.260938 0.00214958
20 0.494141 0.433984 0.432031 0.261719 0.00188255
13 0.49209 0.430371 0.445508 0.286133 0.00135612
21 0.876953 0.39375 0.246094 0.353125 0.0012846
19 0.535254 0.410547 0.356055 0.378906 0.00118351
10 0.498535 0.433203 0.407617 0.270313 0.00109482
13 0.876953 0.39375 0.246094 0.353125 0.00100803
9 0.507715 0.433496 0.42832 0.27832 0.663574
24 0.507715 0.433496 0.42832 0.27832 0.24585
6 0.507715 0.433496 0.42832 0.27832 0.133911
18 0.507715 0.433496 0.42832 0.27832 0.111633
23 0.505469 0.42959 0.426563 0.276758 0.0558167
14 0.504687 0.442285 0.429688 0.262305 0.0514526
4 0.504687 0.442285 0.429688 0.262305 0.0451965
11 0.505859 0.442578 0.428906 0.255469 0.0322266
7 0.507715 0.433496 0.42832 0.27832 0.0322266
0 0.504687 0.442285 0.429688 0.262305 0.0219879
2 0.504687 0.442285 0.429688 0.262305 0.0214539
16 0.507715 0.433496 0.42832 0.27832 0.00881195
19 0.549219 0.392578 0.33125 0.414844 0.00803375
15 0.506641 0.430371 0.420312 0.27207 0.00803375
21 0.882812 0.388379 0.234375 0.35918 0.00626373
5 0.509375 0.431641 0.423438 0.280469 0.00602722
20 0.509375 0.431641 0.423438 0.280469 0.00475693
10 0.507715 0.433496 0.42832 0.27832 0.00411606
3 0.505859 0.442578 0.428906 0.255469 0.00388527
25 0.505078 0.440625 0.427344 0.259375 0.00259018
13 0.708594 0.684375 0.582812 0.63125 0.00244331
12 0.708594 0.684375 0.582812 0.63125 0.00212479
12 0.504687 0.442285 0.429688 0.262305 0.0015974
9 0.497266 0.42959 0.432813 0.293945 0.955078
24 0.497266 0.42959 0.432813 0.293945 0.70752
6 0.497266 0.42959 0.432813 0.293945 0.137573
18 0.497266 0.42959 0.432813 0.293945 0.125122
19 0.551562 0.393652 0.333594 0.433008 0.0718384
4 0.496094 0.425098 0.420312 0.285742 0.0488586
5 0.501563 0.429688 0.435937 0.296875 0.0460205
7 0.497266 0.42959 0.432813 0.293945 0.0352783
16 0.501172 0.428516 0.439063 0.286719 0.0187683
0 0.496094 0.425098 0.420312 0.285742 0.0186462
14 0.49375 0.429785 0.432813 0.298242 0.0171051
20 0.501563 0.429688 0.435937 0.296875 0.00933838
23 0.497266 0.42959 0.432813 0.293945 0.00821686
11 0.496094 0.425098 0.420312 0.285742 0.00695801
2 0.497266 0.428516 0.432031 0.305469 0.00609589
10 0.501172 0.428516 0.439063 0.286719 0.00468063
3 0.499121 0.418848 0.42832 0.293555 0.00446701
15 0.499121 0.423438 0.426758 0.299219 0.00253105
19 0.546094 0.414941 0.289062 0.28418 0.00217438
12 0.496484 0.417578 0.446094 0.33125 0.0014782
8 0.496094 0.425098 0.420312 0.285742 0.00133514
17 0.496094 0.425098 0.420312 0.285742 0.0012846
12 0.425781 0.641504 0.698438 0.716992 0.00116062
13 0.425781 0.641504 0.698438 0.716992 0.00107765
9 0.499219 0.425781 0.425 0.274219 0.357666
24 0.499219 0.425781 0.425 0.274219 0.0372009
4 0.49375 0.426563 0.427344 0.265625 0.0347595
14 0.49375 0.426563 0.427344 0.265625 0.0255585
6 0.500781 0.423535 0.435937 0.266992 0.0249329
18 0.499219 0.425781 0.425 0.274219 0.0217743
7 0.500781 0.423535 0.435937 0.266992 0.0156021
2 0.49375 0.426563 0.427344 0.265625 0.0150146
0 0.493359 0.425781 0.432813 0.280469 0.0147324
23 0.49375 0.426563 0.427344 0.265625 0.0115967
11 0.49834 0.425781 0.436133 0.25625 0.00658798
16 0.499219 0.426953 0.420312 0.278906 0.00372124
3 0.49834 0.425781 0.436133 0.25625 0.00158501
5 0.500391 0.425879 0.427344 0.268555 0.00153065
10 0.499219 0.425781 0.425 0.274219 0.00139904
15 0.499219 0.426953 0.420312 0.278906 0.00109482
1 0.495996 0.420703 0.43457 0.257031 0.00101662
9 0.498047 0.433203 0.432031 0.291406 0.916504
24 0.498047 0.433203 0.432031 0.291406 0.346924
4 0.498047 0.433203 0.432031 0.291406 0.112793
6 0.505469 0.430859 0.446875 0.285938 0.0402527
23 0.495703 0.43291 0.441406 0.281055 0.0342407
14 0.495703 0.43291 0.441406 0.281055 0.016983
18 0.498047 0.433203 0.432031 0.291406 0.0151291
2 0.499121 0.430371 0.443945 0.29082 0.0147858
7 0.50166 0.423535 0.460742 0.288867 0.00871277
0 0.503125 0.428906 0.451562 0.269531 0.00712204
11 0.500391 0.420703 0.467187 0.273438 0.00498199
5 0.505371 0.433594 0.44082 0.290625 0.00407028
15 0.50166 0.423535 0.460742 0.288867 0.00223351
16 0.505859 0.432715 0.442969 0.292383 0.00209999
19 0.885742 0.38291 0.228516 0.282617 0.00199509
19 0.141797 0.149023 0.283594 0.298047 0.00146103
25 0.505859 0.432715 0.442969 0.292383 0.00118828
3 0.500391 0.420703 0.467187 0.273438 0.00112915
10 0.505371 0.433594 0.44082 0.290625 0.00109005
9 0.49375 0.425781 0.435156 0.296875 0.903809
4 0.49375 0.425781 0.435156 0.296875 0.295898
14 0.492188 0.425781 0.4375 0.284375 0.0881958
24 0.49375 0.425781 0.435156 0.296875 0.058136
23 0.496191 0.426172 0.429492 0.303906 0.035553
0 0.497754 0.417188 0.43418 0.275 0.0147324
2 0.496875 0.433203 0.426563 0.296875 0.0124283
19 0.549219 0.392188 0.326562 0.41875 0.00989532
5 0.501172 0.433203 0.432031 0.299219 0.00806427
25 0.501172 0.433203 0.432031 0.299219 0.00803375
6 0.499219 0.425684 0.432813 0.292383 0.00421524
18 0.50166 0.422656 0.42793 0.275781 0.00356483
11 0.497754 0.417188 0.43418 0.275 0.00298119
19 0.882812 0.385547 0.234375 0.371094 0.00141048
7 0.497754 0.417188 0.43418 0.275 0.00114727
15 0.499219 0.425684 0.432813 0.292383 0.00107288
9 0.49541 0.433203 0.445117 0.291406 0.837402
4 0.496094 0.427246 0.451562 0.292383 0.432129
24 0.49541 0.433203 0.445117 0.291406 0.0479431
14 0.49541 0.433203 0.445117 0.291406 0.0334778
0 0.501563 0.414062 0.452344 0.284375 0.0333252
11 0.496875 0.391016 0.453125 0.324219 0.0316162
23 0.501563 0.428027 0.439844 0.301758 0.0205688
2 0.501172 0.41875 0.445312 0.313281 0.0100098
5 0.49541 0.433203 0.445117 0.291406 0.00933838
25 0.49541 0.433203 0.445117 0.291406 0.00784302
6 0.499902 0.411621 0.454883 0.300195 0.00436401
18 0.499902 0.411621 0.454883 0.300195 0.00188255
3 0.496875 0.391016 0.453125 0.324219 0.00162315
15 0.496875 0.391016 0.453125 0.324219 0.00123501
17 0.496875 0.391016 0.453125 0.324219 0.00106525
7 0.496875 0.391016 0.453125 0.324219 0.00103188
9 0.498828 0.432422 0.438281 0.285156 0.280518
11 0.48125 0.419531 0.417188 0.229687 0.0414734
2 0.493848 0.429688 0.437305 0.265625 0.0327148
6 0.480859 0.421973 0.414844 0.216992 0.0305023
4 0.498828 0.432422 0.438281 0.285156 0.0278473
23 0.493848 0.429688 0.437305 0.265625 0.026062
14 0.493848 0.429688 0.437305 0.265625 0.0206451
7 0.480859 0.421973 0.414844 0.216992 0.0204163
24 0.502246 0.435547 0.442383 0.289062 0.0142822
18 0.500781 0.430566 0.442188 0.266992 0.0141754
12 0.84707 0.343164 0.305859 0.544922 0.00818634
12 0.79375 0.313281 0.4125 0.597656 0.00766754
0 0.493848 0.429688 0.437305 0.265625 0.00712204
24 0.465527 0.433203 0.38457 0.234375 0.00416565
13 0.716797 0.651172 0.566406 0.697656 0.00411606
3 0.48125 0.419531 0.417188 0.229687 0.0039444
12 0.716797 0.651172 0.566406 0.697656 0.00382423
19 0.562891 0.398535 0.319531 0.429492 0.00370789
6 0.490234 0.432422 0.446094 0.288281 0.00332451
16 0.500781 0.430566 0.442188 0.266992 0.00319672
7 0.502246 0.435547 0.442383 0.289062 0.00254059
13 0.872266 0.348828 0.255469 0.534375 0.00218201
13 0.79375 0.313281 0.4125 0.597656 0.00176811
13 0.883203 0.378516 0.233594 0.367969 0.00167465
6 0.386719 0.435156 0.235156 0.166406 0.0016489
7 0.386719 0.435156 0.235156 0.166406 0.00161076
12 0.874023 0.374219 0.251953 0.45625 0.00153637
10 0.500781 0.430566 0.442188 0.266992 0.00135136
12 0.642969 0.648438 0.714063 0.703125 0.00123024
12 0.860938 0.332227 0.278125 0.590234 0.00111198
13 0.642969 0.648438 0.714063 0.703125 0.00102425
9 0.5 0.425 0.433594 0.300781 0.880859
4 0.5 0.425 0.433594 0.300781 0.201782
14 0.499609 0.425 0.43125 0.285938 0.0437012
2 0.499609 0.424316 0.440625 0.298242 0.0432129
23 0.499609 0.425 0.43125 0.285938 0.035553
6 0.499609 0.424316 0.440625 0.298242 0.0214081
11 0.49834 0.419531 0.42832 0.267188 0.0124283
24 0.5 0.431934 0.432813 0.27832 0.0086441
0 0.49834 0.419531 0.42832 0.267188 0.00551224
19 0.551562 0.39541 0.326562 0.413867 0.00518036
18 0.500098 0.429297 0.435742 0.279687 0.00436401
7 0.502246 0.420703 0.426758 0.289844 0.00329781
16 0.499609 0.424316 0.440625 0.298242 0.00169373
3 0.49834 0.419531 0.42832 0.267188 0.00148964
5 0.50166 0.429297 0.423242 0.275781 0.00109863
9 0.497266 0.420996 0.429688 0.28457 0.994629
4 0.497266 0.420996 0.429688 0.28457 0.513672
24 0.497266 0.420996 0.429688 0.28457 0.160767
19 0.55625 0.396875 0.323438 0.428125 0.0974121
6 0.496973 0.419531 0.432617 0.303125 0.0720825
11 0.491406 0.399902 0.44375 0.323633 0.0554199
23 0.497266 0.420996 0.429688 0.28457 0.0427246
14 0.497266 0.420996 0.429688 0.28457 0.0257568
2 0.505469 0.423047 0.432813 0.286719 0.0249939
18 0.490234 0.417578 0.435937 0.277344 0.0140076
12 0.495215 0.417188 0.461133 0.351562 0.00728989
5 0.497266 0.420996 0.429688 0.28457 0.00407028
0 0.490234 0.417578 0.435937 0.277344 0.00261116
7 0.49209 0.41084 0.439258 0.287695 0.0024929
13 0.495215 0.417188 0.461133 0.351562 0.00206757
25 0.497266 0.420996 0.429688 0.28457 0.00190449
1 0.495215 0.417188 0.461133 0.351562 0.00188923
3 0.491406 0.399902 0.44375 0.323633 0.00161648
17 0.491406 0.399902 0.44375 0.323633 0.00117397
9 0.500781 0.438672 0.45 0.3375 0.980469
4 0.500781 0.438672 0.45 0.3375 0.861328
14 0.502734 0.442969 0.455469 0.348438 0.133423
23 0.500781 0.438672 0.45 0.3375 0.121277
6 0.500781 0.438672 0.45 0.3375 0.0258636
2 0.502441 0.433984 0.437305 0.319531 0.0253754
5 0.497656 0.447559 0.451562 0.35332 0.0183411
24 0.500391 0.438379 0.452344 0.337305 0.0136871
18 0.502441 0.433984 0.437305 0.319531 0.011734
10 0.497656 0.447559 0.451562 0.35332 0.00559998
11 0.500684 0.446191 0.456445 0.370117 0.00547028
0 0.500684 0.446191 0.456445 0.370117 0.00468063
15 0.497656 0.447559 0.451562 0.35332 0.00436401
25 0.502734 0.443652 0.45625 0.342383 0.00221634
0 0.743164 0.577734 0.513672 0.803906 0.00143242
20 0.497656 0.447559 0.451562 0.35332 0.00125504
7 0.501953 0.439063 0.455469 0.317188 0.00117397
16 0.503027 0.443359 0.461133 0.329688 0.0011158
9 0.494629 0.424316 0.43418 0.29043 0.635254
6 0.503906 0.419922 0.448438 0.285938 0.147583
24 0.503906 0.419922 0.448438 0.285938 0.128052
7 0.501172 0.411621 0.452344 0.283008 0.058136
4 0.495215 0.424121 0.429883 0.301758 0.0375977
18 0.500781 0.423438 0.433594 0.275 0.0301056
11 0.498437 0.408203 0.444531 0.280469 0.0296478
2 0.491797 0.427734 0.44375 0.305469 0.00967407
23 0.495215 0.424121 0.429883 0.301758 0.00356483
3 0.498437 0.408203 0.444531 0.280469 0.003088
14 0.495215 0.424121 0.429883 0.301758 0.00186062
16 0.498437 0.408203 0.444531 0.280469 0.0012846
12 0.499219 0.397754 0.469531 0.34043 0.00122547
0 0.491797 0.427734 0.44375 0.305469 0.00109005
9 0.502344 0.437598 0.435937 0.307617 0.569824
4 0.502344 0.437598 0.435937 0.307617 0.362061
23 0.496875 0.420996 0.435156 0.295508 0.0564575
6 0.500098 0.41709 0.44043 0.292383 0.0185089
2 0.503223 0.439844 0.423242 0.299219 0.00963593
14 0.497266 0.432031 0.435156 0.307813 0.00871277
19 0.55 0.398535 0.290625 0.401367 0.00831604
18 0.500098 0.41709 0.44043 0.292383 0.0068512
24 0.502344 0.437598 0.435937 0.307617 0.00638962
0 0.500098 0.41709 0.44043 0.292383 0.00609589
15 0.500098 0.41709 0.44043 0.292383 0.00591278
11 0.500098 0.41709 0.44043 0.292383 0.00341606
4 0.453223 0.439453 0.226367 0.164062 0.00224304
7 0.500098 0.41709 0.44043 0.292383 0.0016613
11 0.632715 0.783008 0.617383 0.433984 0.00162315
25 0.497266 0.432031 0.435156 0.307813 0.00146103
5 0.497266 0.432031 0.435156 0.307813 0.00144386
12 0.496875 0.400098 0.4625 0.338867 0.00104046
9 0.482812 0.421875 0.444531 0.309375 0.991699
24 0.484766 0.429688 0.439844 0.307031 0.146118
18 0.484766 0.429688 0.439844 0.307031 0.128052
6 0.482812 0.421875 0.444531 0.309375 0.118408
7 0.489063 0.438281 0.43125 0.292188 0.0769653
4 0.498437 0.419531 0.444531 0.288281 0.036499
19 0.551562 0.401172 0.323438 0.427344 0.0115509
11 0.49209 0.390234 0.448633 0.330469 0.011467
2 0.494922 0.416504 0.444531 0.306055 0.0105667
23 0.494922 0.426563 0.446094 0.301563 0.00828552
0 0.498437 0.419531 0.444531 0.288281 0.00614548
10 0.498047 0.42959 0.442188 0.292383 0.0055542
16 0.495313 0.431934 0.45 0.300195 0.0049057
14 0.498437 0.419531 0.444531 0.288281 0.00169373
5 0.498047 0.42959 0.442188 0.292383 0.00154877
13 0.480078 0.300391 0.502344 0.546094 0.00133514
9 0.504297 0.429297 0.446094 0.305469 0.882324
4 0.507031 0.427246 0.446875 0.30332 0.185303
23 0.507031 0.427246 0.446875 0.30332 0.0246124
6 0.508984 0.428027 0.450781 0.320508 0.0214539
0 0.50625 0.420312 0.45625 0.290625 0.0171814
18 0.504297 0.429297 0.446094 0.305469 0.012825
14 0.505859 0.435156 0.451562 0.2875 0.0127258
2 0.505078 0.429688 0.439844 0.299219 0.00971222
24 0.504297 0.429297 0.446094 0.305469 0.008255
10 0.505859 0.435156 0.451562 0.2875 0.00769424
7 0.505859 0.435156 0.451562 0.2875 0.00439835
19 0.566797 0.401953 0.330469 0.430469 0.0036068
16 0.505859 0.435156 0.451562 0.2875 0.0024929
15 0.50625 0.420312 0.45625 0.290625 0.00160408
5 0.50625 0.429688 0.445312 0.325781 0.00129414
11 0.50625 0.420312 0.45625 0.290625 0.0012064
9 0.496875 0.435059 0.4375 0.283008 0.995117
24 0.496875 0.435059 0.4375 0.283008 0.103027
18 0.496875 0.435059 0.4375 0.283008 0.0786133
4 0.494922 0.436816 0.428125 0.287305 0.0409851
19 0.553125 0.395313 0.3125 0.419531 0.0325928
23 0.496875 0.435059 0.4375 0.283008 0.0177765
6 0.499219 0.424121 0.429688 0.283008 0.0164032
11 0.499219 0.424121 0.429688 0.283008 0.014061
0 0.497266 0.424316 0.421875 0.273242 0.00740433
2 0.494922 0.436816 0.428125 0.287305 0.00669098
10 0.497266 0.424316 0.421875 0.273242 0.0055542
20 0.494531 0.438672 0.4375 0.294531 0.00388527
16 0.499902 0.437891 0.439258 0.297656 0.00247192
5 0.497266 0.424316 0.421875 0.273242 0.00237846
3 0.499219 0.424121 0.429688 0.283008 0.00137234
7 0.499219 0.424121 0.429688 0.283008 0.00121593
14 0.494531 0.438672 0.4375 0.294531 0.00117397
6 0.496094 0.412109 0.428125 0.302344 0.467773
9 0.494531 0.419141 0.434375 0.292188 0.286865
23 0.494531 0.419141 0.434375 0.292188 0.132935
4 0.494434 0.426172 0.425195 0.2875 0.0535889
19 0.551953 0.393359 0.317969 0.419531 0.0206451
2 0.495703 0.401172 0.429688 0.310156 0.0205231
14 0.494434 0.426172 0.425195 0.2875 0.0125732
11 0.496094 0.412109 0.428125 0.302344 0.0123367
18 0.496094 0.412109 0.428125 0.302344 0.0107346
10 0.49541 0.414844 0.42793 0.301563 0.00763702
24 0.493359 0.425781 0.430469 0.29375 0.0039444
15 0.496094 0.412109 0.428125 0.302344 0.00383949
25 0.495215 0.422266 0.436133 0.29375 0.00353813
7 0.496094 0.412109 0.428125 0.302344 0.00309944
3 0.496094 0.412109 0.428125 0.302344 0.00227928
0 0.496094 0.412109 0.428125 0.302344 0.00176811
1 0.495703 0.413672 0.433594 0.307031 0.00118828
9 0.494141 0.442969 0.439844 0.299219 0.964844
18 0.494141 0.442969 0.439844 0.299219 0.0579224
4 0.500781 0.440625 0.44375 0.300781 0.0381775
19 0.55 0.397656 0.325781 0.432031 0.0339661
24 0.494141 0.442969 0.439844 0.299219 0.033844
6 0.493359 0.442871 0.436719 0.301758 0.026062
23 0.500781 0.440625 0.44375 0.300781 0.021698
0 0.503809 0.438379 0.44082 0.295117 0.00748825
2 0.500781 0.440625 0.44375 0.300781 0.00600433
7 0.5 0.442871 0.439844 0.289258 0.00247192
16 0.5 0.442871 0.439844 0.289258 0.00228691
10 0.500781 0.440625 0.44375 0.300781 0.00191212
15 0.5 0.442871 0.439844 0.289258 0.00101662
9 0.500391 0.436621 0.446875 0.304883 0.958496
6 0.50166 0.434277 0.445117 0.300195 0.172729
4 0.500879 0.430469 0.451367 0.296094 0.0405273
24 0.500391 0.436621 0.446875 0.304883 0.0258636
18 0.500391 0.436621 0.446875 0.304883 0.0151901
23 0.500879 0.430469 0.451367 0.296094 0.0106125
2 0.500879 0.430469 0.451367 0.296094 0.0103302
19 0.549219 0.388184 0.317188 0.389258 0.00948334
0 0.500781 0.432813 0.457813 0.298438 0.00413513
16 0.500879 0.430469 0.451367 0.296094 0.00370789
10 0.500879 0.430469 0.451367 0.296094 0.00329781
11 0.49375 0.428223 0.436719 0.298242 0.00311089
14 0.497656 0.439746 0.436719 0.286133 0.00172043
7 0.490625 0.424609 0.428906 0.28125 0.0017004
9 0.506641 0.44541 0.427344 0.288867 0.870605
19 0.541406 0.401465 0.326562 0.414258 0.0476074
4 0.503906 0.440234 0.435156 0.282813 0.0330811
6 0.503516 0.44375 0.433594 0.289844 0.0261993
24 0.506641 0.44541 0.427344 0.288867 0.0176392
18 0.503906 0.440234 0.435156 0.282813 0.0153046
23 0.503906 0.440234 0.435156 0.282813 0.0110321
2 0.503906 0.440234 0.435156 0.282813 0.00815582
4 0.553906 0.375781 0.21875 0.154688 0.0037365
4 0.671094 0.0988037 0.21875 0.167627 0.00317192
4 0.907813 0.592578 0.184375 0.163281 0.00265312
0 0.505469 0.441406 0.439063 0.278125 0.00263214
11 0.508203 0.436719 0.452344 0.292969 0.00239754
16 0.503906 0.440234 0.435156 0.282813 0.0020752
10 0.505469 0.441406 0.439063 0.278125 0.00119686
15 0.510156 0.446875 0.4375 0.283594 0.0011034
9 0.501563 0.440527 0.432813 0.317383 0.967773
4 0.502734 0.440625 0.446875 0.307813 0.294189
24 0.502734 0.440625 0.446875 0.307813 0.0218658
0 0.504687 0.441406 0.448438 0.310156 0.0105667
6 0.502344 0.436719 0.460938 0.314844 0.00612259
11 0.505566 0.433984 0.448242 0.307031 0.00564194
19 0.552734 0.403223 0.315625 0.412305 0.00340271
5 0.502734 0.440625 0.446875 0.307813 0.00277901
23 0.502734 0.440625 0.446875 0.307813 0.00273705
15 0.502734 0.440625 0.446875 0.307813 0.00230598
18 0.501563 0.440527 0.432813 0.317383 0.00194168
25 0.502734 0.440625 0.446875 0.307813 0.00161076
9 0.486328 0.431348 0.401563 0.279492 0.98877
24 0.488672 0.433203 0.399219 0.271094 0.044342
4 0.487891 0.432422 0.411719 0.278906 0.0088501
19 0.527344 0.374414 0.388281 0.388672 0.00725937
6 0.484766 0.435156 0.396094 0.284375 0.0050621
18 0.486328 0.431348 0.401563 0.279492 0.00492477
0 0.487891 0.428125 0.408594 0.264062 0.00382423
16 0.487891 0.428125 0.408594 0.264062 0.00353813
5 0.485156 0.433984 0.401563 0.285156 0.00189686
2 0.486328 0.429004 0.408594 0.27168 0.00174141
10 0.488672 0.433203 0.399219 0.271094 0.00136662
23 0.487891 0.428125 0.408594 0.264062 0.00116062
9 0.497754 0.443848 0.44043 0.312305 0.98877
4 0.494141 0.440234 0.447656 0.310156 0.42334
24 0.500098 0.449219 0.449805 0.325 0.0307922
18 0.500098 0.449219 0.449805 0.325 0.0136337
6 0.499609 0.441797 0.432813 0.294531 0.0134811
23 0.497754 0.443848 0.44043 0.312305 0.00834656
15 0.498535 0.449902 0.448242 0.336133 0.00775528
5 0.499902 0.449121 0.45332 0.350195 0.00653839
10 0.498535 0.449902 0.448242 0.336133 0.00471878
0 0.499902 0.449121 0.45332 0.350195 0.00446701
19 0.554297 0.38584 0.341406 0.395508 0.00305176
14 0.494141 0.440234 0.447656 0.310156 0.00283432
2 0.5 0.442871 0.440625 0.308008 0.00281143
16 0.503516 0.460547 0.457813 0.303125 0.00161076
11 0.500391 0.438672 0.449219 0.31875 0.0012064
9 0.501465 0.439941 0.437695 0.29668 0.994141
19 0.544922 0.392969 0.316406 0.388281 0.0214539
4 0.505078 0.433691 0.439844 0.270117 0.0134277
24 0.501465 0.439941 0.437695 0.29668 0.0088501
6 0.496094 0.438184 0.43125 0.293945 0.00871277
2 0.496875 0.436719 0.429688 0.294531 0.00457382
18 0.496484 0.430371 0.432031 0.273633 0.00407028
0 0.496484 0.430371 0.432031 0.273633 0.0020752
5 0.500879 0.438965 0.438867 0.295508 0.00151253
16 0.505078 0.433691 0.439844 0.270117 0.00109482
9 0.50625 0.429004 0.453125 0.324805 0.999023
19 0.553906 0.399219 0.366406 0.442188 0.187134
24 0.505469 0.434375 0.457813 0.307813 0.0381775
6 0.505859 0.428223 0.450781 0.32793 0.0344849
2 0.497266 0.415625 0.455469 0.320312 0.00971222
4 0.50459 0.432031 0.448633 0.328125 0.00837708
18 0.504297 0.430078 0.460156 0.305469 0.00605011
11 0.497266 0.415625 0.455469 0.320312 0.00184631
19 0.759375 0.542188 0.348438 0.459375 0.00183105
7 0.504297 0.430078 0.460156 0.305469 0.00176811
16 0.503906 0.423828 0.457031 0.316406 0.00129414
16 0.752344 0.605859 0.38125 0.385156 0.00126934
23 0.504297 0.430078 0.460156 0.305469 0.00115108
0 0.504297 0.430078 0.460156 0.305469 0.00114727
9 0.456348 0.400098 0.376367 0.293555 0.0011034
9 0.510547 0.44375 0.454688 0.314063 0.996582
4 0.505371 0.442969 0.464258 0.3125 0.894043
6 0.50625 0.44375 0.457031 0.311719 0.0127258
5 0.501953 0.441406 0.464844 0.332813 0.0105667
24 0.504785 0.438965 0.470117 0.320508 0.00800323
14 0.505371 0.442969 0.464258 0.3125 0.00695801
25 0.503906 0.444141 0.463281 0.317969 0.00194168
10 0.507422 0.441406 0.460156 0.325 0.00179577
23 0.511328 0.445312 0.458594 0.313281 0.00152493
2 0.510938 0.445996 0.445312 0.304883 0.00118828
9 0.500879 0.426465 0.451367 0.27832 0.996582
4 0.506641 0.423828 0.452344 0.280469 0.0607605
24 0.503125 0.428809 0.438281 0.281445 0.0103302
6 0.500781 0.422266 0.44375 0.276563 0.00397491
0 0.506934 0.435937 0.454883 0.282031 0.00181007
2 0.507129 0.424902 0.449805 0.279883 0.00167465
18 0.506934 0.435937 0.454883 0.282031 0.00151253
23 0.507129 0.424902 0.449805 0.279883 0.00118351
9 0.503223 0.44209 0.437305 0.317383 0.953125
4 0.500684 0.441797 0.429883 0.3125 0.38208
24 0.503809 0.442188 0.429883 0.310156 0.00679779
23 0.500684 0.441797 0.429883 0.3125 0.00591278
25 0.500684 0.441797 0.429883 0.3125 0.00468063
18 0.504004 0.439746 0.435742 0.30332 0.00292397
0 0.504004 0.439746 0.435742 0.30332 0.00269318
5 0.500684 0.441797 0.429883 0.3125 0.00245285
6 0.500684 0.436719 0.42832 0.309375 0.00223351
10 0.504004 0.439746 0.435742 0.30332 0.00137806
14 0.500391 0.438184 0.432031 0.311133 0.00109863
9 0.501465 0.438672 0.44082 0.288281 0.97998
4 0.503125 0.445703 0.425781 0.283594 0.281494
24 0.502344 0.440625 0.432813 0.284375 0.00333786
6 0.502344 0.440625 0.432813 0.284375 0.00243378
25 0.504004 0.440527 0.445117 0.275195 0.00135136
14 0.502734 0.444141 0.442969 0.282031 0.0012207
5 0.501465 0.438672 0.44082 0.288281 0.0011692
9 0.489453 0.438184 0.405469 0.300195 0.635254
4 0.493359 0.43916 0.421875 0.304492 0.625977
14 0.497266 0.435937 0.432031 0.295312 0.00221634
25 0.498437 0.433984 0.432031 0.297656 0.00195694
24 0.493359 0.43916 0.421875 0.304492 0.0016489
22 0.493652 0.436328 0.42207 0.304688 0.00139904
5 0.493652 0.436328 0.42207 0.304688 0.00114727
9 0.508594 0.437891 0.436719 0.292969 0.946777
4 0.503809 0.436035 0.443945 0.29668 0.0179901
24 0.50791 0.436328 0.41543 0.286719 0.00757599
6 0.503516 0.435547 0.413281 0.275781 0.00551224
23 0.503809 0.436035 0.443945 0.29668 0.00139904
18 0.503809 0.436035 0.443945 0.29668 0.00123024
5 0.506348 0.438672 0.42793 0.2875 0.00107765
9 0.497266 0.432031 0.407031 0.290625 0.956055
4 0.489453 0.431152 0.4125 0.283008 0.0630493
6 0.499219 0.433594 0.398438 0.276563 0.00365067
24 0.483984 0.429004 0.421094 0.281055 0.00301552
0 0.502246 0.435937 0.433008 0.290625 0.00228691
5 0.502246 0.435937 0.433008 0.290625 0.00136185
2 0.497559 0.435937 0.41582 0.2875 0.00113773
9 0.507031 0.427246 0.432031 0.283008 0.95752
4 0.507031 0.430078 0.425 0.279687 0.01297
6 0.50625 0.431641 0.4125 0.272656 0.00834656
24 0.5 0.420996 0.4375 0.279883 0.00293541
9 0.491016 0.410156 0.416406 0.253125 0.967773
6 0.488281 0.417285 0.401563 0.248242 0.00674438
24 0.491016 0.410156 0.416406 0.253125 0.00382423
4 0.486621 0.420703 0.401758 0.261719 0.00212479
9 0.49541 0.417188 0.45293 0.309375 0.943359
6 0.496191 0.419629 0.451367 0.307617 0.0658569
24 0.502344 0.420996 0.442188 0.292383 0.00494385
16 0.50166 0.41709 0.448242 0.306445 0.00134087
9 0.494141 0.420215 0.424219 0.286133 0.949707
4 0.491016 0.416797 0.432031 0.288281 0.0273285
24 0.488672 0.418848 0.433594 0.287305 0.0106964
6 0.493652 0.41875 0.429883 0.290625 0.00723267
19 0.540234 0.389844 0.334375 0.429688 0.00200272
2 0.503516 0.415234 0.464844 0.291406 0.00109005
9 0.496484 0.421484 0.430469 0.289844 0.878418
24 0.494629 0.418652 0.429492 0.29082 0.0262604
6 0.494629 0.418652 0.429492 0.29082 0.00871277
4 0.498828 0.418848 0.4375 0.29043 0.00619125
19 0.545313 0.382031 0.328125 0.382812 0.00438309
9 0.483984 0.424902 0.408594 0.27207 0.936035
6 0.483984 0.424902 0.408594 0.27207 0.0183411
4 0.485156 0.423047 0.3875 0.260938 0.0147858
24 0.492969 0.424316 0.400781 0.25293 0.00568771
9 0.524219 0.412402 0.317188 0.239258 0.00419998
19 0.548438 0.392969 0.315625 0.401563 0.00335121
9 0.496094 0.421094 0.440625 0.296094 0.916504
4 0.503906 0.424902 0.419531 0.28457 0.0800781
6 0.493359 0.418848 0.438281 0.281055 0.00905609
24 0.493359 0.418848 0.438281 0.281055 0.00340271
2 0.493359 0.418848 0.438281 0.281055 0.00177479
9 0.505859 0.429688 0.433594 0.276563 0.948242
4 0.503027 0.425 0.443945 0.271094 0.0195007
6 0.501953 0.427344 0.447656 0.272656 0.00538635
24 0.505566 0.422266 0.456055 0.270313 0.00527954
9 0.496973 0.424219 0.43418 0.289844 0.958496
4 0.497266 0.424609 0.438281 0.292969 0.013588
24 0.499609 0.425391 0.416406 0.283594 0.0135345
6 0.498437 0.425 0.433594 0.292188 0.00821686
9 0.486719 0.42334 0.39375 0.26582 0.959473
4 0.486719 0.42334 0.39375 0.26582 0.0214844
6 0.487402 0.422656 0.401758 0.270313 0.00905609
24 0.484277 0.421094 0.411133 0.269531 0.00428009
9 0.501465 0.429688 0.433008 0.289062 0.960449
4 0.5 0.428809 0.440625 0.286133 0.167725
6 0.497754 0.428516 0.426367 0.282813 0.00385475
24 0.497656 0.430371 0.425 0.281445 0.00152493
9 0.49209 0.432422 0.41582 0.274219 0.921875
6 0.495313 0.436621 0.428906 0.279883 0.00967407
4 0.498047 0.434375 0.439063 0.279687 0.0085144
24 0.49541 0.438281 0.441992 0.28125 0.00365067
16 0.494629 0.430469 0.429492 0.280469 0.00181007
2 0.496777 0.430469 0.431445 0.280469 0.00137806
19 0.557031 0.405566 0.310156 0.420117 0.00133514
9 0.509766 0.436035 0.457031 0.27168 0.899902
4 0.508984 0.439063 0.457031 0.278906 0.123779
6 0.510938 0.438184 0.459375 0.276758 0.0195007
24 0.509766 0.439844 0.447656 0.26875 0.0037365
9 0.500781 0.431934 0.426563 0.270508 0.974609
4 0.500391 0.433984 0.43125 0.269531 0.0188293
6 0.5 0.432422 0.434375 0.272656 0.00658798
24 0.5 0.432422 0.434375 0.272656 0.00572968
9 0.495313 0.430078 0.404687 0.2625 0.888184
4 0.500781 0.43125 0.428125 0.261719 0.138428
24 0.505078 0.430469 0.438281 0.265625 0.00518036
6 0.5 0.430859 0.425781 0.267188 0.00323486
9 0.505859 0.433594 0.439844 0.284375 0.888672
4 0.502344 0.433984 0.453125 0.289062 0.263672
6 0.507031 0.432422 0.430469 0.274219 0.00413513
24 0.505566 0.432422 0.45918 0.289844 0.00392914
9 0.497656 0.427734 0.411719 0.264844 0.899902
4 0.5 0.427441 0.426563 0.268555 0.0165253
6 0.496484 0.435156 0.424219 0.264062 0.0050621
24 0.501563 0.425684 0.432813 0.270508 0.00353813
9 0.509375 0.434375 0.439844 0.289062 0.84375
4 0.507422 0.438672 0.439844 0.285938 0.130249
6 0.501953 0.440625 0.428906 0.285156 0.00806427
24 0.496875 0.435937 0.416406 0.271094 0.00208282
2 0.505078 0.434375 0.432031 0.282813 0.00106907
9 0.51084 0.432031 0.439258 0.28125 0.808105
4 0.513184 0.434473 0.450195 0.29043 0.0481262
6 0.511719 0.434766 0.434375 0.270313 0.00624084
24 0.507422 0.435059 0.442969 0.286133 0.00605011
16 0.516504 0.431348 0.454492 0.288867 0.0014782
9 0.508203 0.4375 0.43125 0.26875 0.629883
4 0.507715 0.441309 0.42832 0.273633 0.389648
24 0.507715 0.441309 0.42832 0.273633 0.00265312
6 0.507422 0.435937 0.425781 0.2625 0.00159168
9 0.500391 0.429688 0.403906 0.254688 0.853027
4 0.501172 0.432031 0.404687 0.25625 0.0726318
6 0.499609 0.430859 0.399219 0.252344 0.00985718
24 0.500391 0.432031 0.408594 0.260938 0.00530243
9 0.496094 0.428516 0.399219 0.253125 0.604004
4 0.496094 0.428516 0.399219 0.253125 0.215332
24 0.494922 0.430078 0.395313 0.255469 0.00524139
6 0.496484 0.429297 0.395313 0.253906 0.00301552
2 0.501172 0.429688 0.407031 0.253906 0.00186062
9 0.499219 0.429004 0.401563 0.24668 0.640625
4 0.499609 0.429297 0.405469 0.248438 0.113159
24 0.496875 0.428125 0.397656 0.248438 0.0137405
6 0.498828 0.427734 0.400781 0.248438 0.0086441
9 0.499219 0.432031 0.399219 0.246875 0.813965
4 0.496875 0.433984 0.403906 0.249219 0.0164032
24 0.496875 0.433984 0.403906 0.249219 0.0100555
6 0.497266 0.430371 0.400781 0.248633 0.00775528
2 0.539453 0.419434 0.396875 0.298633 0.00136185
9 0.488672 0.433984 0.38125 0.250781 0.583008
4 0.488281 0.435547 0.394531 0.257812 0.279785
6 0.487891 0.433594 0.385938 0.25 0.00669098
24 0.487598 0.435547 0.388867 0.250781 0.00332451
2 0.539453 0.421777 0.386719 0.292383 0.00121593
9 0.491406 0.434766 0.389062 0.259375 0.819824
4 0.492969 0.436816 0.407813 0.266992 0.105591
6 0.491016 0.434277 0.395313 0.256445 0.00734711
24 0.489844 0.435937 0.396875 0.257812 0.00337601
9 0.499609 0.435156 0.410156 0.273438 0.679199
4 0.500781 0.437891 0.423438 0.278125 0.247314
6 0.499121 0.434766 0.411133 0.271094 0.00912476
24 0.497656 0.436719 0.414062 0.275 0.00338936
9 0.510547 0.433984 0.43125 0.271094 0.629883
4 0.507812 0.437109 0.4375 0.278125 0.269043
6 0.506641 0.433984 0.430469 0.26875 0.00905609
24 0.503906 0.435937 0.43125 0.271875 0.00439835
9 0.50166 0.434766 0.407617 0.253906 0.805664
4 0.501172 0.436719 0.421094 0.264844 0.125122
6 0.498828 0.435254 0.4125 0.257617 0.008255
24 0.502734 0.436328 0.430469 0.270313 0.0037365
9 0.50625 0.43291 0.423438 0.262305 0.833496
4 0.502344 0.436328 0.425781 0.267969 0.136108
6 0.502441 0.433594 0.42168 0.265625 0.00740433
24 0.499121 0.434473 0.41582 0.266992 0.00457382
9 0.507422 0.437402 0.425 0.270508 0.878418
4 0.503906 0.441406 0.435937 0.276563 0.0705566
6 0.503906 0.437598 0.428906 0.274805 0.0104904
24 0.504687 0.437891 0.442969 0.283594 0.00426483
9 0.503125 0.433496 0.409375 0.262695 0.839844
4 0.500879 0.437402 0.416992 0.26582 0.064209
24 0.498828 0.435156 0.417969 0.270313 0.00609589
6 0.498828 0.433496 0.410156 0.261133 0.00521851
9 0.499121 0.432715 0.400195 0.251758 0.924316
4 0.496484 0.435937 0.407031 0.254688 0.0319824
6 0.494922 0.435156 0.402344 0.257031 0.0109024
24 0.493359 0.435156 0.410156 0.258594 0.00466537
9 0.496875 0.433594 0.401563 0.253906 0.869629
4 0.494141 0.435547 0.407813 0.25625 0.0621033
6 0.493359 0.434375 0.404687 0.25625 0.00837708
24 0.491309 0.435156 0.40332 0.257812 0.00566483
9 0.497656 0.433594 0.417188 0.264844 0.858887
4 0.494922 0.434766 0.415625 0.264844 0.0222473
6 0.494922 0.433203 0.410156 0.261719 0.0110703
24 0.492188 0.433594 0.415625 0.270313 0.0042305
2 0.497656 0.433594 0.417188 0.264844 0.00119209
9 0.503516 0.431934 0.421094 0.26582 0.855957
4 0.5 0.431934 0.427344 0.273633 0.035675
6 0.499219 0.432422 0.420312 0.267969 0.01017
24 0.500684 0.430859 0.433008 0.279687 0.00469971
9 0.500391 0.432129 0.408594 0.26543 0.871582
4 0.499219 0.433496 0.420312 0.27207 0.0384521
6 0.497266 0.433203 0.411719 0.263281 0.00941467
24 0.498828 0.432031 0.425781 0.278125 0.00407028
9 0.503906 0.433594 0.422656 0.263281 0.904785
4 0.500098 0.435156 0.426367 0.270313 0.0167847
6 0.498437 0.433691 0.415625 0.262305 0.00978088
24 0.497754 0.432715 0.426367 0.275195 0.00455475
9 0.499219 0.433691 0.410156 0.260742 0.923828
4 0.497266 0.433984 0.414844 0.265625 0.0231934
6 0.495703 0.433984 0.408594 0.261719 0.0112457
24 0.494922 0.431934 0.416406 0.270508 0.00656509
9 0.502441 0.434375 0.41543 0.258594 0.906738
4 0.499219 0.434766 0.421875 0.264844 0.0293121
6 0.497266 0.433594 0.414062 0.260938 0.0114212
24 0.495703 0.432422 0.417969 0.271094 0.0103302
9 0.502246 0.434277 0.41582 0.258008 0.916504
4 0.498047 0.434277 0.419531 0.262695 0.0263519
24 0.49375 0.432715 0.414062 0.268945 0.0147858
6 0.497266 0.434277 0.414062 0.261133 0.0109024
9 0.501172 0.434766 0.414844 0.255469 0.908691
4 0.497266 0.433984 0.419531 0.258594 0.0298767
24 0.49375 0.431934 0.416406 0.264258 0.0116425
6 0.496777 0.433594 0.411133 0.25625 0.00978088
9 0.499219 0.434766 0.407813 0.255469 0.915039
4 0.496484 0.434375 0.417188 0.259375 0.0283356
6 0.496094 0.434473 0.409375 0.256055 0.0115967
24 0.494141 0.432813 0.416406 0.264062 0.0113754
9 0.498437 0.434277 0.404687 0.25957 0.909668
4 0.496973 0.435547 0.413867 0.264844 0.0304413
24 0.493652 0.433203 0.414258 0.270313 0.0136337
6 0.495996 0.435059 0.406445 0.261133 0.0119629
9 0.498437 0.434473 0.404687 0.25918 0.896973
4 0.496094 0.434766 0.411719 0.263281 0.0435181
24 0.492578 0.432129 0.410156 0.268555 0.0118713
6 0.495313 0.433984 0.405469 0.260156 0.00871277
9 0.499219 0.435254 0.40625 0.25918 0.89502
4 0.498047 0.435937 0.414844 0.263281 0.0420837
24 0.494434 0.433203 0.412695 0.269531 0.0109482
6 0.497266 0.435254 0.407813 0.260742 0.00891876
9 0.500781 0.435156 0.410156 0.257812 0.884277
4 0.498437 0.435156 0.415625 0.260938 0.0455322
24 0.49375 0.432715 0.4125 0.267383 0.0103302
6 0.497266 0.433984 0.408594 0.258594 0.00945282
9 0.49834 0.435937 0.404883 0.257031 0.894043
4 0.496484 0.435937 0.411719 0.261719 0.0545959
24 0.492188 0.434375 0.408594 0.267188 0.00923157
6 0.495313 0.434766 0.404687 0.258594 0.00878143
9 0.498535 0.435937 0.407617 0.257812 0.891113
4 0.496484 0.435937 0.414844 0.2625 0.0518494
6 0.495313 0.434473 0.407031 0.25918 0.00981903
24 0.492285 0.434375 0.410742 0.267188 0.00919342
9 0.500098 0.435059 0.410742 0.256445 0.879883
4 0.497656 0.435156 0.417188 0.260938 0.0455322
6 0.496484 0.433984 0.410156 0.257812 0.0121918
24 0.493359 0.433691 0.414844 0.266992 0.00933838
9 0.498828 0.435156 0.407031 0.254688 0.88623
4 0.496777 0.435254 0.414258 0.25918 0.0401001
6 0.49541 0.434375 0.407617 0.25625 0.0135345
24 0.492969 0.43291 0.4125 0.26543 0.00955963
9 0.499121 0.434766 0.408008 0.257031 0.901855
4 0.496875 0.434766 0.414844 0.261719 0.036499
6 0.495996 0.434277 0.408008 0.258008 0.0124283
24 0.492969 0.432422 0.413281 0.267969 0.00919342
9 0.498828 0.434277 0.407813 0.258008 0.904785
4 0.496094 0.435059 0.414062 0.262695 0.0448608
6 0.495313 0.434375 0.407813 0.260156 0.0111618
24 0.492285 0.43291 0.412305 0.268555 0.00948334
9 0.500391 0.434766 0.410938 0.258594 0.899902
4 0.496875 0.435059 0.415625 0.262695 0.0483093
6 0.496094 0.434375 0.409375 0.260156 0.0110703
24 0.493066 0.43291 0.413867 0.268555 0.00926971
9 0.5 0.434766 0.409375 0.257812 0.898438
4 0.496484 0.435156 0.413281 0.261719 0.0486755
6 0.495703 0.434375 0.407813 0.259375 0.0106506
24 0.492578 0.433203 0.411719 0.267188 0.00894928
9 0.5 0.434766 0.409375 0.257031 0.896973
4 0.496484 0.435156 0.413281 0.260938 0.0538025
6 0.495703 0.434473 0.407813 0.25918 0.0108566
24 0.492969 0.433203 0.4125 0.266406 0.00871277
9 0.5 0.434766 0.408594 0.257031 0.896484
4 0.496484 0.435156 0.413281 0.260938 0.0554199
6 0.495703 0.434766 0.407813 0.258594 0.0112457
24 0.492969 0.433203 0.411719 0.266406 0.00898743
9 0.5 0.434766 0.409375 0.257812 0.901367
4 0.496875 0.435156 0.414062 0.261719 0.0534058
6 0.496094 0.435059 0.407813 0.25957 0.0103683
24 0.493359 0.433203 0.413281 0.267188 0.00898743
9 0.498828 0.434277 0.407813 0.258008 0.904785
4 0.496094 0.435059 0.413281 0.262695 0.0450134
6 0.495313 0.434375 0.407813 0.260156 0.0111618
24 0.492285 0.43291 0.412305 0.268555 0.00945282
