19 0.544922 0.351221 0.299219 0.390527 0.0222931
19 0.574219 0.287109 0.301563 0.330469 0.018692
19 0.519141 0.400098 0.296875 0.362305 0.00989532
11 0.206641 0.182324 0.413281 0.364648 0.00399017
11 0.654688 0.357031 0.690625 0.714063 0.00322342
5 0.247852 0.185742 0.495703 0.371484 0.00298119
11 0.650879 0.293945 0.698242 0.587891 0.00298119
11 0.538672 0.439453 0.922656 0.878906 0.00287819
19 0.614844 0.228711 0.290625 0.369922 0.0026722
14 0.650879 0.293945 0.698242 0.587891 0.0024929
14 0.208594 0.183691 0.417188 0.367383 0.00234222
9 0.641797 0.294141 0.716406 0.588281 0.00212479
11 0.371094 0.183984 0.742188 0.367969 0.00204277
3 0.208594 0.183691 0.417188 0.367383 0.00181007
14 0.626953 0.392188 0.746094 0.784375 0.00179577
4 0.206641 0.182324 0.413281 0.364648 0.00139427
5 0.586621 0.306641 0.761133 0.582031 0.00138283
19 0.229492 0.163477 0.310547 0.326953 0.00134563
20 0.650879 0.293945 0.698242 0.587891 0.00134563
3 0.650879 0.293945 0.698242 0.587891 0.00133038
5 0.638672 0.292383 0.722656 0.584766 0.00132465
4 0.641797 0.294141 0.716406 0.588281 0.00126934
9 0.204688 0.182715 0.409375 0.36543 0.00125504
14 0.538672 0.439453 0.922656 0.878906 0.00123501
11 0.623828 0.442188 0.752344 0.8625 0.00117397
10 0.205078 0.183105 0.410156 0.366211 0.00116539
5 0.626953 0.392188 0.746094 0.784375 0.00116539
3 0.626953 0.392188 0.746094 0.784375 0.00116062
9 0.625879 0.515625 0.748242 0.875 0.00115108
5 0.538672 0.439453 0.922656 0.878906 0.00108147
11 0.482812 0.619922 0.965625 0.760156 0.00108147
7 0.208594 0.183691 0.417188 0.367383 0.00106907
19 0.497266 0.398828 0.264844 0.294531 0.00103664
3 0.538672 0.439453 0.922656 0.878906 0.00103664
1 0.641797 0.294141 0.716406 0.588281 0.00102425
17 0.505859 0.44375 0.775781 0.8875 0.986328
22 0.505859 0.44375 0.775781 0.8875 0.972656
22 0.453027 0.411719 0.58457 0.823438 0.926758
17 0.453027 0.411719 0.58457 0.823438 0.918457
17 0.527246 0.555078 0.795508 0.889844 0.847168
22 0.568652 0.55625 0.79082 0.8875 0.811523
17 0.415625 0.530469 0.83125 0.939063 0.73584
20 0.477246 0.48125 0.789258 0.93125 0.713867
17 0.596484 0.609375 0.750781 0.78125 0.680664
22 0.415625 0.530469 0.83125 0.939063 0.59082
17 0.450781 0.604688 0.825 0.790625 0.511719
3 0.505859 0.44375 0.775781 0.8875 0.507812
22 0.776953 0.3875 0.446094 0.645312 0.490234
22 0.572656 0.608594 0.617188 0.782813 0.484375
17 0.7375 0.453906 0.525 0.848437 0.482422
17 0.562109 0.585156 0.602344 0.829688 0.474609
22 0.603516 0.631641 0.764844 0.736719 0.464844
17 0.613965 0.678125 0.77207 0.64375 0.434082
22 0.4875 0.604688 0.810938 0.790625 0.418701
14 0.477246 0.48125 0.789258 0.93125 0.396973
17 0.776953 0.3875 0.446094 0.645312 0.363037
17 0.357031 0.603125 0.714063 0.79375 0.345947
20 0.568652 0.55625 0.79082 0.8875 0.315674
1 0.477246 0.48125 0.789258 0.93125 0.275879
22 0.761328 0.485547 0.477344 0.842969 0.263672
3 0.453027 0.411719 0.58457 0.823438 0.24585
20 0.453027 0.411719 0.58457 0.823438 0.233032
17 0.519531 0.378125 0.851562 0.75625 0.229492
22 0.357031 0.603125 0.714063 0.79375 0.204346
17 0.360156 0.479688 0.720313 0.939063 0.201172
17 0.630566 0.707422 0.61543 0.585156 0.199951
20 0.413672 0.555469 0.827344 0.889063 0.19812
22 0.5125 0.367188 0.535937 0.734375 0.193115
22 0.621484 0.690039 0.599219 0.619922 0.183594
20 0.4875 0.604688 0.810938 0.790625 0.167725
14 0.568652 0.55625 0.79082 0.8875 0.147583
22 0.519531 0.378125 0.851562 0.75625 0.147095
22 0.635938 0.452344 0.728125 0.904688 0.147095
8 0.477246 0.48125 0.789258 0.93125 0.147095
17 0.4125 0.678906 0.825 0.642188 0.146118
22 0.196094 0.204102 0.392188 0.408203 0.144165
17 0.186719 0.197656 0.373437 0.395313 0.1427
17 0.599609 0.65 0.546094 0.7 0.1427
22 0.411719 0.653711 0.823438 0.692578 0.136108
3 0.527246 0.555078 0.795508 0.889844 0.134766
20 0.578516 0.653516 0.789844 0.692969 0.133423
20 0.499219 0.4 0.820312 0.8 0.127686
22 0.616699 0.703125 0.766602 0.59375 0.125488
17 0.188672 0.269336 0.377344 0.538672 0.122498
22 0.360156 0.479688 0.720313 0.939063 0.122131
17 0.5125 0.367188 0.535937 0.734375 0.112
17 0.66875 0.546094 0.6625 0.907813 0.0960083
22 0.744922 0.386719 0.510156 0.773438 0.0943604
13 0.477246 0.48125 0.789258 0.93125 0.0933228
14 0.499219 0.4 0.820312 0.8 0.0930176
14 0.413672 0.555469 0.827344 0.889063 0.0910645
20 0.357031 0.603125 0.714063 0.79375 0.0900879
1 0.530078 0.579297 0.796094 0.841406 0.0897827
20 0.384766 0.45 0.769531 0.9 0.0875854
22 0.188672 0.269336 0.377344 0.538672 0.0853882
10 0.477246 0.449219 0.789258 0.898438 0.0830078
3 0.415625 0.530469 0.83125 0.939063 0.0772095
3 0.596484 0.609375 0.750781 0.78125 0.0747681
14 0.535156 0.628125 0.801562 0.74375 0.0726318
11 0.477246 0.48125 0.789258 0.93125 0.069519
22 0.800781 0.325391 0.398438 0.650781 0.0682983
22 0.832422 0.363281 0.335156 0.545313 0.0682983
14 0.453027 0.411719 0.58457 0.823438 0.0673218
17 0.800781 0.325391 0.398438 0.650781 0.0670776
1 0.413672 0.555469 0.827344 0.889063 0.0670776
1 0.488184 0.39375 0.720508 0.7875 0.0646362
14 0.384766 0.45 0.769531 0.9 0.062561
17 0.211133 0.299609 0.422266 0.599219 0.0609741
20 0.572656 0.608594 0.617188 0.782813 0.0607605
22 0.1875 0.230469 0.375 0.460938 0.0596619
17 0.639063 0.424219 0.721875 0.848437 0.0579224
3 0.776953 0.3875 0.446094 0.645312 0.0579224
22 0.619531 0.35 0.760938 0.7 0.0548096
19 0.890625 0.294531 0.21875 0.409375 0.0545959
20 0.766992 0.428027 0.466016 0.71582 0.0545959
22 0.211133 0.299609 0.422266 0.599219 0.0518494
1 0.578516 0.653516 0.789844 0.692969 0.0505066
17 0.596484 0.329297 0.807031 0.658594 0.0495911
17 0.38457 0.397266 0.769141 0.794531 0.0486755
14 0.357031 0.603125 0.714063 0.79375 0.0479431
1 0.736523 0.485547 0.526953 0.900781 0.0472412
20 0.185547 0.212891 0.371094 0.425781 0.0469055
20 0.411719 0.653711 0.823438 0.692578 0.0469055
20 0.188672 0.269336 0.377344 0.538672 0.0445251
19 0.595313 0.194873 0.282813 0.361816 0.044342
19 0.574219 0.254492 0.296875 0.408203 0.0440063
3 0.7375 0.453906 0.525 0.848437 0.0437012
3 0.562109 0.585156 0.602344 0.829688 0.0437012
1 0.357031 0.603125 0.714063 0.79375 0.0435181
25 0.505859 0.44375 0.775781 0.8875 0.0433655
1 0.45 0.629297 0.826563 0.741406 0.0422363
1 0.384766 0.45 0.769531 0.9 0.0420837
3 0.450781 0.604688 0.825 0.790625 0.0411377
17 0.318945 0.554297 0.637891 0.891406 0.0409851
19 0.55625 0.308789 0.294531 0.412891 0.0406799
20 0.736523 0.485547 0.526953 0.900781 0.0405273
14 0.613965 0.678125 0.77207 0.64375 0.0399475
17 0.832422 0.363281 0.335156 0.545313 0.0383301
17 0.748047 0.35957 0.503906 0.719141 0.0377502
22 0.692187 0.562891 0.615625 0.874219 0.037323
17 0.75918 0.569922 0.481641 0.860156 0.0366211
22 0.660547 0.753125 0.533594 0.49375 0.036499
1 0.578223 0.628516 0.624805 0.742969 0.0362244
19 0.526172 0.368359 0.286719 0.420312 0.035553
3 0.613965 0.678125 0.77207 0.64375 0.0352783
21 0.883789 0.345703 0.232422 0.436719 0.0350037
1 0.766992 0.428027 0.466016 0.71582 0.0343018
21 0.586719 0.228906 0.298438 0.408594 0.0322266
21 0.892188 0.423438 0.215625 0.435937 0.0318604
17 0.660547 0.753125 0.533594 0.49375 0.0317383
14 0.7375 0.453906 0.525 0.848437 0.0306702
13 0.413672 0.555469 0.827344 0.889063 0.0304413
8 0.530078 0.579297 0.796094 0.841406 0.0301056
17 0.189453 0.227344 0.378906 0.454688 0.029541
14 0.195703 0.268164 0.391406 0.536328 0.0294189
20 0.510938 0.703906 0.846875 0.592188 0.0293121
21 0.55625 0.308789 0.294531 0.412891 0.0290833
13 0.531152 0.603516 0.795508 0.792969 0.0281067
8 0.413672 0.555469 0.827344 0.889063 0.0280151
14 0.411719 0.653711 0.823438 0.692578 0.0279083
1 0.510938 0.703906 0.846875 0.592188 0.0274353
20 0.211133 0.299609 0.422266 0.599219 0.0271759
22 0.318945 0.554297 0.637891 0.891406 0.0269623
0 0.496094 0.417188 0.748438 0.834375 0.0268555
22 0.38457 0.397266 0.769141 0.794531 0.0267639
19 0.629297 0.173438 0.311719 0.346875 0.0266571
14 0.1875 0.230469 0.375 0.460938 0.0264587
21 0.526172 0.368359 0.286719 0.420312 0.0263519
3 0.357031 0.603125 0.714063 0.79375 0.0248871
11 0.568652 0.55625 0.79082 0.8875 0.024231
25 0.453027 0.411719 0.58457 0.823438 0.0238647
10 0.7375 0.453906 0.525 0.848437 0.0233307
20 0.344531 0.528125 0.689063 0.939063 0.0227966
3 0.185547 0.212891 0.371094 0.425781 0.0223694
1 0.638379 0.724219 0.623242 0.551562 0.0222015
11 0.453027 0.411719 0.58457 0.823438 0.0220337
21 0.892578 0.285938 0.214844 0.41875 0.0208893
20 0.787891 0.378906 0.424219 0.6125 0.0202484
8 0.488184 0.39375 0.720508 0.7875 0.0201721
13 0.343945 0.652344 0.687891 0.695312 0.0197906
21 0.609375 0.186426 0.298438 0.372852 0.0195618
22 0.300195 0.328125 0.600391 0.65625 0.0195618
3 0.360156 0.479688 0.720313 0.939063 0.0195007
13 0.616699 0.703125 0.766602 0.59375 0.0193481
1 0.185547 0.212891 0.371094 0.425781 0.0192413
3 0.519531 0.378125 0.851562 0.75625 0.0191956
20 0.630566 0.707422 0.61543 0.585156 0.0191193
3 0.188672 0.269336 0.377344 0.538672 0.0187683
1 0.188672 0.269336 0.377344 0.538672 0.0182343
14 0.344531 0.528125 0.689063 0.939063 0.0180511
14 0.572656 0.608594 0.617188 0.782813 0.0180511
14 0.510938 0.703906 0.846875 0.592188 0.0178528
17 0.569531 0.731445 0.857813 0.537109 0.0175781
8 0.603516 0.631641 0.764844 0.736719 0.0171051
1 0.395313 0.67793 0.790625 0.644141 0.016983
3 0.630566 0.707422 0.61543 0.585156 0.016922
17 0.649219 0.272656 0.701563 0.545313 0.0167847
13 0.736523 0.485547 0.526953 0.900781 0.0167847
13 0.499219 0.4 0.820312 0.8 0.0166626
25 0.568652 0.55625 0.79082 0.8875 0.0164642
17 0.323438 0.653125 0.646875 0.69375 0.0164032
13 0.384766 0.45 0.769531 0.9 0.0162811
1 0.787891 0.378906 0.424219 0.6125 0.0159607
1 0.344531 0.528125 0.689063 0.939063 0.0158997
22 0.200977 0.35332 0.401953 0.706641 0.0156021
22 0.22207 0.266406 0.444141 0.532813 0.0155411
11 0.449219 0.580078 0.823438 0.839844 0.0154877
11 0.776953 0.3875 0.446094 0.645312 0.0153046
3 0.599609 0.65 0.546094 0.7 0.0152512
22 0.608203 0.270898 0.783594 0.541797 0.0150757
14 0.776953 0.3875 0.446094 0.645312 0.0149536
13 0.446875 0.653906 0.821875 0.692187 0.0148392
1 0.323438 0.653125 0.646875 0.69375 0.0147324
3 0.5125 0.367188 0.535937 0.734375 0.0146179
1 0.551953 0.553125 0.580469 0.875 0.0145569
1 0.61875 0.73125 0.7625 0.5375 0.0140076
8 0.45 0.629297 0.826563 0.741406 0.0139542
11 0.603516 0.631641 0.764844 0.736719 0.0139008
10 0.527246 0.555078 0.795508 0.889844 0.0138474
8 0.7375 0.453906 0.525 0.848437 0.013588
1 0.211133 0.299609 0.422266 0.599219 0.0135345
1 0.509277 0.413672 0.525195 0.827344 0.0130234
11 0.761328 0.485547 0.477344 0.842969 0.0130234
3 0.510938 0.703906 0.846875 0.592188 0.0129242
20 0.580566 0.351172 0.799805 0.702344 0.0126266
19 0.709375 0.151953 0.417188 0.303906 0.0124817
1 0.558594 0.353125 0.829688 0.70625 0.0124817
10 0.453027 0.411719 0.58457 0.823438 0.012146
22 0.520312 0.731445 0.860938 0.537109 0.0120087
3 0.635938 0.452344 0.728125 0.904688 0.0119629
11 0.385156 0.528906 0.770312 0.939063 0.0119629
3 0.211133 0.299609 0.422266 0.599219 0.011734
1 0.282422 0.603516 0.564844 0.792969 0.0116882
22 0.79043 0.555078 0.419141 0.791406 0.0115967
13 0.344531 0.528125 0.689063 0.939063 0.0112
1 0.558594 0.269727 0.789062 0.539453 0.0110703
14 0.608203 0.270898 0.783594 0.541797 0.0109024
13 0.238867 0.340234 0.477734 0.680469 0.0108185
22 0.323438 0.653125 0.646875 0.69375 0.0107346
13 0.453027 0.411719 0.58457 0.823438 0.0106506
8 0.360352 0.627734 0.720703 0.744531 0.0105286
10 0.596484 0.609375 0.750781 0.78125 0.0104065
17 0.200977 0.35332 0.401953 0.706641 0.0102463
8 0.616699 0.703125 0.766602 0.59375 0.0102463
17 0.526172 0.273242 0.807031 0.546484 0.01017
17 0.22207 0.266406 0.444141 0.532813 0.0100098
19 0.883984 0.376953 0.232031 0.446094 0.00993347
20 0.635938 0.452344 0.728125 0.904688 0.00993347
1 0.729297 0.397656 0.541406 0.795313 0.00985718
19 0.898438 0.269336 0.203125 0.281641 0.00971222
13 0.397656 0.703711 0.795313 0.592578 0.00923157
14 0.580566 0.351172 0.799805 0.702344 0.00912476
17 0.233789 0.397266 0.467578 0.794531 0.00912476
3 0.800781 0.325391 0.398438 0.650781 0.00908661
8 0.188672 0.269336 0.377344 0.538672 0.00905609
17 0.300195 0.328125 0.600391 0.65625 0.00905609
11 0.499219 0.4 0.820312 0.8 0.00901794
8 0.384766 0.45 0.769531 0.9 0.00894928
20 0.61875 0.73125 0.7625 0.5375 0.00894928
20 0.729297 0.397656 0.541406 0.795313 0.0088501
20 0.5125 0.367188 0.535937 0.734375 0.00871277
13 0.309375 0.601953 0.61875 0.796094 0.0086441
1 0.660547 0.753125 0.533594 0.49375 0.00857544
25 0.186719 0.197656 0.373437 0.395313 0.00854492
14 0.630566 0.707422 0.61543 0.585156 0.0085144
3 0.832422 0.363281 0.335156 0.545313 0.008255
19 0.765625 0.0962891 0.46875 0.192578 0.00821686
10 0.776953 0.3875 0.446094 0.645312 0.00809479
11 0.491406 0.653906 0.81875 0.692187 0.00806427
20 0.601562 0.301367 0.796875 0.602734 0.00800323
1 0.624609 0.304102 0.750781 0.608203 0.00800323
10 0.51416 0.374219 0.757617 0.748438 0.00793457
22 0.690625 0.711523 0.532813 0.576953 0.00787354
0 0.186719 0.197656 0.373437 0.395313 0.0078125
11 0.188672 0.269336 0.377344 0.538672 0.00772476
1 0.635938 0.452344 0.728125 0.904688 0.00763702
11 0.572656 0.608594 0.617188 0.782813 0.00763702
13 0.674512 0.268164 0.650977 0.536328 0.00760651
13 0.520312 0.731445 0.860938 0.537109 0.00760651
13 0.188672 0.269336 0.377344 0.538672 0.00754929
14 0.200781 0.328516 0.401563 0.657031 0.00748825
1 0.742188 0.590234 0.515625 0.819531 0.00746155
21 0.668359 0.164258 0.360156 0.328516 0.00743103
17 0.234766 0.514063 0.469531 0.85625 0.00743103
14 0.323438 0.653125 0.646875 0.69375 0.00740433
20 0.323438 0.653125 0.646875 0.69375 0.00737381
0 0.787891 0.378906 0.424219 0.6125 0.00734711
19 0.721094 0.151758 0.414062 0.230469 0.00728989
11 0.360352 0.627734 0.720703 0.744531 0.00725937
14 0.748047 0.35957 0.503906 0.719141 0.00712204
9 0.480371 0.529688 0.795508 0.934375 0.00712204
10 0.490625 0.628906 0.815625 0.742188 0.00712204
17 0.480859 0.212695 0.519531 0.425391 0.00706482
19 0.624609 0.206445 0.360156 0.294141 0.00703812
8 0.211133 0.299609 0.422266 0.599219 0.00703812
14 0.635938 0.452344 0.728125 0.904688 0.00703812
10 0.384375 0.480469 0.76875 0.939063 0.00701141
25 0.415625 0.530469 0.83125 0.939063 0.00698471
3 0.196484 0.191211 0.392969 0.382422 0.0069046
3 0.395313 0.67793 0.790625 0.644141 0.0068512
11 0.635938 0.707031 0.728125 0.585938 0.00679779
22 0.420312 0.317578 0.840625 0.635156 0.00669098
22 0.233789 0.397266 0.467578 0.794531 0.00666809
10 0.613965 0.678125 0.77207 0.64375 0.00664139
19 0.89375 0.430078 0.2125 0.389844 0.00661469
2 0.505859 0.44375 0.775781 0.8875 0.00656509
10 0.410938 0.579688 0.821875 0.840625 0.00653839
0 0.446484 0.53125 0.808594 0.9375 0.0064621
8 0.185547 0.212891 0.371094 0.425781 0.00638962
0 0.741992 0.413281 0.516016 0.826563 0.00638962
16 0.477246 0.48125 0.789258 0.93125 0.00638962
1 0.246484 0.346094 0.492969 0.692187 0.00634003
22 0.269141 0.464844 0.538281 0.876563 0.00614548
13 0.692187 0.562891 0.615625 0.874219 0.00614548
17 0.76875 0.627344 0.4625 0.745313 0.00614548
0 0.460938 0.369141 0.585938 0.738281 0.00612259
22 0.374414 0.703516 0.748828 0.592969 0.00612259
8 0.776953 0.3875 0.446094 0.645312 0.00609589
0 0.581641 0.588281 0.721094 0.823438 0.00609589
17 0.206299 0.175977 0.369434 0.351953 0.00598145
10 0.188672 0.269336 0.377344 0.538672 0.00595856
14 0.800781 0.325391 0.398438 0.650781 0.00593567
3 0.619531 0.35 0.760938 0.7 0.00591278
22 0.678516 0.672852 0.642969 0.654297 0.00591278
20 0.278125 0.564453 0.55625 0.871094 0.005867
13 0.562109 0.585156 0.602344 0.829688 0.00584412
13 0.559375 0.300391 0.826563 0.600781 0.00575256
22 0.278906 0.373047 0.557813 0.746094 0.00575256
11 0.211133 0.299609 0.422266 0.599219 0.00572968
14 0.5125 0.367188 0.535937 0.734375 0.00568771
3 0.748047 0.35957 0.503906 0.719141 0.00568771
14 0.698047 0.399219 0.603906 0.798438 0.00568771
3 0.660547 0.753125 0.533594 0.49375 0.00568771
17 0.278906 0.373047 0.557813 0.746094 0.00564194
1 0.186133 0.354492 0.372266 0.708984 0.00564194
19 0.574219 0.355078 0.378125 0.438281 0.029541
21 0.573438 0.332617 0.371875 0.430078 0.0254669
16 0.811719 0.0969727 0.376563 0.193945 0.0136337
17 0.188477 0.191016 0.376953 0.382031 0.00844574
1 0.337109 0.589844 0.674219 0.8125 0.00809479
19 0.15 0.149219 0.3 0.298438 0.00806427
20 0.188477 0.191016 0.376953 0.382031 0.00806427
1 0.484375 0.334375 0.620313 0.66875 0.00787354
22 0.337109 0.589844 0.674219 0.8125 0.00784302
16 0.775781 0.10791 0.448438 0.21582 0.00760651
1 0.179492 0.193359 0.358984 0.386719 0.00751877
19 0.199414 0.163965 0.395703 0.32793 0.00737381
4 0.188477 0.191016 0.376953 0.382031 0.00679779
22 0.188477 0.191016 0.376953 0.382031 0.00677109
2 0.179492 0.193359 0.358984 0.386719 0.00658798
1 0.561719 0.376563 0.767188 0.753125 0.00638962
16 0.753516 0.120215 0.464844 0.24043 0.00636292
11 0.358008 0.617969 0.716016 0.764063 0.00631332
3 0.188477 0.191016 0.376953 0.382031 0.00621796
17 0.337109 0.589844 0.674219 0.8125 0.006073
12 0.188477 0.191016 0.376953 0.382031 0.005867
17 0.484375 0.334375 0.620313 0.66875 0.00577545
22 0.484375 0.334375 0.620313 0.66875 0.00568771
16 0.563281 0.386328 0.354688 0.371875 0.00540543
19 0.582031 0.274268 0.340625 0.393652 0.00527954
22 0.208594 0.199219 0.417188 0.398438 0.00518036
19 0.840625 0.0743164 0.31875 0.148633 0.00516129
21 0.202783 0.161133 0.353027 0.322266 0.00510025
22 0.561719 0.376563 0.767188 0.753125 0.00486755
16 0.155078 0.147461 0.310156 0.294922 0.00484848
19 0.210938 0.200342 0.409375 0.366504 0.00455475
0 0.179492 0.193359 0.358984 0.386719 0.00453949
19 0.813672 0.0867188 0.372656 0.173438 0.00452042
12 0.358008 0.617969 0.716016 0.764063 0.00443268
12 0.525 0.397656 0.845313 0.795313 0.00438309
1 0.4375 0.368359 0.829688 0.736719 0.0042305
17 0.561719 0.376563 0.767188 0.753125 0.00418091
16 0.815039 0.0890625 0.369922 0.178125 0.00407028
20 0.337109 0.589844 0.674219 0.8125 0.00400543
17 0.208594 0.199219 0.417188 0.398438 0.00395966
11 0.188477 0.191016 0.376953 0.382031 0.00391388
1 0.270703 0.565234 0.541406 0.682031 0.00383949
20 0.208594 0.199219 0.417188 0.398438 0.00382423
17 0.505566 0.389844 0.47168 0.530469 0.00382423
4 0.208594 0.199219 0.417188 0.398438 0.00379562
1 0.505566 0.389844 0.47168 0.530469 0.0037365
9 0.188477 0.191016 0.376953 0.382031 0.00367928
16 0.844922 0.0834961 0.310156 0.166992 0.00365067
14 0.179492 0.193359 0.358984 0.386719 0.00363541
4 0.358008 0.617969 0.716016 0.764063 0.00356483
1 0.208594 0.199219 0.417188 0.398438 0.00355148
13 0.573438 0.332617 0.371875 0.430078 0.00353813
12 0.208594 0.199219 0.417188 0.398438 0.00351143
11 0.208594 0.199219 0.417188 0.398438 0.00345612
16 0.210938 0.200342 0.409375 0.366504 0.00344276
21 0.218408 0.576953 0.358496 0.385156 0.00324821
3 0.355859 0.592578 0.711719 0.814844 0.00324821
8 0.188477 0.191016 0.376953 0.382031 0.00322342
9 0.208594 0.199219 0.417188 0.398438 0.00318527
16 0.358008 0.617969 0.716016 0.764063 0.0029583
25 0.179492 0.193359 0.358984 0.386719 0.00288963
22 0.505566 0.389844 0.47168 0.530469 0.00283432
16 0.188477 0.191016 0.376953 0.382031 0.00282288
1 0.483984 0.509375 0.825781 0.85 0.00281143
12 0.484375 0.334375 0.620313 0.66875 0.00279999
22 0.270703 0.565234 0.541406 0.682031 0.00279999
17 0.4375 0.368359 0.829688 0.736719 0.00277901
19 0.248828 0.844922 0.329688 0.310156 0.00263214
17 0.270703 0.565234 0.541406 0.682031 0.00263214
17 0.483984 0.509375 0.825781 0.85 0.00255013
16 0.208594 0.199219 0.417188 0.398438 0.0024929
2 0.355859 0.592578 0.711719 0.814844 0.0024929
1 0.317383 0.346484 0.634766 0.692969 0.00246239
5 0.208594 0.199219 0.417188 0.398438 0.00235939
12 0.386328 0.401563 0.772656 0.803125 0.00235939
22 0.483984 0.509375 0.825781 0.85 0.00235939
13 0.525 0.397656 0.845313 0.795313 0.00234222
3 0.208594 0.199219 0.417188 0.398438 0.00231361
3 0.484375 0.334375 0.620313 0.66875 0.00230598
1 0.195703 0.308984 0.391406 0.617969 0.00226021
20 0.484375 0.334375 0.620313 0.66875 0.00225258
5 0.193359 0.187891 0.386719 0.375781 0.00223351
14 0.339063 0.616406 0.678125 0.767188 0.00223351
22 0.4375 0.368359 0.829688 0.736719 0.00219917
11 0.561719 0.376563 0.767188 0.753125 0.00217438
16 0.238477 0.744141 0.404297 0.392969 0.00215721
12 0.439063 0.461328 0.854688 0.858594 0.00211525
12 0.51709 0.419141 0.539258 0.65625 0.00208282
21 0.582031 0.274268 0.340625 0.393652 0.0020504
13 0.208594 0.199219 0.417188 0.398438 0.00201988
24 0.208594 0.199219 0.417188 0.398438 0.0019722
0 0.355859 0.592578 0.711719 0.814844 0.00194931
12 0.244141 0.222656 0.488281 0.445312 0.00191212
13 0.339063 0.616406 0.678125 0.767188 0.00191212
24 0.35918 0.642969 0.718359 0.714063 0.00189686
4 0.525 0.397656 0.845313 0.795313 0.00183868
13 0.193359 0.187891 0.386719 0.375781 0.00181007
20 0.561719 0.376563 0.767188 0.753125 0.00181007
10 0.188477 0.191016 0.376953 0.382031 0.00178242
12 0.625391 0.297266 0.749219 0.594531 0.00178242
17 0.195703 0.308984 0.391406 0.617969 0.00176811
21 0.428906 0.515234 0.329688 0.380469 0.0017004
22 0.191797 0.255078 0.383594 0.510156 0.00168705
17 0.317383 0.346484 0.634766 0.692969 0.00168705
9 0.339063 0.616406 0.678125 0.767188 0.00168705
12 0.312305 0.674121 0.624609 0.651758 0.00168705
19 0.428906 0.515234 0.329688 0.380469 0.00168133
12 0.521875 0.566797 0.81875 0.835156 0.00165462
11 0.484375 0.334375 0.620313 0.66875 0.0016489
14 0.208594 0.199219 0.417188 0.398438 0.00164223
14 0.482422 0.365234 0.769531 0.730469 0.00164223
16 0.192969 0.160352 0.385938 0.320703 0.00162888
19 0.203955 0.573828 0.374121 0.388281 0.00162888
12 0.270703 0.565234 0.541406 0.682031 0.00162315
19 0.233398 0.723437 0.390234 0.404687 0.0015974
2 0.484375 0.334375 0.620313 0.66875 0.00158501
22 0.317383 0.346484 0.634766 0.692969 0.00153637
12 0.516797 0.325 0.802344 0.65 0.00148964
4 0.484375 0.334375 0.620313 0.66875 0.00146103
3 0.561719 0.376563 0.767188 0.753125 0.00146103
16 0.528906 0.101562 0.30625 0.203125 0.00144958
24 0.193359 0.187891 0.386719 0.375781 0.00142097
19 0.428516 0.559473 0.380469 0.413867 0.00141048
12 0.236719 0.355859 0.473438 0.711719 0.00139427
13 0.51709 0.419141 0.539258 0.65625 0.00138855
1 0.2375 0.479004 0.475 0.795117 0.00136185
1 0.387109 0.432813 0.774219 0.865625 0.00135612
6 0.35918 0.642969 0.718359 0.714063 0.00130463
12 0.234375 0.469922 0.46875 0.822656 0.00129986
16 0.491797 0.4 0.853906 0.8 0.00128937
19 0.76875 0.109375 0.4625 0.21875 0.0012846
21 0.240576 0.825195 0.346973 0.349609 0.0012846
12 0.30625 0.428906 0.6125 0.848437 0.0012846
8 0.208594 0.199219 0.417188 0.398438 0.00127888
1 0.246094 0.324219 0.492188 0.648438 0.00127888
5 0.339063 0.616406 0.678125 0.767188 0.00127888
1 0.39375 0.312891 0.621094 0.625781 0.00127411
0 0.484375 0.334375 0.620313 0.66875 0.00126934
1 0.516797 0.325 0.802344 0.65 0.0012598
13 0.386328 0.401563 0.772656 0.803125 0.0012598
12 0.603125 0.471094 0.79375 0.85 0.0012598
12 0.141016 0.739062 0.282031 0.521875 0.0012598
12 0.23125 0.760938 0.4625 0.478125 0.0012598
11 0.411719 0.398828 0.823438 0.797656 0.00124931
13 0.434375 0.562109 0.851562 0.861719 0.00124454
12 0.106348 0.822656 0.212695 0.354688 0.00123024
12 0.16582 0.809766 0.331641 0.380469 0.00121117
19 0.529297 0.0962891 0.319531 0.192578 0.0012064
11 0.710938 0.156641 0.578125 0.313281 0.00119686
2 0.208594 0.199219 0.417188 0.398438 0.00117397
22 0.351562 0.669629 0.703125 0.660742 0.00116062
9 0.561719 0.376563 0.767188 0.753125 0.00115108
4 0.483984 0.509375 0.825781 0.85 0.00114727
13 0.484375 0.334375 0.620313 0.66875 0.0011425
16 0.721875 0.154883 0.490625 0.309766 0.00113392
21 0.428516 0.559473 0.380469 0.413867 0.00112438
2 0.710938 0.156641 0.578125 0.313281 0.00112438
2 0.505566 0.389844 0.47168 0.530469 0.0011158
11 0.483984 0.509375 0.825781 0.85 0.00111198
11 0.51709 0.419141 0.539258 0.65625 0.00110722
1 0.424219 0.591406 0.848437 0.817187 0.00110722
8 0.355859 0.592578 0.711719 0.814844 0.0011034
17 0.234375 0.469922 0.46875 0.822656 0.00109863
22 0.236719 0.355859 0.473438 0.711719 0.00109005
4 0.404297 0.373828 0.808594 0.747656 0.00109005
17 0.351562 0.669629 0.703125 0.660742 0.00108624
16 0.339453 0.703125 0.678906 0.59375 0.00108624
8 0.484375 0.334375 0.620313 0.66875 0.00108147
13 0.218408 0.576953 0.358496 0.385156 0.00107765
6 0.188477 0.191016 0.376953 0.382031 0.00106525
12 0.39375 0.312891 0.621094 0.625781 0.00106525
25 0.358008 0.617969 0.716016 0.764063 0.00106525
1 0.319727 0.644141 0.639453 0.711719 0.00106525
2 0.698828 0.214453 0.602344 0.428906 0.00106049
13 0.202783 0.161133 0.353027 0.322266 0.00105286
18 0.183984 0.189648 0.367969 0.379297 0.00105286
13 0.339453 0.703125 0.678906 0.59375 0.00105286
12 0.452344 0.625 0.846875 0.75 0.00104427
3 0.4375 0.368359 0.829688 0.736719 0.00104046
3 0.505566 0.389844 0.47168 0.530469 0.00102425
6 0.210742 0.191211 0.421484 0.382422 0.00101662
4 0.710938 0.156641 0.578125 0.313281 0.00101185
7 0.710938 0.156641 0.578125 0.313281 0.00101185
7 0.358008 0.617969 0.716016 0.764063 0.00100803
12 0.2625 0.746484 0.507031 0.507031 0.00100803
0 0.698828 0.214453 0.602344 0.428906 0.00100422
24 0.571875 0.45791 0.448438 0.29668 0.114746
16 0.571875 0.45791 0.448438 0.29668 0.0348816
18 0.603906 0.458984 0.454688 0.289844 0.024231
11 0.613281 0.465625 0.464063 0.301563 0.0232391
9 0.55 0.461035 0.403125 0.307617 0.0211182
5 0.603906 0.458984 0.454688 0.289844 0.0202484
24 0.5625 0.512109 0.475 0.417969 0.0174408
21 0.55 0.461035 0.403125 0.307617 0.0168457
19 0.561719 0.333594 0.304688 0.426563 0.0164642
13 0.603516 0.462109 0.447656 0.300781 0.0151901
19 0.603906 0.458984 0.454688 0.289844 0.0141754
21 0.553516 0.353906 0.315625 0.439844 0.0131226
21 0.576953 0.282813 0.300781 0.421875 0.012825
20 0.55 0.461035 0.403125 0.307617 0.0115051
9 0.5625 0.512109 0.475 0.417969 0.0114212
19 0.583984 0.258203 0.294531 0.407031 0.0110703
19 0.536328 0.381641 0.311719 0.421875 0.0103302
14 0.613281 0.465625 0.464063 0.301563 0.0102463
23 0.571875 0.45791 0.448438 0.29668 0.0102081
6 0.55 0.461035 0.403125 0.307617 0.00985718
7 0.571875 0.45791 0.448438 0.29668 0.00948334
21 0.5625 0.512109 0.475 0.417969 0.00948334
19 0.892969 0.32207 0.214062 0.372266 0.00919342
20 0.5625 0.512109 0.475 0.417969 0.00891876
6 0.5625 0.512109 0.475 0.417969 0.00871277
13 0.593066 0.315625 0.501367 0.63125 0.0085144
11 0.593066 0.315625 0.501367 0.63125 0.00834656
16 0.5625 0.512109 0.475 0.417969 0.00831604
4 0.613281 0.465625 0.464063 0.301563 0.00790405
1 0.613281 0.465625 0.464063 0.301563 0.00757599
19 0.763281 0.714063 0.239063 0.354688 0.00737381
19 0.752344 0.747656 0.289062 0.389062 0.00712204
11 0.597559 0.430859 0.617383 0.446875 0.00712204
11 0.830273 0.854883 0.339453 0.290234 0.00682449
21 0.752344 0.747656 0.289062 0.389062 0.00677109
4 0.5625 0.512109 0.475 0.417969 0.00614548
2 0.571875 0.45791 0.448438 0.29668 0.00609589
15 0.571875 0.45791 0.448438 0.29668 0.00572968
1 0.620703 0.350781 0.500781 0.539844 0.00553513
25 0.5625 0.512109 0.475 0.417969 0.00551224
13 0.567578 0.307813 0.310156 0.434375 0.00548935
16 0.639063 0.444141 0.528125 0.350781 0.00544739
16 0.597559 0.430859 0.617383 0.446875 0.00534439
12 0.613281 0.465625 0.464063 0.301563 0.00516129
25 0.55 0.461035 0.403125 0.307617 0.0049057
21 0.739062 0.702344 0.242188 0.365625 0.00457382
0 0.620703 0.350781 0.500781 0.539844 0.00457382
4 0.547656 0.451953 0.364063 0.289844 0.00453949
1 0.664746 0.318945 0.598633 0.637891 0.00445175
19 0.749219 0.808594 0.276563 0.371875 0.00441742
14 0.620703 0.350781 0.500781 0.539844 0.00439835
11 0.5625 0.512109 0.475 0.417969 0.00436401
22 0.830273 0.854883 0.339453 0.290234 0.00432968
4 0.620703 0.350781 0.500781 0.539844 0.00431442
1 0.83457 0.844141 0.330859 0.311719 0.00421524
3 0.613281 0.465625 0.464063 0.301563 0.00416565
5 0.5625 0.512109 0.475 0.417969 0.00413513
16 0.593066 0.315625 0.501367 0.63125 0.00403976
18 0.593066 0.315625 0.501367 0.63125 0.0039444
16 0.539746 0.416406 0.483008 0.353125 0.00391388
0 0.580469 0.516309 0.554688 0.44707 0.00383949
14 0.664746 0.318945 0.598633 0.637891 0.00378036
8 0.603516 0.462109 0.447656 0.300781 0.00367928
13 0.539746 0.416406 0.483008 0.353125 0.00365067
15 0.5625 0.512109 0.475 0.417969 0.00356483
4 0.664746 0.318945 0.598633 0.637891 0.00335121
21 0.892969 0.345117 0.214062 0.376953 0.00331116
22 0.557422 0.537109 0.486719 0.489844 0.00328636
0 0.613281 0.465625 0.464063 0.301563 0.00327301
20 0.639063 0.444141 0.528125 0.350781 0.00325966
12 0.593066 0.315625 0.501367 0.63125 0.00323486
0 0.664746 0.318945 0.598633 0.637891 0.00321007
1 0.889844 0.363281 0.220313 0.492188 0.00319672
24 0.597559 0.430859 0.617383 0.446875 0.00319672
1 0.516016 0.592969 0.453906 0.564063 0.00317192
22 0.517578 0.483691 0.426563 0.379492 0.0029583
14 0.5625 0.512109 0.475 0.417969 0.00284576
1 0.79707 0.855469 0.377734 0.289062 0.00282288
20 0.593066 0.315625 0.501367 0.63125 0.00271416
19 0.896875 0.389746 0.20625 0.368945 0.00270462
15 0.639063 0.444141 0.528125 0.350781 0.00261116
5 0.597559 0.430859 0.617383 0.446875 0.00253105
19 0.116016 0.409277 0.232031 0.362695 0.00252151
18 0.597559 0.430859 0.617383 0.446875 0.00252151
15 0.593066 0.315625 0.501367 0.63125 0.00244331
2 0.580469 0.516309 0.554688 0.44707 0.00242424
6 0.597559 0.430859 0.617383 0.446875 0.00239754
11 0.654785 0.358984 0.69043 0.672656 0.00239754
13 0.597559 0.430859 0.617383 0.446875 0.00233269
19 0.316797 0.575 0.304688 0.409375 0.00232315
1 0.539453 0.319922 0.539844 0.639844 0.00221634
22 0.516016 0.592969 0.453906 0.564063 0.00221634
1 0.557031 0.336523 0.739062 0.673047 0.00218201
3 0.620703 0.350781 0.500781 0.539844 0.00216484
18 0.580469 0.516309 0.554688 0.44707 0.00214958
1 0.545313 0.685938 0.380469 0.503125 0.00214005
14 0.597559 0.430859 0.617383 0.446875 0.00210762
17 0.818164 0.853906 0.363672 0.292188 0.00208282
13 0.557422 0.537109 0.486719 0.489844 0.0020504
9 0.639063 0.444141 0.528125 0.350781 0.00203514
2 0.620703 0.350781 0.500781 0.539844 0.00201035
12 0.45 0.306836 0.63125 0.613672 0.00201035
1 0.746289 0.372656 0.507422 0.539062 0.00200272
5 0.593066 0.315625 0.501367 0.63125 0.00198746
13 0.517578 0.483691 0.426563 0.379492 0.00198746
2 0.664746 0.318945 0.598633 0.637891 0.0019722
13 0.45 0.306836 0.63125 0.613672 0.00194168
17 0.901563 0.35625 0.196875 0.453906 0.00194168
17 0.620703 0.350781 0.500781 0.539844 0.00193405
11 0.889844 0.363281 0.220313 0.492188 0.00191212
1 0.5875 0.558496 0.548438 0.539258 0.00191212
2 0.639063 0.444141 0.528125 0.350781 0.00189686
12 0.539746 0.416406 0.483008 0.353125 0.00188255
4 0.597559 0.430859 0.617383 0.446875 0.00188255
16 0.654785 0.358984 0.69043 0.672656 0.00188255
19 0.742969 0.371875 0.276563 0.385156 0.00183868
19 0.878516 0.58125 0.242969 0.34375 0.00183868
22 0.901563 0.35625 0.196875 0.453906 0.00183868
8 0.593066 0.315625 0.501367 0.63125 0.00183105
0 0.659766 0.451465 0.680469 0.739258 0.00182438
1 0.207617 0.163672 0.415234 0.327344 0.00181007
9 0.597559 0.430859 0.617383 0.446875 0.00181007
13 0.542188 0.377246 0.310937 0.433008 0.0018034
0 0.597559 0.430859 0.617383 0.446875 0.00178242
11 0.74375 0.83457 0.5125 0.330859 0.00177479
13 0.752344 0.747656 0.289062 0.389062 0.00176811
6 0.207813 0.177637 0.415625 0.355273 0.00176811
23 0.580469 0.516309 0.554688 0.44707 0.00176811
17 0.516016 0.592969 0.453906 0.564063 0.00176811
13 0.557031 0.336523 0.739062 0.673047 0.00175476
7 0.597559 0.430859 0.617383 0.446875 0.00175476
12 0.568848 0.593359 0.52793 0.621094 0.00175476
22 0.55 0.461035 0.403125 0.307617 0.00173378
13 0.888281 0.333594 0.223438 0.386719 0.00172043
19 0.644922 0.429785 0.314844 0.37168 0.00172043
11 0.532031 0.551562 0.498437 0.53125 0.00171375
12 0.557031 0.336523 0.739062 0.673047 0.00168705
17 0.577344 0.449902 0.46875 0.30332 0.00168705
16 0.207813 0.177637 0.415625 0.355273 0.0016613
0 0.655566 0.488281 0.568555 0.55 0.0016613
12 0.724219 0.660937 0.551562 0.678125 0.0016613
21 0.620703 0.350781 0.500781 0.539844 0.0016489
22 0.545313 0.685938 0.380469 0.503125 0.0016489
7 0.639063 0.444141 0.528125 0.350781 0.00163555
19 0.830273 0.854883 0.339453 0.290234 0.00163555
21 0.904688 0.412109 0.190625 0.355469 0.00161648
3 0.830273 0.854883 0.339453 0.290234 0.00160408
9 0.593066 0.315625 0.501367 0.63125 0.00156689
1 0.539746 0.416406 0.483008 0.353125 0.00156116
17 0.557422 0.537109 0.486719 0.489844 0.00156116
22 0.590625 0.492578 0.4625 0.367969 0.00152493
12 0.374219 0.321875 0.748438 0.64375 0.0015192
9 0.539746 0.416406 0.483008 0.353125 0.0015192
19 0.519531 0.604688 0.292969 0.373437 0.00150108
6 0.539746 0.416406 0.483008 0.353125 0.00150108
3 0.597559 0.430859 0.617383 0.446875 0.00148964
16 0.532031 0.551562 0.498437 0.53125 0.00148964
15 0.597559 0.430859 0.617383 0.446875 0.00146675
1 0.517578 0.483691 0.426563 0.379492 0.00146103
12 0.624609 0.690625 0.750781 0.61875 0.00145531
7 0.580469 0.516309 0.554688 0.44707 0.00144386
22 0.785742 0.842773 0.400391 0.314453 0.00144386
10 0.5625 0.512109 0.475 0.417969 0.00142097
12 0.79668 0.682422 0.406641 0.635156 0.00142097
14 0.557031 0.336523 0.739062 0.673047 0.00141621
11 0.628809 0.349023 0.508008 0.509766 0.00141048
19 0.577344 0.675 0.304688 0.403125 0.00140476
12 0.83457 0.844141 0.330859 0.311719 0.00139904
3 0.664746 0.318945 0.598633 0.637891 0.00139427
11 0.785742 0.842773 0.400391 0.314453 0.00139427
11 0.557031 0.336523 0.739062 0.673047 0.00138855
17 0.664746 0.318945 0.598633 0.637891 0.00138855
16 0.628809 0.349023 0.508008 0.509766 0.00138855
1 0.782031 0.710938 0.435937 0.578125 0.00138855
4 0.205078 0.158789 0.410156 0.317578 0.00138283
17 0.517578 0.483691 0.426563 0.379492 0.00138283
5 0.514941 0.449121 0.374805 0.31582 0.00134563
4 0.818164 0.853906 0.363672 0.292188 0.00134563
5 0.830273 0.854883 0.339453 0.290234 0.00134563
24 0.639063 0.444141 0.528125 0.350781 0.00134087
13 0.654785 0.358984 0.69043 0.672656 0.00134087
4 0.532031 0.551562 0.498437 0.53125 0.00133038
13 0.877734 0.369922 0.244531 0.503906 0.00132465
11 0.772656 0.855273 0.339063 0.289453 0.00131989
3 0.517578 0.483691 0.426563 0.379492 0.00131512
12 0.650879 0.630371 0.685742 0.711133 0.00131512
12 0.597559 0.430859 0.617383 0.446875 0.00130939
12 0.731836 0.369336 0.536328 0.596484 0.00130463
12 0.474121 0.703125 0.75332 0.59375 0.00130463
20 0.597559 0.430859 0.617383 0.446875 0.00129414
3 0.557422 0.537109 0.486719 0.489844 0.00129414
12 0.269727 0.728906 0.476172 0.542188 0.00129414
16 0.5125 0.456641 0.398438 0.358594 0.00128937
1 0.79668 0.682422 0.406641 0.635156 0.00128937
1 0.736523 0.723047 0.526953 0.553906 0.00128937
13 0.205078 0.176367 0.410156 0.352734 0.0012846
6 0.664746 0.318945 0.598633 0.637891 0.0012846
1 0.785156 0.371875 0.39375 0.435937 0.0012846
4 0.539453 0.319922 0.539844 0.639844 0.00127888
11 0.205078 0.158789 0.410156 0.317578 0.00127411
10 0.613281 0.465625 0.464063 0.301563 0.00126934
9 0.205078 0.176367 0.410156 0.352734 0.00126457
14 0.539453 0.319922 0.539844 0.639844 0.00126457
6 0.639063 0.444141 0.528125 0.350781 0.00126457
12 0.694531 0.324805 0.610938 0.649609 0.0012598
6 0.620703 0.350781 0.500781 0.539844 0.0012598
11 0.547656 0.451953 0.364063 0.289844 0.0012598
21 0.664746 0.318945 0.598633 0.637891 0.00125504
12 0.667285 0.472266 0.66543 0.814844 0.00125504
7 0.593066 0.315625 0.501367 0.63125 0.00124931
19 0.633984 0.492188 0.333594 0.423438 0.00124454
1 0.715234 0.683594 0.480469 0.632812 0.00123501
6 0.659766 0.451465 0.680469 0.739258 0.00122547
19 0.764063 0.253711 0.235938 0.325391 0.00121593
24 0.539746 0.416406 0.483008 0.353125 0.00121593
19 0.586328 0.390723 0.283594 0.341992 0.0012064
21 0.639063 0.444141 0.528125 0.350781 0.0012064
12 0.765234 0.698438 0.469531 0.603125 0.0012064
12 0.782031 0.710938 0.435937 0.578125 0.00120163
0 0.818164 0.853906 0.363672 0.292188 0.00120163
10 0.830273 0.854883 0.339453 0.290234 0.00120163
1 0.724219 0.660937 0.551562 0.678125 0.00119686
13 0.830273 0.854883 0.339453 0.290234 0.00119686
21 0.765625 0.666406 0.228125 0.34375 0.00119209
11 0.45 0.306836 0.63125 0.613672 0.00119209
17 0.545313 0.685938 0.380469 0.503125 0.00119209
23 0.593066 0.315625 0.501367 0.63125 0.00118828
14 0.547656 0.451953 0.364063 0.289844 0.00118828
12 0.205078 0.158789 0.410156 0.317578 0.00117874
22 0.620703 0.350781 0.500781 0.539844 0.00117874
11 0.655566 0.488281 0.568555 0.55 0.00117874
1 0.498047 0.710547 0.54375 0.578906 0.0011692
20 0.539746 0.416406 0.483008 0.353125 0.00116539
1 0.597559 0.430859 0.617383 0.446875 0.00116539
0 0.547656 0.451953 0.364063 0.289844 0.00116539
1 0.771484 0.852344 0.341406 0.295312 0.00116539
17 0.639063 0.444141 0.528125 0.350781 0.00116062
2 0.597559 0.430859 0.617383 0.446875 0.00116062
1 0.795508 0.743945 0.408984 0.512109 0.00115108
12 0.505859 0.5375 0.4875 0.51875 0.00114727
12 0.579297 0.510938 0.485156 0.450781 0.00113773
21 0.749219 0.808594 0.276563 0.371875 0.00113392
1 0.655566 0.488281 0.568555 0.55 0.00113392
1 0.901563 0.355469 0.196875 0.419531 0.00112438
11 0.539746 0.416406 0.483008 0.353125 0.00112438
23 0.639063 0.444141 0.528125 0.350781 0.00112057
13 0.628809 0.349023 0.508008 0.509766 0.00112057
21 0.519531 0.591406 0.282031 0.379688 0.0011158
4 0.539746 0.416406 0.483008 0.353125 0.0011158
17 0.79668 0.682422 0.406641 0.635156 0.0011158
22 0.79668 0.682422 0.406641 0.635156 0.0011158
12 0.545313 0.685938 0.380469 0.503125 0.00111198
25 0.620703 0.350781 0.500781 0.539844 0.00110722
2 0.659766 0.451465 0.680469 0.739258 0.0011034
14 0.532031 0.551562 0.498437 0.53125 0.0011034
21 0.667969 0.522266 0.309375 0.405469 0.00109863
13 0.731836 0.369336 0.536328 0.596484 0.00109482
6 0.532031 0.551562 0.498437 0.53125 0.00109005
15 0.205078 0.176367 0.410156 0.352734 0.00108624
15 0.539746 0.416406 0.483008 0.353125 0.00107288
19 0.597559 0.430859 0.617383 0.446875 0.00107288
1 0.654785 0.358984 0.69043 0.672656 0.00107288
20 0.532031 0.551562 0.498437 0.53125 0.00107288
2 0.655566 0.488281 0.568555 0.55 0.00106525
14 0.830273 0.854883 0.339453 0.290234 0.00106049
2 0.207617 0.163672 0.415234 0.327344 0.00104809
12 0.715234 0.683594 0.480469 0.632812 0.00104809
12 0.655566 0.488281 0.568555 0.55 0.00104046
11 0.557031 0.707031 0.370313 0.539062 0.00104046
13 0.74375 0.83457 0.5125 0.330859 0.00103664
0 0.517578 0.483691 0.426563 0.379492 0.00103188
4 0.557031 0.336523 0.739062 0.673047 0.00102806
19 0.593066 0.315625 0.501367 0.63125 0.00102806
21 0.742969 0.371875 0.276563 0.385156 0.00102425
2 0.517578 0.483691 0.426563 0.379492 0.00101185
12 0.498047 0.710547 0.54375 0.578906 0.00100803
1 0.650879 0.630371 0.685742 0.711133 0.00100422
24 0.464063 0.318945 0.659375 0.575391 0.0287628
12 0.474121 0.316797 0.78457 0.633594 0.0270691
13 0.474121 0.30625 0.686133 0.6125 0.0179138
12 0.216406 0.192969 0.432813 0.385938 0.0146179
6 0.464063 0.318945 0.659375 0.575391 0.0136337
12 0.224219 0.201563 0.448438 0.403125 0.0116882
12 0.234766 0.164551 0.469531 0.329102 0.0109024
12 0.610938 0.311719 0.778125 0.623438 0.0106506
11 0.474121 0.30625 0.686133 0.6125 0.0102081
7 0.464063 0.318945 0.659375 0.575391 0.00787354
16 0.464063 0.318945 0.659375 0.575391 0.00728989
12 0.230469 0.153223 0.460938 0.306445 0.00695801
24 0.5125 0.429004 0.460938 0.332617 0.00547028
13 0.219531 0.193555 0.439063 0.387109 0.00530243
7 0.761719 0.118652 0.476562 0.237305 0.00526047
24 0.219531 0.193555 0.439063 0.387109 0.0051384
12 0.396094 0.380078 0.792188 0.760156 0.0049057
19 0.60625 0.221924 0.273438 0.352246 0.0046463
19 0.474121 0.30625 0.686133 0.6125 0.00460815
13 0.610938 0.311719 0.778125 0.623438 0.00457382
24 0.207031 0.192188 0.414062 0.384375 0.00439835
11 0.219531 0.193555 0.439063 0.387109 0.0042305
19 0.897656 0.294482 0.204688 0.371973 0.00413513
6 0.5125 0.429004 0.460938 0.332617 0.00408554
9 0.464063 0.318945 0.659375 0.575391 0.00391388
11 0.610938 0.311719 0.778125 0.623438 0.00387001
11 0.750391 0.121875 0.499219 0.24375 0.00367928
13 0.217969 0.161914 0.435937 0.323828 0.00349617
6 0.547656 0.449609 0.409375 0.272656 0.00336266
16 0.209375 0.189844 0.41875 0.379688 0.00323486
24 0.547656 0.449609 0.409375 0.272656 0.00316048
15 0.474121 0.30625 0.686133 0.6125 0.0030632
15 0.223633 0.2 0.447266 0.4 0.00305176
19 0.578906 0.260889 0.26875 0.336035 0.00299263
24 0.761719 0.118652 0.476562 0.237305 0.00296974
9 0.5125 0.429004 0.460938 0.332617 0.00296974
13 0.224219 0.201563 0.448438 0.403125 0.00291252
16 0.610938 0.311719 0.778125 0.623438 0.00277901
6 0.761719 0.118652 0.476562 0.237305 0.00276756
24 0.202734 0.220313 0.405469 0.3125 0.00274658
15 0.761719 0.118652 0.476562 0.237305 0.00269318
11 0.224219 0.201563 0.448438 0.403125 0.00269318
12 0.110742 0.871875 0.221484 0.25625 0.00268364
12 0.612891 0.3375 0.774219 0.675 0.00265312
11 0.217969 0.161914 0.435937 0.323828 0.00263214
24 0.735938 0.215625 0.528125 0.43125 0.00263214
6 0.219531 0.193555 0.439063 0.387109 0.00263214
12 0.700781 0.225781 0.598437 0.451562 0.00256157
1 0.508984 0.318359 0.608594 0.625781 0.00247192
17 0.474121 0.30625 0.686133 0.6125 0.00245285
13 0.396094 0.380078 0.792188 0.760156 0.00219154
19 0.557031 0.363672 0.298438 0.413281 0.00218201
13 0.750391 0.121875 0.499219 0.24375 0.00218201
12 0.403223 0.447266 0.731055 0.705469 0.00214958
23 0.464063 0.318945 0.659375 0.575391 0.00213242
4 0.474121 0.30625 0.686133 0.6125 0.00211525
15 0.207813 0.190625 0.415625 0.38125 0.00208282
18 0.761719 0.118652 0.476562 0.237305 0.00203514
6 0.207031 0.192188 0.414062 0.384375 0.00203514
4 0.216406 0.192969 0.432813 0.385938 0.00201035
16 0.5125 0.429004 0.460938 0.332617 0.00200272
6 0.735938 0.215625 0.528125 0.43125 0.00196457
12 0.75625 0.124023 0.4875 0.248047 0.00192642
14 0.477246 0.33125 0.66582 0.613281 0.00189686
14 0.750391 0.121875 0.499219 0.24375 0.00188255
16 0.202734 0.220313 0.405469 0.3125 0.00184631
12 0.517871 0.314648 0.581445 0.580078 0.00183868
13 0.700781 0.225781 0.598437 0.451562 0.0018177
14 0.224219 0.201563 0.448438 0.403125 0.00179577
4 0.224219 0.201563 0.448438 0.403125 0.00176811
5 0.474121 0.30625 0.686133 0.6125 0.00176811
1 0.612402 0.32207 0.71582 0.644141 0.00170708
15 0.735938 0.215625 0.528125 0.43125 0.00166798
16 0.228516 0.203125 0.457031 0.40625 0.0016613
6 0.610938 0.311719 0.778125 0.623438 0.00164223
9 0.547656 0.449609 0.409375 0.272656 0.00162888
7 0.219531 0.193555 0.439063 0.387109 0.00162315
1 0.217969 0.161914 0.435937 0.323828 0.00161076
6 0.202734 0.220313 0.405469 0.3125 0.0015974
14 0.216406 0.192969 0.432813 0.385938 0.00156116
24 0.610938 0.311719 0.778125 0.623438 0.00156116
16 0.547656 0.449609 0.409375 0.272656 0.00152493
20 0.474121 0.30625 0.686133 0.6125 0.00150108
12 0.301172 0.32168 0.602344 0.643359 0.00148964
16 0.753516 0.112793 0.492969 0.225586 0.00143242
18 0.474121 0.30625 0.686133 0.6125 0.00141048
15 0.610938 0.311719 0.778125 0.623438 0.00139904
9 0.219531 0.193555 0.439063 0.387109 0.00137806
9 0.207031 0.192188 0.414062 0.384375 0.00137806
3 0.477246 0.33125 0.66582 0.613281 0.00137806
2 0.753516 0.112793 0.492969 0.225586 0.00136662
14 0.217969 0.161914 0.435937 0.323828 0.00131989
12 0.429688 0.251563 0.859375 0.503125 0.00131512
17 0.216406 0.192969 0.432813 0.385938 0.00130939
2 0.735938 0.215625 0.528125 0.43125 0.00130463
13 0.110742 0.871875 0.221484 0.25625 0.00129414
6 0.224219 0.201563 0.448438 0.403125 0.00124454
17 0.612402 0.32207 0.71582 0.644141 0.00121117
9 0.735938 0.215625 0.528125 0.43125 0.00119209
19 0.219531 0.193555 0.439063 0.387109 0.00118351
16 0.234766 0.164551 0.469531 0.329102 0.00117874
7 0.207031 0.192188 0.414062 0.384375 0.00117397
21 0.897656 0.294482 0.204688 0.371973 0.00116539
16 0.799414 0.0918945 0.401172 0.183789 0.00111198
23 0.761719 0.118652 0.476562 0.237305 0.00109863
12 0.13418 0.769531 0.268359 0.460938 0.00109482
2 0.464063 0.318945 0.659375 0.575391 0.00108624
4 0.610938 0.311719 0.778125 0.623438 0.00108147
17 0.217969 0.161914 0.435937 0.323828 0.00107288
7 0.610938 0.311719 0.778125 0.623438 0.00107288
19 0.8375 0.0841309 0.29375 0.168262 0.00106907
15 0.234766 0.164551 0.469531 0.329102 0.00106525
11 0.202734 0.220313 0.405469 0.3125 0.00106525
7 0.735938 0.215625 0.528125 0.43125 0.00106049
12 0.398828 0.547656 0.797656 0.826563 0.00105667
4 0.761719 0.118652 0.476562 0.237305 0.00103188
1 0.753516 0.112793 0.492969 0.225586 0.00102806
16 0.224219 0.201563 0.448438 0.403125 0.00102043
1 0.209375 0.195703 0.41875 0.391406 0.00102043
14 0.612402 0.32207 0.71582 0.644141 0.00101662
21 0.896484 0.296826 0.207031 0.359473 0.0609741
19 0.897656 0.297461 0.204688 0.355078 0.0589905
24 0.535937 0.301953 0.685938 0.603906 0.0269623
11 0.535937 0.308594 0.742188 0.617188 0.0207214
19 0.602344 0.242529 0.304688 0.394629 0.0195618
7 0.535937 0.301953 0.685938 0.603906 0.0147324
13 0.564063 0.305273 0.61875 0.610547 0.0136871
6 0.535937 0.301953 0.685938 0.603906 0.0103302
12 0.55 0.303906 0.709375 0.607813 0.00751877
19 0.630859 0.195508 0.307031 0.391016 0.00746155
19 0.648047 0.150781 0.305469 0.301563 0.00695801
24 0.551953 0.469531 0.3875 0.255469 0.00538635
11 0.533691 0.310547 0.543555 0.621094 0.00518036
14 0.55 0.303906 0.709375 0.607813 0.00508118
1 0.559375 0.298047 0.678125 0.596094 0.00479126
9 0.535937 0.301953 0.685938 0.603906 0.00468063
18 0.535937 0.301953 0.685938 0.603906 0.00432968
4 0.535937 0.308594 0.742188 0.617188 0.00419998
15 0.544531 0.310156 0.625 0.620313 0.00405502
23 0.535937 0.301953 0.685938 0.603906 0.00353813
21 0.602344 0.242529 0.304688 0.394629 0.00341606
12 0.427734 0.323828 0.855469 0.647656 0.00335121
17 0.559375 0.298047 0.678125 0.596094 0.00314713
6 0.551953 0.469531 0.3875 0.255469 0.00287819
19 0.544531 0.310156 0.625 0.620313 0.00282288
19 0.580469 0.297852 0.3125 0.422266 0.00279045
24 0.542285 0.378516 0.485742 0.424219 0.00269318
16 0.564063 0.305273 0.61875 0.610547 0.00255013
2 0.559375 0.298047 0.678125 0.596094 0.00247192
13 0.427734 0.323828 0.855469 0.647656 0.00227928
0 0.559375 0.298047 0.678125 0.596094 0.00188255
4 0.533691 0.310547 0.543555 0.621094 0.00177479
7 0.542285 0.378516 0.485742 0.424219 0.00174141
7 0.551953 0.469531 0.3875 0.255469 0.0017271
19 0.197461 0.156445 0.319922 0.312891 0.00171375
3 0.55 0.303906 0.709375 0.607813 0.00152493
6 0.542285 0.378516 0.485742 0.424219 0.0014782
12 0.375391 0.369141 0.750781 0.738281 0.00146675
9 0.551953 0.469531 0.3875 0.255469 0.00141048
16 0.551953 0.469531 0.3875 0.255469 0.00139427
21 0.551562 0.601562 0.30625 0.384375 0.00126934
15 0.542285 0.378516 0.485742 0.424219 0.00124454
12 0.176367 0.197461 0.352734 0.394922 0.00118351
25 0.559375 0.298047 0.678125 0.596094 0.00117874
19 0.551562 0.601562 0.30625 0.384375 0.00116062
18 0.551953 0.469531 0.3875 0.255469 0.00116062
16 0.542285 0.378516 0.485742 0.424219 0.0011425
20 0.55 0.303906 0.709375 0.607813 0.00109005
2 0.176367 0.197461 0.352734 0.394922 0.00105667
1 0.176367 0.197461 0.352734 0.394922 0.00104809
4 0.176367 0.197461 0.352734 0.394922 0.00104809
23 0.551953 0.469531 0.3875 0.255469 0.00101662
11 0.181641 0.203516 0.363281 0.407031 0.00100803
12 0.567969 0.316602 0.367188 0.480859 0.14563
13 0.567969 0.316602 0.367188 0.480859 0.110107
12 0.605078 0.296875 0.441406 0.59375 0.049408
17 0.567969 0.316602 0.367188 0.480859 0.037323
17 0.586719 0.299023 0.415625 0.598047 0.0354004
1 0.586719 0.299023 0.415625 0.598047 0.0349426
6 0.548828 0.446973 0.341406 0.237305 0.0335999
6 0.567578 0.308203 0.408594 0.535937 0.032959
12 0.540723 0.301953 0.720117 0.603906 0.0252686
16 0.5625 0.323633 0.382031 0.515234 0.0216217
3 0.567969 0.316602 0.367188 0.480859 0.0192719
25 0.562109 0.319141 0.4 0.522656 0.0191956
1 0.567969 0.316602 0.367188 0.480859 0.0185394
25 0.605078 0.296875 0.441406 0.59375 0.0184784
13 0.605078 0.296875 0.441406 0.59375 0.0171814
23 0.555469 0.325391 0.382812 0.503125 0.0170441
3 0.605078 0.296875 0.441406 0.59375 0.016098
12 0.688672 0.301953 0.605469 0.603906 0.0142822
16 0.543359 0.389844 0.346094 0.373437 0.0142822
25 0.688672 0.301953 0.605469 0.603906 0.0137939
11 0.567969 0.316602 0.367188 0.480859 0.0131226
15 0.577344 0.313281 0.370313 0.4875 0.0126724
13 0.540723 0.301953 0.720117 0.603906 0.0119629
6 0.543359 0.389844 0.346094 0.373437 0.0103683
20 0.605078 0.296875 0.441406 0.59375 0.0102921
0 0.555469 0.325391 0.382812 0.503125 0.0102921
4 0.577344 0.313281 0.370313 0.4875 0.00971222
17 0.688672 0.301953 0.605469 0.603906 0.00955963
15 0.688672 0.301953 0.605469 0.603906 0.00912476
4 0.183594 0.17627 0.367188 0.352539 0.00891876
1 0.634375 0.320117 0.60625 0.640234 0.00888062
0 0.688672 0.301953 0.605469 0.603906 0.00888062
23 0.543359 0.389844 0.346094 0.373437 0.00888062
19 0.567969 0.316602 0.367188 0.480859 0.00854492
7 0.555469 0.325391 0.382812 0.503125 0.00844574
14 0.181445 0.171289 0.362891 0.342578 0.00837708
14 0.562109 0.319141 0.4 0.522656 0.0078125
20 0.564844 0.311719 0.358594 0.492969 0.00706482
13 0.634375 0.320117 0.60625 0.640234 0.00701141
6 0.183594 0.17627 0.367188 0.352539 0.0068512
4 0.688672 0.301953 0.605469 0.603906 0.00679779
16 0.548828 0.446973 0.341406 0.237305 0.00658798
2 0.688672 0.301953 0.605469 0.603906 0.0064888
22 0.586719 0.299023 0.415625 0.598047 0.00643921
9 0.562109 0.319141 0.4 0.522656 0.00638962
14 0.688672 0.301953 0.605469 0.603906 0.00634003
15 0.605078 0.296875 0.441406 0.59375 0.00598145
5 0.567969 0.316602 0.367188 0.480859 0.00595856
14 0.605078 0.296875 0.441406 0.59375 0.00588989
24 0.548828 0.446973 0.341406 0.237305 0.00577545
11 0.688672 0.301953 0.605469 0.603906 0.00572968
2 0.181445 0.171289 0.362891 0.342578 0.00568771
9 0.548828 0.446973 0.341406 0.237305 0.00508118
0 0.548828 0.446973 0.341406 0.237305 0.00486755
23 0.548828 0.446973 0.341406 0.237305 0.00462723
4 0.543359 0.389844 0.346094 0.373437 0.00457382
2 0.577344 0.313281 0.370313 0.4875 0.00453949
0 0.543359 0.389844 0.346094 0.373437 0.00450516
11 0.183887 0.179883 0.367773 0.359766 0.00434875
12 0.402344 0.314258 0.804688 0.628516 0.00432968
8 0.586719 0.299023 0.415625 0.598047 0.00413513
20 0.688672 0.301953 0.605469 0.603906 0.00400543
1 0.179883 0.165039 0.359766 0.330078 0.00399017
3 0.688672 0.301953 0.605469 0.603906 0.0039444
0 0.181445 0.171289 0.362891 0.342578 0.00392914
2 0.605078 0.296875 0.441406 0.59375 0.00390053
4 0.548828 0.446973 0.341406 0.237305 0.00388527
19 0.601562 0.207031 0.267188 0.346875 0.00383949
4 0.605078 0.296875 0.441406 0.59375 0.00376511
24 0.564844 0.311719 0.358594 0.492969 0.00376511
13 0.543359 0.389844 0.346094 0.373437 0.00372124
0 0.605078 0.296875 0.441406 0.59375 0.00362206
11 0.605078 0.296875 0.441406 0.59375 0.00356483
6 0.688672 0.301953 0.605469 0.603906 0.00352478
19 0.577734 0.252539 0.272656 0.357422 0.00345612
21 0.586719 0.299023 0.415625 0.598047 0.00341606
3 0.543359 0.389844 0.346094 0.373437 0.00332451
7 0.543359 0.389844 0.346094 0.373437 0.00325966
5 0.183594 0.17627 0.367188 0.352539 0.00324821
15 0.543359 0.389844 0.346094 0.373437 0.00286674
9 0.183594 0.17627 0.367188 0.352539 0.00284576
12 0.543359 0.389844 0.346094 0.373437 0.00284576
17 0.543359 0.389844 0.346094 0.373437 0.00275803
2 0.548828 0.446973 0.341406 0.237305 0.00273705
10 0.5625 0.323633 0.382031 0.515234 0.00265312
18 0.555469 0.325391 0.382812 0.503125 0.00263214
24 0.543359 0.389844 0.346094 0.373437 0.00261116
19 0.533594 0.361719 0.273438 0.3625 0.00253105
22 0.567969 0.316602 0.367188 0.480859 0.00251198
2 0.543359 0.389844 0.346094 0.373437 0.00244331
17 0.179883 0.165039 0.359766 0.330078 0.00243378
19 0.895312 0.292627 0.209375 0.356152 0.0024147
9 0.543359 0.389844 0.346094 0.373437 0.0024147
8 0.567969 0.316602 0.367188 0.480859 0.00232315
25 0.182422 0.170215 0.364844 0.34043 0.00219154
10 0.183594 0.17627 0.367188 0.352539 0.00213242
22 0.634375 0.320117 0.60625 0.640234 0.00208282
0 0.717969 0.235938 0.564063 0.471875 0.00199509
7 0.548828 0.446973 0.341406 0.237305 0.00194931
19 0.543359 0.389844 0.346094 0.373437 0.00192642
5 0.586719 0.299023 0.415625 0.598047 0.00191212
20 0.548828 0.446973 0.341406 0.237305 0.00190449
1 0.540723 0.301953 0.720117 0.603906 0.00189686
19 0.586719 0.299023 0.415625 0.598047 0.00188255
12 0.179883 0.165039 0.359766 0.330078 0.00186062
21 0.688672 0.301953 0.605469 0.603906 0.00186062
25 0.543359 0.389844 0.346094 0.373437 0.00183868
19 0.629687 0.16582 0.275 0.310547 0.00183105
11 0.543359 0.389844 0.346094 0.373437 0.00179577
9 0.605078 0.296875 0.441406 0.59375 0.00176811
1 0.543359 0.389844 0.346094 0.373437 0.0017271
8 0.181445 0.171289 0.362891 0.342578 0.00168705
10 0.605078 0.296875 0.441406 0.59375 0.00168705
16 0.688672 0.301953 0.605469 0.603906 0.00168705
15 0.548828 0.446973 0.341406 0.237305 0.00167465
0 0.728906 0.15918 0.542188 0.318359 0.0016613
7 0.182422 0.165918 0.364844 0.331836 0.00163555
16 0.549902 0.306641 0.523633 0.565625 0.00162315
13 0.402344 0.314258 0.804688 0.628516 0.00152493
25 0.548828 0.446973 0.341406 0.237305 0.00152493
9 0.688672 0.301953 0.605469 0.603906 0.00149536
15 0.183594 0.17627 0.367188 0.352539 0.00138855
18 0.543359 0.389844 0.346094 0.373437 0.00138855
20 0.543359 0.389844 0.346094 0.373437 0.00138855
8 0.543359 0.389844 0.346094 0.373437 0.00136662
3 0.181445 0.171289 0.362891 0.342578 0.00135612
18 0.548828 0.446973 0.341406 0.237305 0.00130939
23 0.181445 0.171289 0.362891 0.342578 0.00130463
10 0.688672 0.301953 0.605469 0.603906 0.00127411
24 0.183887 0.179883 0.367773 0.359766 0.00125504
5 0.543359 0.389844 0.346094 0.373437 0.0012207
10 0.543359 0.389844 0.346094 0.373437 0.0012207
14 0.543359 0.389844 0.346094 0.373437 0.00121593
10 0.548828 0.446973 0.341406 0.237305 0.00120163
5 0.548828 0.446973 0.341406 0.237305 0.00117397
11 0.540723 0.301953 0.720117 0.603906 0.0011425
17 0.540723 0.301953 0.720117 0.603906 0.00112438
2 0.717969 0.235938 0.564063 0.471875 0.0011158
21 0.179883 0.165039 0.359766 0.330078 0.00110722
19 0.183594 0.17627 0.367188 0.352539 0.00110722
20 0.179883 0.165039 0.359766 0.330078 0.00109863
3 0.548828 0.446973 0.341406 0.237305 0.00109005
8 0.634375 0.320117 0.60625 0.640234 0.00106049
18 0.688672 0.301953 0.605469 0.603906 0.00105286
19 0.559766 0.305664 0.282813 0.369141 0.00102425
2 0.728906 0.15918 0.542188 0.318359 0.00100422
12 0.575391 0.298438 0.396094 0.551562 0.46875
13 0.575391 0.298438 0.396094 0.551562 0.134277
12 0.679688 0.295312 0.560938 0.590625 0.113586
17 0.679688 0.295312 0.560938 0.590625 0.0302124
12 0.4875 0.308203 0.503906 0.544531 0.0301056
25 0.679688 0.295312 0.560938 0.590625 0.0299835
1 0.679688 0.295312 0.560938 0.590625 0.0292511
13 0.648828 0.300586 0.578906 0.601172 0.0288696
17 0.575 0.301953 0.342187 0.538281 0.0262604
25 0.575 0.301953 0.342187 0.538281 0.0180511
1 0.575 0.301953 0.342187 0.538281 0.0150757
12 0.577441 0.308203 0.591992 0.616406 0.0134277
15 0.575391 0.298438 0.396094 0.551562 0.0134277
17 0.581934 0.294922 0.49707 0.575781 0.0107346
25 0.581934 0.294922 0.49707 0.575781 0.00948334
4 0.575391 0.298438 0.396094 0.551562 0.00772476
12 0.685547 0.330469 0.628906 0.660937 0.00717545
16 0.555469 0.307617 0.397656 0.541016 0.00717545
3 0.679688 0.295312 0.560938 0.590625 0.00712204
8 0.519531 0.47334 0.2625 0.262695 0.00695801
15 0.648828 0.300586 0.578906 0.601172 0.00679779
4 0.648828 0.300586 0.578906 0.601172 0.00658798
6 0.514746 0.460156 0.298633 0.2375 0.00653839
13 0.4875 0.308203 0.503906 0.544531 0.00600433
1 0.581934 0.294922 0.49707 0.575781 0.00598145
11 0.581934 0.294922 0.49707 0.575781 0.00536346
20 0.679688 0.295312 0.560938 0.590625 0.00521851
22 0.679688 0.295312 0.560938 0.590625 0.00519943
6 0.555469 0.307617 0.397656 0.541016 0.00511932
16 0.509375 0.468359 0.249219 0.276563 0.00482941
22 0.575 0.301953 0.342187 0.538281 0.00466537
3 0.575 0.301953 0.342187 0.538281 0.00453949
23 0.545313 0.300781 0.439063 0.5625 0.00450516
1 0.502344 0.459277 0.327344 0.30957 0.00446701
4 0.519531 0.47334 0.2625 0.262695 0.00424957
17 0.514746 0.460156 0.298633 0.2375 0.00397491
20 0.575 0.301953 0.342187 0.538281 0.00387001
1 0.519531 0.47334 0.2625 0.262695 0.00376511
14 0.648828 0.300586 0.578906 0.601172 0.00370789
12 0.514746 0.460156 0.298633 0.2375 0.00365067
5 0.523047 0.475098 0.294531 0.27168 0.00356483
0 0.519531 0.47334 0.2625 0.262695 0.00345612
13 0.495703 0.458496 0.2875 0.239258 0.00342941
22 0.523047 0.475098 0.294531 0.27168 0.00342941
14 0.575391 0.298438 0.396094 0.551562 0.00322342
8 0.502344 0.459277 0.327344 0.30957 0.00314713
9 0.509375 0.468359 0.249219 0.276563 0.00312424
12 0.467187 0.366406 0.696875 0.732813 0.00302696
15 0.514746 0.460156 0.298633 0.2375 0.00299263
23 0.495703 0.458496 0.2875 0.239258 0.00291252
20 0.509375 0.468359 0.249219 0.276563 0.0028553
15 0.4875 0.308203 0.503906 0.544531 0.00284576
5 0.575391 0.298438 0.396094 0.551562 0.00282288
21 0.523047 0.475098 0.294531 0.27168 0.00282288
2 0.702344 0.298047 0.595313 0.596094 0.00271416
1 0.680078 0.307031 0.639844 0.614062 0.00263214
3 0.581934 0.294922 0.49707 0.575781 0.00261116
6 0.679688 0.295312 0.560938 0.590625 0.00257111
16 0.467578 0.44541 0.3125 0.263867 0.00251198
11 0.648828 0.300586 0.578906 0.601172 0.0024929
13 0.536719 0.448047 0.3125 0.261719 0.00247192
3 0.509375 0.468359 0.249219 0.276563 0.00246239
1 0.476172 0.436719 0.383594 0.380469 0.00245285
6 0.467578 0.44541 0.3125 0.263867 0.00243378
11 0.575 0.301953 0.342187 0.538281 0.00232315
0 0.702344 0.298047 0.595313 0.596094 0.00223351
4 0.485547 0.463281 0.278906 0.295312 0.00216484
12 0.467578 0.44541 0.3125 0.263867 0.00203514
0 0.485547 0.463281 0.278906 0.295312 0.00202751
25 0.514746 0.460156 0.298633 0.2375 0.00200272
1 0.467578 0.44541 0.3125 0.263867 0.00193405
24 0.575391 0.298438 0.396094 0.551562 0.00188923
9 0.555078 0.317773 0.360938 0.512891 0.00181007
2 0.509375 0.468359 0.249219 0.276563 0.00175476
19 0.575391 0.298438 0.396094 0.551562 0.00174141
22 0.581934 0.294922 0.49707 0.575781 0.00171375
21 0.679688 0.295312 0.560938 0.590625 0.00162888
24 0.509375 0.468359 0.249219 0.276563 0.00162888
17 0.680078 0.307031 0.639844 0.614062 0.00162315
16 0.536719 0.448047 0.3125 0.261719 0.00162315
0 0.545313 0.300781 0.439063 0.5625 0.00154877
2 0.575 0.301953 0.342187 0.538281 0.00151253
17 0.502344 0.459277 0.327344 0.30957 0.00148392
17 0.467578 0.44541 0.3125 0.263867 0.00135136
20 0.581934 0.294922 0.49707 0.575781 0.00134563
2 0.536719 0.448047 0.3125 0.261719 0.00133514
22 0.476172 0.436719 0.383594 0.380469 0.00133038
16 0.679688 0.295312 0.560938 0.590625 0.00132465
15 0.467578 0.44541 0.3125 0.263867 0.00129986
22 0.553906 0.522656 0.570312 0.589063 0.0012846
3 0.502344 0.459277 0.327344 0.30957 0.00123978
8 0.648828 0.300586 0.578906 0.601172 0.00123024
12 0.181738 0.167285 0.363477 0.33457 0.00122547
10 0.502344 0.459277 0.327344 0.30957 0.00122547
3 0.467578 0.44541 0.3125 0.263867 0.00121593
9 0.467578 0.44541 0.3125 0.263867 0.00118351
5 0.648828 0.300586 0.578906 0.601172 0.0011692
1 0.553906 0.522656 0.570312 0.589063 0.00116062
14 0.536719 0.448047 0.3125 0.261719 0.00114727
5 0.476172 0.436719 0.383594 0.380469 0.00114727
3 0.536719 0.448047 0.3125 0.261719 0.00112438
25 0.685547 0.330469 0.628906 0.660937 0.00109005
9 0.502344 0.459277 0.327344 0.30957 0.00109005
2 0.467578 0.44541 0.3125 0.263867 0.00108147
8 0.476172 0.436719 0.383594 0.380469 0.00106907
9 0.536719 0.448047 0.3125 0.261719 0.00105286
21 0.476172 0.436719 0.383594 0.380469 0.00103188
21 0.560547 0.508594 0.225 0.34375 0.00101662
10 0.575 0.301953 0.342187 0.538281 0.00101662
7 0.495703 0.458496 0.2875 0.239258 0.00100422
12 0.460938 0.302344 0.696875 0.604688 0.361084
13 0.460938 0.302344 0.696875 0.604688 0.229492
12 0.544922 0.329102 0.359375 0.505859 0.0668335
13 0.50625 0.313281 0.479688 0.544531 0.0614319
13 0.544922 0.329102 0.359375 0.505859 0.0462036
12 0.50625 0.313281 0.479688 0.544531 0.0362244
12 0.617578 0.305859 0.699219 0.611719 0.00894928
12 0.655859 0.220703 0.438281 0.441406 0.00728989
15 0.460938 0.302344 0.696875 0.604688 0.00460815
17 0.478516 0.295703 0.585156 0.591406 0.00436401
12 0.364648 0.351562 0.729297 0.703125 0.00385475
17 0.544922 0.329102 0.359375 0.505859 0.00345612
12 0.692187 0.252734 0.615625 0.505469 0.00312424
13 0.612891 0.216602 0.350781 0.433203 0.00300407
15 0.573828 0.338672 0.310937 0.49375 0.00266266
12 0.180469 0.548047 0.360938 0.549219 0.00251198
13 0.672656 0.219141 0.44375 0.438281 0.00243378
13 0.617578 0.305859 0.699219 0.611719 0.0024147
1 0.504687 0.310547 0.632812 0.621094 0.00235939
11 0.460938 0.302344 0.696875 0.604688 0.00234222
13 0.364648 0.351562 0.729297 0.703125 0.00232315
25 0.478516 0.295703 0.585156 0.591406 0.00218201
25 0.544922 0.329102 0.359375 0.505859 0.00186729
12 0.542871 0.688281 0.775195 0.623438 0.00183105
15 0.530859 0.404297 0.383594 0.352344 0.00170708
13 0.180469 0.548047 0.360938 0.549219 0.00137806
17 0.507031 0.322266 0.823438 0.644531 0.00137234
17 0.50625 0.313281 0.479688 0.544531 0.00136662
1 0.544922 0.329102 0.359375 0.505859 0.00134563
12 0.185059 0.158594 0.370117 0.317188 0.00134087
12 0.530859 0.404297 0.383594 0.352344 0.00131989
22 0.478516 0.295703 0.585156 0.591406 0.00131512
12 0.190039 0.160938 0.380078 0.321875 0.00126934
14 0.478516 0.295703 0.585156 0.591406 0.00126457
12 0.249609 0.547559 0.499219 0.662695 0.00124931
12 0.714063 0.216602 0.489063 0.433203 0.00121593
16 0.489844 0.295508 0.566406 0.591016 0.00119209
15 0.50625 0.313281 0.479688 0.544531 0.00114727
13 0.692187 0.252734 0.615625 0.505469 0.0011158
14 0.507031 0.322266 0.823438 0.644531 0.00110722
25 0.507031 0.322266 0.823438 0.644531 0.00109005
0 0.521094 0.448438 0.301563 0.257031 0.00103664
22 0.544922 0.329102 0.359375 0.505859 0.00101662
12 0.382812 0.665723 0.765625 0.668555 0.00100422
13 0.563281 0.335938 0.325 0.516406 0.274414
12 0.563672 0.329297 0.327344 0.524219 0.210815
13 0.570312 0.299805 0.426563 0.599609 0.165649
12 0.570312 0.299805 0.426563 0.599609 0.154053
12 0.496875 0.310937 0.61875 0.621875 0.0263519
12 0.553906 0.328516 0.778125 0.657031 0.0172424
13 0.496875 0.310937 0.61875 0.621875 0.0148392
13 0.553906 0.328516 0.778125 0.657031 0.00671768
17 0.571094 0.305273 0.314063 0.572266 0.00312424
19 0.904688 0.27832 0.190625 0.332422 0.00258064
25 0.571094 0.305273 0.314063 0.572266 0.00255013
12 0.419922 0.339258 0.839844 0.678516 0.00252151
12 0.316992 0.60459 0.633984 0.78457 0.00225258
15 0.563672 0.329297 0.327344 0.524219 0.00185299
13 0.55 0.440625 0.301563 0.273438 0.00172043
15 0.570703 0.306055 0.396094 0.612109 0.00163555
12 0.6875 0.348633 0.625 0.697266 0.00146675
1 0.570703 0.306055 0.396094 0.612109 0.00133514
14 0.570703 0.306055 0.396094 0.612109 0.00108147
12 0.55 0.440625 0.301563 0.273438 0.00106525
12 0.552344 0.366016 0.334375 0.438281 0.695801
13 0.552344 0.366016 0.334375 0.438281 0.596191
12 0.57959 0.319531 0.456445 0.550781 0.581543
13 0.57959 0.319531 0.456445 0.550781 0.546875
12 0.547559 0.30625 0.558008 0.6125 0.151489
13 0.547559 0.30625 0.558008 0.6125 0.127197
12 0.619434 0.319141 0.683008 0.638281 0.100891
13 0.619434 0.319141 0.683008 0.638281 0.0490417
15 0.552344 0.356836 0.340625 0.448047 0.0469055
12 0.655078 0.304688 0.528906 0.589844 0.0263519
23 0.552344 0.356836 0.340625 0.448047 0.0174408
15 0.547656 0.436816 0.339063 0.304492 0.0150146
25 0.577344 0.317188 0.376563 0.551562 0.0138474
13 0.655078 0.304688 0.528906 0.589844 0.0118713
15 0.57959 0.319531 0.456445 0.550781 0.0108566
17 0.577344 0.317188 0.376563 0.551562 0.0088501
12 0.449609 0.320312 0.728906 0.640625 0.00746155
25 0.603516 0.303516 0.477344 0.607031 0.00712204
21 0.545313 0.364063 0.325 0.450781 0.0068512
17 0.552344 0.357812 0.314063 0.45 0.00595856
19 0.545313 0.364063 0.325 0.450781 0.00575256
4 0.533594 0.461328 0.299219 0.221094 0.00486755
17 0.603516 0.303516 0.477344 0.607031 0.00477219
23 0.57959 0.319531 0.456445 0.550781 0.00475693
25 0.552344 0.357812 0.314063 0.45 0.00457382
9 0.547656 0.436816 0.339063 0.304492 0.00397491
4 0.547656 0.436816 0.339063 0.304492 0.00383949
23 0.547656 0.436816 0.339063 0.304492 0.00345612
6 0.533594 0.461328 0.299219 0.221094 0.00340271
1 0.577344 0.317188 0.376563 0.551562 0.00336266
6 0.547656 0.436816 0.339063 0.304492 0.00328636
0 0.533594 0.461328 0.299219 0.221094 0.00324821
13 0.449609 0.320312 0.728906 0.640625 0.00317192
24 0.552344 0.338281 0.378125 0.503125 0.00314713
1 0.603516 0.303516 0.477344 0.607031 0.00279999
15 0.655078 0.304688 0.528906 0.589844 0.00263214
9 0.552344 0.356836 0.340625 0.448047 0.00232315
15 0.547559 0.30625 0.558008 0.6125 0.00228691
0 0.547656 0.436816 0.339063 0.304492 0.00226021
15 0.619434 0.319141 0.683008 0.638281 0.00225258
12 0.547656 0.436816 0.339063 0.304492 0.00196457
2 0.577344 0.317188 0.376563 0.551562 0.00184631
14 0.577344 0.317188 0.376563 0.551562 0.0018034
17 0.547656 0.436816 0.339063 0.304492 0.00179577
24 0.54541 0.419141 0.348242 0.3375 0.0017004
6 0.549219 0.347266 0.31875 0.464844 0.0016489
14 0.603516 0.303516 0.477344 0.607031 0.0015974
12 0.6875 0.320898 0.625 0.641797 0.00151253
2 0.552344 0.357812 0.314063 0.45 0.00150108
20 0.552344 0.366016 0.334375 0.438281 0.00146675
13 0.547656 0.436816 0.339063 0.304492 0.00141621
8 0.533594 0.461328 0.299219 0.221094 0.00134087
11 0.57959 0.319531 0.456445 0.550781 0.00127411
5 0.552344 0.338281 0.378125 0.503125 0.00117397
2 0.655078 0.304688 0.528906 0.589844 0.00116539
16 0.549219 0.347266 0.31875 0.464844 0.00115108
3 0.533594 0.461328 0.299219 0.221094 0.00106525
3 0.549219 0.347266 0.31875 0.464844 0.00105667
11 0.552344 0.366016 0.334375 0.438281 0.00103188
12 0.553906 0.342578 0.360938 0.489844 0.658203
13 0.548438 0.337695 0.353906 0.490234 0.651367
12 0.585938 0.299609 0.515625 0.596875 0.424316
13 0.585938 0.299609 0.515625 0.596875 0.338135
12 0.591406 0.327734 0.760938 0.655469 0.0303345
15 0.553906 0.342578 0.360938 0.489844 0.021698
13 0.591406 0.327734 0.760938 0.655469 0.0132751
19 0.904297 0.261914 0.191406 0.366797 0.0125275
12 0.409375 0.352734 0.81875 0.705469 0.0123367
13 0.538281 0.415625 0.35 0.340625 0.0119171
15 0.585938 0.299609 0.515625 0.596875 0.0116882
15 0.538281 0.415625 0.35 0.340625 0.0105667
23 0.553906 0.342578 0.360938 0.489844 0.0103683
4 0.196094 0.166016 0.392188 0.332031 0.00891876
14 0.196094 0.166016 0.392188 0.332031 0.0088501
12 0.673438 0.260547 0.501563 0.521094 0.0069046
12 0.538281 0.415625 0.35 0.340625 0.0069046
13 0.409375 0.352734 0.81875 0.705469 0.00582123
2 0.197461 0.167285 0.394922 0.33457 0.00564194
0 0.2 0.166504 0.4 0.333008 0.00547028
9 0.196094 0.166016 0.392188 0.332031 0.0050621
6 0.541016 0.444531 0.339844 0.307031 0.00460815
4 0.527344 0.442969 0.334375 0.307031 0.00426483
25 0.578125 0.315039 0.359375 0.566016 0.00416565
17 0.548438 0.337695 0.353906 0.490234 0.00382423
23 0.538281 0.415625 0.35 0.340625 0.0037365
0 0.527344 0.442969 0.334375 0.307031 0.00367928
6 0.192188 0.171094 0.384375 0.342187 0.0036068
21 0.904297 0.261914 0.191406 0.366797 0.00351143
25 0.565625 0.353711 0.309375 0.455078 0.00318527
13 0.673438 0.260547 0.501563 0.521094 0.00317192
25 0.196094 0.166016 0.392188 0.332031 0.00273705
23 0.196094 0.166016 0.392188 0.332031 0.00268364
15 0.191797 0.171094 0.383594 0.342187 0.00253105
0 0.482031 0.439453 0.553125 0.473438 0.00233269
25 0.606641 0.314063 0.588281 0.628125 0.00203514
4 0.482031 0.439453 0.553125 0.473438 0.00194931
12 0.676562 0.319141 0.646875 0.638281 0.00194168
15 0.591406 0.327734 0.760938 0.655469 0.00189686
17 0.606641 0.314063 0.588281 0.628125 0.00184631
17 0.538281 0.415625 0.35 0.340625 0.00176144
12 0.197461 0.165723 0.394922 0.331445 0.00171375
23 0.585938 0.299609 0.515625 0.596875 0.00171375
21 0.553906 0.366016 0.321875 0.442969 0.00169373
11 0.192188 0.171094 0.384375 0.342187 0.00156689
0 0.454004 0.53584 0.799805 0.78457 0.0015192
16 0.527344 0.442969 0.334375 0.307031 0.0014782
13 0.528027 0.379297 0.49707 0.452344 0.00145531
9 0.538281 0.415625 0.35 0.340625 0.00139904
11 0.585938 0.299609 0.515625 0.596875 0.00136185
13 0.555078 0.332764 0.316406 0.375098 0.00125504
16 0.192188 0.171094 0.384375 0.342187 0.00124454
4 0.454004 0.53584 0.799805 0.78457 0.00123501
3 0.544531 0.405371 0.366406 0.356445 0.0012064
2 0.565625 0.353711 0.309375 0.455078 0.00118828
12 0.384766 0.56875 0.769531 0.8625 0.00116062
17 0.203125 0.16416 0.40625 0.32832 0.00108147
24 0.192188 0.171094 0.384375 0.342187 0.00108147
6 0.554785 0.399219 0.39043 0.36875 0.00105667
24 0.534766 0.394922 0.382031 0.385156 0.00104046
12 0.55 0.345703 0.345313 0.474219 0.948242
13 0.55 0.345703 0.345313 0.474219 0.882324
15 0.550391 0.358594 0.3375 0.45625 0.332764
12 0.596875 0.317188 0.439063 0.557813 0.320801
25 0.566406 0.323633 0.38125 0.533984 0.11676
13 0.525684 0.342969 0.483008 0.525 0.0806274
12 0.525684 0.342969 0.483008 0.525 0.0720825
13 0.596875 0.317188 0.439063 0.557813 0.0579224
15 0.596875 0.317188 0.439063 0.557813 0.0562439
12 0.624902 0.314063 0.650195 0.628125 0.0539856
23 0.55 0.345703 0.345313 0.474219 0.0270691
19 0.549219 0.360547 0.31875 0.454688 0.0218658
15 0.624902 0.314063 0.650195 0.628125 0.0197144
17 0.566406 0.323633 0.38125 0.533984 0.0160217
15 0.525684 0.342969 0.483008 0.525 0.0104523
13 0.624902 0.314063 0.650195 0.628125 0.0100098
21 0.549219 0.360547 0.31875 0.454688 0.00492477
1 0.555078 0.322266 0.382812 0.553125 0.00446701
13 0.561719 0.387891 0.274219 0.403125 0.00415039
4 0.550391 0.358594 0.3375 0.45625 0.00408554
2 0.550391 0.358594 0.3375 0.45625 0.00365067
19 0.18418 0.149023 0.347656 0.298047 0.00332451
14 0.566406 0.323633 0.38125 0.533984 0.00329781
24 0.550391 0.358594 0.3375 0.45625 0.00250244
2 0.596875 0.317188 0.439063 0.557813 0.00243378
5 0.55 0.345703 0.345313 0.474219 0.00227928
6 0.539453 0.372266 0.410156 0.416406 0.0020504
4 0.596875 0.317188 0.439063 0.557813 0.00193405
25 0.624902 0.314063 0.650195 0.628125 0.00192642
12 0.415234 0.325 0.813281 0.65 0.00192642
0 0.489453 0.503516 0.669531 0.732031 0.00188255
17 0.624902 0.314063 0.650195 0.628125 0.00183868
12 0.498437 0.335352 0.603125 0.605859 0.00176811
12 0.215039 0.555469 0.430078 0.584375 0.00153637
0 0.539453 0.372266 0.410156 0.416406 0.00141621
16 0.539453 0.372266 0.410156 0.416406 0.00136662
25 0.63125 0.285938 0.484375 0.571875 0.00132465
12 0.288867 0.576563 0.577734 0.7125 0.00129414
9 0.550781 0.359375 0.329688 0.45 0.00122547
4 0.489453 0.503516 0.669531 0.732031 0.00122547
1 0.624902 0.314063 0.650195 0.628125 0.00112438
23 0.596875 0.317188 0.439063 0.557813 0.00103188
4 0.624902 0.314063 0.650195 0.628125 0.00100422
12 0.545703 0.357422 0.3625 0.488281 0.908203
13 0.540234 0.360938 0.357031 0.471094 0.806641
13 0.574316 0.363672 0.498242 0.49375 0.0304413
15 0.545703 0.357422 0.3625 0.488281 0.0284424
12 0.575 0.324609 0.415625 0.600781 0.0111618
25 0.544531 0.357422 0.341406 0.464844 0.0041008
23 0.545703 0.357422 0.3625 0.488281 0.00176144
17 0.549219 0.35625 0.346875 0.473438 0.00171375
12 0.632031 0.327344 0.610938 0.58125 0.00133038
15 0.575 0.324609 0.415625 0.600781 0.00121117
1 0.549219 0.35625 0.346875 0.473438 0.00103188
12 0.560156 0.369531 0.335938 0.432031 0.808105
13 0.55625 0.353125 0.334375 0.471094 0.685059
12 0.606934 0.318359 0.468945 0.552344 0.367432
13 0.606934 0.318359 0.468945 0.552344 0.129395
15 0.560156 0.369531 0.335938 0.432031 0.0623169
15 0.606934 0.318359 0.468945 0.552344 0.0451965
12 0.657813 0.316016 0.61875 0.632031 0.0177155
25 0.575391 0.35293 0.346094 0.473828 0.0100555
13 0.545703 0.381641 0.460156 0.438281 0.00629044
13 0.657813 0.316016 0.61875 0.632031 0.00575256
15 0.657813 0.316016 0.61875 0.632031 0.00309944
17 0.582422 0.340039 0.403906 0.521484 0.00293541
23 0.560156 0.369531 0.335938 0.432031 0.00246239
12 0.545703 0.381641 0.460156 0.438281 0.0017004
25 0.606934 0.318359 0.468945 0.552344 0.00153637
23 0.606934 0.318359 0.468945 0.552344 0.00135612
19 0.570703 0.336523 0.341406 0.458203 0.00127411
17 0.564063 0.3625 0.324219 0.428125 0.00104046
12 0.525684 0.33418 0.60957 0.583984 0.00103664
12 0.56875 0.364844 0.334375 0.4375 0.866211
13 0.559375 0.344141 0.334375 0.474219 0.603027
12 0.613672 0.298438 0.469531 0.59375 0.2854
13 0.613672 0.298438 0.469531 0.59375 0.121704
15 0.56875 0.364844 0.334375 0.4375 0.0196381
12 0.651172 0.328906 0.697656 0.657813 0.0137939
25 0.573438 0.343359 0.351562 0.503906 0.00901794
12 0.597656 0.310352 0.635938 0.620703 0.00784302
15 0.613672 0.298438 0.469531 0.59375 0.00740433
13 0.575781 0.357617 0.285938 0.371484 0.00737381
13 0.651172 0.328906 0.697656 0.657813 0.00712204
13 0.531348 0.319141 0.468555 0.567969 0.00701141
13 0.597656 0.310352 0.635938 0.620703 0.0069313
23 0.56875 0.364844 0.334375 0.4375 0.0064888
12 0.531348 0.319141 0.468555 0.567969 0.00342941
17 0.580859 0.3375 0.391406 0.532813 0.0024929
23 0.613672 0.298438 0.469531 0.59375 0.00137806
13 0.584375 0.251221 0.304688 0.395996 0.00125504
1 0.580859 0.3375 0.391406 0.532813 0.00123024
15 0.651172 0.328906 0.697656 0.657813 0.00113773
12 0.578125 0.338867 0.4125 0.503516 0.732422
13 0.563672 0.357031 0.375781 0.463281 0.557129
12 0.621875 0.303906 0.559375 0.607813 0.309082
13 0.571094 0.310742 0.473438 0.576172 0.118774
13 0.674316 0.303711 0.651367 0.607422 0.0838623
13 0.557813 0.38125 0.270313 0.4125 0.0731812
15 0.578125 0.338867 0.4125 0.503516 0.0558167
15 0.621875 0.303906 0.559375 0.607813 0.0380249
13 0.597266 0.317383 0.667969 0.634766 0.00559998
11 0.200781 0.818555 0.401563 0.362891 0.00479126
23 0.578125 0.338867 0.4125 0.503516 0.00439835
25 0.674316 0.303711 0.651367 0.607422 0.00382423
10 0.200781 0.818555 0.401563 0.362891 0.0037365
21 0.213086 0.808594 0.426172 0.382812 0.00351143
19 0.200781 0.818555 0.401563 0.362891 0.00331116
5 0.213086 0.808594 0.426172 0.382812 0.0026722
25 0.573438 0.346094 0.389062 0.478125 0.00252151
12 0.555859 0.401172 0.369531 0.385156 0.00236893
0 0.537891 0.470996 0.354688 0.256445 0.00232315
17 0.200781 0.818555 0.401563 0.362891 0.00221634
15 0.555859 0.401172 0.369531 0.385156 0.00201988
4 0.101978 0.0640625 0.195264 0.128125 0.00188255
17 0.573438 0.346094 0.389062 0.478125 0.00161076
22 0.213086 0.808594 0.426172 0.382812 0.00157356
16 0.207422 0.835742 0.414844 0.328516 0.00150108
17 0.621875 0.303906 0.559375 0.607813 0.00139904
8 0.200781 0.818555 0.401563 0.362891 0.00131989
1 0.213086 0.808594 0.426172 0.382812 0.00109482
13 0.554688 0.378125 0.307813 0.435937 0.684082
12 0.559766 0.369531 0.38125 0.44375 0.344238
12 0.60459 0.317578 0.529883 0.589844 0.139893
13 0.552441 0.351172 0.407617 0.482812 0.133423
13 0.60459 0.317578 0.529883 0.589844 0.0316162
15 0.60459 0.317578 0.529883 0.589844 0.0110321
13 0.5625 0.394629 0.240625 0.33418 0.0104065
15 0.559766 0.369531 0.38125 0.44375 0.00821686
12 0.60625 0.321484 0.715625 0.642969 0.00561905
13 0.60625 0.321484 0.715625 0.642969 0.00284576
16 0.769922 0.129492 0.460156 0.258984 0.00283432
13 0.671875 0.322266 0.65625 0.644531 0.00266266
25 0.655078 0.317188 0.630469 0.6125 0.0026207
12 0.671875 0.322266 0.65625 0.644531 0.00191212
13 0.671094 0.214844 0.367188 0.429688 0.00147247
23 0.559766 0.369531 0.38125 0.44375 0.00137806
19 0.871875 0.0841309 0.25625 0.168262 0.00135612
13 0.595313 0.359766 0.176563 0.327344 0.00111198
12 0.550391 0.367188 0.355469 0.454688 0.954102
13 0.547656 0.358984 0.34375 0.461719 0.580566
15 0.551562 0.382031 0.365625 0.427344 0.0960083
23 0.550391 0.367188 0.355469 0.454688 0.0232391
12 0.619141 0.349609 0.516406 0.524219 0.0177765
25 0.551562 0.376172 0.339063 0.425781 0.0159607
25 0.619141 0.349609 0.516406 0.524219 0.00658798
13 0.619141 0.349609 0.516406 0.524219 0.00619125
15 0.619141 0.349609 0.516406 0.524219 0.0055542
17 0.551562 0.376172 0.339063 0.425781 0.00457382
12 0.542578 0.35 0.439844 0.55 0.0026722
12 0.671484 0.320508 0.657031 0.641016 0.00194931
17 0.619141 0.349609 0.516406 0.524219 0.0017271
13 0.542578 0.35 0.439844 0.55 0.00148964
1 0.549219 0.357227 0.346875 0.463672 0.00112915
14 0.169727 0.141113 0.339453 0.282227 0.00109863
13 0.550781 0.367578 0.396094 0.478906 0.834961
12 0.550879 0.372656 0.374805 0.465625 0.519531
15 0.585156 0.341016 0.41875 0.558594 0.0190582
15 0.545996 0.386719 0.392383 0.441406 0.0175171
12 0.559766 0.366016 0.494531 0.507031 0.00277901
16 0.754687 0.121094 0.490625 0.242188 0.00255013
6 0.754687 0.121094 0.490625 0.242188 0.00250244
25 0.5625 0.372266 0.371875 0.467187 0.00192642
13 0.62041 0.328906 0.506055 0.6 0.00149536
23 0.550879 0.378027 0.395117 0.448633 0.00139427
12 0.549219 0.370117 0.357812 0.470703 0.84082
13 0.546484 0.364453 0.361719 0.466406 0.408203
15 0.55 0.386328 0.372656 0.435156 0.0927124
23 0.557715 0.404004 0.368945 0.406055 0.0152512
13 0.613281 0.32168 0.551562 0.580078 0.00712204
12 0.613281 0.32168 0.551562 0.580078 0.00701141
15 0.548438 0.471484 0.3375 0.271875 0.00503922
14 0.183789 0.169434 0.367578 0.338867 0.00362206
15 0.613281 0.32168 0.551562 0.580078 0.00271416
12 0.626172 0.318359 0.674219 0.636719 0.0024929
13 0.614746 0.345508 0.770508 0.644922 0.00219154
25 0.613281 0.32168 0.551562 0.580078 0.00171375
23 0.548438 0.471484 0.3375 0.271875 0.00135136
25 0.548535 0.375781 0.37168 0.473438 0.00132465
13 0.548535 0.358984 0.368555 0.459375 0.641602
12 0.557813 0.362305 0.385156 0.456641 0.605957
15 0.561816 0.370117 0.395117 0.444141 0.151001
15 0.650098 0.323828 0.56543 0.551562 0.0272675
12 0.596191 0.327734 0.485742 0.533594 0.0147324
13 0.650098 0.323828 0.56543 0.551562 0.00905609
23 0.557813 0.362305 0.385156 0.456641 0.00671768
25 0.554688 0.365625 0.363281 0.445312 0.005867
17 0.54834 0.373437 0.389258 0.44375 0.00266266
25 0.650098 0.323828 0.56543 0.551562 0.00186729
12 0.627441 0.310547 0.641992 0.621094 0.00143814
12 0.556641 0.365234 0.335938 0.427344 0.848145
13 0.556641 0.365234 0.335938 0.427344 0.598145
15 0.551172 0.366016 0.348438 0.433594 0.114746
12 0.685156 0.324219 0.603125 0.610938 0.0299835
23 0.552734 0.372461 0.359375 0.446484 0.0192719
12 0.509473 0.359766 0.643555 0.646094 0.0119171
12 0.619531 0.357812 0.760938 0.710156 0.011734
12 0.580469 0.321094 0.501563 0.572656 0.0104065
13 0.685156 0.324219 0.603125 0.610938 0.00971222
15 0.685156 0.324219 0.603125 0.610938 0.00793457
25 0.566406 0.358398 0.29375 0.453516 0.00494385
13 0.580469 0.321094 0.501563 0.572656 0.00441742
13 0.509473 0.359766 0.643555 0.646094 0.00424957
13 0.619531 0.357812 0.760938 0.710156 0.0037365
17 0.552734 0.372461 0.359375 0.446484 0.00221634
25 0.685156 0.324219 0.603125 0.610938 0.00173378
15 0.619531 0.357812 0.760938 0.710156 0.00123501
8 0.546484 0.376953 0.366406 0.442969 0.00113392
12 0.551562 0.369531 0.326562 0.440625 0.841797
13 0.549219 0.374219 0.339063 0.435156 0.345947
23 0.548438 0.395215 0.34375 0.400195 0.0766602
12 0.605469 0.30293 0.546875 0.605859 0.0348816
15 0.548438 0.385156 0.335938 0.421875 0.0330811
13 0.605469 0.30293 0.546875 0.605859 0.0147858
25 0.555469 0.365234 0.342187 0.442969 0.00575256
15 0.605469 0.30293 0.546875 0.605859 0.00376511
8 0.548438 0.395215 0.34375 0.400195 0.00126934
12 0.58125 0.331641 0.4125 0.528906 0.0011692
13 0.58125 0.331641 0.4125 0.528906 0.00112915
12 0.471484 0.312109 0.696094 0.624219 0.00110722
19 0.534375 0.376563 0.307813 0.41875 0.00108147
12 0.558984 0.348828 0.334375 0.497656 0.73877
13 0.555469 0.368164 0.328125 0.448047 0.129883
25 0.557813 0.355273 0.348438 0.469141 0.0119171
23 0.549219 0.401953 0.317188 0.375781 0.0109482
15 0.555469 0.368164 0.328125 0.448047 0.00559998
1 0.554688 0.362109 0.325 0.464844 0.00304031
12 0.611719 0.341016 0.46875 0.528906 0.00186729
4 0.558984 0.350781 0.330469 0.491406 0.00176144
17 0.554688 0.362109 0.325 0.464844 0.00112057
12 0.550781 0.412109 0.346875 0.355469 0.746094
13 0.553906 0.382812 0.333594 0.420312 0.15979
12 0.572656 0.358594 0.371875 0.464063 0.0646362
13 0.552344 0.433594 0.346875 0.299219 0.058136
15 0.553906 0.422754 0.34375 0.32168 0.0393372
23 0.552344 0.433594 0.346875 0.299219 0.0380249
13 0.593848 0.3375 0.441992 0.520312 0.0174408
15 0.572656 0.358594 0.371875 0.464063 0.0167847
12 0.625 0.355469 0.55625 0.496875 0.0107803
23 0.554688 0.374805 0.326562 0.425391 0.00806427
25 0.572656 0.358594 0.371875 0.464063 0.00359344
4 0.550781 0.412109 0.346875 0.355469 0.00149536
25 0.552344 0.433594 0.346875 0.299219 0.00142097
12 0.55625 0.358203 0.31875 0.450781 0.990723
15 0.555469 0.371094 0.328125 0.442969 0.253174
13 0.555469 0.371094 0.328125 0.442969 0.111267
23 0.553906 0.377734 0.328125 0.433594 0.0477905
1 0.554297 0.37168 0.311719 0.428516 0.0127258
16 0.735156 0.123926 0.484375 0.247852 0.00559998
25 0.554688 0.358398 0.321875 0.442578 0.00477219
13 0.553906 0.436035 0.345313 0.331055 0.00376511
4 0.55625 0.358203 0.31875 0.450781 0.00358009
2 0.552344 0.355469 0.317969 0.45 0.00158501
17 0.554297 0.37168 0.311719 0.428516 0.00141048
15 0.553906 0.436035 0.345313 0.331055 0.00109863
12 0.558203 0.352734 0.328906 0.478906 0.949219
13 0.5625 0.358984 0.323438 0.478906 0.147583
15 0.5625 0.358984 0.323438 0.478906 0.0690308
23 0.558203 0.352734 0.328906 0.478906 0.0178528
25 0.557813 0.352734 0.329688 0.466406 0.0103683
12 0.636621 0.3375 0.536133 0.517969 0.00429916
13 0.636621 0.3375 0.536133 0.517969 0.00164223
2 0.558203 0.352734 0.328906 0.478906 0.00100803
12 0.53291 0.383984 0.32168 0.420312 0.993652
13 0.537598 0.378516 0.338867 0.434375 0.271973
15 0.52959 0.380859 0.320508 0.432031 0.223389
23 0.52959 0.380859 0.320508 0.432031 0.0399475
25 0.545215 0.362109 0.348633 0.444531 0.00468063
2 0.53291 0.383984 0.32168 0.420312 0.00443268
12 0.544531 0.35 0.396094 0.486719 0.0042305
15 0.533203 0.446191 0.333594 0.31543 0.00261116
13 0.533203 0.446191 0.333594 0.31543 0.00169373
19 0.544141 0.364063 0.310156 0.434375 0.00105667
12 0.548438 0.377734 0.335938 0.419531 0.864258
13 0.549609 0.358984 0.335156 0.453906 0.264404
15 0.549609 0.363672 0.339844 0.452344 0.250244
23 0.548047 0.390527 0.339844 0.393945 0.0281067
25 0.55625 0.37207 0.321875 0.413672 0.02211
4 0.847656 0.616406 0.220313 0.157813 0.00419998
17 0.557031 0.364258 0.31875 0.435547 0.00141621
3 0.557031 0.364258 0.31875 0.435547 0.00140476
19 0.175684 0.150391 0.351367 0.300781 0.00127411
12 0.548828 0.375 0.308594 0.423438 0.6875
13 0.551562 0.367773 0.309375 0.422266 0.309082
15 0.542188 0.378027 0.315625 0.418945 0.199341
23 0.546484 0.383984 0.325781 0.407031 0.0328369
17 0.542188 0.378027 0.315625 0.418945 0.00237846
25 0.546094 0.381348 0.3125 0.39043 0.00183868
12 0.598828 0.368945 0.433594 0.417578 0.0018034
8 0.546484 0.383984 0.325781 0.407031 0.00153637
3 0.542969 0.424902 0.334375 0.333008 0.00104427
13 0.547656 0.363672 0.326562 0.439844 0.663574
12 0.548438 0.373047 0.31875 0.428125 0.283691
23 0.549609 0.381934 0.327344 0.412695 0.0205688
15 0.544531 0.373437 0.328125 0.43125 0.0165253
25 0.55 0.380566 0.307813 0.388867 0.00564194
13 0.540625 0.432813 0.31875 0.297656 0.00194931
12 0.540625 0.432813 0.31875 0.297656 0.00193405
12 0.545313 0.367188 0.34375 0.461719 0.689453
13 0.544531 0.367188 0.341406 0.453906 0.663574
23 0.547559 0.372461 0.348633 0.450391 0.12854
15 0.547559 0.372461 0.348633 0.450391 0.0930176
25 0.549219 0.36875 0.336719 0.440625 0.0155411
17 0.547559 0.372461 0.348633 0.450391 0.00575256
23 0.547656 0.456152 0.34375 0.292383 0.00351143
8 0.547559 0.372461 0.348633 0.450391 0.00318527
3 0.549219 0.364453 0.339063 0.442969 0.00198746
12 0.370313 0.592969 0.740625 0.814063 0.00117397
15 0.547656 0.456152 0.34375 0.292383 0.00113392
12 0.549219 0.372461 0.355469 0.458203 0.830078
13 0.556641 0.363477 0.349219 0.463672 0.155029
15 0.549219 0.372461 0.355469 0.458203 0.0618896
23 0.542969 0.366797 0.349219 0.467969 0.0250854
25 0.556641 0.363477 0.349219 0.463672 0.013588
17 0.542969 0.366797 0.349219 0.467969 0.00154305
8 0.542969 0.366797 0.349219 0.467969 0.00136185
4 0.542969 0.366797 0.349219 0.467969 0.00104046
12 0.546875 0.378223 0.354688 0.462305 0.92627
13 0.548438 0.374219 0.342187 0.457031 0.180054
15 0.546094 0.374219 0.353906 0.4625 0.0409851
23 0.544922 0.383594 0.358594 0.44375 0.0337219
16 0.719141 0.125391 0.338281 0.243359 0.0153656
16 0.776563 0.123438 0.446875 0.246875 0.00974274
25 0.549219 0.378906 0.342187 0.435156 0.00337601
16 0.675 0.137207 0.325 0.206055 0.00235939
12 0.553125 0.379688 0.352344 0.444531 0.852051
13 0.552344 0.368945 0.34375 0.446484 0.288574
15 0.552344 0.377246 0.348438 0.442383 0.0817871
25 0.552344 0.368945 0.34375 0.446484 0.00641251
23 0.551562 0.383203 0.346875 0.439844 0.00475693
12 0.548438 0.3625 0.340625 0.453125 0.749023
13 0.548047 0.363281 0.330469 0.435156 0.504883
15 0.55 0.369531 0.348438 0.446875 0.0064888
25 0.547656 0.356641 0.327344 0.439063 0.00475693
23 0.552441 0.373633 0.357617 0.441797 0.00448608
8 0.552441 0.373633 0.357617 0.441797 0.0015192
12 0.552344 0.361328 0.332813 0.474219 0.995117
13 0.550781 0.361719 0.33125 0.474219 0.0803833
15 0.553906 0.361914 0.34375 0.491797 0.0225372
23 0.553906 0.361914 0.34375 0.491797 0.0123825
1 0.553906 0.362109 0.323438 0.464844 0.00292397
2 0.550781 0.361719 0.33125 0.474219 0.00139427
4 0.553125 0.358984 0.328125 0.485156 0.00119209
12 0.550391 0.363672 0.353906 0.464844 0.979492
13 0.546484 0.360547 0.349219 0.466406 0.140381
15 0.551953 0.360156 0.354688 0.467969 0.081543
23 0.550781 0.361719 0.353125 0.467187 0.0108185
1 0.55 0.367188 0.348438 0.45625 0.00264168
16 0.7625 0.119434 0.403125 0.238867 0.00161076
12 0.549219 0.356055 0.323438 0.462109 0.888672
13 0.549219 0.356055 0.323438 0.462109 0.0566406
15 0.549219 0.368555 0.322656 0.442578 0.0354004
23 0.555078 0.373828 0.333594 0.435937 0.0177765
1 0.550781 0.365625 0.323438 0.446875 0.00254059
25 0.550781 0.354883 0.321875 0.448047 0.00146675
4 0.550781 0.357812 0.325 0.467187 0.00105667
12 0.548438 0.373437 0.335938 0.441406 0.767578
13 0.547656 0.369141 0.3375 0.442969 0.184814
15 0.551562 0.372656 0.342187 0.438281 0.0244293
23 0.55 0.372656 0.335938 0.441406 0.0103302
15 0.55 0.455078 0.34375 0.277344 0.00107288
12 0.542578 0.387109 0.360156 0.43125 0.90918
13 0.549219 0.377734 0.334375 0.429688 0.0682983
15 0.542578 0.387109 0.360156 0.43125 0.0171051
23 0.537598 0.385547 0.360742 0.435156 0.0138474
2 0.541406 0.384766 0.354688 0.434375 0.00111198
12 0.547754 0.380371 0.35293 0.437695 0.935059
13 0.546484 0.369727 0.339844 0.437109 0.0188751
15 0.547754 0.380371 0.35293 0.437695 0.0180511
23 0.544531 0.377734 0.346875 0.444531 0.00941467
1 0.546094 0.373437 0.333594 0.436719 0.00223351
2 0.546484 0.376563 0.353125 0.436719 0.00173378
15 0.546484 0.459766 0.3625 0.288281 0.00121593
4 0.541797 0.374609 0.338281 0.446875 0.0012064
12 0.549316 0.373242 0.357617 0.441797 0.93457
13 0.552344 0.362891 0.3375 0.445312 0.0321045
15 0.554688 0.371875 0.357031 0.442969 0.0120544
23 0.554688 0.371875 0.357031 0.442969 0.00796509
1 0.55 0.375391 0.346875 0.432813 0.00221634
12 0.551465 0.362891 0.361133 0.451562 0.96582
15 0.550684 0.364258 0.361133 0.460547 0.0379028
13 0.557813 0.357031 0.340625 0.452344 0.0216217
23 0.550684 0.364258 0.361133 0.460547 0.0157776
1 0.549219 0.366992 0.357812 0.441016 0.00259018
12 0.55 0.353516 0.346875 0.446875 0.746094
15 0.549219 0.359961 0.339063 0.441797 0.00441742
23 0.55 0.353516 0.346875 0.446875 0.00419998
13 0.55 0.353516 0.346875 0.446875 0.00385475
4 0.549219 0.359961 0.339063 0.441797 0.00129414
1 0.551562 0.361328 0.339063 0.425781 0.00103188
12 0.551953 0.353516 0.317969 0.438281 0.909668
13 0.55 0.352734 0.309375 0.430469 0.234375
15 0.550781 0.367188 0.325 0.425 0.0171814
23 0.550781 0.367188 0.325 0.425 0.00511932
25 0.551562 0.348633 0.314063 0.427734 0.00178242
1 0.557813 0.356641 0.3125 0.422656 0.00106525
12 0.544141 0.343359 0.348438 0.467969 0.804199
13 0.542578 0.342578 0.34375 0.463281 0.222046
15 0.546777 0.346875 0.356445 0.4625 0.0113754
23 0.551172 0.344336 0.353906 0.477734 0.00775528
1 0.55 0.342578 0.35625 0.474219 0.00114727
12 0.538965 0.361523 0.37207 0.450391 0.936523
13 0.542188 0.356445 0.352344 0.444922 0.0259552
23 0.544629 0.363281 0.37168 0.45625 0.00482941
15 0.544629 0.363281 0.37168 0.45625 0.00216484
1 0.541016 0.364453 0.377344 0.449219 0.00133514
12 0.547754 0.356055 0.357617 0.453516 0.898926
13 0.555469 0.352344 0.340625 0.448438 0.111633
23 0.549219 0.352539 0.359375 0.468359 0.00624084
15 0.551465 0.367773 0.35957 0.441016 0.00510025
12 0.553906 0.36582 0.320312 0.410547 0.924316
13 0.557422 0.357812 0.311719 0.419531 0.27832
23 0.549219 0.361719 0.328125 0.435937 0.00312424
15 0.549219 0.361719 0.328125 0.435937 0.00237846
25 0.557422 0.357812 0.311719 0.419531 0.00113773
12 0.546191 0.357812 0.34668 0.45 0.834473
13 0.545996 0.359766 0.343945 0.447656 0.0441895
15 0.548535 0.365625 0.354492 0.446875 0.0078125
23 0.545996 0.363281 0.35332 0.439063 0.00769424
12 0.543066 0.364258 0.351367 0.439453 0.947266
13 0.546484 0.363281 0.346875 0.428125 0.130249
15 0.546094 0.369922 0.350781 0.44375 0.00933838
23 0.546094 0.369922 0.350781 0.44375 0.00743103
25 0.541309 0.364258 0.358008 0.431641 0.0017004
12 0.544531 0.354102 0.325 0.440234 0.880859
13 0.548828 0.353125 0.314063 0.429688 0.113159
23 0.546094 0.362891 0.328125 0.442188 0.00382423
15 0.546094 0.362891 0.328125 0.442188 0.00319672
25 0.55 0.352734 0.314063 0.428906 0.0015974
12 0.553906 0.365625 0.315625 0.414062 0.730957
13 0.557031 0.352344 0.320312 0.434375 0.449463
25 0.554688 0.355469 0.323438 0.428125 0.00270462
13 0.541406 0.369141 0.3375 0.414844 0.617676
12 0.540234 0.374219 0.333594 0.40625 0.521484
25 0.54375 0.365039 0.33125 0.411328 0.00235939
15 0.543359 0.371484 0.338281 0.417969 0.00203514
12 0.540625 0.363867 0.335156 0.428516 0.970215
13 0.542188 0.360156 0.326562 0.421875 0.0823975
15 0.545313 0.369727 0.339063 0.424609 0.00955963
23 0.545313 0.369727 0.339063 0.424609 0.00674438
25 0.542188 0.363281 0.33125 0.417188 0.00134563
12 0.539941 0.365234 0.343555 0.430469 0.929199
13 0.545313 0.361719 0.33125 0.43125 0.0963745
23 0.543359 0.369922 0.347656 0.428125 0.00457382
15 0.543359 0.369922 0.347656 0.428125 0.00362206
25 0.545313 0.365234 0.334375 0.425781 0.00305176
12 0.542969 0.367188 0.325 0.409375 0.875977
13 0.546875 0.363281 0.314063 0.400781 0.153564
25 0.547656 0.36582 0.317188 0.397266 0.00674438
15 0.545313 0.374609 0.324219 0.409375 0.00319672
23 0.545313 0.374609 0.324219 0.409375 0.00232315
12 0.550391 0.366797 0.322656 0.421094 0.934082
13 0.548438 0.355078 0.325 0.430469 0.334473
25 0.546875 0.361719 0.327344 0.428125 0.00163555
1 0.550391 0.366797 0.322656 0.421094 0.00146103
12 0.546094 0.373828 0.3375 0.421094 0.875
13 0.548828 0.360742 0.327344 0.431641 0.127197
23 0.546875 0.370313 0.3375 0.433594 0.00191879
15 0.546875 0.370313 0.3375 0.433594 0.00158501
25 0.549219 0.366211 0.329688 0.430078 0.00113392
12 0.544531 0.371094 0.30625 0.4 0.870605
13 0.548047 0.361719 0.296094 0.403125 0.104858
15 0.542578 0.376563 0.310937 0.403906 0.00468063
23 0.542578 0.376563 0.310937 0.403906 0.00191212
25 0.549219 0.364258 0.3 0.399609 0.00136662
12 0.550781 0.364063 0.298438 0.411719 0.849121
13 0.556641 0.358594 0.278906 0.408594 0.117554
15 0.548438 0.373047 0.30625 0.402344 0.00226974
23 0.548438 0.373047 0.30625 0.402344 0.00116062
12 0.549219 0.372852 0.297656 0.394141 0.875977
13 0.554688 0.366992 0.275 0.386328 0.312256
15 0.544922 0.371875 0.296875 0.392188 0.00376511
12 0.55 0.374219 0.321875 0.398438 0.689453
13 0.557031 0.365283 0.301563 0.397559 0.488281
15 0.551562 0.374609 0.31875 0.396094 0.00460815
12 0.545703 0.367188 0.310937 0.407813 0.896973
13 0.551953 0.357812 0.294531 0.411719 0.0488586
15 0.544531 0.367188 0.319531 0.409375 0.00309944
23 0.544531 0.366211 0.315625 0.421484 0.0014782
12 0.54375 0.380078 0.298438 0.385156 0.863281
13 0.544141 0.365967 0.288281 0.394629 0.0393372
15 0.539453 0.377734 0.300781 0.389062 0.00234985
23 0.542578 0.376563 0.303125 0.4 0.00143242
12 0.540625 0.364063 0.307813 0.414062 0.89502
13 0.541406 0.360938 0.298438 0.410156 0.0467224
15 0.5375 0.371484 0.307813 0.407813 0.00181007
1 0.541406 0.372656 0.309375 0.407813 0.00144958
23 0.540625 0.369336 0.313281 0.423047 0.00107288
2 0.540625 0.364063 0.307813 0.414062 0.00105667
12 0.544531 0.370117 0.310937 0.416016 0.913574
13 0.546875 0.360938 0.314063 0.41875 0.0377502
15 0.542578 0.36875 0.321094 0.419531 0.00232315
23 0.542578 0.36875 0.321094 0.419531 0.00127411
12 0.548047 0.364844 0.319531 0.415625 0.891602
13 0.55 0.361328 0.317188 0.413281 0.0564575
15 0.547656 0.370703 0.321875 0.413281 0.00275803
23 0.547656 0.370703 0.321875 0.413281 0.0012846
12 0.546094 0.363086 0.323438 0.422266 0.890137
13 0.548828 0.360938 0.316406 0.417969 0.064209
15 0.548047 0.366406 0.333594 0.423438 0.00338936
23 0.548438 0.368359 0.328125 0.427344 0.00194168
12 0.54375 0.3625 0.315625 0.425 0.871582
13 0.546875 0.359766 0.310937 0.420312 0.0562439
15 0.546094 0.36875 0.320312 0.415625 0.00502014
23 0.546094 0.36875 0.320312 0.415625 0.00261116
12 0.546094 0.370703 0.321875 0.423438 0.872559
13 0.547656 0.361328 0.320312 0.417969 0.0830078
15 0.545703 0.374219 0.322656 0.410156 0.00471878
23 0.545703 0.374219 0.322656 0.410156 0.00287819
12 0.548828 0.365625 0.31875 0.414062 0.878906
13 0.550781 0.360742 0.3125 0.413672 0.128052
15 0.547266 0.371484 0.321094 0.4125 0.00365067
23 0.546875 0.370898 0.31875 0.420703 0.0016613
25 0.551562 0.365625 0.315625 0.408594 0.00109005
12 0.543359 0.365625 0.311719 0.421094 0.888184
13 0.546094 0.356641 0.307813 0.420312 0.0566406
15 0.54375 0.367969 0.3125 0.416406 0.00175476
23 0.54375 0.367969 0.3125 0.416406 0.00106907
12 0.546875 0.369141 0.317188 0.424219 0.869629
13 0.546484 0.359766 0.314844 0.419531 0.0943604
15 0.544922 0.370508 0.31875 0.413672 0.00367928
23 0.544922 0.370508 0.31875 0.413672 0.00192642
12 0.545313 0.366797 0.320312 0.419531 0.906738
13 0.548438 0.357617 0.31875 0.420703 0.0372009
12 0.544531 0.373437 0.3125 0.410938 0.925293
13 0.547266 0.361328 0.316406 0.41875 0.0359497
15 0.545313 0.370508 0.315625 0.410547 0.00176144
23 0.545313 0.370508 0.315625 0.410547 0.00175476
12 0.545313 0.372266 0.314063 0.421094 0.901855
13 0.545313 0.364063 0.314063 0.417188 0.053009
15 0.54375 0.373437 0.3125 0.411719 0.00316048
23 0.54375 0.373437 0.3125 0.411719 0.00254059
2 0.54375 0.369727 0.315625 0.410547 0.00104809
12 0.546875 0.369922 0.314063 0.424219 0.911133
13 0.546094 0.3625 0.310937 0.416406 0.0456848
23 0.544922 0.371094 0.314844 0.414062 0.00236893
15 0.544922 0.371094 0.314844 0.414062 0.00192642
12 0.546094 0.369727 0.310937 0.420703 0.912598
13 0.546094 0.362891 0.304688 0.4125 0.064209
15 0.544531 0.371484 0.310937 0.409375 0.00218201
23 0.544531 0.371484 0.310937 0.409375 0.00200272
12 0.546094 0.370898 0.309375 0.419141 0.900391
13 0.546875 0.364453 0.3 0.410156 0.0692749
15 0.544531 0.371094 0.307813 0.409375 0.00255013
23 0.544531 0.371094 0.307813 0.409375 0.00178242
12 0.546094 0.372461 0.310937 0.412891 0.898926
13 0.547656 0.362109 0.30625 0.414844 0.0611877
15 0.545703 0.369531 0.311719 0.414844 0.00151253
23 0.545703 0.369531 0.311719 0.414844 0.00137806
12 0.546875 0.369336 0.310937 0.421484 0.889648
13 0.546875 0.363281 0.30625 0.411719 0.0769653
15 0.544922 0.370703 0.311719 0.413281 0.0014267
12 0.545313 0.370703 0.3125 0.414062 0.916504
13 0.546094 0.360938 0.309375 0.414062 0.0621033
12 0.545313 0.371094 0.309375 0.414844 0.896973
13 0.546875 0.3625 0.30625 0.413281 0.0651245
15 0.545313 0.369531 0.310937 0.414844 0.00102425
12 0.545313 0.371094 0.310156 0.415625 0.88623
13 0.546094 0.362109 0.30625 0.413281 0.055603
12 0.545313 0.370703 0.307031 0.411719 0.88623
13 0.546875 0.361523 0.3 0.411328 0.0538025
12 0.544531 0.364453 0.307813 0.416406 0.88623
13 0.546875 0.360938 0.30625 0.415625 0.0552063
12 0.546484 0.368945 0.308594 0.421484 0.883301
13 0.546875 0.3625 0.3 0.409375 0.042572
15 0.545313 0.369531 0.30625 0.413281 0.00111198
12 0.546094 0.368945 0.307813 0.421484 0.88623
13 0.545703 0.3625 0.299219 0.408594 0.0387573
15 0.544531 0.369336 0.304688 0.412891 0.00123024
23 0.544531 0.369336 0.304688 0.412891 0.00114727
12 0.546094 0.369922 0.307813 0.413281 0.885742
13 0.546875 0.362109 0.3 0.409375 0.0441895
15 0.545313 0.368359 0.30625 0.414844 0.00116062
12 0.546094 0.368945 0.308594 0.420703 0.893066
13 0.546094 0.363086 0.3 0.407422 0.0488586
15 0.544531 0.36875 0.30625 0.4125 0.0012846
12 0.546094 0.369531 0.310937 0.420312 0.899902
13 0.545703 0.363672 0.302344 0.407813 0.049408
15 0.544531 0.369336 0.308594 0.412891 0.00138855
23 0.544531 0.369336 0.308594 0.412891 0.00112438
12 0.546094 0.369141 0.309375 0.421094 0.901367
13 0.546094 0.363086 0.301563 0.409766 0.0481262
15 0.544531 0.369141 0.307813 0.4125 0.00138283
23 0.544531 0.369141 0.307813 0.4125 0.00114727
12 0.546094 0.368555 0.309375 0.421484 0.898926
13 0.546484 0.3625 0.301563 0.410156 0.0518494
15 0.544531 0.36875 0.307813 0.4125 0.00129414
23 0.544531 0.36875 0.307813 0.4125 0.00105286
12 0.546094 0.36875 0.309375 0.420312 0.897461
13 0.546875 0.362695 0.3 0.408984 0.0541992
15 0.545313 0.36875 0.30625 0.411719 0.00132465
12 0.546875 0.368555 0.309375 0.421484 0.90332
13 0.547266 0.362695 0.3 0.409766 0.0568542
15 0.545313 0.36875 0.30625 0.411719 0.00141621
23 0.545313 0.36875 0.30625 0.411719 0.00102425
12 0.546484 0.368359 0.308594 0.421094 0.899902
13 0.546875 0.362891 0.3 0.408594 0.0549927
15 0.545313 0.368555 0.30625 0.411328 0.00145531
12 0.546094 0.36875 0.307813 0.420312 0.896484
13 0.546875 0.363281 0.3 0.407813 0.055603
15 0.545313 0.36875 0.30625 0.410938 0.00136662
12 0.546094 0.369141 0.309375 0.421094 0.901367
13 0.546094 0.363086 0.301563 0.409766 0.0481262
15 0.544531 0.368945 0.307813 0.412891 0.00137806
23 0.544531 0.368945 0.307813 0.412891 0.0011425
