11 0.538379 0.40459 0.35293 0.270508 0.00800323
3 0.541016 0.417578 0.352344 0.282031 0.00664139
14 0.530859 0.415234 0.363281 0.280469 0.00588989
5 0.528516 0.407031 0.382031 0.271875 0.00572968
19 0.512402 0.396875 0.27832 0.253125 0.00426483
5 0.815625 0.119629 0.36875 0.239258 0.00317192
10 0.531348 0.406641 0.362305 0.270313 0.00293541
19 0.554688 0.376953 0.317188 0.286719 0.00277901
4 0.531348 0.406641 0.362305 0.270313 0.00257111
23 0.531348 0.406641 0.362305 0.270313 0.00242424
20 0.538379 0.40459 0.35293 0.270508 0.00226974
11 0.567969 0.341992 0.432813 0.401953 0.00223351
14 0.815039 0.121875 0.369922 0.24375 0.00193405
11 0.813281 0.117188 0.373437 0.234375 0.00188255
0 0.538379 0.40459 0.35293 0.270508 0.0018177
7 0.521094 0.412891 0.391406 0.278906 0.00175476
10 0.813281 0.117188 0.373437 0.234375 0.00162888
4 0.813281 0.117188 0.373437 0.234375 0.00148964
9 0.533691 0.406348 0.368555 0.285742 0.00145531
3 0.815039 0.121875 0.369922 0.24375 0.00143242
17 0.541016 0.417578 0.352344 0.282031 0.00135612
2 0.521094 0.412891 0.391406 0.278906 0.00134087
8 0.541016 0.417578 0.352344 0.282031 0.00129414
9 0.809766 0.121387 0.380469 0.242773 0.0012846
11 0.58291 0.400781 0.720117 0.801562 0.00126457
7 0.815625 0.119629 0.36875 0.239258 0.00125504
5 0.557422 0.366016 0.647656 0.377344 0.00117397
25 0.541016 0.417578 0.352344 0.282031 0.0011158
11 0.643359 0.389453 0.713281 0.672656 0.00110722
11 0.557422 0.366016 0.647656 0.377344 0.00106907
11 0.416309 0.376465 0.742383 0.623633 0.00105667
0 0.813281 0.117188 0.373437 0.234375 0.00103664
18 0.528516 0.407031 0.382031 0.271875 0.00100803
17 0.394922 0.451562 0.789844 0.903125 0.786621
22 0.394922 0.451562 0.789844 0.903125 0.656738
17 0.564063 0.600781 0.778125 0.798438 0.488281
22 0.564063 0.600781 0.778125 0.798438 0.478516
17 0.360156 0.525391 0.720313 0.933594 0.46875
17 0.443848 0.376172 0.560742 0.752344 0.462891
22 0.464844 0.618359 0.575 0.763281 0.388672
17 0.464844 0.618359 0.575 0.763281 0.362061
17 0.615625 0.633594 0.76875 0.732813 0.337158
22 0.360156 0.525391 0.720313 0.933594 0.330322
17 0.407813 0.557813 0.815625 0.884375 0.294189
22 0.455469 0.464453 0.538281 0.689844 0.290283
20 0.408594 0.451562 0.76875 0.903125 0.264404
22 0.615625 0.633594 0.76875 0.732813 0.264404
14 0.416406 0.442969 0.685938 0.885938 0.242188
17 0.560156 0.680273 0.832812 0.639453 0.234375
22 0.440723 0.546094 0.710742 0.864062 0.226807
17 0.406934 0.373047 0.754883 0.746094 0.216675
17 0.500781 0.413965 0.444531 0.40332 0.184814
20 0.356836 0.477344 0.713672 0.932813 0.166138
22 0.560156 0.680273 0.832812 0.639453 0.157104
14 0.455469 0.464453 0.538281 0.689844 0.155029
22 0.429004 0.378516 0.598242 0.757031 0.152588
20 0.455469 0.464453 0.538281 0.689844 0.14563
22 0.667285 0.589063 0.66543 0.821875 0.140869
3 0.455469 0.464453 0.538281 0.689844 0.137085
3 0.416406 0.442969 0.685938 0.885938 0.125977
17 0.667285 0.589063 0.66543 0.821875 0.124207
22 0.509766 0.45625 0.421875 0.364063 0.110107
11 0.416406 0.442969 0.685938 0.885938 0.0957031
22 0.535547 0.542969 0.414062 0.607813 0.092041
11 0.455469 0.464453 0.538281 0.689844 0.0897827
20 0.564063 0.600781 0.778125 0.798438 0.0888062
14 0.356836 0.477344 0.713672 0.932813 0.0838623
20 0.462891 0.583203 0.560938 0.714844 0.0838623
20 0.594141 0.655078 0.811719 0.689844 0.0775146
20 0.462402 0.571875 0.77207 0.85625 0.072876
17 0.664453 0.678906 0.671094 0.642188 0.0720825
22 0.371094 0.402344 0.742188 0.804688 0.0713501
22 0.399609 0.582031 0.799219 0.835938 0.0710449
17 0.350586 0.427344 0.701172 0.854688 0.0705566
1 0.391016 0.426563 0.782031 0.853125 0.0651245
13 0.408594 0.451562 0.76875 0.903125 0.0634766
22 0.664453 0.678906 0.671094 0.642188 0.0628052
1 0.356836 0.477344 0.713672 0.932813 0.0614319
3 0.384375 0.527344 0.76875 0.9375 0.0603027
19 0.508984 0.379785 0.307813 0.320117 0.0587769
8 0.408594 0.451562 0.76875 0.903125 0.0566406
3 0.500781 0.413965 0.444531 0.40332 0.0558167
17 0.453223 0.656641 0.799805 0.686719 0.0558167
20 0.509766 0.45625 0.421875 0.364063 0.0514526
3 0.564063 0.600781 0.778125 0.798438 0.0501404
14 0.389844 0.401953 0.779688 0.803906 0.0476074
14 0.542969 0.607813 0.814063 0.784375 0.0453491
17 0.535547 0.542969 0.414062 0.607813 0.0427246
17 0.714063 0.419531 0.571875 0.839063 0.0413208
20 0.429004 0.378516 0.598242 0.757031 0.0411377
22 0.438379 0.345313 0.713867 0.690625 0.0408325
22 0.453223 0.656641 0.799805 0.686719 0.0408325
22 0.543359 0.408594 0.384375 0.285156 0.0403748
1 0.588281 0.616797 0.80625 0.766406 0.0399475
20 0.640234 0.617188 0.719531 0.765625 0.0390625
22 0.315234 0.45 0.630469 0.9 0.0386047
14 0.509766 0.45625 0.421875 0.364063 0.0370483
17 0.218164 0.392969 0.436328 0.785937 0.0362244
3 0.462891 0.583203 0.560938 0.714844 0.0351562
1 0.429004 0.378516 0.598242 0.757031 0.0342407
10 0.416406 0.442969 0.685938 0.885938 0.0333252
1 0.617188 0.679688 0.765625 0.640625 0.0323486
22 0.583594 0.403906 0.684375 0.807813 0.0310211
14 0.594531 0.679688 0.810938 0.640625 0.0305634
17 0.484766 0.322656 0.786719 0.645312 0.0302124
8 0.455469 0.464453 0.538281 0.689844 0.0302124
14 0.462891 0.583203 0.560938 0.714844 0.0302124
9 0.468848 0.521973 0.52793 0.70918 0.0301056
22 0.566016 0.554004 0.519531 0.741992 0.0301056
13 0.443848 0.376172 0.560742 0.752344 0.0298767
10 0.455469 0.464453 0.538281 0.689844 0.0298767
17 0.543359 0.408594 0.384375 0.285156 0.029541
22 0.714063 0.419531 0.571875 0.839063 0.0293121
17 0.377344 0.607031 0.754687 0.785937 0.0290833
14 0.462402 0.571875 0.77207 0.85625 0.0289764
1 0.48125 0.580859 0.809375 0.838281 0.0284424
3 0.615625 0.633594 0.76875 0.732813 0.0279083
20 0.401172 0.375781 0.802344 0.751563 0.0276947
1 0.411621 0.532813 0.767383 0.920313 0.0257568
3 0.462402 0.571875 0.77207 0.85625 0.0256653
5 0.427734 0.482031 0.686719 0.90625 0.0253754
13 0.360156 0.525391 0.720313 0.933594 0.0253754
25 0.443848 0.376172 0.560742 0.752344 0.0250854
17 0.732031 0.384766 0.535937 0.769531 0.0249939
17 0.583594 0.403906 0.684375 0.807813 0.0241394
22 0.528516 0.407813 0.446875 0.815625 0.0236053
3 0.389844 0.401953 0.779688 0.803906 0.0231476
17 0.566016 0.554004 0.519531 0.741992 0.0226288
25 0.468848 0.521973 0.52793 0.70918 0.0222931
1 0.455469 0.464453 0.538281 0.689844 0.0217438
0 0.455469 0.464453 0.538281 0.689844 0.0214539
17 0.528516 0.407813 0.446875 0.815625 0.0212097
17 0.289844 0.451172 0.579688 0.902344 0.0212097
22 0.218164 0.392969 0.436328 0.785937 0.0210419
16 0.455469 0.464453 0.538281 0.689844 0.0209656
1 0.507031 0.655469 0.828125 0.689063 0.0208435
22 0.732031 0.384766 0.535937 0.769531 0.0200958
1 0.313086 0.556641 0.626172 0.886719 0.0199127
17 0.652734 0.325195 0.694531 0.650391 0.0198669
25 0.500781 0.413965 0.444531 0.40332 0.0197144
3 0.560156 0.680273 0.832812 0.639453 0.0196381
9 0.440723 0.546094 0.710742 0.864062 0.0194244
16 0.416406 0.442969 0.685938 0.885938 0.0191956
16 0.509766 0.45625 0.421875 0.364063 0.0191193
11 0.506641 0.454688 0.427344 0.385156 0.0191193
17 0.303125 0.559766 0.60625 0.880469 0.0189056
22 0.693945 0.528516 0.612109 0.925781 0.0184021
8 0.360156 0.525391 0.720313 0.933594 0.0183411
14 0.640234 0.617188 0.719531 0.765625 0.0183411
17 0.693945 0.528516 0.612109 0.925781 0.0178528
22 0.622266 0.357812 0.755469 0.715625 0.0174408
11 0.462891 0.583203 0.560938 0.714844 0.0174408
0 0.416406 0.442969 0.685938 0.885938 0.0171814
20 0.517969 0.707617 0.85625 0.584766 0.016983
13 0.567969 0.70625 0.845313 0.5875 0.0156021
13 0.407813 0.557813 0.815625 0.884375 0.0154266
1 0.464844 0.618359 0.575 0.763281 0.0148392
1 0.664844 0.63125 0.670313 0.7375 0.0147858
22 0.524219 0.313867 0.645312 0.627734 0.0147324
20 0.313086 0.556641 0.626172 0.886719 0.0145569
20 0.453223 0.656641 0.799805 0.686719 0.0145035
13 0.500781 0.413965 0.444531 0.40332 0.0144501
13 0.553516 0.632812 0.832031 0.734375 0.0142288
13 0.468848 0.521973 0.52793 0.70918 0.0141144
20 0.642969 0.704102 0.714063 0.591797 0.0140076
11 0.384375 0.527344 0.76875 0.9375 0.0132751
14 0.441406 0.348828 0.804688 0.697656 0.0130234
8 0.527734 0.585938 0.791406 0.828125 0.012825
13 0.371094 0.402344 0.742188 0.804688 0.0124283
5 0.468848 0.521973 0.52793 0.70918 0.0124283
17 0.690234 0.254883 0.619531 0.509766 0.0123367
1 0.290625 0.425 0.58125 0.85 0.012291
17 0.595313 0.733203 0.809375 0.533594 0.012146
3 0.667285 0.589063 0.66543 0.821875 0.0120544
0 0.509766 0.45625 0.421875 0.364063 0.0120087
1 0.441406 0.348828 0.804688 0.697656 0.0119629
14 0.333398 0.580469 0.666797 0.839063 0.0119629
17 0.147461 0.364453 0.294922 0.728906 0.0115967
22 0.303125 0.559766 0.60625 0.880469 0.0115967
1 0.500781 0.413965 0.444531 0.40332 0.011467
22 0.177734 0.778711 0.355469 0.442578 0.0113297
22 0.595313 0.733203 0.809375 0.533594 0.0112915
17 0.449219 0.289648 0.60625 0.579297 0.0112457
3 0.642969 0.704102 0.714063 0.591797 0.0111618
20 0.354297 0.400781 0.708594 0.801562 0.011116
25 0.40625 0.424219 0.7625 0.848437 0.0110703
2 0.509766 0.45625 0.421875 0.364063 0.0110703
8 0.592969 0.633594 0.814063 0.732813 0.0109482
2 0.455469 0.464453 0.538281 0.689844 0.0107346
13 0.315625 0.583594 0.63125 0.832812 0.0107346
14 0.463672 0.685352 0.803906 0.629297 0.0106506
11 0.588281 0.616797 0.80625 0.766406 0.0104904
14 0.322852 0.425781 0.645703 0.851562 0.0103302
21 0.508984 0.379785 0.307813 0.320117 0.0102463
1 0.714063 0.419531 0.571875 0.839063 0.0102463
19 0.237305 0.486719 0.319922 0.376563 0.0102081
1 0.403906 0.607422 0.807813 0.785156 0.0102081
1 0.354297 0.400781 0.708594 0.801562 0.01017
17 0.793945 0.163672 0.412109 0.327344 0.0101318
22 0.671484 0.29375 0.657031 0.5875 0.0101318
3 0.339844 0.45 0.679688 0.9 0.0101318
8 0.509766 0.45625 0.421875 0.364063 0.0100098
14 0.596777 0.600781 0.617383 0.798438 0.00985718
14 0.793945 0.163672 0.412109 0.327344 0.00978088
1 0.573438 0.734375 0.853125 0.53125 0.00941467
1 0.405469 0.725391 0.810938 0.549219 0.00930023
8 0.429004 0.378516 0.598242 0.757031 0.00919342
17 0.405469 0.725391 0.810938 0.549219 0.00919342
11 0.462402 0.571875 0.77207 0.85625 0.00912476
22 0.771484 0.300391 0.457031 0.600781 0.00908661
22 0.405469 0.725391 0.810938 0.549219 0.0088501
10 0.356836 0.477344 0.713672 0.932813 0.00881195
8 0.407813 0.557813 0.815625 0.884375 0.0086441
8 0.595313 0.705078 0.809375 0.589844 0.00857544
17 0.76543 0.233203 0.469141 0.466406 0.00844574
14 0.435156 0.345508 0.621875 0.691016 0.00837708
3 0.543359 0.408594 0.384375 0.285156 0.00834656
20 0.692187 0.583594 0.615625 0.832812 0.00818634
3 0.453223 0.656641 0.799805 0.686719 0.00818634
22 0.41875 0.299219 0.8375 0.598437 0.00815582
17 0.601172 0.413672 0.797656 0.827344 0.00809479
3 0.333398 0.580469 0.666797 0.839063 0.00809479
14 0.217969 0.391406 0.435937 0.782813 0.00803375
22 0.147461 0.364453 0.294922 0.728906 0.00800323
13 0.640234 0.617188 0.719531 0.765625 0.00793457
20 0.377344 0.607031 0.754687 0.785937 0.00787354
20 0.290625 0.425 0.58125 0.85 0.00784302
22 0.136719 0.788281 0.273438 0.423438 0.00784302
17 0.136719 0.788281 0.273438 0.423438 0.0078125
17 0.374609 0.326172 0.749219 0.652344 0.00763702
1 0.732422 0.43125 0.535156 0.8625 0.00763702
3 0.535547 0.542969 0.414062 0.607813 0.00751877
14 0.543359 0.408594 0.384375 0.285156 0.00748825
10 0.564063 0.600781 0.778125 0.798438 0.00740433
14 0.403906 0.607422 0.807813 0.785156 0.00734711
13 0.463672 0.685352 0.803906 0.629297 0.00734711
19 0.544531 0.414746 0.403125 0.279883 0.00728989
3 0.793945 0.163672 0.412109 0.327344 0.00725937
9 0.506641 0.454688 0.427344 0.385156 0.00720596
20 0.692969 0.422656 0.614062 0.845313 0.00717545
22 0.210938 0.703906 0.421875 0.592188 0.00717545
1 0.793945 0.163672 0.412109 0.327344 0.00709534
17 0.177734 0.778711 0.355469 0.442578 0.00706482
1 0.671875 0.344531 0.65625 0.689063 0.00703812
13 0.793945 0.163672 0.412109 0.327344 0.00701141
1 0.289258 0.264453 0.578516 0.528906 0.0068512
13 0.690234 0.254883 0.619531 0.509766 0.00679779
11 0.389844 0.401953 0.779688 0.803906 0.00679779
2 0.416406 0.442969 0.685938 0.885938 0.00679779
1 0.692969 0.559375 0.614062 0.88125 0.00679779
13 0.667188 0.703711 0.665625 0.592578 0.00679779
8 0.462891 0.583203 0.560938 0.714844 0.00677109
25 0.440723 0.546094 0.710742 0.864062 0.00666809
16 0.543359 0.408594 0.384375 0.285156 0.00658798
0 0.613672 0.6125 0.772656 0.775 0.00658798
13 0.315234 0.45 0.630469 0.9 0.00653839
3 0.438379 0.345313 0.713867 0.690625 0.00641251
11 0.560156 0.680273 0.832812 0.639453 0.00624084
14 0.295898 0.530469 0.591797 0.939063 0.00621796
1 0.596777 0.600781 0.617383 0.798438 0.00621796
22 0.793945 0.163672 0.412109 0.327344 0.00619125
13 0.499121 0.597266 0.717383 0.805469 0.00609589
14 0.692969 0.559375 0.614062 0.88125 0.00609589
17 0.210938 0.703906 0.421875 0.592188 0.00605011
1 0.691016 0.705273 0.617969 0.589453 0.00605011
17 0.436719 0.241016 0.496875 0.482031 0.00598145
3 0.528516 0.407813 0.446875 0.815625 0.00598145
14 0.692969 0.422656 0.614062 0.845313 0.00593567
13 0.76543 0.233203 0.469141 0.466406 0.00591278
14 0.575879 0.41875 0.681055 0.8375 0.00591278
3 0.714063 0.419531 0.571875 0.839063 0.00591278
14 0.535547 0.542969 0.414062 0.607813 0.00591278
1 0.449219 0.289648 0.60625 0.579297 0.005867
17 0.287305 0.264062 0.563672 0.528125 0.00582123
14 0.76543 0.233203 0.469141 0.466406 0.00582123
13 0.694727 0.448438 0.610547 0.896875 0.00582123
1 0.147461 0.364453 0.294922 0.728906 0.00577545
4 0.427734 0.482031 0.686719 0.90625 0.00572968
1 0.76543 0.233203 0.469141 0.466406 0.00568771
1 0.214258 0.363672 0.428516 0.727344 0.00568771
14 0.690234 0.254883 0.619531 0.509766 0.00564194
1 0.583594 0.403906 0.684375 0.807813 0.00564194
24 0.427734 0.482031 0.686719 0.90625 0.00564194
14 0.525 0.735352 0.875 0.529297 0.00564194
11 0.333398 0.580469 0.666797 0.839063 0.00561905
11 0.793945 0.163672 0.412109 0.327344 0.00559998
10 0.462891 0.583203 0.560938 0.714844 0.00559998
22 0.287305 0.264062 0.563672 0.528125 0.0055542
16 0.797266 0.136816 0.405469 0.273633 0.00548935
10 0.462402 0.571875 0.77207 0.85625 0.00547028
0 0.515527 0.622266 0.504883 0.739844 0.00547028
13 0.409375 0.35 0.81875 0.7 0.00544739
22 0.324414 0.658984 0.648828 0.682031 0.00534439
3 0.217969 0.391406 0.435937 0.782813 0.00530243
20 0.535547 0.542969 0.414062 0.607813 0.00526047
8 0.509766 0.679883 0.839844 0.640234 0.00526047
8 0.371094 0.402344 0.742188 0.804688 0.00524139
1 0.690234 0.254883 0.619531 0.509766 0.00518036
20 0.473047 0.325781 0.853906 0.651563 0.00518036
24 0.462891 0.583203 0.560938 0.714844 0.00518036
25 0.515527 0.622266 0.504883 0.739844 0.00518036
1 0.517188 0.301563 0.83125 0.603125 0.0051384
14 0.667188 0.703711 0.665625 0.592578 0.0051384
25 0.564063 0.600781 0.778125 0.798438 0.00498199
10 0.389844 0.401953 0.779688 0.803906 0.00494385
13 0.601172 0.413672 0.797656 0.827344 0.00494385
1 0.528516 0.407813 0.446875 0.815625 0.0049057
3 0.403906 0.607422 0.807813 0.785156 0.00482941
20 0.543359 0.408594 0.384375 0.285156 0.00481033
1 0.260547 0.498437 0.521094 0.921875 0.00479126
25 0.360156 0.525391 0.720313 0.933594 0.00477219
13 0.218164 0.392969 0.436328 0.785937 0.00469971
13 0.528516 0.407813 0.446875 0.815625 0.00468063
0 0.543359 0.408594 0.384375 0.285156 0.00466537
17 0.24375 0.189063 0.4875 0.378125 0.0046463
13 0.575879 0.41875 0.681055 0.8375 0.0046463
14 0.528516 0.407813 0.446875 0.815625 0.00457382
22 0.732422 0.523438 0.535156 0.859375 0.00455475
17 0.238672 0.163672 0.477344 0.327344 0.00453949
13 0.326172 0.266992 0.652344 0.533984 0.00453949
11 0.339844 0.45 0.679688 0.9 0.00453949
10 0.509766 0.45625 0.421875 0.364063 0.00453949
22 0.773828 0.409766 0.452344 0.714844 0.00453949
1 0.646875 0.475781 0.70625 0.926562 0.00450516
20 0.793945 0.163672 0.412109 0.327344 0.00448608
14 0.24375 0.189063 0.4875 0.378125 0.00443268
20 0.717188 0.360742 0.565625 0.721484 0.00443268
17 0.732422 0.523438 0.535156 0.859375 0.00441742
0 0.356836 0.477344 0.713672 0.932813 0.00439835
3 0.6875 0.655469 0.625 0.689063 0.00436401
1 0.601172 0.413672 0.797656 0.827344 0.00434875
20 0.76543 0.233203 0.469141 0.466406 0.00432968
13 0.543359 0.408594 0.384375 0.285156 0.00432968
16 0.514746 0.395215 0.306445 0.28457 0.0305634
4 0.541016 0.414453 0.361719 0.283594 0.016922
16 0.321484 0.0955078 0.425781 0.191016 0.0129242
19 0.516309 0.392578 0.289258 0.267188 0.0120087
9 0.55 0.420215 0.342187 0.239258 0.0119629
11 0.541016 0.414453 0.361719 0.283594 0.00812531
2 0.517285 0.405078 0.41543 0.310156 0.00787354
1 0.460547 0.286719 0.544531 0.573438 0.0078125
17 0.527344 0.414453 0.390625 0.307031 0.00763702
6 0.55 0.420215 0.342187 0.239258 0.00725937
1 0.517285 0.405078 0.41543 0.310156 0.00658798
3 0.517285 0.405078 0.41543 0.310156 0.00643921
14 0.517285 0.405078 0.41543 0.310156 0.00638962
16 0.538281 0.425781 0.378125 0.311719 0.00600433
12 0.517285 0.405078 0.41543 0.310156 0.00582123
23 0.541016 0.414453 0.361719 0.283594 0.00547028
5 0.55 0.420215 0.342187 0.239258 0.00542831
2 0.460547 0.286719 0.544531 0.573438 0.00534439
1 0.4875 0.351758 0.467969 0.443359 0.0051384
25 0.527344 0.414453 0.390625 0.307031 0.00479126
22 0.527344 0.414453 0.390625 0.307031 0.00475693
17 0.4875 0.351758 0.467969 0.443359 0.00468063
19 0.805859 0.126367 0.388281 0.252734 0.0046463
16 0.807422 0.127148 0.385156 0.254297 0.00457382
0 0.541016 0.414453 0.361719 0.283594 0.00446701
20 0.548828 0.427344 0.341406 0.228125 0.00439835
19 0.3125 0.0905273 0.40625 0.181055 0.00432968
4 0.459766 0.305273 0.553906 0.509766 0.00432968
11 0.459766 0.305273 0.553906 0.509766 0.00432968
17 0.460547 0.286719 0.544531 0.573438 0.00426483
14 0.459766 0.305273 0.553906 0.509766 0.0042305
10 0.55 0.420215 0.342187 0.239258 0.00419998
16 0.180566 0.0826172 0.361133 0.165234 0.00402451
24 0.55 0.420215 0.342187 0.239258 0.0039444
2 0.4875 0.351758 0.467969 0.443359 0.00379562
16 0.459766 0.305273 0.553906 0.509766 0.0036068
20 0.517285 0.405078 0.41543 0.310156 0.00359344
18 0.541016 0.414453 0.361719 0.283594 0.00359344
7 0.541016 0.414453 0.361719 0.283594 0.00355148
13 0.539941 0.408496 0.387305 0.293945 0.00346947
1 0.251172 0.67998 0.502344 0.640039 0.00341606
19 0.535254 0.399219 0.395117 0.295312 0.00340271
2 0.55 0.420215 0.342187 0.239258 0.00324821
22 0.4875 0.351758 0.467969 0.443359 0.00318527
12 0.459766 0.305273 0.553906 0.509766 0.00312424
16 0.141211 0.071875 0.282422 0.14375 0.00309944
22 0.251172 0.67998 0.502344 0.640039 0.00300407
0 0.4875 0.351758 0.467969 0.443359 0.00296974
8 0.517285 0.405078 0.41543 0.310156 0.0029583
0 0.460547 0.286719 0.544531 0.573438 0.00291252
1 0.551953 0.419922 0.355469 0.2375 0.00282288
12 0.795508 0.125781 0.408984 0.251563 0.00279999
4 0.795508 0.125781 0.408984 0.251563 0.00275803
18 0.459766 0.305273 0.553906 0.509766 0.00265312
16 0.254883 0.0945313 0.465234 0.189063 0.00263214
19 0.155664 0.0734375 0.311328 0.146875 0.00261116
7 0.459766 0.305273 0.553906 0.509766 0.00257111
1 0.419629 0.296484 0.668555 0.592969 0.00253105
22 0.460547 0.286719 0.544531 0.573438 0.00246239
3 0.460547 0.286719 0.544531 0.573438 0.00245285
12 0.274609 0.627441 0.549219 0.745117 0.00243378
12 0.270508 0.280859 0.541016 0.561719 0.0024147
11 0.795508 0.125781 0.408984 0.251563 0.00237846
16 0.55 0.420215 0.342187 0.239258 0.00235939
4 0.274609 0.627441 0.549219 0.745117 0.00234222
2 0.423438 0.29375 0.651563 0.5875 0.00232315
13 0.459766 0.305273 0.553906 0.509766 0.00225258
11 0.423438 0.29375 0.651563 0.5875 0.00217438
1 0.233984 0.285156 0.467969 0.570312 0.00216484
14 0.423438 0.29375 0.651563 0.5875 0.00214958
11 0.274609 0.627441 0.549219 0.745117 0.00214958
14 0.55 0.420215 0.342187 0.239258 0.00209999
14 0.4875 0.351758 0.467969 0.443359 0.0020752
1 0.274609 0.627441 0.549219 0.745117 0.00202751
2 0.795508 0.125781 0.408984 0.251563 0.00201988
1 0.296094 0.3 0.592188 0.6 0.00201988
22 0.551953 0.419922 0.355469 0.2375 0.00199509
1 0.798438 0.128711 0.403125 0.257422 0.00198746
12 0.420703 0.306055 0.777344 0.612109 0.00194168
17 0.251172 0.67998 0.502344 0.640039 0.00192642
1 0.237695 0.592969 0.475391 0.714063 0.00191879
20 0.460547 0.286719 0.544531 0.573438 0.00191212
20 0.275391 0.644531 0.550781 0.710938 0.00191212
1 0.209375 0.766406 0.41875 0.467187 0.00190449
3 0.4875 0.351758 0.467969 0.443359 0.00189686
11 0.321289 0.145117 0.642578 0.290234 0.00187492
25 0.4875 0.351758 0.467969 0.443359 0.00183868
12 0.237695 0.592969 0.475391 0.714063 0.00183868
11 0.326758 0.302734 0.653516 0.605469 0.00179577
25 0.460547 0.286719 0.544531 0.573438 0.00176811
5 0.459766 0.305273 0.553906 0.509766 0.00174141
16 0.296094 0.3 0.592188 0.6 0.0017271
16 0.784766 0.123047 0.430469 0.246094 0.00172043
23 0.459766 0.305273 0.553906 0.509766 0.00171375
4 0.423438 0.29375 0.651563 0.5875 0.00170708
4 0.4875 0.351758 0.467969 0.443359 0.0017004
3 0.55 0.420215 0.342187 0.239258 0.0017004
6 0.81875 0.118164 0.3625 0.236328 0.00168705
4 0.362695 0.243945 0.725391 0.487891 0.00163555
12 0.251172 0.67998 0.502344 0.640039 0.00163555
15 0.539941 0.408496 0.387305 0.293945 0.00162888
1 0.802344 0.128125 0.395313 0.25625 0.00162315
11 0.362695 0.243945 0.725391 0.487891 0.00162315
14 0.795508 0.125781 0.408984 0.251563 0.00161076
4 0.296094 0.3 0.592188 0.6 0.0015974
8 0.550781 0.439746 0.35625 0.29082 0.0015974
16 0.830078 0.0916016 0.339844 0.183203 0.00156689
9 0.538281 0.425781 0.378125 0.311719 0.00156689
12 0.723828 0.144336 0.552344 0.288672 0.00154305
21 0.557031 0.379785 0.345313 0.310742 0.00153065
25 0.55 0.420215 0.342187 0.239258 0.00153065
21 0.561328 0.497754 0.374219 0.38418 0.00150108
4 0.237695 0.592969 0.475391 0.714063 0.00150108
14 0.274609 0.627441 0.549219 0.745117 0.00148392
2 0.32168 0.272656 0.643359 0.545313 0.00146675
22 0.209375 0.766406 0.41875 0.467187 0.00146675
0 0.32168 0.272656 0.643359 0.545313 0.00145531
5 0.517285 0.405078 0.41543 0.310156 0.00145531
11 0.237695 0.592969 0.475391 0.714063 0.00142097
8 0.460547 0.286719 0.544531 0.573438 0.00139904
13 0.816211 0.125586 0.367578 0.251172 0.00139427
15 0.362695 0.243945 0.725391 0.487891 0.00138855
20 0.4875 0.351758 0.467969 0.443359 0.00138855
7 0.795508 0.125781 0.408984 0.251563 0.00138283
10 0.517285 0.405078 0.41543 0.310156 0.00137806
19 0.238477 0.0876953 0.407422 0.175391 0.00136662
11 0.298438 0.123242 0.596875 0.246484 0.00136662
3 0.795508 0.125781 0.408984 0.251563 0.00136185
0 0.802344 0.128125 0.395313 0.25625 0.00136185
9 0.251172 0.658984 0.502344 0.682031 0.00136185
17 0.551953 0.419922 0.355469 0.2375 0.00135136
0 0.423438 0.29375 0.651563 0.5875 0.00134563
12 0.230078 0.710156 0.460156 0.565625 0.00134563
6 0.538281 0.425781 0.378125 0.311719 0.00134087
16 0.423438 0.29375 0.651563 0.5875 0.00133514
6 0.362695 0.243945 0.725391 0.487891 0.00132465
14 0.293359 0.274805 0.586719 0.549609 0.00132465
0 0.798438 0.128711 0.403125 0.257422 0.00130463
17 0.274609 0.627441 0.549219 0.745117 0.00130463
2 0.362695 0.243945 0.725391 0.487891 0.00129986
12 0.550781 0.439746 0.35625 0.29082 0.00129986
11 0.251172 0.67998 0.502344 0.640039 0.00129414
12 0.116699 0.270313 0.233398 0.540625 0.00128937
17 0.233984 0.285156 0.467969 0.570312 0.00128937
3 0.251172 0.67998 0.502344 0.640039 0.00127411
19 0.535156 0.347656 0.357031 0.340625 0.00126934
24 0.784766 0.123047 0.430469 0.246094 0.00126457
17 0.296094 0.3 0.592188 0.6 0.00126457
17 0.209375 0.766406 0.41875 0.467187 0.00126457
16 0.798438 0.112695 0.298438 0.225391 0.00125504
14 0.362695 0.243945 0.725391 0.487891 0.00124454
7 0.362695 0.243945 0.725391 0.487891 0.00123978
24 0.459766 0.305273 0.553906 0.509766 0.00123978
20 0.296094 0.3 0.592188 0.6 0.00123501
12 0.4875 0.351758 0.467969 0.443359 0.00123501
6 0.274609 0.627441 0.549219 0.745117 0.00121117
0 0.362695 0.243945 0.725391 0.487891 0.00120163
20 0.795508 0.125781 0.408984 0.251563 0.00119686
12 0.344922 0.303516 0.689844 0.607031 0.00119209
22 0.274609 0.627441 0.549219 0.745117 0.00118828
7 0.423438 0.29375 0.651563 0.5875 0.00118351
11 0.4875 0.351758 0.467969 0.443359 0.00117874
13 0.420703 0.306055 0.777344 0.612109 0.00117874
13 0.274609 0.627441 0.549219 0.745117 0.00117874
11 0.647656 0.790625 0.704688 0.41875 0.0011692
19 0.833594 0.0782715 0.332813 0.156543 0.00116062
7 0.321289 0.145117 0.642578 0.290234 0.00115108
11 0.675879 0.930078 0.648242 0.139844 0.00115108
1 0.230078 0.710156 0.460156 0.565625 0.0011425
4 0.251172 0.67998 0.502344 0.640039 0.00113773
15 0.274609 0.627441 0.549219 0.745117 0.00113392
17 0.419629 0.296484 0.668555 0.592969 0.00112915
13 0.270508 0.280859 0.541016 0.561719 0.00112915
10 0.459766 0.305273 0.553906 0.509766 0.00112438
3 0.274609 0.627441 0.549219 0.745117 0.00112057
12 0.386719 0.17832 0.674219 0.356641 0.00110722
16 0.233984 0.285156 0.467969 0.570312 0.00109863
13 0.548828 0.427344 0.341406 0.228125 0.00109005
13 0.230469 0.703125 0.460938 0.59375 0.00109005
2 0.244727 0.265234 0.489453 0.530469 0.00108147
21 0.211133 0.779688 0.380859 0.329688 0.00107288
14 0.233984 0.285156 0.467969 0.570312 0.00107288
24 0.321289 0.145117 0.642578 0.290234 0.00106907
22 0.296094 0.3 0.592188 0.6 0.00106525
7 0.675879 0.930078 0.648242 0.139844 0.00106049
2 0.546094 0.447559 0.380469 0.31582 0.00105667
1 0.371289 0.246875 0.691797 0.49375 0.00105286
7 0.274609 0.627441 0.549219 0.745117 0.00104809
6 0.321289 0.145117 0.642578 0.290234 0.00104427
22 0.419629 0.296484 0.668555 0.592969 0.00104427
15 0.308398 0.150977 0.616797 0.301953 0.00104046
12 0.209375 0.766406 0.41875 0.467187 0.00101662
6 0.459766 0.305273 0.553906 0.509766 0.00101185
17 0.795508 0.125781 0.408984 0.251563 0.00100803
8 0.4875 0.351758 0.467969 0.443359 0.00100422
0 0.274609 0.627441 0.549219 0.745117 0.00100422
16 0.548438 0.416797 0.357031 0.282813 0.0427246
6 0.53584 0.430078 0.356445 0.302344 0.0217438
9 0.550391 0.420996 0.360938 0.29082 0.0211182
23 0.548438 0.416797 0.357031 0.282813 0.0187683
20 0.550391 0.420996 0.360938 0.29082 0.0115509
19 0.548438 0.343359 0.328906 0.441406 0.0108185
5 0.546777 0.470703 0.361133 0.382031 0.0106125
2 0.548438 0.416797 0.357031 0.282813 0.0104904
4 0.53584 0.430078 0.356445 0.302344 0.01017
18 0.548438 0.416797 0.357031 0.282813 0.00974274
25 0.53584 0.430078 0.356445 0.302344 0.0069313
13 0.54375 0.417969 0.348438 0.279687 0.00674438
16 0.533203 0.483203 0.361719 0.390625 0.00674438
9 0.533203 0.483203 0.361719 0.390625 0.00671768
12 0.558594 0.423828 0.346875 0.280469 0.00658798
21 0.550391 0.420996 0.360938 0.29082 0.00619125
19 0.546777 0.470703 0.361133 0.382031 0.00566483
1 0.558594 0.423828 0.346875 0.280469 0.00551224
0 0.549219 0.420703 0.340625 0.296094 0.00551224
1 0.563965 0.439453 0.476758 0.352344 0.00538635
24 0.53584 0.430078 0.356445 0.302344 0.00488663
3 0.548438 0.416797 0.357031 0.282813 0.00482941
14 0.548438 0.425 0.332813 0.279687 0.00438309
1 0.210156 0.627734 0.420312 0.485156 0.0039444
6 0.540625 0.487109 0.370313 0.410156 0.0037365
7 0.548438 0.416797 0.357031 0.282813 0.00359344
5 0.540234 0.411621 0.358594 0.29082 0.00358009
10 0.546777 0.470703 0.361133 0.382031 0.00353813
11 0.210156 0.627734 0.420312 0.485156 0.00335121
17 0.539062 0.418066 0.352344 0.285742 0.00314713
11 0.558594 0.423828 0.346875 0.280469 0.00307465
13 0.563965 0.439453 0.476758 0.352344 0.00301552
1 0.50625 0.319141 0.467969 0.614844 0.00293541
11 0.533203 0.483203 0.361719 0.390625 0.00293541
2 0.533203 0.483203 0.361719 0.390625 0.00277901
15 0.548438 0.416797 0.357031 0.282813 0.00273705
22 0.470996 0.826172 0.450195 0.347656 0.00273705
11 0.485547 0.812305 0.449219 0.375391 0.0026722
13 0.50625 0.319141 0.467969 0.614844 0.00263214
4 0.563965 0.439453 0.476758 0.352344 0.00261116
16 0.563965 0.439453 0.476758 0.352344 0.00260162
11 0.563965 0.439453 0.476758 0.352344 0.00257111
1 0.470996 0.792969 0.412695 0.414062 0.00257111
8 0.53584 0.430078 0.356445 0.302344 0.00253105
12 0.563965 0.439453 0.476758 0.352344 0.0024929
20 0.533203 0.483203 0.361719 0.390625 0.00248146
21 0.533203 0.483203 0.361719 0.390625 0.00245285
22 0.539062 0.418066 0.352344 0.285742 0.00243378
0 0.480469 0.786719 0.426563 0.426563 0.00243378
22 0.210156 0.627734 0.420312 0.485156 0.00230598
11 0.50625 0.319141 0.467969 0.614844 0.00219917
12 0.50625 0.319141 0.467969 0.614844 0.00214958
14 0.563965 0.439453 0.476758 0.352344 0.00214958
16 0.485547 0.812305 0.449219 0.375391 0.00208282
24 0.485547 0.812305 0.449219 0.375391 0.0019722
19 0.869141 0.325732 0.261719 0.384473 0.00196457
19 0.540234 0.411621 0.358594 0.29082 0.00194931
11 0.499902 0.729688 0.462695 0.540625 0.00193405
14 0.546777 0.470703 0.361133 0.382031 0.00191212
12 0.54541 0.324023 0.687305 0.648047 0.00188923
1 0.546777 0.470703 0.361133 0.382031 0.00187492
22 0.533203 0.483203 0.361719 0.390625 0.00185299
4 0.540625 0.487109 0.370313 0.410156 0.00185299
0 0.540625 0.487109 0.370313 0.410156 0.00182438
6 0.47041 0.817578 0.435742 0.364844 0.00181007
13 0.536328 0.423047 0.417188 0.459375 0.00178909
14 0.210156 0.627734 0.420312 0.485156 0.00176811
4 0.470996 0.792969 0.412695 0.414062 0.00176811
3 0.533203 0.483203 0.361719 0.390625 0.00170708
2 0.480469 0.786719 0.426563 0.426563 0.0016489
14 0.47041 0.817578 0.435742 0.364844 0.00164223
16 0.50625 0.319141 0.467969 0.614844 0.00162315
20 0.485547 0.812305 0.449219 0.375391 0.00162315
12 0.499902 0.729688 0.462695 0.540625 0.00155449
1 0.54541 0.324023 0.687305 0.648047 0.00153637
12 0.47041 0.817578 0.435742 0.364844 0.00152493
0 0.563965 0.439453 0.476758 0.352344 0.0015192
23 0.533203 0.483203 0.361719 0.390625 0.00145531
3 0.210156 0.627734 0.420312 0.485156 0.00144958
3 0.563965 0.439453 0.476758 0.352344 0.00144386
10 0.539062 0.418066 0.352344 0.285742 0.00144386
0 0.214453 0.616406 0.428906 0.465625 0.00144386
13 0.210156 0.627734 0.420312 0.485156 0.00143242
13 0.485547 0.812305 0.449219 0.375391 0.00143242
16 0.474609 0.759375 0.399219 0.43125 0.00140476
21 0.485547 0.812305 0.449219 0.375391 0.00139904
4 0.50625 0.319141 0.467969 0.614844 0.00138855
17 0.563965 0.439453 0.476758 0.352344 0.00136662
4 0.214453 0.616406 0.428906 0.465625 0.00136662
13 0.546777 0.470703 0.361133 0.382031 0.00135612
0 0.499902 0.729688 0.462695 0.540625 0.00135136
14 0.50625 0.319141 0.467969 0.614844 0.00128937
12 0.210156 0.627734 0.420312 0.485156 0.00128937
16 0.499902 0.729688 0.462695 0.540625 0.00127411
12 0.536328 0.423047 0.417188 0.459375 0.0012598
3 0.47041 0.817578 0.435742 0.364844 0.0012598
18 0.563965 0.439453 0.476758 0.352344 0.00125504
25 0.540625 0.487109 0.370313 0.410156 0.00125504
1 0.467871 0.819531 0.468945 0.360938 0.00123501
6 0.563965 0.439453 0.476758 0.352344 0.00121117
12 0.586816 0.699219 0.67168 0.601562 0.00119686
6 0.207422 0.665625 0.414844 0.492188 0.00118828
13 0.51875 0.332422 0.54375 0.664844 0.00117874
13 0.499902 0.729688 0.462695 0.540625 0.00117874
2 0.563965 0.439453 0.476758 0.352344 0.00117397
15 0.563965 0.439453 0.476758 0.352344 0.00117397
20 0.210156 0.627734 0.420312 0.485156 0.0011692
2 0.214453 0.616406 0.428906 0.465625 0.00116539
17 0.210156 0.627734 0.420312 0.485156 0.00116062
5 0.470996 0.826172 0.450195 0.347656 0.00116062
12 0.474609 0.759375 0.399219 0.43125 0.00115108
14 0.499902 0.729688 0.462695 0.540625 0.00112915
12 0.514453 0.64375 0.449219 0.553125 0.00112438
17 0.480469 0.786719 0.426563 0.426563 0.00112057
11 0.474609 0.759375 0.399219 0.43125 0.0011158
19 0.494922 0.659766 0.289062 0.378906 0.00111198
2 0.499902 0.729688 0.462695 0.540625 0.00107765
1 0.499902 0.729688 0.462695 0.540625 0.00107288
16 0.536328 0.423047 0.417188 0.459375 0.00106907
19 0.206641 0.663672 0.413281 0.497656 0.00106049
8 0.563965 0.439453 0.476758 0.352344 0.00105667
15 0.480469 0.786719 0.426563 0.426563 0.00104809
4 0.495313 0.825391 0.475781 0.349219 0.00102043
21 0.210156 0.627734 0.420312 0.485156 0.00101662
13 0.474609 0.759375 0.399219 0.43125 0.00101662
19 0.558984 0.368359 0.275781 0.316406 0.0766602
24 0.828125 0.124414 0.34375 0.248828 0.0262604
19 0.564063 0.382422 0.253125 0.225781 0.0257568
12 0.820312 0.123047 0.359375 0.246094 0.0233307
12 0.473047 0.412891 0.496094 0.310156 0.0198669
24 0.530859 0.411328 0.364063 0.278125 0.0180511
16 0.817383 0.122949 0.340234 0.245898 0.0175171
6 0.530859 0.411328 0.364063 0.278125 0.0165863
13 0.473047 0.412891 0.496094 0.310156 0.0158386
6 0.828125 0.124414 0.34375 0.248828 0.0152512
12 0.642578 0.143164 0.714844 0.286328 0.0133286
7 0.530859 0.411328 0.364063 0.278125 0.0133286
12 0.370703 0.360938 0.735156 0.616406 0.0130234
12 0.529785 0.409375 0.36543 0.279687 0.0114212
13 0.820312 0.123047 0.359375 0.246094 0.0113297
7 0.820703 0.122363 0.358594 0.244727 0.0109863
23 0.817383 0.122949 0.340234 0.245898 0.0108185
11 0.820703 0.122363 0.358594 0.244727 0.0100937
13 0.370703 0.360938 0.735156 0.616406 0.00831604
16 0.530859 0.411328 0.364063 0.278125 0.00793457
9 0.542578 0.397754 0.335156 0.256055 0.00787354
11 0.473047 0.412891 0.496094 0.310156 0.00671768
13 0.529785 0.409375 0.36543 0.279687 0.00664139
12 0.294141 0.28457 0.588281 0.569141 0.00619125
12 0.372266 0.398438 0.744531 0.796875 0.00616837
14 0.805859 0.125 0.388281 0.25 0.00579834
19 0.823438 0.122363 0.345313 0.244727 0.00568771
1 0.807031 0.122266 0.326562 0.244531 0.00553513
9 0.807031 0.109375 0.326562 0.21875 0.00553513
2 0.817383 0.122949 0.340234 0.245898 0.00542831
18 0.820703 0.122363 0.358594 0.244727 0.00494385
4 0.823438 0.122363 0.345313 0.244727 0.00452042
12 0.241016 0.259766 0.482031 0.519531 0.00432968
1 0.446875 0.399219 0.553906 0.348438 0.00421524
23 0.530859 0.411328 0.364063 0.278125 0.00416565
16 0.473047 0.412891 0.496094 0.310156 0.0041008
15 0.487891 0.413379 0.463281 0.282617 0.00403976
7 0.473047 0.412891 0.496094 0.310156 0.0039444
12 0.620703 0.163574 0.758594 0.327148 0.00370789
11 0.529785 0.409375 0.36543 0.279687 0.00365067
2 0.542578 0.397754 0.335156 0.256055 0.00346947
16 0.370508 0.420312 0.717578 0.53125 0.00345612
11 0.370703 0.360938 0.735156 0.616406 0.00324821
15 0.820703 0.122363 0.358594 0.244727 0.00305176
18 0.510254 0.41084 0.410742 0.283008 0.00302696
19 0.792969 0.101562 0.296875 0.203125 0.00300407
14 0.510254 0.41084 0.410742 0.283008 0.00282288
0 0.805859 0.125 0.388281 0.25 0.00281143
24 0.370508 0.420312 0.717578 0.53125 0.00279999
3 0.823438 0.122363 0.345313 0.244727 0.00279045
1 0.510254 0.41084 0.410742 0.283008 0.00269318
14 0.446875 0.399219 0.553906 0.348438 0.00261116
4 0.510254 0.41084 0.410742 0.283008 0.00255013
13 0.372266 0.398438 0.744531 0.796875 0.00255013
19 0.221436 0.795117 0.310254 0.375391 0.00251198
6 0.473047 0.412891 0.496094 0.310156 0.00250244
9 0.487891 0.413379 0.463281 0.282617 0.0024929
13 0.294141 0.28457 0.588281 0.569141 0.00242424
2 0.487891 0.413379 0.463281 0.282617 0.00242424
12 0.567578 0.201953 0.816406 0.403906 0.00239754
19 0.510254 0.41084 0.410742 0.283008 0.00237846
19 0.567187 0.365234 0.2375 0.164844 0.00236893
16 0.558984 0.368359 0.275781 0.316406 0.00232315
15 0.542578 0.397754 0.335156 0.256055 0.00225258
0 0.542578 0.397754 0.335156 0.256055 0.00222588
17 0.807031 0.122266 0.326562 0.244531 0.00213242
1 0.811914 0.127832 0.376172 0.255664 0.00210762
24 0.473047 0.412891 0.496094 0.310156 0.00206757
13 0.642578 0.143164 0.714844 0.286328 0.00198746
20 0.823438 0.122363 0.345313 0.244727 0.00197983
17 0.529785 0.409375 0.36543 0.279687 0.00194168
20 0.510254 0.41084 0.410742 0.283008 0.00192642
5 0.823438 0.122363 0.345313 0.244727 0.00191212
12 0.34375 0.323438 0.6875 0.646875 0.00186729
3 0.510254 0.41084 0.410742 0.283008 0.00186729
6 0.370508 0.420312 0.717578 0.53125 0.00182438
15 0.373633 0.376953 0.736328 0.717969 0.0018034
13 0.241016 0.259766 0.482031 0.519531 0.00176144
25 0.828125 0.124414 0.34375 0.248828 0.00173378
15 0.446875 0.399219 0.553906 0.348438 0.00168133
12 0.103125 0.256445 0.20625 0.407422 0.00167465
17 0.446875 0.399219 0.553906 0.348438 0.0016613
12 0.462109 0.306641 0.635156 0.613281 0.0015974
4 0.446875 0.399219 0.553906 0.348438 0.00155449
12 0.159082 0.262695 0.318164 0.525391 0.00149536
25 0.542578 0.397754 0.335156 0.256055 0.00146675
19 0.0972656 0.222217 0.194531 0.34541 0.00143242
12 0.452344 0.280078 0.898438 0.560156 0.00141048
7 0.373633 0.376953 0.736328 0.717969 0.00141048
19 0.745313 0.0887695 0.242188 0.177539 0.00138855
12 0.297656 0.417969 0.595313 0.720313 0.00138855
16 0.811914 0.127832 0.376172 0.255664 0.00136185
12 0.271484 0.49375 0.542969 0.728125 0.00132465
2 0.446875 0.399219 0.553906 0.348438 0.00131512
12 0.285938 0.522656 0.571875 0.846875 0.00130939
3 0.446875 0.399219 0.553906 0.348438 0.0012846
8 0.807031 0.122266 0.326562 0.244531 0.00124931
1 0.421094 0.314844 0.620313 0.56875 0.00123978
21 0.221436 0.795117 0.310254 0.375391 0.0011692
16 0.421094 0.314844 0.620313 0.56875 0.0011692
12 0.11416 0.251172 0.22832 0.502344 0.00116539
12 0.521875 0.127539 0.346094 0.255078 0.00116062
13 0.462109 0.306641 0.635156 0.613281 0.0011425
1 0.462109 0.306641 0.635156 0.613281 0.00109863
12 0.596875 0.312891 0.80625 0.625781 0.00109482
5 0.530859 0.411328 0.364063 0.278125 0.00109005
0 0.479688 0.407813 0.485938 0.31875 0.00108147
14 0.421094 0.314844 0.620313 0.56875 0.00107765
20 0.446875 0.399219 0.553906 0.348438 0.00106049
12 0.210938 0.650879 0.421875 0.660742 0.00106049
3 0.811914 0.127832 0.376172 0.255664 0.00105286
16 0.396484 0.408203 0.792969 0.816406 0.00104427
11 0.316797 0.25 0.633594 0.5 0.00102425
11 0.372266 0.398438 0.744531 0.796875 0.00102425
2 0.370508 0.420312 0.717578 0.53125 0.00101662
11 0.642578 0.143164 0.714844 0.286328 0.00101185
23 0.527734 0.417578 0.332813 0.258594 0.184814
6 0.52666 0.419922 0.323242 0.253906 0.0836182
14 0.530859 0.421875 0.344531 0.279687 0.0797729
4 0.530859 0.421875 0.344531 0.279687 0.069519
24 0.52666 0.419922 0.323242 0.253906 0.0618896
9 0.52666 0.419922 0.323242 0.253906 0.0549927
7 0.527734 0.417578 0.332813 0.258594 0.0450134
18 0.529297 0.416406 0.332031 0.260156 0.0282135
0 0.530859 0.421875 0.344531 0.279687 0.0222473
2 0.530859 0.421875 0.344531 0.279687 0.0215302
16 0.529297 0.416406 0.332031 0.260156 0.0204926
11 0.527734 0.417578 0.332813 0.258594 0.0166626
12 0.530859 0.421875 0.344531 0.279687 0.0148392
19 0.488281 0.403516 0.240625 0.278906 0.011467
19 0.162402 0.314648 0.274023 0.348047 0.00728989
25 0.530859 0.421875 0.344531 0.279687 0.00658798
3 0.530859 0.421875 0.344531 0.279687 0.00582123
21 0.417188 0.865625 0.29375 0.26875 0.00524139
15 0.530859 0.421875 0.344531 0.279687 0.00503922
5 0.527734 0.417578 0.332813 0.258594 0.00468063
10 0.530859 0.421875 0.344531 0.279687 0.00428009
19 0.390234 0.874609 0.251563 0.250781 0.00407028
19 0.563672 0.334375 0.271094 0.303125 0.00335121
19 0.14668 0.367969 0.274609 0.334375 0.00324821
19 0.542969 0.415234 0.323438 0.247656 0.00313568
19 0.540723 0.367383 0.34043 0.380078 0.0028553
20 0.52666 0.419922 0.323242 0.253906 0.00234222
6 0.515723 0.422656 0.381055 0.310156 0.00220871
19 0.235547 0.506641 0.305469 0.357812 0.0020752
13 0.525098 0.416016 0.37793 0.292188 0.00157356
21 0.810156 0.198096 0.309375 0.377246 0.00138283
17 0.515723 0.422656 0.381055 0.310156 0.00136662
19 0.572656 0.358203 0.253125 0.171875 0.00123501
16 0.558984 0.854297 0.558594 0.291406 0.00121593
8 0.521875 0.426563 0.367188 0.310937 0.0012064
0 0.558984 0.854297 0.558594 0.291406 0.00106525
16 0.488184 0.398047 0.243945 0.283594 0.00104427
23 0.547656 0.407715 0.3625 0.254883 0.223999
6 0.541406 0.405371 0.375 0.245508 0.222656
9 0.541406 0.405371 0.375 0.245508 0.115173
2 0.547656 0.407715 0.3625 0.254883 0.0673218
4 0.547656 0.407715 0.3625 0.254883 0.0656128
14 0.547656 0.407715 0.3625 0.254883 0.0651245
7 0.547656 0.407715 0.3625 0.254883 0.0637207
0 0.547656 0.407715 0.3625 0.254883 0.0484924
24 0.541406 0.405371 0.375 0.245508 0.0453491
18 0.547656 0.407715 0.3625 0.254883 0.0309143
16 0.547656 0.407715 0.3625 0.254883 0.0228882
10 0.547656 0.407715 0.3625 0.254883 0.0146713
25 0.538672 0.405078 0.377344 0.251563 0.0130234
15 0.547656 0.407715 0.3625 0.254883 0.0113297
11 0.538672 0.405078 0.377344 0.251563 0.0101318
5 0.541406 0.405371 0.375 0.245508 0.00867462
19 0.363086 0.862305 0.240234 0.275391 0.00656509
3 0.549316 0.40459 0.354492 0.275195 0.00624084
20 0.541406 0.405371 0.375 0.245508 0.00559998
12 0.549316 0.40459 0.354492 0.275195 0.00551224
13 0.532031 0.397266 0.416406 0.335156 0.0039444
12 0.532031 0.397266 0.416406 0.335156 0.00387001
19 0.542285 0.410059 0.366992 0.24707 0.00279999
11 0.532031 0.397266 0.416406 0.335156 0.00200272
7 0.532031 0.397266 0.416406 0.335156 0.00194168
2 0.532031 0.397266 0.416406 0.335156 0.00181007
0 0.532031 0.397266 0.416406 0.335156 0.00178242
19 0.202344 0.518848 0.263281 0.337305 0.00173378
6 0.532031 0.397266 0.416406 0.335156 0.00164223
15 0.532031 0.397266 0.416406 0.335156 0.00162315
17 0.541797 0.404297 0.370313 0.283594 0.00161648
16 0.532031 0.397266 0.416406 0.335156 0.00156689
0 0.81543 0.117871 0.362891 0.235742 0.00154877
13 0.542285 0.410059 0.366992 0.24707 0.00150681
8 0.542188 0.409473 0.395313 0.243555 0.00148964
12 0.507812 0.340234 0.4625 0.500781 0.00144386
4 0.532031 0.397266 0.416406 0.335156 0.00140476
14 0.532031 0.397266 0.416406 0.335156 0.00138855
18 0.532031 0.397266 0.416406 0.335156 0.00138283
1 0.541797 0.404297 0.370313 0.283594 0.00129414
12 0.503906 0.316406 0.570312 0.632812 0.00122547
23 0.532031 0.397266 0.416406 0.335156 0.00105667
19 0.492578 0.410547 0.257031 0.282031 0.00100803
23 0.54375 0.390234 0.323438 0.265625 0.269775
2 0.54375 0.390234 0.323438 0.265625 0.112427
16 0.532129 0.392578 0.324805 0.258594 0.0943604
6 0.541797 0.410938 0.339844 0.289062 0.0817871
14 0.54375 0.390234 0.323438 0.265625 0.0734253
25 0.541797 0.399219 0.332031 0.274219 0.053009
9 0.543359 0.399219 0.330469 0.275 0.0362244
0 0.538672 0.394922 0.329688 0.252344 0.0350037
18 0.532129 0.392578 0.324805 0.258594 0.0339661
7 0.532129 0.392578 0.324805 0.258594 0.0322266
10 0.543359 0.399219 0.330469 0.275 0.0199432
4 0.542188 0.388281 0.326562 0.266406 0.0190125
12 0.203516 0.409375 0.407031 0.610156 0.0188293
3 0.54375 0.390234 0.323438 0.265625 0.0180511
20 0.541797 0.410938 0.339844 0.289062 0.0158997
5 0.541797 0.410938 0.339844 0.289062 0.0151901
8 0.54375 0.401172 0.3375 0.277344 0.00989532
13 0.203516 0.409375 0.407031 0.610156 0.00831604
2 0.495996 0.307422 0.433008 0.489844 0.00815582
12 0.267383 0.39375 0.534766 0.720313 0.0078125
24 0.536035 0.409473 0.354492 0.299805 0.0078125
11 0.541797 0.399219 0.332031 0.274219 0.00775528
12 0.126758 0.496484 0.253516 0.428906 0.00651169
19 0.5625 0.355469 0.2625 0.18125 0.0064888
0 0.495996 0.307422 0.433008 0.489844 0.00634003
7 0.495996 0.307422 0.433008 0.489844 0.00595856
18 0.495996 0.307422 0.433008 0.489844 0.00502014
11 0.495996 0.307422 0.433008 0.489844 0.00475693
19 0.541797 0.410938 0.339844 0.289062 0.00426483
21 0.541797 0.414453 0.332031 0.282813 0.00418091
15 0.517871 0.387598 0.386133 0.288867 0.00383949
17 0.54375 0.401172 0.3375 0.277344 0.00365067
14 0.495996 0.307422 0.433008 0.489844 0.00362206
16 0.529688 0.402734 0.376563 0.332813 0.00341606
16 0.495996 0.307422 0.433008 0.489844 0.00327301
13 0.117285 0.507031 0.23457 0.391406 0.00322342
0 0.529688 0.402734 0.376563 0.332813 0.00317192
4 0.529688 0.402734 0.376563 0.332813 0.0030632
6 0.495996 0.307422 0.433008 0.489844 0.00281143
1 0.105176 0.610938 0.210352 0.3 0.00261116
1 0.54375 0.401172 0.3375 0.277344 0.00259018
13 0.267383 0.39375 0.534766 0.720313 0.00259018
2 0.529688 0.402734 0.376563 0.332813 0.00237846
13 0.517871 0.387598 0.386133 0.288867 0.00224304
16 0.557031 0.367188 0.290625 0.221094 0.00219917
4 0.495996 0.307422 0.433008 0.489844 0.00206757
23 0.495996 0.307422 0.433008 0.489844 0.00206757
1 0.199219 0.418359 0.398438 0.621875 0.00196457
15 0.126758 0.496484 0.253516 0.428906 0.00183868
9 0.534277 0.417285 0.37832 0.363867 0.00178242
12 0.542188 0.388281 0.326562 0.266406 0.0016613
22 0.54375 0.401172 0.3375 0.277344 0.00156116
11 0.386035 0.348828 0.729492 0.697656 0.00150108
15 0.200391 0.427441 0.400781 0.587305 0.00145531
3 0.495996 0.307422 0.433008 0.489844 0.00138855
17 0.199219 0.418359 0.398438 0.621875 0.00138855
15 0.386035 0.348828 0.729492 0.697656 0.0012846
12 0.185938 0.434277 0.371875 0.454883 0.00127411
15 0.495996 0.307422 0.433008 0.489844 0.00125504
18 0.529688 0.402734 0.376563 0.332813 0.00125504
17 0.126758 0.496484 0.253516 0.428906 0.00124454
22 0.105176 0.610938 0.210352 0.3 0.00121593
17 0.10498 0.590625 0.209961 0.253125 0.0011692
23 0.529688 0.402734 0.376563 0.332813 0.0011425
12 0.591406 0.632031 0.659375 0.735938 0.00109863
1 0.267383 0.39375 0.534766 0.720313 0.00101662
14 0.54375 0.413281 0.33125 0.265625 0.0572815
2 0.54375 0.413281 0.33125 0.265625 0.0501404
23 0.54375 0.413281 0.33125 0.265625 0.0428772
9 0.540625 0.407422 0.342187 0.236719 0.0304413
16 0.542969 0.410938 0.335938 0.265625 0.0254669
4 0.540625 0.407422 0.342187 0.236719 0.019455
25 0.544531 0.409277 0.320312 0.26582 0.0180511
6 0.540625 0.407422 0.342187 0.236719 0.0174408
7 0.546094 0.409277 0.3375 0.27207 0.016098
12 0.262305 0.380078 0.524609 0.672656 0.0124817
10 0.54375 0.413281 0.33125 0.265625 0.0113754
18 0.546094 0.409277 0.3375 0.27207 0.0108185
0 0.544531 0.409277 0.320312 0.26582 0.00963593
11 0.546094 0.409277 0.3375 0.27207 0.00709534
3 0.54375 0.413281 0.33125 0.265625 0.00669098
12 0.19375 0.445312 0.3875 0.551562 0.00638962
12 0.357031 0.375 0.714063 0.75 0.00443268
5 0.540625 0.407422 0.342187 0.236719 0.00432968
15 0.433984 0.369141 0.613281 0.608594 0.0041008
20 0.540625 0.407422 0.342187 0.236719 0.0041008
11 0.422559 0.319922 0.62207 0.585156 0.00408554
13 0.262305 0.380078 0.524609 0.672656 0.00402451
24 0.54375 0.408691 0.346875 0.263867 0.00382423
7 0.433984 0.369141 0.613281 0.608594 0.00325966
6 0.433984 0.369141 0.613281 0.608594 0.00319672
0 0.433984 0.369141 0.613281 0.608594 0.00317192
17 0.544531 0.409277 0.320312 0.26582 0.00311089
18 0.422559 0.319922 0.62207 0.585156 0.00293541
13 0.19375 0.445312 0.3875 0.551562 0.00271416
4 0.433984 0.369141 0.613281 0.608594 0.00268364
8 0.53916 0.41084 0.331055 0.258008 0.00256157
2 0.433984 0.369141 0.613281 0.608594 0.00254059
15 0.54375 0.408691 0.346875 0.263867 0.00250244
14 0.422559 0.319922 0.62207 0.585156 0.0024147
2 0.494629 0.397266 0.457617 0.335938 0.00239754
15 0.379785 0.457031 0.732617 0.678125 0.00239754
14 0.494629 0.397266 0.457617 0.335938 0.00217438
12 0.49375 0.601465 0.81875 0.776758 0.00215721
1 0.53916 0.41084 0.331055 0.258008 0.00212479
6 0.379785 0.457031 0.732617 0.678125 0.00202751
0 0.379785 0.457031 0.732617 0.678125 0.00190449
4 0.379785 0.457031 0.732617 0.678125 0.00182438
11 0.379785 0.457031 0.732617 0.678125 0.0015974
24 0.433984 0.369141 0.613281 0.608594 0.00153637
15 0.398828 0.389453 0.797656 0.778906 0.00144386
19 0.542969 0.410938 0.335938 0.265625 0.00138855
13 0.357031 0.375 0.714063 0.75 0.00123501
24 0.379785 0.457031 0.732617 0.678125 0.00116539
16 0.433984 0.369141 0.613281 0.608594 0.00114727
12 0.613379 0.640137 0.773242 0.719727 0.0011425
7 0.379785 0.457031 0.732617 0.678125 0.00112915
14 0.379785 0.457031 0.732617 0.678125 0.00100803
23 0.551562 0.407129 0.314063 0.282617 0.455078
14 0.551562 0.407129 0.314063 0.282617 0.219971
9 0.545313 0.414746 0.317188 0.27207 0.218628
2 0.544141 0.405566 0.319531 0.281055 0.157715
6 0.545313 0.414746 0.317188 0.27207 0.0863037
24 0.545313 0.414746 0.317188 0.27207 0.0827026
16 0.547656 0.39834 0.314063 0.268945 0.0800781
25 0.544141 0.405566 0.319531 0.281055 0.0531921
4 0.551562 0.407129 0.314063 0.282617 0.0422363
7 0.548047 0.402441 0.314063 0.266992 0.0181885
0 0.544141 0.401953 0.317969 0.259375 0.0179901
18 0.547656 0.39834 0.314063 0.268945 0.0146179
5 0.545313 0.414746 0.317188 0.27207 0.00985718
3 0.548047 0.402441 0.314063 0.266992 0.00831604
8 0.542578 0.399902 0.322656 0.262695 0.00712204
20 0.545313 0.414746 0.317188 0.27207 0.00616837
11 0.544141 0.401953 0.317969 0.259375 0.00614548
17 0.552344 0.407031 0.304688 0.266406 0.00416565
12 0.55 0.40625 0.314063 0.282031 0.00397491
10 0.542188 0.417578 0.31875 0.265625 0.00355148
19 0.547656 0.39834 0.314063 0.268945 0.00312424
7 0.183594 0.752344 0.367188 0.210938 0.00309944
2 0.180176 0.8 0.360352 0.30625 0.00302696
15 0.55 0.40625 0.314063 0.282031 0.00270462
13 0.55 0.40625 0.314063 0.282031 0.0016489
19 0.185889 0.315674 0.222754 0.282715 0.00123978
0 0.180176 0.8 0.360352 0.30625 0.0012064
18 0.183594 0.752344 0.367188 0.210938 0.00118351
7 0.189648 0.319531 0.370313 0.257812 0.00116539
2 0.183594 0.752344 0.367188 0.210938 0.00115108
14 0.180176 0.8 0.360352 0.30625 0.00113392
16 0.181836 0.766406 0.363672 0.267188 0.00112438
23 0.543848 0.419922 0.338867 0.253906 0.295898
2 0.542578 0.414746 0.328125 0.261133 0.19873
6 0.54375 0.414453 0.340625 0.238281 0.149048
9 0.54375 0.414453 0.340625 0.238281 0.119202
14 0.542578 0.414746 0.328125 0.261133 0.0611877
4 0.54375 0.414453 0.340625 0.238281 0.0585632
16 0.543848 0.419922 0.338867 0.253906 0.0538025
18 0.5375 0.418652 0.338281 0.251758 0.042572
7 0.543848 0.419922 0.338867 0.253906 0.0406799
0 0.542578 0.414746 0.328125 0.261133 0.0305634
10 0.540625 0.406152 0.330469 0.22832 0.0299835
25 0.542969 0.423047 0.334375 0.269531 0.018692
3 0.542969 0.423047 0.334375 0.269531 0.0184784
11 0.542578 0.414746 0.328125 0.261133 0.00706482
24 0.54375 0.414453 0.340625 0.238281 0.00510025
15 0.5375 0.418652 0.338281 0.251758 0.0039444
19 0.538281 0.421094 0.339063 0.267188 0.00351143
5 0.54375 0.414453 0.340625 0.238281 0.00255013
2 0.532031 0.39209 0.398438 0.36582 0.00229645
16 0.532031 0.39209 0.398438 0.36582 0.00225258
11 0.532031 0.39209 0.398438 0.36582 0.00201988
6 0.532031 0.39209 0.398438 0.36582 0.00185299
18 0.532031 0.39209 0.398438 0.36582 0.00174141
13 0.532031 0.39209 0.398438 0.36582 0.00151253
15 0.532031 0.39209 0.398438 0.36582 0.00150681
23 0.532031 0.39209 0.398438 0.36582 0.00146675
13 0.538281 0.421094 0.339063 0.267188 0.00140476
0 0.532031 0.39209 0.398438 0.36582 0.00133514
7 0.532031 0.39209 0.398438 0.36582 0.00130939
8 0.55 0.407031 0.31875 0.257031 0.00130939
17 0.538281 0.421094 0.339063 0.267188 0.00126934
14 0.532031 0.39209 0.398438 0.36582 0.00113392
6 0.5375 0.409473 0.350781 0.28418 0.227417
2 0.5375 0.401953 0.351562 0.284375 0.172119
14 0.539844 0.410547 0.35 0.292188 0.153564
23 0.539844 0.410547 0.35 0.292188 0.0859985
11 0.5375 0.401953 0.351562 0.284375 0.0643921
9 0.53584 0.408984 0.358008 0.288281 0.0379028
4 0.5375 0.409473 0.350781 0.28418 0.0368958
18 0.536035 0.401563 0.357617 0.284375 0.0352783
16 0.536035 0.401563 0.357617 0.284375 0.0245209
7 0.536035 0.401563 0.357617 0.284375 0.0231476
10 0.5375 0.409473 0.350781 0.28418 0.0195618
0 0.5375 0.409473 0.350781 0.28418 0.0153046
3 0.5375 0.401953 0.351562 0.284375 0.00861359
25 0.536719 0.406641 0.358594 0.273438 0.00754929
24 0.53584 0.408984 0.358008 0.288281 0.0068512
2 0.574609 0.400684 0.271094 0.242383 0.00538635
15 0.53584 0.408984 0.358008 0.288281 0.00397491
17 0.574609 0.400684 0.271094 0.242383 0.00391388
14 0.574609 0.400684 0.271094 0.242383 0.0037365
5 0.5375 0.409473 0.350781 0.28418 0.00331116
25 0.574609 0.400684 0.271094 0.242383 0.00277901
0 0.574609 0.400684 0.271094 0.242383 0.00276756
19 0.5375 0.401953 0.351562 0.284375 0.00234222
17 0.536719 0.406641 0.358594 0.273438 0.00214958
1 0.542969 0.400391 0.342969 0.271094 0.00199509
20 0.540625 0.410938 0.35 0.28125 0.00174141
8 0.539844 0.402246 0.352344 0.283008 0.00135136
3 0.574609 0.400684 0.271094 0.242383 0.00118828
8 0.574609 0.400684 0.271094 0.242383 0.00113773
14 0.539941 0.40791 0.335742 0.29668 0.272705
2 0.537109 0.405371 0.350781 0.292383 0.212036
23 0.537109 0.405371 0.350781 0.292383 0.126343
9 0.5375 0.408984 0.35625 0.285938 0.120422
6 0.5375 0.408984 0.35625 0.285938 0.11084
4 0.5375 0.408984 0.35625 0.285938 0.0823975
25 0.538672 0.407422 0.3375 0.282813 0.0383301
0 0.5375 0.408984 0.35625 0.285938 0.0175781
18 0.534766 0.401172 0.360156 0.300781 0.0112457
10 0.538672 0.407422 0.3375 0.282813 0.011116
7 0.5375 0.408984 0.35625 0.285938 0.00926971
15 0.534766 0.401172 0.360156 0.300781 0.00734711
24 0.5375 0.408984 0.35625 0.285938 0.00653839
5 0.538672 0.407422 0.3375 0.282813 0.00619125
11 0.534766 0.401172 0.360156 0.300781 0.00542831
16 0.5375 0.408984 0.35625 0.285938 0.00353813
20 0.539453 0.41084 0.341406 0.292383 0.00145531
3 0.536328 0.414746 0.342969 0.29082 0.00143242
17 0.536328 0.414746 0.342969 0.29082 0.00109005
8 0.541797 0.414941 0.332031 0.295117 0.00101662
14 0.539453 0.416797 0.35625 0.29375 0.287842
2 0.535156 0.412402 0.353125 0.289258 0.111633
9 0.539062 0.414844 0.360938 0.282031 0.0675659
4 0.539453 0.416797 0.35625 0.29375 0.0492249
23 0.539453 0.416797 0.35625 0.29375 0.0405273
6 0.539062 0.414844 0.360938 0.282031 0.0317383
25 0.533594 0.414844 0.357812 0.296875 0.0106506
0 0.542188 0.414062 0.359375 0.29375 0.00413513
10 0.535547 0.41416 0.350781 0.27793 0.0037365
5 0.539062 0.414844 0.360938 0.282031 0.00247192
7 0.539062 0.414844 0.360938 0.282031 0.00235939
11 0.535156 0.412402 0.353125 0.289258 0.00226974
18 0.535547 0.417578 0.360938 0.285156 0.00186062
16 0.535547 0.41416 0.350781 0.27793 0.00170708
24 0.535547 0.417578 0.360938 0.285156 0.00133038
4 0.485938 0.178174 0.217188 0.159277 0.00123024
4 0.583594 0.444922 0.221875 0.171875 0.00116539
8 0.539453 0.416797 0.35625 0.29375 0.00109005
19 0.567969 0.359375 0.253125 0.153906 0.00107288
14 0.533203 0.416406 0.360156 0.28125 0.544922
2 0.535547 0.414844 0.353906 0.285938 0.203735
23 0.532129 0.417969 0.363867 0.299219 0.174927
9 0.531641 0.413281 0.34375 0.278906 0.126831
25 0.548828 0.416406 0.342969 0.289062 0.0639648
6 0.531641 0.413281 0.34375 0.278906 0.0541992
4 0.531641 0.413281 0.34375 0.278906 0.0307922
16 0.532422 0.417188 0.360156 0.292969 0.0182648
7 0.535547 0.414844 0.353906 0.285938 0.011734
10 0.531641 0.413281 0.34375 0.278906 0.00674438
18 0.531152 0.416309 0.350195 0.281445 0.00436401
5 0.531641 0.413281 0.34375 0.278906 0.00426483
8 0.544531 0.420215 0.354688 0.286133 0.00376511
24 0.531152 0.416309 0.350195 0.281445 0.00313568
0 0.546973 0.414453 0.351367 0.296094 0.00298119
11 0.531641 0.413281 0.34375 0.278906 0.00282288
1 0.548828 0.416406 0.342969 0.289062 0.00194931
17 0.544531 0.420215 0.354688 0.286133 0.00134563
3 0.536719 0.420215 0.353906 0.292383 0.00119686
19 0.571875 0.361719 0.260938 0.170313 0.00109863
2 0.539941 0.409766 0.348242 0.278906 0.721191
14 0.538672 0.409375 0.350781 0.282031 0.692871
23 0.542578 0.413281 0.344531 0.284375 0.324219
9 0.538672 0.409375 0.350781 0.282031 0.0705566
25 0.538672 0.409375 0.350781 0.282031 0.055603
4 0.538672 0.409375 0.350781 0.282031 0.0472412
6 0.535059 0.410938 0.350195 0.280469 0.0188751
10 0.535059 0.410938 0.350195 0.280469 0.00521851
7 0.538672 0.410938 0.357812 0.28125 0.00498199
16 0.547656 0.410938 0.351562 0.285938 0.00413513
12 0.536328 0.411816 0.352344 0.298242 0.00378036
2 0.177734 0.803125 0.355469 0.198437 0.00362206
5 0.538672 0.409375 0.350781 0.282031 0.00332451
18 0.560156 0.411035 0.326562 0.293555 0.00314713
16 0.177734 0.803125 0.355469 0.198437 0.00300407
7 0.572656 0.355273 0.251563 0.164453 0.00275803
1 0.536328 0.411816 0.352344 0.298242 0.00208282
0 0.536816 0.412598 0.349805 0.279492 0.00155449
14 0.177734 0.803125 0.355469 0.198437 0.00135136
7 0.186523 0.8 0.339844 0.185938 0.00113773
2 0.543652 0.408984 0.35332 0.288281 0.733398
14 0.543652 0.408984 0.35332 0.288281 0.462891
23 0.543652 0.408984 0.35332 0.288281 0.226074
9 0.540234 0.41416 0.344531 0.276367 0.109314
6 0.54209 0.414844 0.361133 0.284375 0.0234222
4 0.54209 0.414844 0.361133 0.284375 0.0193787
25 0.542969 0.413184 0.339844 0.262695 0.0175781
7 0.544141 0.406641 0.353125 0.288281 0.0131683
18 0.542871 0.407422 0.362695 0.29375 0.0109863
24 0.54209 0.414844 0.361133 0.284375 0.0051384
0 0.549121 0.403809 0.348633 0.267383 0.00439835
10 0.542969 0.409375 0.364844 0.295312 0.00353813
16 0.540625 0.404297 0.373437 0.311719 0.00337601
11 0.542969 0.409375 0.364844 0.295312 0.00265312
0 0.533203 0.391309 0.386719 0.34707 0.00224304
5 0.540234 0.41416 0.344531 0.276367 0.00195694
4 0.469531 0.175391 0.224219 0.159375 0.00184631
15 0.54209 0.414844 0.361133 0.284375 0.00168133
2 0.542969 0.410156 0.364844 0.285938 0.616211
7 0.53916 0.418848 0.37793 0.301367 0.0618896
14 0.542969 0.416504 0.371094 0.274805 0.0607605
6 0.542969 0.416504 0.371094 0.274805 0.0264587
16 0.53916 0.418848 0.37793 0.301367 0.0167236
23 0.541504 0.409473 0.37793 0.29043 0.0164032
25 0.542969 0.417578 0.364063 0.266406 0.00772476
9 0.542969 0.416504 0.371094 0.274805 0.00695801
10 0.537402 0.419629 0.367383 0.301367 0.00636292
11 0.536328 0.417578 0.372656 0.297656 0.00542831
18 0.541504 0.409473 0.37793 0.29043 0.00482941
0 0.540527 0.416504 0.375195 0.281055 0.00418091
3 0.536328 0.417578 0.372656 0.297656 0.00251198
12 0.177734 0.472266 0.355469 0.536719 0.00251198
7 0.181348 0.828125 0.362695 0.173438 0.00221634
1 0.536328 0.417578 0.372656 0.297656 0.00219917
7 0.575 0.353125 0.260938 0.1625 0.00217438
17 0.55 0.409375 0.34375 0.282813 0.00211525
4 0.542969 0.416504 0.371094 0.274805 0.00197983
13 0.216406 0.46875 0.432813 0.614062 0.00146103
19 0.540234 0.410059 0.374219 0.283008 0.00141048
12 0.275977 0.534375 0.551953 0.889063 0.00129414
13 0.275977 0.534375 0.551953 0.889063 0.0011692
13 0.173828 0.453906 0.347656 0.533594 0.00113773
7 0.41416 0.328906 0.613867 0.450781 0.00109005
12 0.341992 0.472656 0.683984 0.598437 0.00104046
16 0.184961 0.870117 0.369922 0.259766 0.00103188
2 0.543359 0.410547 0.353906 0.299219 0.813477
14 0.550781 0.413184 0.354688 0.292383 0.569824
23 0.550781 0.413184 0.354688 0.292383 0.191284
4 0.275049 0.689844 0.21709 0.159375 0.0261536
25 0.547656 0.413965 0.364063 0.300195 0.0151901
6 0.552344 0.416309 0.353125 0.27832 0.0147324
9 0.552344 0.416309 0.353125 0.27832 0.00945282
16 0.543359 0.4125 0.357031 0.290625 0.00933838
7 0.543359 0.410547 0.353906 0.299219 0.00891876
10 0.543359 0.4125 0.357031 0.290625 0.0077858
4 0.542578 0.41709 0.355469 0.275195 0.00183868
11 0.545703 0.414941 0.357031 0.281055 0.00157356
1 0.548535 0.416016 0.360742 0.304688 0.00153637
5 0.545703 0.414941 0.357031 0.281055 0.00148392
18 0.542578 0.41709 0.355469 0.275195 0.00143814
0 0.542578 0.41709 0.355469 0.275195 0.00133514
17 0.546094 0.416406 0.361719 0.303125 0.0012064
2 0.543359 0.405859 0.375 0.299219 0.926758
14 0.544531 0.407422 0.378906 0.300781 0.672363
23 0.543359 0.405859 0.375 0.299219 0.134766
25 0.544922 0.407422 0.382031 0.296875 0.0589905
9 0.541797 0.407813 0.374219 0.296094 0.0165863
6 0.541797 0.407813 0.374219 0.296094 0.00530243
7 0.544629 0.407715 0.385742 0.31582 0.00527954
10 0.544922 0.407422 0.382031 0.296875 0.00370789
4 0.542188 0.409766 0.384375 0.29375 0.00352478
18 0.542188 0.409766 0.384375 0.29375 0.00273705
16 0.544629 0.407715 0.385742 0.31582 0.00204277
5 0.544922 0.407422 0.382031 0.296875 0.00168705
0 0.542188 0.409766 0.384375 0.29375 0.00132465
14 0.54209 0.420703 0.358008 0.324219 0.933105
2 0.542871 0.411816 0.362695 0.313867 0.130737
23 0.54209 0.420703 0.358008 0.324219 0.110474
4 0.54209 0.420703 0.358008 0.324219 0.0463867
25 0.540625 0.414062 0.359375 0.301563 0.0389099
9 0.54209 0.420703 0.358008 0.324219 0.0104904
6 0.540625 0.414062 0.359375 0.301563 0.00319672
5 0.541504 0.414453 0.360742 0.302344 0.00288963
10 0.540625 0.414062 0.359375 0.301563 0.00209999
1 0.537891 0.420215 0.364063 0.331445 0.0016489
2 0.547559 0.411328 0.348633 0.275781 0.614258
14 0.546777 0.409766 0.345508 0.278125 0.145142
7 0.546094 0.407031 0.349219 0.289844 0.0399475
23 0.546484 0.408203 0.348438 0.290625 0.0347595
18 0.546094 0.407031 0.349219 0.289844 0.0250854
6 0.546484 0.408203 0.348438 0.290625 0.0250397
9 0.546094 0.414746 0.350781 0.28457 0.0156021
25 0.548047 0.413379 0.353906 0.282617 0.00631332
16 0.548047 0.413379 0.353906 0.282617 0.00457382
10 0.546094 0.414746 0.350781 0.28457 0.00413513
1 0.551172 0.410547 0.35625 0.286719 0.00129414
11 0.546973 0.409473 0.345117 0.281055 0.00112057
2 0.220117 0.493066 0.440234 0.613867 0.00102806
2 0.545996 0.42334 0.354883 0.301758 0.587891
23 0.540527 0.411621 0.361133 0.29707 0.381104
14 0.546094 0.418848 0.363281 0.301367 0.115173
25 0.546094 0.418848 0.363281 0.301367 0.03125
6 0.543066 0.41875 0.354492 0.295312 0.0131226
18 0.539062 0.422266 0.358594 0.303125 0.00878143
9 0.545996 0.42334 0.354883 0.301758 0.00397491
0 0.540625 0.419629 0.364063 0.306055 0.00391388
7 0.539062 0.422266 0.358594 0.303125 0.00353813
4 0.539062 0.422266 0.358594 0.303125 0.0026722
16 0.541016 0.421875 0.357031 0.298438 0.00233269
10 0.541016 0.421875 0.357031 0.298438 0.00219154
1 0.551562 0.416504 0.345313 0.295117 0.00181007
4 0.281641 0.688281 0.225781 0.163281 0.0011158
2 0.543359 0.407422 0.347656 0.2875 0.931641
6 0.544922 0.407715 0.353125 0.289258 0.360352
23 0.544141 0.413281 0.351562 0.279687 0.202393
7 0.540723 0.408594 0.337305 0.286719 0.201782
14 0.543359 0.410059 0.35 0.276758 0.0435181
18 0.543359 0.407422 0.347656 0.2875 0.0419312
9 0.544141 0.413281 0.351562 0.279687 0.0370483
16 0.543359 0.407422 0.347656 0.2875 0.0249939
11 0.543652 0.412891 0.35332 0.283594 0.0162811
10 0.544141 0.413281 0.351562 0.279687 0.0124817
25 0.543359 0.410059 0.35 0.276758 0.00740433
19 0.541406 0.414062 0.339063 0.280469 0.00446701
3 0.543652 0.412891 0.35332 0.283594 0.00351143
0 0.537109 0.405566 0.363281 0.293555 0.00228691
24 0.541504 0.413281 0.33418 0.282813 0.00187492
17 0.538672 0.410547 0.365625 0.275781 0.00135136
2 0.547754 0.423047 0.348242 0.310156 0.522461
23 0.548535 0.421094 0.356055 0.285938 0.0997925
14 0.55 0.420312 0.350781 0.285938 0.0739746
6 0.55 0.420312 0.350781 0.285938 0.0272675
25 0.55 0.420312 0.350781 0.285938 0.0232391
16 0.546094 0.421094 0.357031 0.307813 0.00712204
10 0.549316 0.421484 0.362305 0.285156 0.00439835
11 0.546875 0.419531 0.35 0.303906 0.00359344
0 0.549316 0.421484 0.362305 0.285156 0.00286674
4 0.546875 0.419531 0.35 0.303906 0.0024147
9 0.547754 0.423047 0.348242 0.310156 0.00224304
7 0.546875 0.419531 0.35 0.303906 0.00183868
17 0.546875 0.419531 0.35 0.303906 0.00131989
18 0.549219 0.420312 0.350781 0.307813 0.0011692
3 0.546875 0.419531 0.35 0.303906 0.0011425
2 0.543066 0.420312 0.36543 0.301563 0.867676
14 0.543066 0.420312 0.36543 0.301563 0.117554
23 0.550391 0.414453 0.366406 0.288281 0.10376
7 0.548047 0.410547 0.363281 0.292969 0.0177765
25 0.545313 0.414844 0.371094 0.296875 0.0137405
9 0.54541 0.412891 0.363867 0.301563 0.00948334
10 0.545313 0.414844 0.371094 0.296875 0.00379562
6 0.54209 0.414453 0.37207 0.307031 0.00372124
18 0.54541 0.412891 0.363867 0.301563 0.00321007
16 0.547656 0.412598 0.367188 0.288867 0.00300407
0 0.547656 0.412598 0.367188 0.288867 0.00134087
11 0.542188 0.419531 0.366406 0.295312 0.00116539
2 0.545313 0.407422 0.3375 0.278906 0.956055
14 0.54375 0.404004 0.340625 0.288867 0.327637
23 0.544922 0.407031 0.344531 0.285938 0.178345
25 0.540625 0.408594 0.340625 0.28125 0.026062
7 0.544531 0.403125 0.341406 0.288281 0.0115051
10 0.544141 0.407813 0.347656 0.283594 0.00457382
6 0.538281 0.406152 0.360156 0.281445 0.00321007
16 0.543848 0.405078 0.351367 0.288281 0.00225258
2 0.543066 0.424609 0.363867 0.302344 0.924316
6 0.543359 0.415527 0.360156 0.292383 0.0960083
18 0.544141 0.412109 0.3625 0.296875 0.0325928
9 0.544629 0.417285 0.360742 0.285742 0.0236053
7 0.541406 0.423438 0.3625 0.296094 0.0200958
23 0.539453 0.421875 0.370313 0.307813 0.0191956
14 0.539453 0.421875 0.370313 0.307813 0.0179138
11 0.539453 0.4125 0.371875 0.307031 0.00502014
16 0.539453 0.4125 0.371875 0.307031 0.00358009
2 0.535254 0.426563 0.351367 0.290625 0.97168
14 0.534375 0.425391 0.35 0.286719 0.088501
23 0.538379 0.425879 0.362305 0.295117 0.037323
7 0.535254 0.426563 0.351367 0.290625 0.0176392
6 0.535254 0.422656 0.351367 0.303125 0.0157166
16 0.527441 0.424219 0.360742 0.311719 0.00376511
25 0.534375 0.425391 0.35 0.286719 0.00324821
9 0.533984 0.425098 0.350781 0.30293 0.00302696
11 0.535254 0.422656 0.351367 0.303125 0.00182438
0 0.535254 0.422656 0.351367 0.303125 0.00161076
10 0.538379 0.425879 0.362305 0.295117 0.00121593
18 0.53584 0.425 0.350195 0.303125 0.00119686
4 0.535254 0.422656 0.351367 0.303125 0.00117874
2 0.537891 0.429004 0.348438 0.301367 0.972656
23 0.542578 0.422754 0.355469 0.28418 0.0673218
14 0.547656 0.423438 0.358594 0.3 0.0335999
4 0.462402 0.178906 0.226758 0.163281 0.0136337
6 0.542578 0.422754 0.355469 0.28418 0.0109024
7 0.541797 0.425781 0.353906 0.298438 0.00790405
9 0.542578 0.422754 0.355469 0.28418 0.00636292
25 0.549219 0.423047 0.3625 0.285938 0.0050621
0 0.542578 0.422754 0.355469 0.28418 0.00183868
16 0.541797 0.425781 0.353906 0.298438 0.00172043
11 0.549219 0.423047 0.3625 0.285938 0.00161076
17 0.549219 0.423047 0.3625 0.285938 0.00148964
1 0.546094 0.423828 0.354688 0.302344 0.00117874
4 0.271533 0.686719 0.220996 0.15 0.00107765
4 0.542578 0.422754 0.355469 0.28418 0.00102806
2 0.540527 0.424609 0.351758 0.296094 0.951172
14 0.537891 0.423047 0.358594 0.294531 0.115173
7 0.533594 0.409473 0.375 0.310742 0.0298767
23 0.541797 0.421875 0.355469 0.292188 0.0204926
6 0.541406 0.427734 0.359375 0.285156 0.0156708
9 0.541406 0.427734 0.359375 0.285156 0.00671768
2 0.442188 0.494141 0.676562 0.515625 0.00600433
25 0.540527 0.424902 0.362695 0.30957 0.00536346
4 0.54541 0.420215 0.356055 0.29082 0.00246239
11 0.54541 0.420215 0.356055 0.29082 0.00162315
0 0.54541 0.420215 0.356055 0.29082 0.00161076
10 0.54541 0.420215 0.356055 0.29082 0.00160408
24 0.541406 0.427734 0.359375 0.285156 0.00127411
17 0.540527 0.424902 0.362695 0.30957 0.00124454
16 0.544141 0.414844 0.35625 0.300781 0.00122547
14 0.442188 0.494141 0.676562 0.515625 0.0012064
1 0.540527 0.424902 0.362695 0.30957 0.00118351
2 0.535937 0.419922 0.351562 0.297656 0.544922
14 0.535937 0.419922 0.351562 0.297656 0.213989
23 0.536719 0.418652 0.357812 0.292383 0.143188
25 0.5375 0.421973 0.354688 0.295117 0.00577545
7 0.534375 0.422266 0.359375 0.296094 0.00266266
10 0.536719 0.418652 0.357812 0.292383 0.00228691
9 0.536719 0.418652 0.357812 0.292383 0.00151253
2 0.543848 0.421191 0.351367 0.304492 0.918945
14 0.54375 0.422754 0.357812 0.310742 0.513672
23 0.543359 0.42041 0.35 0.304492 0.035675
25 0.543848 0.421191 0.351367 0.304492 0.00416565
9 0.541016 0.417871 0.352344 0.304883 0.00127411
4 0.541016 0.417871 0.352344 0.304883 0.0012207
7 0.545703 0.421875 0.347656 0.307813 0.00102425
2 0.54375 0.425 0.360938 0.296875 0.825684
14 0.551562 0.426465 0.354688 0.300195 0.778809
23 0.539941 0.423828 0.35293 0.291406 0.0472412
25 0.554297 0.427734 0.360938 0.303906 0.00473785
7 0.54375 0.425 0.360938 0.296875 0.00327301
1 0.554297 0.427734 0.360938 0.303906 0.00131989
2 0.546094 0.425 0.365625 0.323438 0.995117
14 0.544531 0.423828 0.364063 0.324219 0.204956
23 0.544434 0.419629 0.364258 0.313867 0.0175171
7 0.544922 0.419434 0.366406 0.314258 0.00376511
25 0.546973 0.423438 0.373242 0.321875 0.00255013
1 0.548828 0.426563 0.372656 0.321875 0.0016489
2 0.541504 0.414453 0.36543 0.3 0.974609
14 0.546777 0.421191 0.370508 0.310742 0.0792236
23 0.541504 0.414453 0.36543 0.3 0.0109482
25 0.546094 0.415723 0.36875 0.299805 0.00228691
7 0.534375 0.415625 0.360938 0.296875 0.00188255
9 0.534375 0.415625 0.360938 0.296875 0.00138283
1 0.546875 0.425781 0.371094 0.307031 0.00122547
6 0.546777 0.421191 0.370508 0.310742 0.00117397
2 0.537891 0.419531 0.366406 0.289062 0.953125
14 0.538184 0.421875 0.367383 0.301563 0.0413208
23 0.540625 0.419434 0.370313 0.29082 0.0208893
9 0.540625 0.419434 0.370313 0.29082 0.0051384
4 0.285156 0.692578 0.21875 0.158594 0.00426483
6 0.536719 0.422266 0.367188 0.296094 0.00268364
17 0.532715 0.416309 0.367383 0.312695 0.0012846
25 0.536719 0.422266 0.367188 0.296094 0.00125504
7 0.536719 0.422266 0.367188 0.296094 0.00110722
2 0.543066 0.420312 0.366992 0.297656 0.953125
14 0.537402 0.421484 0.35957 0.310937 0.0618896
23 0.538672 0.419531 0.361719 0.301563 0.0217743
6 0.544434 0.42666 0.36582 0.30293 0.00450516
7 0.538672 0.419531 0.361719 0.301563 0.00219917
9 0.538672 0.419531 0.361719 0.301563 0.00206757
4 0.544434 0.42666 0.36582 0.30293 0.00115585
25 0.542578 0.422559 0.361719 0.292383 0.0011158
2 0.537109 0.430469 0.350781 0.290625 0.952637
14 0.533496 0.421094 0.35332 0.284375 0.130737
23 0.533496 0.421094 0.35332 0.284375 0.0554199
17 0.201758 0.56875 0.403516 0.8625 0.0103302
6 0.54375 0.424121 0.354688 0.29082 0.00568771
25 0.540234 0.424219 0.358594 0.285938 0.00181007
1 0.201758 0.56875 0.403516 0.8625 0.00148392
9 0.533496 0.421094 0.35332 0.284375 0.0011692
7 0.54375 0.424121 0.354688 0.29082 0.00116062
2 0.536621 0.4125 0.364258 0.302344 0.920898
14 0.533203 0.413379 0.361719 0.299805 0.103394
23 0.536621 0.4125 0.364258 0.302344 0.0812378
25 0.533203 0.413379 0.361719 0.299805 0.0113297
6 0.532715 0.417285 0.368945 0.318555 0.00503922
0 0.533496 0.416797 0.370508 0.303906 0.00212479
4 0.533496 0.416797 0.370508 0.303906 0.00201988
17 0.539746 0.411621 0.35957 0.30957 0.00176811
2 0.543652 0.417969 0.36582 0.285156 0.962891
23 0.543652 0.417969 0.36582 0.285156 0.0469055
14 0.539844 0.417871 0.354688 0.295508 0.0403748
6 0.541797 0.416797 0.361719 0.288281 0.0256653
7 0.540723 0.418848 0.363867 0.282617 0.00317192
11 0.541797 0.416797 0.361719 0.288281 0.00239754
25 0.541406 0.417969 0.359375 0.282813 0.00178242
17 0.541797 0.416797 0.361719 0.288281 0.00147247
0 0.541797 0.416797 0.361719 0.288281 0.00105667
14 0.541797 0.417285 0.363281 0.301367 0.705566
2 0.536621 0.413184 0.362695 0.30332 0.681641
23 0.536621 0.413184 0.362695 0.30332 0.0162811
25 0.546191 0.414746 0.356055 0.293945 0.00566483
4 0.283984 0.689844 0.216406 0.15625 0.00203514
2 0.542188 0.411328 0.374219 0.302344 0.791016
14 0.541016 0.411719 0.357031 0.295312 0.219971
23 0.542188 0.411328 0.374219 0.302344 0.0370483
6 0.546094 0.411816 0.373437 0.295117 0.0175781
25 0.545996 0.4125 0.373633 0.3 0.00305176
9 0.538672 0.411328 0.366406 0.300781 0.00188255
4 0.538672 0.411328 0.366406 0.300781 0.00163555
11 0.264258 0.554688 0.528516 0.890625 0.0012846
2 0.544141 0.408594 0.361719 0.292188 0.900391
14 0.5375 0.406641 0.348438 0.294531 0.264404
23 0.540723 0.405566 0.36543 0.298242 0.035553
25 0.543359 0.405371 0.365625 0.295508 0.00258064
6 0.544531 0.408203 0.360938 0.288281 0.00201035
12 0.275391 0.448047 0.550781 0.627344 0.00136185
2 0.54375 0.400879 0.359375 0.281055 0.984863
6 0.539844 0.403223 0.359375 0.288867 0.0401001
14 0.539844 0.402734 0.354688 0.285156 0.0149536
7 0.539844 0.403223 0.359375 0.288867 0.0055542
11 0.545313 0.399121 0.363281 0.273633 0.00324821
23 0.542285 0.401563 0.356055 0.289062 0.00299263
9 0.539844 0.403223 0.359375 0.288867 0.00236893
2 0.541797 0.400781 0.355469 0.295312 0.904785
14 0.537891 0.401953 0.338281 0.283594 0.0261536
23 0.539453 0.402441 0.347656 0.299805 0.00327301
7 0.541797 0.400781 0.355469 0.295312 0.00256157
6 0.543359 0.403516 0.359375 0.280469 0.00212479
25 0.544922 0.401172 0.360156 0.290625 0.0016613
16 0.539453 0.402441 0.347656 0.299805 0.00140476
2 0.541797 0.403516 0.353906 0.285156 0.975098
14 0.547266 0.402344 0.347656 0.282813 0.121704
23 0.540234 0.402344 0.352344 0.280469 0.00282288
25 0.538965 0.40459 0.358008 0.276758 0.00232315
9 0.546875 0.399219 0.357031 0.289844 0.00227928
7 0.540723 0.401172 0.356055 0.289844 0.0017271
17 0.247656 0.543359 0.495313 0.913281 0.00152493
6 0.540234 0.402344 0.352344 0.280469 0.00112915
11 0.256445 0.507812 0.512891 0.91875 0.00109005
2 0.544531 0.397656 0.357031 0.282813 0.950195
14 0.543652 0.396875 0.34707 0.275781 0.0499573
23 0.546094 0.397559 0.353125 0.28457 0.0172424
7 0.536719 0.396094 0.345313 0.273438 0.00508118
25 0.543359 0.396484 0.350781 0.279687 0.00212479
6 0.542285 0.397656 0.349805 0.271875 0.00118828
2 0.541406 0.403809 0.358594 0.27832 0.912598
14 0.542969 0.401563 0.367188 0.276563 0.0939941
23 0.539844 0.403125 0.364063 0.284375 0.00605011
25 0.542969 0.401563 0.367188 0.276563 0.00419998
2 0.542578 0.403809 0.360156 0.283008 0.95459
14 0.538379 0.402246 0.354492 0.27832 0.0375977
23 0.538379 0.402246 0.354492 0.27832 0.00847626
11 0.238672 0.531641 0.477344 0.752344 0.00282288
9 0.540234 0.403125 0.360938 0.289062 0.0017271
25 0.544922 0.403906 0.358594 0.277344 0.00162315
6 0.551953 0.407031 0.346094 0.270313 0.00153065
2 0.540527 0.408984 0.361133 0.290625 0.95166
14 0.539453 0.40625 0.361719 0.285938 0.0786133
23 0.539453 0.40625 0.361719 0.285938 0.00367928
7 0.54541 0.404785 0.370117 0.288867 0.00195694
25 0.543359 0.404687 0.366406 0.2875 0.00134563
2 0.541797 0.403223 0.350781 0.28418 0.97168
14 0.546875 0.406152 0.332813 0.270508 0.0589905
23 0.541797 0.403027 0.350781 0.289258 0.00967407
25 0.546875 0.406152 0.332813 0.270508 0.00348282
7 0.541797 0.403027 0.350781 0.289258 0.00111198
2 0.54209 0.40625 0.35332 0.272656 0.961426
14 0.540234 0.404004 0.341406 0.26543 0.320801
23 0.542871 0.407422 0.343945 0.274219 0.0104065
2 0.148438 0.374023 0.296875 0.262891 0.00175476
25 0.545703 0.406934 0.347656 0.256445 0.00174141
11 0.269531 0.535547 0.539062 0.888281 0.00113773
7 0.542871 0.407422 0.343945 0.274219 0.00108147
2 0.53584 0.408203 0.351758 0.283594 0.949219
14 0.535547 0.408984 0.349219 0.283594 0.0339661
23 0.535547 0.408984 0.349219 0.283594 0.0115051
11 0.260742 0.540625 0.521484 0.870313 0.00407028
25 0.535156 0.40791 0.353906 0.279492 0.00171375
7 0.535547 0.413379 0.350781 0.281055 0.00136662
2 0.542188 0.4125 0.339063 0.267969 0.930176
14 0.544922 0.413379 0.344531 0.25918 0.0474243
23 0.539453 0.412402 0.335156 0.27207 0.00407028
4 0.275 0.6875 0.225 0.16875 0.0029583
9 0.539453 0.412402 0.335156 0.27207 0.00186729
25 0.540234 0.410156 0.35 0.265625 0.00154877
4 0.539453 0.412402 0.335156 0.27207 0.00108147
2 0.542969 0.408594 0.328125 0.255469 0.968262
14 0.546094 0.408496 0.328125 0.245508 0.0146179
23 0.541406 0.405859 0.33125 0.261719 0.0036068
7 0.541406 0.405859 0.33125 0.261719 0.00259018
25 0.54209 0.405469 0.339258 0.253906 0.00183868
2 0.54375 0.416016 0.329688 0.267969 0.922363
14 0.549219 0.416016 0.329688 0.264844 0.0205688
23 0.543359 0.409766 0.344531 0.280469 0.00908661
25 0.54375 0.412402 0.340625 0.268945 0.00100422
2 0.540234 0.409766 0.34375 0.265625 0.941895
14 0.540234 0.410547 0.354688 0.270313 0.0279083
23 0.540234 0.410547 0.354688 0.270313 0.00572968
7 0.540234 0.410547 0.354688 0.270313 0.00195694
25 0.538965 0.410938 0.354883 0.264844 0.00137806
2 0.541406 0.404004 0.328125 0.25293 0.95166
14 0.545703 0.408594 0.328125 0.254688 0.0184021
23 0.539453 0.408203 0.336719 0.267188 0.00494385
6 0.545703 0.408594 0.328125 0.254688 0.00134563
7 0.545703 0.408594 0.328125 0.254688 0.00110722
2 0.544531 0.414453 0.328125 0.269531 0.932129
14 0.542969 0.413379 0.328125 0.270117 0.0265503
23 0.545313 0.410547 0.3375 0.273438 0.00469971
25 0.547266 0.414844 0.325781 0.261719 0.00157356
2 0.544922 0.412891 0.324219 0.267969 0.894043
14 0.541406 0.41084 0.326562 0.270508 0.0290833
23 0.542969 0.409766 0.334375 0.280469 0.00787354
25 0.546094 0.414062 0.321875 0.267188 0.00139427
2 0.539844 0.413672 0.334375 0.272656 0.883301
14 0.539062 0.413184 0.3375 0.276758 0.0726318
23 0.538672 0.413379 0.339844 0.279492 0.00658798
25 0.546094 0.416797 0.33125 0.271875 0.0011034
2 0.147852 0.373828 0.295703 0.263281 0.00109005
11 0.254102 0.560547 0.508203 0.878906 0.00100803
2 0.548438 0.408594 0.31875 0.258594 0.9375
14 0.545313 0.406641 0.3125 0.255469 0.0288696
23 0.546094 0.409766 0.31875 0.258594 0.00518036
25 0.549219 0.409473 0.319531 0.256055 0.0019722
2 0.145605 0.370703 0.291211 0.267188 0.00176144
2 0.546875 0.407031 0.325 0.259375 0.943848
14 0.545703 0.405469 0.317969 0.257031 0.0307922
23 0.546875 0.40791 0.328125 0.263867 0.00746155
25 0.546875 0.407129 0.326562 0.256055 0.00133514
2 0.544922 0.408691 0.321094 0.243555 0.931152
14 0.541016 0.410254 0.321875 0.245117 0.0343628
23 0.541016 0.410254 0.321875 0.245117 0.0125732
7 0.546875 0.408984 0.315625 0.241406 0.00138855
6 0.546875 0.408984 0.315625 0.241406 0.00121117
25 0.54375 0.408691 0.325 0.243555 0.00116539
2 0.538379 0.413379 0.332617 0.251367 0.876465
14 0.5375 0.4125 0.320312 0.25 0.00598145
23 0.536035 0.413965 0.32793 0.250195 0.00346947
9 0.541016 0.411719 0.324219 0.25 0.00134563
2 0.538281 0.415625 0.326562 0.253906 0.916016
14 0.536719 0.416016 0.321875 0.252344 0.0207214
23 0.536719 0.416016 0.321875 0.252344 0.00740433
2 0.540625 0.410938 0.329688 0.260938 0.92627
14 0.538965 0.411816 0.333008 0.260742 0.0111618
23 0.538965 0.411816 0.333008 0.260742 0.0107803
2 0.182617 0.387598 0.365234 0.25293 0.00168133
7 0.538965 0.411816 0.333008 0.260742 0.00103664
2 0.546094 0.408203 0.339063 0.274219 0.912598
14 0.546094 0.408203 0.339063 0.274219 0.024231
23 0.544629 0.408984 0.345117 0.277344 0.00255013
2 0.546875 0.410938 0.339844 0.270313 0.9375
14 0.544922 0.410938 0.333594 0.266406 0.0263519
23 0.544922 0.410938 0.333594 0.266406 0.00362206
2 0.544531 0.407813 0.326562 0.254688 0.908691
14 0.544141 0.408203 0.324219 0.25 0.0121002
23 0.544141 0.408203 0.324219 0.25 0.00450516
9 0.544531 0.408203 0.328125 0.253125 0.00117874
2 0.809375 0.498047 0.38125 0.352344 0.00101662
2 0.548438 0.4125 0.329688 0.270313 0.933105
14 0.547266 0.411816 0.323438 0.270117 0.0290833
23 0.547266 0.411816 0.323438 0.270117 0.00319672
2 0.149609 0.377734 0.299219 0.264062 0.00169373
2 0.545313 0.412891 0.33125 0.269531 0.924805
14 0.54375 0.412891 0.325 0.266406 0.0391846
23 0.54375 0.412891 0.325 0.266406 0.0036068
2 0.145703 0.372461 0.291406 0.261328 0.00106525
2 0.546875 0.41084 0.332813 0.270508 0.913086
14 0.54375 0.411621 0.325 0.26582 0.0103302
25 0.547266 0.411719 0.335156 0.26875 0.00127411
23 0.54375 0.411621 0.325 0.26582 0.00124454
2 0.545703 0.413281 0.324219 0.257812 0.946777
14 0.542969 0.411328 0.31875 0.254688 0.0171814
23 0.544141 0.41416 0.325781 0.257617 0.00312424
25 0.545703 0.413379 0.326562 0.256055 0.0011034
2 0.544922 0.414941 0.333594 0.26543 0.927734
14 0.54375 0.414062 0.328125 0.267188 0.0200195
23 0.544531 0.415234 0.334375 0.267188 0.00324821
25 0.544531 0.414453 0.335938 0.264062 0.00104427
2 0.544141 0.411816 0.339844 0.274805 0.928223
14 0.544531 0.414453 0.33125 0.272656 0.0157166
23 0.544141 0.411816 0.339844 0.274805 0.00237846
2 0.545313 0.413379 0.340625 0.273242 0.948242
14 0.544141 0.412109 0.335156 0.275 0.0141754
23 0.544434 0.412109 0.34082 0.277344 0.00265312
25 0.546094 0.414844 0.339063 0.271094 0.00116539
2 0.546094 0.411621 0.332813 0.273633 0.941895
14 0.544141 0.410938 0.327344 0.275 0.02034
23 0.546094 0.411621 0.332813 0.273633 0.00162888
25 0.546875 0.413379 0.334375 0.27168 0.00148964
2 0.546094 0.411719 0.332031 0.26875 0.936035
14 0.544531 0.411035 0.325 0.268555 0.0287628
23 0.544531 0.411035 0.325 0.268555 0.00175476
25 0.546484 0.412402 0.332813 0.26582 0.00123978
2 0.546484 0.410547 0.328906 0.263281 0.927734
14 0.544922 0.408594 0.324219 0.260938 0.0244293
23 0.544922 0.408594 0.324219 0.260938 0.00171375
25 0.547656 0.41084 0.328906 0.25957 0.00138855
2 0.547656 0.4125 0.320312 0.2625 0.921387
14 0.545703 0.410156 0.326562 0.266406 0.0227203
23 0.546094 0.412402 0.328125 0.264258 0.0016489
25 0.546875 0.412891 0.328125 0.260938 0.00161648
2 0.547656 0.412891 0.321875 0.263281 0.928711
14 0.544531 0.410938 0.325 0.265625 0.0282135
23 0.544531 0.410938 0.325 0.265625 0.00226974
25 0.546875 0.413281 0.33125 0.264062 0.00147247
2 0.546875 0.412109 0.321875 0.258594 0.919434
14 0.544922 0.410547 0.321875 0.260156 0.0280151
23 0.544922 0.410547 0.321875 0.260156 0.0026722
25 0.546875 0.413281 0.328125 0.259375 0.00151253
2 0.545703 0.4125 0.332031 0.265625 0.929199
14 0.544531 0.410059 0.326562 0.262695 0.0196381
23 0.544531 0.410059 0.326562 0.262695 0.00277901
25 0.546094 0.413281 0.334375 0.264062 0.00118828
2 0.546484 0.411816 0.327344 0.266992 0.936523
14 0.545313 0.410547 0.321875 0.264062 0.0211182
23 0.545313 0.410547 0.321875 0.264062 0.00271416
25 0.547266 0.412598 0.329688 0.26543 0.00150108
2 0.546875 0.411621 0.326562 0.26582 0.932617
14 0.546094 0.410547 0.320312 0.264062 0.0274811
23 0.546094 0.410547 0.320312 0.264062 0.00329781
25 0.548047 0.4125 0.327344 0.264062 0.00138855
2 0.547266 0.413672 0.324219 0.261719 0.932617
14 0.545313 0.411719 0.31875 0.259375 0.0274811
23 0.547266 0.413672 0.324219 0.261719 0.002388
25 0.548047 0.41416 0.325781 0.260742 0.00134563
2 0.546875 0.413672 0.325781 0.260938 0.936523
14 0.546094 0.411328 0.31875 0.258594 0.0213623
23 0.546875 0.413672 0.325781 0.260938 0.00228691
25 0.548047 0.413672 0.327344 0.259375 0.00116062
2 0.546875 0.413281 0.325 0.260938 0.936523
14 0.546094 0.411035 0.31875 0.257617 0.0192719
23 0.546875 0.413281 0.325 0.260938 0.0020504
25 0.547656 0.413379 0.326562 0.25918 0.0012846
2 0.546484 0.414062 0.326562 0.2625 0.929199
14 0.545703 0.412109 0.321094 0.260156 0.0230713
23 0.545703 0.412109 0.321094 0.260156 0.00201035
25 0.546484 0.41416 0.328906 0.260742 0.00116062
2 0.546484 0.413379 0.327344 0.262305 0.923828
14 0.545703 0.411621 0.321094 0.25957 0.0257568
23 0.545703 0.411621 0.321094 0.25957 0.00214958
25 0.546484 0.413672 0.328906 0.260938 0.00109005
2 0.546094 0.413281 0.326562 0.261719 0.922852
14 0.545313 0.411328 0.321875 0.259375 0.0280151
23 0.545313 0.411328 0.321875 0.259375 0.00234985
25 0.546094 0.413672 0.329688 0.260156 0.00109005
2 0.546094 0.413184 0.328125 0.262695 0.931641
14 0.545313 0.410938 0.323438 0.260938 0.0252686
23 0.545313 0.410938 0.323438 0.260938 0.00200272
25 0.546484 0.413965 0.330469 0.261133 0.0011034
2 0.546094 0.413281 0.326562 0.2625 0.931152
14 0.544922 0.410938 0.322656 0.260938 0.0262604
23 0.544922 0.410938 0.322656 0.260938 0.0020504
25 0.546094 0.413672 0.329688 0.260938 0.00121593
2 0.546094 0.413672 0.326562 0.261719 0.930664
14 0.544922 0.411621 0.321875 0.25957 0.0236969
23 0.544922 0.411621 0.321875 0.25957 0.00200272
25 0.546094 0.414062 0.329688 0.260156 0.00116062
2 0.546094 0.414062 0.325 0.260156 0.931152
14 0.545313 0.411328 0.320312 0.257812 0.0232391
23 0.545313 0.411328 0.320312 0.257812 0.00203514
25 0.546094 0.414062 0.328125 0.258594 0.00115108
2 0.546094 0.413672 0.325 0.260156 0.931152
14 0.545313 0.411035 0.320312 0.257617 0.0243378
23 0.545313 0.411035 0.320312 0.257617 0.00214958
25 0.546094 0.413672 0.328125 0.258594 0.0011425
2 0.546094 0.413281 0.325 0.260156 0.930176
14 0.545313 0.41084 0.320312 0.256445 0.025177
23 0.545313 0.41084 0.320312 0.256445 0.00219917
25 0.546094 0.413281 0.328125 0.258594 0.00109863
2 0.546094 0.413281 0.325781 0.260938 0.928711
14 0.544922 0.410938 0.320312 0.257812 0.024704
23 0.544922 0.410938 0.320312 0.257812 0.00213242
25 0.546094 0.413184 0.328125 0.25957 0.00105667
2 0.546094 0.413281 0.326562 0.2625 0.931641
14 0.544922 0.410938 0.322656 0.260938 0.0262604
23 0.544922 0.410938 0.322656 0.260938 0.00206757
25 0.546094 0.413672 0.329688 0.260938 0.00121117
