11 0.589844 0.486035 0.820312 0.65918 0.00163555
11 0.458594 0.471973 0.789062 0.64043 0.00157356
11 0.523438 0.541309 0.85625 0.50332 0.00108624
19 0.262695 0.595703 0.281641 0.255469 0.00108147
17 0.541406 0.424219 0.804688 0.848437 0.964355
17 0.399219 0.399219 0.798438 0.798438 0.94873
22 0.492969 0.424219 0.807813 0.848437 0.948242
22 0.617969 0.448438 0.764063 0.896875 0.915039
17 0.642578 0.448438 0.714844 0.896875 0.905273
22 0.378516 0.424609 0.757031 0.849219 0.874023
22 0.594141 0.373828 0.811719 0.747656 0.764648
17 0.501953 0.349219 0.817969 0.698438 0.749023
17 0.617969 0.373633 0.764063 0.747266 0.749023
20 0.445312 0.424219 0.810938 0.848437 0.716797
17 0.69043 0.525391 0.619141 0.936719 0.677246
22 0.668262 0.526172 0.663477 0.936719 0.649414
22 0.453125 0.349219 0.81875 0.698438 0.647949
17 0.417188 0.488281 0.834375 0.945312 0.629883
20 0.589844 0.448438 0.803125 0.896875 0.624512
17 0.334375 0.424609 0.66875 0.849219 0.548828
22 0.417188 0.488281 0.834375 0.945312 0.548828
20 0.355859 0.425 0.711719 0.85 0.462891
22 0.667871 0.397656 0.664258 0.795313 0.445557
14 0.445312 0.424219 0.810938 0.848437 0.414062
17 0.359961 0.348438 0.719922 0.696875 0.399902
17 0.42334 0.58125 0.76582 0.8375 0.371094
3 0.492969 0.424219 0.807813 0.848437 0.352295
20 0.546094 0.374023 0.814063 0.748047 0.350342
14 0.589453 0.423828 0.803906 0.847656 0.34082
17 0.689844 0.397656 0.620313 0.795313 0.337158
22 0.332422 0.372656 0.664844 0.745313 0.310791
17 0.398438 0.679297 0.796875 0.641406 0.282227
20 0.667676 0.476562 0.664648 0.934375 0.262939
3 0.617969 0.448438 0.764063 0.896875 0.24292
14 0.352734 0.399219 0.705469 0.798438 0.240112
3 0.378516 0.424609 0.757031 0.849219 0.230957
17 0.594141 0.534375 0.811719 0.93125 0.228149
17 0.490234 0.721875 0.686719 0.55625 0.214722
20 0.407031 0.349219 0.814063 0.698438 0.188354
22 0.42334 0.58125 0.76582 0.8375 0.187134
14 0.642578 0.477344 0.714844 0.935938 0.186523
1 0.492969 0.424219 0.807813 0.848437 0.177246
20 0.38125 0.531641 0.7625 0.936719 0.17334
17 0.621094 0.744727 0.595313 0.510547 0.162964
22 0.398438 0.679297 0.796875 0.641406 0.15979
17 0.734375 0.589453 0.53125 0.821094 0.151489
22 0.621094 0.744727 0.595313 0.510547 0.150024
22 0.714063 0.580469 0.571875 0.839063 0.14856
17 0.410156 0.295312 0.817187 0.590625 0.147583
22 0.543359 0.708984 0.702344 0.582031 0.144165
1 0.378516 0.424609 0.757031 0.849219 0.141724
20 0.642969 0.398438 0.714063 0.796875 0.141235
17 0.354102 0.555469 0.708203 0.889063 0.134277
14 0.383203 0.554688 0.766406 0.890625 0.129883
1 0.617969 0.448438 0.764063 0.896875 0.125977
3 0.594141 0.373828 0.811719 0.747656 0.123779
14 0.407031 0.349219 0.814063 0.698438 0.121704
22 0.524219 0.539062 0.879687 0.921875 0.11554
8 0.445312 0.424219 0.810938 0.848437 0.113953
17 0.597656 0.29375 0.804688 0.5875 0.107422
22 0.553906 0.294727 0.814063 0.589453 0.104858
17 0.510059 0.658594 0.758008 0.682813 0.0980835
14 0.551562 0.349023 0.81875 0.698047 0.0963745
3 0.668262 0.526172 0.663477 0.936719 0.0927124
17 0.607422 0.711133 0.741406 0.577734 0.0923462
8 0.589844 0.448438 0.803125 0.896875 0.0897827
13 0.445312 0.424219 0.810938 0.848437 0.088501
3 0.453125 0.349219 0.81875 0.698438 0.0875854
22 0.511621 0.729688 0.579883 0.540625 0.0872803
20 0.691016 0.553906 0.617969 0.892188 0.0866089
22 0.319141 0.450781 0.638281 0.901563 0.0863037
22 0.354102 0.555469 0.708203 0.889063 0.0863037
22 0.737109 0.451562 0.525781 0.875 0.0823975
17 0.737109 0.451562 0.525781 0.875 0.0817871
20 0.42334 0.58125 0.76582 0.8375 0.0812378
22 0.644531 0.321484 0.710938 0.642969 0.0797729
14 0.515625 0.501172 0.85625 0.963281 0.0775146
3 0.417188 0.488281 0.834375 0.945312 0.0745239
17 0.70625 0.770508 0.490625 0.458984 0.0731812
1 0.668262 0.526172 0.663477 0.936719 0.072876
1 0.417188 0.488281 0.834375 0.945312 0.0723877
20 0.543359 0.708984 0.702344 0.582031 0.0680542
11 0.445312 0.424219 0.810938 0.848437 0.0665894
1 0.594141 0.373828 0.811719 0.747656 0.0658569
13 0.589844 0.448438 0.803125 0.896875 0.0656128
17 0.320508 0.660937 0.641016 0.678125 0.0656128
22 0.388281 0.295312 0.776563 0.590625 0.0623169
22 0.546875 0.683984 0.840625 0.632031 0.0600891
17 0.46416 0.739844 0.768555 0.520312 0.0594177
20 0.524219 0.539062 0.879687 0.921875 0.0592041
13 0.355859 0.425 0.711719 0.85 0.0583496
20 0.511621 0.729688 0.579883 0.540625 0.0570679
1 0.453125 0.349219 0.81875 0.698438 0.0566406
17 0.289453 0.369727 0.578906 0.739453 0.0539856
8 0.355859 0.425 0.711719 0.85 0.0534058
22 0.70625 0.770508 0.490625 0.458984 0.0531921
20 0.430469 0.705469 0.795313 0.589063 0.0528259
22 0.64541 0.717578 0.70918 0.564844 0.0524292
20 0.621094 0.744727 0.595313 0.510547 0.0514526
11 0.589844 0.448438 0.803125 0.896875 0.0505066
20 0.356055 0.602734 0.712109 0.794531 0.0503235
14 0.667871 0.397656 0.664258 0.795313 0.0481262
1 0.332422 0.372656 0.664844 0.745313 0.0474243
3 0.667871 0.397656 0.664258 0.795313 0.0474243
20 0.312109 0.371289 0.624219 0.742578 0.0467224
13 0.619531 0.53125 0.760938 0.9375 0.0455322
17 0.546973 0.658203 0.535742 0.683594 0.0455322
13 0.383203 0.554688 0.766406 0.890625 0.0450134
8 0.643359 0.529688 0.713281 0.940625 0.0427246
22 0.46416 0.739844 0.768555 0.520312 0.0423889
14 0.691016 0.553906 0.617969 0.892188 0.0422363
14 0.345313 0.486328 0.690625 0.949219 0.0397949
17 0.669141 0.319141 0.661719 0.638281 0.0387573
22 0.759961 0.613281 0.480078 0.773438 0.0383301
3 0.332422 0.372656 0.664844 0.745313 0.0368958
11 0.355859 0.425 0.711719 0.85 0.0367737
1 0.569141 0.5375 0.861719 0.925 0.0363464
8 0.546094 0.374023 0.814063 0.748047 0.0362244
20 0.358984 0.676562 0.717969 0.646875 0.0343628
1 0.400781 0.702734 0.801562 0.594531 0.0328369
1 0.667871 0.397656 0.664258 0.795313 0.0325317
14 0.400781 0.702734 0.801562 0.594531 0.0319824
1 0.354102 0.555469 0.708203 0.889063 0.03125
20 0.325391 0.483984 0.650781 0.947656 0.0307922
17 0.300781 0.479688 0.601562 0.942187 0.0304413
3 0.42334 0.58125 0.76582 0.8375 0.0301056
1 0.319141 0.450781 0.638281 0.901563 0.0297546
17 0.462402 0.763086 0.550195 0.473828 0.0297546
22 0.718359 0.345117 0.563281 0.690234 0.029541
25 0.443359 0.399219 0.807031 0.798438 0.0293121
22 0.320508 0.660937 0.641016 0.678125 0.0290833
3 0.490234 0.721875 0.686719 0.55625 0.0281067
25 0.589453 0.423828 0.803906 0.847656 0.0273743
3 0.430469 0.705469 0.795313 0.589063 0.0268555
14 0.448535 0.601172 0.606055 0.797656 0.0267639
11 0.395313 0.578125 0.790625 0.84375 0.0262604
22 0.686328 0.684668 0.483594 0.630664 0.0257568
13 0.546094 0.374023 0.814063 0.748047 0.0256653
3 0.621094 0.744727 0.595313 0.510547 0.0256653
8 0.412891 0.578125 0.825781 0.84375 0.024704
20 0.505469 0.294922 0.814063 0.589844 0.024231
17 0.718359 0.345117 0.563281 0.690234 0.024231
10 0.443359 0.399219 0.807031 0.798438 0.0236053
11 0.546094 0.374023 0.814063 0.748047 0.0233307
1 0.42334 0.58125 0.76582 0.8375 0.0224152
3 0.354102 0.555469 0.708203 0.889063 0.0222931
20 0.620313 0.321875 0.759375 0.64375 0.0219421
14 0.293359 0.423828 0.586719 0.847656 0.0219421
1 0.714063 0.580469 0.571875 0.839063 0.0218201
20 0.64541 0.717578 0.70918 0.564844 0.0217743
13 0.400781 0.702734 0.801562 0.594531 0.0216217
14 0.490234 0.721875 0.686719 0.55625 0.0213623
11 0.619531 0.53125 0.760938 0.9375 0.0211182
14 0.353125 0.656641 0.70625 0.686719 0.0211182
17 0.686328 0.684668 0.483594 0.630664 0.0211182
10 0.589453 0.423828 0.803906 0.847656 0.0210419
22 0.462402 0.763086 0.550195 0.473828 0.0210419
22 0.620313 0.591406 0.759375 0.817187 0.0209656
1 0.333203 0.676562 0.666406 0.646875 0.0208435
14 0.314844 0.346484 0.629687 0.692969 0.0207977
3 0.524219 0.539062 0.879687 0.921875 0.0207977
8 0.407031 0.349219 0.814063 0.698438 0.0206451
3 0.714063 0.580469 0.571875 0.839063 0.0205688
22 0.581152 0.620313 0.520508 0.759375 0.0205688
13 0.691016 0.553906 0.617969 0.892188 0.0202484
14 0.430859 0.603125 0.786719 0.79375 0.0201721
13 0.546875 0.565625 0.83125 0.86875 0.0197906
14 0.591797 0.563672 0.816406 0.872656 0.0195618
13 0.407031 0.349219 0.814063 0.698438 0.0191956
14 0.486719 0.660547 0.814063 0.678906 0.0177765
8 0.642969 0.398438 0.714063 0.796875 0.0175171
17 0.688281 0.610156 0.623438 0.779688 0.0167236
13 0.667871 0.423438 0.664258 0.846875 0.0164032
14 0.607422 0.711133 0.741406 0.577734 0.0160217
25 0.642578 0.477344 0.714844 0.935938 0.0158386
14 0.621094 0.744727 0.595313 0.510547 0.0157776
0 0.492969 0.399219 0.807813 0.798438 0.0155411
13 0.31543 0.608594 0.630859 0.782813 0.0153046
20 0.546875 0.683984 0.840625 0.632031 0.0153046
14 0.366797 0.294922 0.733594 0.589844 0.0150757
14 0.546973 0.658203 0.535742 0.683594 0.0149002
13 0.325391 0.483984 0.650781 0.947656 0.0146179
3 0.319141 0.450781 0.638281 0.901563 0.0145035
13 0.490234 0.721875 0.686719 0.55625 0.0145035
13 0.448535 0.601172 0.606055 0.797656 0.0142822
1 0.546875 0.683984 0.840625 0.632031 0.0142822
20 0.620313 0.591406 0.759375 0.817187 0.0142288
1 0.388281 0.295312 0.776563 0.590625 0.0141144
3 0.553906 0.294727 0.814063 0.589453 0.0141144
8 0.689844 0.448438 0.620313 0.896875 0.014061
10 0.355859 0.425 0.711719 0.85 0.0138474
11 0.407031 0.349219 0.814063 0.698438 0.0134277
1 0.553906 0.294727 0.814063 0.589453 0.0133286
20 0.70625 0.770508 0.490625 0.458984 0.0132217
3 0.607422 0.711133 0.741406 0.577734 0.012825
13 0.312109 0.371289 0.624219 0.742578 0.0126266
0 0.617969 0.424219 0.764063 0.848437 0.0126266
11 0.510059 0.658594 0.758008 0.682813 0.0126266
11 0.667871 0.423438 0.664258 0.846875 0.0125275
8 0.400781 0.702734 0.801562 0.594531 0.0123825
13 0.430859 0.603125 0.786719 0.79375 0.0123367
3 0.358984 0.676562 0.717969 0.646875 0.0122375
10 0.642578 0.477344 0.714844 0.935938 0.0120544
3 0.510059 0.658594 0.758008 0.682813 0.0115509
1 0.449902 0.753906 0.62832 0.492188 0.0114212
25 0.352734 0.399219 0.705469 0.798438 0.0113754
14 0.644531 0.321484 0.710938 0.642969 0.0112457
1 0.274219 0.398828 0.548438 0.797656 0.0112457
0 0.375 0.399219 0.75 0.798438 0.011116
20 0.366797 0.294922 0.733594 0.589844 0.0105286
17 0.31875 0.580078 0.6375 0.839844 0.0104523
11 0.691016 0.553906 0.617969 0.892188 0.0103302
11 0.64541 0.717578 0.70918 0.564844 0.0103302
17 0.674219 0.731445 0.651563 0.537109 0.0103302
17 0.323438 0.290234 0.646875 0.580469 0.0102463
14 0.447559 0.266406 0.795508 0.532813 0.0102081
1 0.644531 0.321484 0.710938 0.642969 0.01017
11 0.464063 0.5375 0.85625 0.925 0.0100937
3 0.388281 0.295312 0.776563 0.590625 0.0100555
3 0.644531 0.321484 0.710938 0.642969 0.00993347
3 0.737109 0.451562 0.525781 0.875 0.00993347
1 0.620313 0.591406 0.759375 0.817187 0.00993347
8 0.692578 0.581641 0.614844 0.836719 0.00985718
13 0.449902 0.753906 0.62832 0.492188 0.00971222
1 0.64541 0.717578 0.70918 0.564844 0.00963593
25 0.401563 0.55625 0.803125 0.8875 0.00959778
22 0.274219 0.398828 0.548438 0.797656 0.00955963
8 0.524219 0.539062 0.879687 0.921875 0.00948334
3 0.31543 0.608594 0.630859 0.782813 0.00941467
11 0.46416 0.739844 0.768555 0.520312 0.00937653
25 0.551562 0.349023 0.81875 0.698047 0.00926971
13 0.715625 0.607813 0.56875 0.784375 0.00919342
13 0.526465 0.666211 0.79707 0.667578 0.00919342
17 0.761133 0.653516 0.477734 0.692969 0.00912476
13 0.325391 0.70332 0.650781 0.593359 0.00912476
14 0.635938 0.647656 0.5 0.704688 0.00894928
1 0.543359 0.708984 0.702344 0.582031 0.00891876
20 0.715625 0.607813 0.56875 0.784375 0.00888062
25 0.511621 0.729688 0.579883 0.540625 0.0088501
13 0.621094 0.744727 0.595313 0.510547 0.0088501
22 0.31875 0.580078 0.6375 0.839844 0.0086441
13 0.614844 0.712695 0.770312 0.574609 0.00861359
1 0.283008 0.53125 0.566016 0.9375 0.00844574
3 0.70625 0.770508 0.490625 0.458984 0.00841522
1 0.462402 0.763086 0.550195 0.473828 0.00828552
20 0.581152 0.620313 0.520508 0.759375 0.00821686
16 0.45625 0.453125 0.83125 0.90625 0.00812531
16 0.569141 0.5375 0.861719 0.925 0.00812531
22 0.293164 0.316406 0.586328 0.632812 0.00800323
13 0.546973 0.658203 0.535742 0.683594 0.00800323
1 0.737109 0.451562 0.525781 0.875 0.00790405
1 0.680859 0.744727 0.619531 0.510547 0.00784302
10 0.551562 0.349023 0.81875 0.698047 0.0077858
14 0.333594 0.582422 0.667188 0.835156 0.00769424
14 0.449902 0.753906 0.62832 0.492188 0.00769424
3 0.546973 0.658203 0.535742 0.683594 0.00751877
8 0.333398 0.582812 0.666797 0.834375 0.00746155
20 0.689844 0.345703 0.620313 0.691406 0.00737381
25 0.621094 0.744727 0.595313 0.510547 0.00737381
10 0.383203 0.554688 0.766406 0.890625 0.00731659
20 0.276758 0.425 0.553516 0.85 0.00712204
22 0.716406 0.666602 0.567187 0.666797 0.00712204
16 0.395313 0.578125 0.790625 0.84375 0.00706482
10 0.382812 0.348828 0.765625 0.697656 0.00701141
11 0.490527 0.59375 0.59707 0.8125 0.00701141
8 0.510059 0.658594 0.758008 0.682813 0.00679779
10 0.543359 0.708984 0.702344 0.582031 0.00679779
13 0.505469 0.294922 0.814063 0.589844 0.00674438
13 0.715234 0.759961 0.569531 0.480078 0.00674438
0 0.594922 0.348633 0.810156 0.697266 0.00671768
16 0.448535 0.601172 0.606055 0.797656 0.00669098
1 0.315039 0.604688 0.630078 0.790625 0.00664139
25 0.642578 0.373828 0.714844 0.747656 0.00658798
8 0.490234 0.721875 0.686719 0.55625 0.00658798
1 0.759961 0.63125 0.480078 0.7375 0.00658798
20 0.686328 0.684668 0.483594 0.630664 0.0064888
1 0.293164 0.316406 0.586328 0.632812 0.00643921
14 0.5875 0.263867 0.785937 0.527734 0.00641251
25 0.543359 0.708984 0.702344 0.582031 0.00641251
0 0.667676 0.476562 0.664648 0.934375 0.00638962
5 0.395313 0.578125 0.790625 0.84375 0.00636292
20 0.313477 0.639453 0.626953 0.721094 0.00636292
8 0.312109 0.371289 0.624219 0.742578 0.00634003
14 0.715625 0.607813 0.56875 0.784375 0.00634003
10 0.469531 0.496094 0.864062 0.954688 0.00631332
13 0.276758 0.425 0.553516 0.85 0.00624084
1 0.511621 0.729688 0.579883 0.540625 0.00621796
13 0.643359 0.348047 0.713281 0.696094 0.00619125
2 0.492969 0.399219 0.807813 0.798438 0.00619125
16 0.378516 0.424609 0.757031 0.849219 0.00619125
5 0.412109 0.453125 0.824219 0.90625 0.00605011
10 0.460254 0.612891 0.760742 0.774219 0.00600433
11 0.680859 0.744727 0.619531 0.510547 0.00600433
9 0.469531 0.496094 0.864062 0.954688 0.00595856
16 0.620313 0.591406 0.759375 0.817187 0.00595856
14 0.70625 0.770508 0.490625 0.458984 0.00593567
17 0.379102 0.732031 0.758203 0.535937 0.00591278
8 0.449902 0.753906 0.62832 0.492188 0.00591278
0 0.42334 0.58125 0.76582 0.8375 0.005867
17 0.491309 0.816797 0.520508 0.366406 0.005867
16 0.589453 0.423828 0.803906 0.847656 0.00568771
2 0.617969 0.424219 0.764063 0.848437 0.00568771
1 0.70625 0.770508 0.490625 0.458984 0.00566483
3 0.462402 0.763086 0.550195 0.473828 0.00564194
19 0.785156 0.825391 0.373437 0.349219 0.025177
16 0.793945 0.835156 0.374609 0.329688 0.0173798
2 0.322266 0.622656 0.501563 0.35 0.0085144
4 0.3125 0.635156 0.490625 0.360938 0.00706482
0 0.333984 0.628906 0.51875 0.353125 0.00609589
16 0.3125 0.635156 0.490625 0.360938 0.00479126
11 0.358203 0.648047 0.569531 0.394531 0.00407028
14 0.322266 0.622656 0.501563 0.35 0.00395966
18 0.322266 0.622656 0.501563 0.35 0.00355148
2 0.501953 0.134375 0.619531 0.26875 0.00314713
0 0.316406 0.664062 0.460156 0.485938 0.00304031
7 0.3125 0.635156 0.490625 0.360938 0.0029583
6 0.294531 0.665625 0.43125 0.407813 0.00276756
11 0.316406 0.664062 0.460156 0.485938 0.00269318
19 0.82207 0.855469 0.355859 0.289062 0.00268364
2 0.400391 0.166211 0.614844 0.332422 0.00265312
2 0.316406 0.664062 0.460156 0.485938 0.00265312
23 0.3125 0.635156 0.490625 0.360938 0.00253105
25 0.333984 0.628906 0.51875 0.353125 0.00251198
19 0.274023 0.562109 0.355859 0.388281 0.00247192
16 0.666406 0.491504 0.389062 0.381055 0.00234985
2 0.253711 0.169043 0.507422 0.338086 0.00231361
6 0.304248 0.666406 0.387598 0.303125 0.00219917
24 0.294531 0.665625 0.43125 0.407813 0.00218201
2 0.302344 0.144434 0.604688 0.288867 0.00216484
20 0.3125 0.635156 0.490625 0.360938 0.00216484
7 0.501953 0.134375 0.619531 0.26875 0.00213242
16 0.816016 0.862305 0.367969 0.275391 0.00211525
2 0.651465 0.133594 0.64707 0.267188 0.00204277
11 0.289453 0.627734 0.486719 0.328906 0.00202751
18 0.501953 0.134375 0.619531 0.26875 0.00200272
4 0.304248 0.666406 0.387598 0.303125 0.00200272
16 0.454688 0.553906 0.403125 0.279687 0.00198746
25 0.316406 0.664062 0.460156 0.485938 0.00197983
12 0.3125 0.635156 0.490625 0.360938 0.00194168
0 0.501953 0.134375 0.619531 0.26875 0.00193405
24 0.493652 0.165039 0.62832 0.330078 0.00192642
7 0.449609 0.165723 0.621094 0.331445 0.00191212
9 0.294531 0.665625 0.43125 0.407813 0.00190449
16 0.26875 0.587109 0.310156 0.313281 0.00187492
2 0.592969 0.168359 0.653125 0.336719 0.00187492
3 0.3125 0.635156 0.490625 0.360938 0.00186062
2 0.304248 0.666406 0.387598 0.303125 0.00183105
0 0.449609 0.165723 0.621094 0.331445 0.00178242
5 0.294531 0.665625 0.43125 0.407813 0.00178242
7 0.344922 0.167187 0.610156 0.334375 0.00176811
18 0.449609 0.165723 0.621094 0.331445 0.00176144
4 0.449609 0.165723 0.621094 0.331445 0.00174141
24 0.344922 0.167187 0.610156 0.334375 0.00168705
0 0.344922 0.167187 0.610156 0.334375 0.00167465
18 0.344922 0.167187 0.610156 0.334375 0.00163555
15 0.358203 0.648047 0.569531 0.394531 0.00163555
16 0.304248 0.666406 0.387598 0.303125 0.00162888
14 0.316406 0.664062 0.460156 0.485938 0.00162315
0 0.253711 0.169043 0.507422 0.338086 0.00161076
15 0.316406 0.664062 0.460156 0.485938 0.00161076
20 0.304248 0.666406 0.387598 0.303125 0.00160408
24 0.253711 0.169043 0.507422 0.338086 0.00156116
23 0.449609 0.165723 0.621094 0.331445 0.00156116
9 0.304248 0.666406 0.387598 0.303125 0.00155449
7 0.253711 0.169043 0.507422 0.338086 0.00152493
24 0.640234 0.170801 0.660156 0.341602 0.0015192
4 0.344922 0.167187 0.610156 0.334375 0.00149536
18 0.253711 0.169043 0.507422 0.338086 0.00148964
15 0.493652 0.165039 0.62832 0.330078 0.00147247
7 0.592969 0.168359 0.653125 0.336719 0.00146675
16 0.870703 0.718359 0.258594 0.383594 0.00146103
17 0.316406 0.664062 0.460156 0.485938 0.00145531
7 0.651465 0.133594 0.64707 0.267188 0.00144386
23 0.344922 0.167187 0.610156 0.334375 0.00142097
2 0.199414 0.133984 0.398828 0.267969 0.00141048
24 0.553906 0.133301 0.63125 0.266602 0.00141048
10 0.3125 0.635156 0.490625 0.360938 0.00141048
1 0.322266 0.622656 0.501563 0.35 0.00138283
4 0.253711 0.169043 0.507422 0.338086 0.00137806
21 0.755859 0.816992 0.377344 0.366016 0.00137234
4 0.592969 0.168359 0.653125 0.336719 0.00135612
0 0.651465 0.133594 0.64707 0.267188 0.00134563
0 0.592969 0.168359 0.653125 0.336719 0.00132465
15 0.344922 0.167187 0.610156 0.334375 0.00130463
13 0.289453 0.627734 0.486719 0.328906 0.00130463
18 0.651465 0.133594 0.64707 0.267188 0.00127411
22 0.294531 0.665625 0.43125 0.407813 0.00127411
24 0.406152 0.139551 0.614258 0.279102 0.00125504
23 0.501953 0.134375 0.619531 0.26875 0.00125504
0 0.401953 0.674609 0.639844 0.611719 0.00125504
2 0.350977 0.187695 0.573828 0.375391 0.00124931
17 0.333984 0.628906 0.51875 0.353125 0.00123501
18 0.592969 0.168359 0.653125 0.336719 0.00122547
12 0.303906 0.592969 0.607813 0.41875 0.00122547
23 0.226172 0.163672 0.452344 0.327344 0.00121593
15 0.253711 0.169043 0.507422 0.338086 0.00121593
16 0.403516 0.532813 0.4375 0.289062 0.00121117
4 0.501953 0.134375 0.619531 0.26875 0.00117874
4 0.401953 0.674609 0.639844 0.611719 0.00117874
6 0.493652 0.165039 0.62832 0.330078 0.00114727
15 0.640234 0.170801 0.660156 0.341602 0.00114727
11 0.401953 0.674609 0.639844 0.611719 0.0011425
14 0.501953 0.134375 0.619531 0.26875 0.00112915
12 0.620996 0.707422 0.758008 0.585156 0.00112438
23 0.592969 0.168359 0.653125 0.336719 0.00112057
6 0.401953 0.674609 0.639844 0.611719 0.00112057
12 0.652246 0.721094 0.656445 0.557813 0.00109482
1 0.304248 0.666406 0.387598 0.303125 0.00106525
11 0.304248 0.666406 0.387598 0.303125 0.00106049
16 0.424121 0.618359 0.57832 0.508594 0.00103188
12 0.303174 0.64375 0.388965 0.29375 0.00103188
16 0.7125 0.517578 0.390625 0.389062 0.00102806
15 0.553906 0.133301 0.63125 0.266602 0.00102425
14 0.304248 0.666406 0.387598 0.303125 0.00102425
24 0.298828 0.191016 0.575781 0.371094 0.00100803
0 0.304248 0.666406 0.387598 0.303125 0.00100803
12 0.722656 0.767383 0.464063 0.465234 0.00100803
16 0.301904 0.623438 0.397754 0.30625 0.0189056
4 0.301904 0.623438 0.397754 0.30625 0.00871277
2 0.301904 0.623438 0.397754 0.30625 0.008255
6 0.283203 0.650781 0.360156 0.348438 0.008255
23 0.301904 0.623438 0.397754 0.30625 0.00760651
16 0.424219 0.622656 0.648438 0.370313 0.00734711
11 0.413281 0.510938 0.639063 0.5375 0.00706482
11 0.317969 0.626563 0.421094 0.279687 0.0068512
11 0.424219 0.622656 0.648438 0.370313 0.00600433
0 0.301904 0.623438 0.397754 0.30625 0.00577545
4 0.424219 0.622656 0.648438 0.370313 0.00572968
14 0.317969 0.626563 0.421094 0.279687 0.0055542
18 0.301904 0.623438 0.397754 0.30625 0.00542831
21 0.283203 0.650781 0.360156 0.348438 0.00534439
25 0.301904 0.623438 0.397754 0.30625 0.00508118
0 0.424219 0.622656 0.648438 0.370313 0.00508118
4 0.315039 0.660937 0.432422 0.409375 0.0050621
16 0.413281 0.510938 0.639063 0.5375 0.00500107
6 0.424219 0.622656 0.648438 0.370313 0.00496292
2 0.424219 0.622656 0.648438 0.370313 0.00434875
15 0.301904 0.623438 0.397754 0.30625 0.00426483
9 0.283203 0.650781 0.360156 0.348438 0.00415039
0 0.315039 0.660937 0.432422 0.409375 0.0041008
12 0.317969 0.626563 0.421094 0.279687 0.00400543
7 0.301904 0.623438 0.397754 0.30625 0.00397491
15 0.424219 0.622656 0.648438 0.370313 0.0039444
14 0.413281 0.510938 0.639063 0.5375 0.00388527
14 0.424219 0.622656 0.648438 0.370313 0.00382423
16 0.315039 0.660937 0.432422 0.409375 0.00379562
14 0.283203 0.650781 0.360156 0.348438 0.00378036
24 0.283203 0.650781 0.360156 0.348438 0.00363541
0 0.413281 0.510938 0.639063 0.5375 0.00362206
20 0.283203 0.650781 0.360156 0.348438 0.00345612
18 0.424219 0.622656 0.648438 0.370313 0.00329781
6 0.317969 0.626563 0.421094 0.279687 0.00312424
12 0.413281 0.510938 0.639063 0.5375 0.00312424
23 0.424219 0.622656 0.648438 0.370313 0.00307465
15 0.315039 0.660937 0.432422 0.409375 0.0030632
2 0.413281 0.510938 0.639063 0.5375 0.00302696
1 0.335156 0.453906 0.495313 0.635156 0.00294685
7 0.424219 0.622656 0.648438 0.370313 0.00293541
11 0.315039 0.660937 0.432422 0.409375 0.00293541
3 0.317969 0.626563 0.421094 0.279687 0.00286674
4 0.413281 0.510938 0.639063 0.5375 0.00279045
25 0.315039 0.660937 0.432422 0.409375 0.00269318
1 0.317969 0.626563 0.421094 0.279687 0.00265312
13 0.317969 0.626563 0.421094 0.279687 0.00261116
12 0.335156 0.453906 0.495313 0.635156 0.00253105
2 0.315039 0.660937 0.432422 0.409375 0.00253105
11 0.335156 0.453906 0.495313 0.635156 0.00246239
11 0.427246 0.580566 0.751758 0.762305 0.0024147
18 0.413281 0.510938 0.639063 0.5375 0.00235939
12 0.45625 0.441797 0.765625 0.702344 0.00230598
13 0.413281 0.510938 0.639063 0.5375 0.00230598
10 0.301904 0.623438 0.397754 0.30625 0.00230598
14 0.335156 0.453906 0.495313 0.635156 0.00228691
25 0.424219 0.622656 0.648438 0.370313 0.00226974
6 0.413281 0.510938 0.639063 0.5375 0.00220871
1 0.45625 0.441797 0.765625 0.702344 0.00219917
9 0.424219 0.622656 0.648438 0.370313 0.00219917
7 0.413281 0.510938 0.639063 0.5375 0.00217438
0 0.208789 0.186914 0.417578 0.373828 0.00214958
16 0.183203 0.18252 0.366406 0.365039 0.00213242
16 0.427246 0.580566 0.751758 0.762305 0.00209999
1 0.413281 0.510938 0.639063 0.5375 0.00208282
5 0.283203 0.650781 0.360156 0.348438 0.00208282
6 0.186328 0.209375 0.372656 0.41875 0.00201035
6 0.283936 0.697266 0.392285 0.474219 0.00196457
24 0.424219 0.622656 0.648438 0.370313 0.00195694
15 0.413281 0.510938 0.639063 0.5375 0.00191879
13 0.335156 0.453906 0.495313 0.635156 0.00174141
12 0.285156 0.446484 0.570312 0.671094 0.00171375
6 0.429297 0.689453 0.728906 0.621094 0.0017004
4 0.183203 0.18252 0.366406 0.365039 0.00168133
2 0.208789 0.186914 0.417578 0.373828 0.00167465
13 0.433984 0.487109 0.792969 0.744531 0.00166798
12 0.323047 0.445215 0.644531 0.74707 0.0016489
11 0.45625 0.441797 0.765625 0.702344 0.0016489
11 0.510547 0.661719 0.505469 0.445312 0.00162888
12 0.424219 0.622656 0.648438 0.370313 0.00161076
0 0.427246 0.580566 0.751758 0.762305 0.00161076
3 0.413281 0.510938 0.639063 0.5375 0.0015974
17 0.301904 0.623438 0.397754 0.30625 0.0015974
12 0.489063 0.564063 0.840625 0.871875 0.00158501
13 0.424219 0.622656 0.648438 0.370313 0.00156116
24 0.211523 0.213672 0.423047 0.427344 0.00153637
11 0.211523 0.213672 0.423047 0.427344 0.00152493
3 0.283203 0.650781 0.360156 0.348438 0.00152493
21 0.283936 0.697266 0.392285 0.474219 0.00148964
2 0.335156 0.453906 0.495313 0.635156 0.0014782
14 0.45625 0.441797 0.765625 0.702344 0.00146103
1 0.532031 0.667969 0.54375 0.548438 0.00145531
24 0.283936 0.697266 0.392285 0.474219 0.00145531
25 0.413281 0.510938 0.639063 0.5375 0.00144958
18 0.315039 0.660937 0.432422 0.409375 0.00144958
0 0.335156 0.453906 0.495313 0.635156 0.00142097
20 0.424219 0.622656 0.648438 0.370313 0.00139904
10 0.424219 0.622656 0.648438 0.370313 0.00137806
6 0.427246 0.580566 0.751758 0.762305 0.00137806
1 0.283203 0.650781 0.360156 0.348438 0.00137234
22 0.283203 0.650781 0.360156 0.348438 0.00137234
19 0.276563 0.548047 0.336719 0.444531 0.00136185
0 0.510547 0.661719 0.505469 0.445312 0.00136185
16 0.335156 0.453906 0.495313 0.635156 0.00135612
11 0.429297 0.689453 0.728906 0.621094 0.00135612
12 0.526953 0.614453 0.647656 0.771094 0.00133514
16 0.510547 0.661719 0.505469 0.445312 0.00133038
20 0.317969 0.626563 0.421094 0.279687 0.00132465
15 0.429297 0.689453 0.728906 0.621094 0.00131989
23 0.315039 0.660937 0.432422 0.409375 0.00131512
6 0.510547 0.661719 0.505469 0.445312 0.00131512
21 0.424219 0.622656 0.648438 0.370313 0.00129414
15 0.208789 0.186914 0.417578 0.373828 0.00128937
12 0.448535 0.721484 0.674805 0.557031 0.0012846
13 0.283203 0.650781 0.360156 0.348438 0.00127411
12 0.514453 0.435937 0.602344 0.565625 0.00126934
0 0.429297 0.689453 0.728906 0.621094 0.0012598
4 0.429297 0.689453 0.728906 0.621094 0.0012598
10 0.315039 0.660937 0.432422 0.409375 0.00125504
13 0.285156 0.446484 0.570312 0.671094 0.00124454
17 0.335156 0.453906 0.495313 0.635156 0.00124454
14 0.283936 0.697266 0.392285 0.474219 0.00124454
1 0.526953 0.614453 0.647656 0.771094 0.00123978
2 0.427246 0.580566 0.751758 0.762305 0.00121593
4 0.427246 0.580566 0.751758 0.762305 0.00121593
15 0.427246 0.580566 0.751758 0.762305 0.00120163
4 0.335156 0.453906 0.495313 0.635156 0.00119209
11 0.521484 0.725781 0.563281 0.548438 0.00119209
22 0.505469 0.715625 0.514844 0.525 0.00118828
13 0.496973 0.594141 0.612305 0.696094 0.00118351
11 0.388184 0.666406 0.664258 0.496875 0.00118351
14 0.427246 0.580566 0.751758 0.762305 0.00117874
20 0.283936 0.697266 0.392285 0.474219 0.00117874
14 0.510547 0.661719 0.505469 0.445312 0.00117397
17 0.45625 0.441797 0.765625 0.702344 0.00116539
17 0.413281 0.510938 0.639063 0.5375 0.00116062
7 0.315039 0.660937 0.432422 0.409375 0.00116062
2 0.510547 0.661719 0.505469 0.445312 0.00116062
18 0.183203 0.18252 0.366406 0.365039 0.0011158
14 0.429297 0.689453 0.728906 0.621094 0.0011034
6 0.388184 0.666406 0.664258 0.496875 0.0011034
17 0.315039 0.660937 0.432422 0.409375 0.00109863
13 0.532031 0.667969 0.54375 0.548438 0.00109863
23 0.413281 0.510938 0.639063 0.5375 0.00109005
3 0.424219 0.622656 0.648438 0.370313 0.00109005
16 0.429297 0.689453 0.728906 0.621094 0.00109005
1 0.323047 0.445215 0.644531 0.74707 0.00107765
14 0.186328 0.209375 0.372656 0.41875 0.00107288
13 0.301367 0.578906 0.383203 0.382031 0.00107288
12 0.567578 0.378125 0.453906 0.526563 0.00106907
11 0.313281 0.731641 0.5 0.536719 0.00106525
25 0.186328 0.209375 0.372656 0.41875 0.00105286
1 0.283936 0.697266 0.392285 0.474219 0.00105286
1 0.424219 0.622656 0.648438 0.370313 0.00104427
4 0.510547 0.661719 0.505469 0.445312 0.00101185
12 0.526465 0.723437 0.750195 0.553125 0.00101185
24 0.342578 0.614062 0.466406 0.303125 0.0497742
7 0.342578 0.614062 0.466406 0.303125 0.0236969
6 0.342578 0.614062 0.466406 0.303125 0.0206451
24 0.260547 0.60625 0.442969 0.285938 0.0128708
16 0.342578 0.614062 0.466406 0.303125 0.0104065
12 0.297852 0.607031 0.438672 0.28125 0.00871277
6 0.260547 0.60625 0.442969 0.285938 0.00844574
23 0.317188 0.608594 0.421875 0.288281 0.00828552
13 0.297852 0.607031 0.438672 0.28125 0.0077858
12 0.594531 0.693359 0.810938 0.613281 0.00751877
18 0.331836 0.6125 0.419141 0.290625 0.00717545
7 0.260547 0.60625 0.442969 0.285938 0.00658798
11 0.338232 0.617578 0.38916 0.302344 0.00656509
16 0.260547 0.60625 0.442969 0.285938 0.00656509
9 0.342578 0.614062 0.466406 0.303125 0.00605011
2 0.317188 0.608594 0.421875 0.288281 0.00498199
14 0.307617 0.616016 0.361328 0.313281 0.00450516
12 0.355078 0.625 0.591406 0.3875 0.00448608
11 0.317969 0.635938 0.504687 0.342187 0.00432968
9 0.296094 0.599219 0.35625 0.270313 0.00429916
15 0.331836 0.6125 0.419141 0.290625 0.0041008
12 0.358203 0.556348 0.544531 0.543555 0.00385475
12 0.279687 0.496094 0.559375 0.595313 0.00383949
12 0.402734 0.547754 0.632031 0.731055 0.00322342
1 0.307617 0.616016 0.361328 0.313281 0.00317192
13 0.594531 0.693359 0.810938 0.613281 0.00304031
4 0.331836 0.6125 0.419141 0.290625 0.00294685
12 0.246484 0.54541 0.492969 0.416992 0.00291252
12 0.355859 0.621094 0.427344 0.315625 0.00282288
0 0.307617 0.616016 0.361328 0.313281 0.00265312
13 0.330469 0.629297 0.540625 0.333594 0.00259018
15 0.330469 0.629297 0.540625 0.333594 0.00258064
19 0.276367 0.596875 0.306641 0.267188 0.00226974
18 0.260547 0.60625 0.442969 0.285938 0.00226021
14 0.317969 0.635938 0.504687 0.342187 0.00211525
13 0.279687 0.496094 0.559375 0.595313 0.0020504
13 0.358203 0.556348 0.544531 0.543555 0.0019722
15 0.260547 0.60625 0.442969 0.285938 0.00191212
11 0.265625 0.600781 0.53125 0.29375 0.00186062
16 0.355078 0.625 0.591406 0.3875 0.00185299
19 0.317188 0.608594 0.421875 0.288281 0.00181007
20 0.331836 0.6125 0.419141 0.290625 0.0017271
2 0.254883 0.59375 0.358984 0.2625 0.0017271
12 0.665234 0.723047 0.607031 0.553906 0.0017271
4 0.330469 0.629297 0.540625 0.333594 0.00162315
6 0.355078 0.625 0.591406 0.3875 0.00162315
13 0.402734 0.547754 0.632031 0.731055 0.00158501
1 0.336523 0.585938 0.537109 0.415625 0.00156116
3 0.324023 0.609766 0.401953 0.283594 0.00156116
12 0.478516 0.574609 0.758594 0.850781 0.00156116
23 0.254883 0.59375 0.358984 0.2625 0.00143242
12 0.458203 0.694922 0.827344 0.610156 0.00141621
11 0.358203 0.556348 0.544531 0.543555 0.00141048
2 0.330469 0.629297 0.540625 0.333594 0.00131512
12 0.473438 0.449121 0.801562 0.787695 0.00130463
12 0.302539 0.4875 0.605078 0.654688 0.00128937
11 0.619531 0.698047 0.760938 0.603906 0.00128937
24 0.362891 0.674219 0.667969 0.445312 0.00127888
12 0.542188 0.719141 0.842188 0.561719 0.0012207
4 0.260547 0.60625 0.442969 0.285938 0.00115108
5 0.342578 0.614062 0.466406 0.303125 0.00115108
17 0.321875 0.61875 0.40625 0.321875 0.00112438
23 0.330469 0.629297 0.540625 0.333594 0.00112057
13 0.665234 0.723047 0.607031 0.553906 0.00112057
0 0.254883 0.59375 0.358984 0.2625 0.00105667
12 0.238281 0.583984 0.476562 0.297656 0.00104427
7 0.355078 0.625 0.591406 0.3875 0.00103664
13 0.246484 0.54541 0.492969 0.416992 0.00103188
18 0.330469 0.629297 0.540625 0.333594 0.00100422
11 0.75 0.752344 0.5 0.495313 0.00403976
16 0.760547 0.793945 0.441406 0.412109 0.00391388
0 0.749609 0.751758 0.500781 0.496484 0.00322342
7 0.396484 0.635938 0.553906 0.329688 0.0029583
16 0.758984 0.779492 0.482031 0.441016 0.00284576
6 0.758984 0.779492 0.482031 0.441016 0.00251198
6 0.760547 0.793945 0.441406 0.412109 0.00216484
11 0.760547 0.793945 0.441406 0.412109 0.00213242
21 0.289893 0.74375 0.302246 0.328125 0.00190449
4 0.396484 0.635938 0.553906 0.329688 0.00189686
18 0.396484 0.635938 0.553906 0.329688 0.00182438
2 0.749609 0.751758 0.500781 0.496484 0.00176144
24 0.361719 0.632031 0.490625 0.307813 0.00170708
6 0.412109 0.662109 0.572656 0.328906 0.00168705
24 0.412109 0.662109 0.572656 0.328906 0.00162315
14 0.353906 0.629687 0.483594 0.309375 0.0014782
16 0.760938 0.832031 0.38125 0.335938 0.00146103
0 0.355859 0.692969 0.467969 0.34375 0.00144386
2 0.396484 0.635938 0.553906 0.329688 0.00142097
0 0.412109 0.662109 0.572656 0.328906 0.00135136
16 0.325049 0.667969 0.384277 0.248438 0.0012846
6 0.361719 0.632031 0.490625 0.307813 0.00123501
7 0.758984 0.779492 0.482031 0.441016 0.0012207
16 0.355859 0.692969 0.467969 0.34375 0.00121593
15 0.396484 0.635938 0.553906 0.329688 0.00115108
7 0.344531 0.653906 0.439844 0.242188 0.00115108
24 0.758984 0.779492 0.482031 0.441016 0.00115108
23 0.361719 0.632031 0.490625 0.307813 0.0011425
0 0.760547 0.793945 0.441406 0.412109 0.0011158
24 0.760547 0.793945 0.441406 0.412109 0.00110722
0 0.433203 0.707031 0.683594 0.585938 0.00107288
14 0.749609 0.751758 0.500781 0.496484 0.00106525
16 0.341797 0.758984 0.436719 0.410156 0.00104427
7 0.760547 0.793945 0.441406 0.412109 0.00104046
0 0.353906 0.629687 0.483594 0.309375 0.00103664
2 0.355859 0.692969 0.467969 0.34375 0.00100422
6 0.300977 0.610938 0.365234 0.251563 0.0792236
23 0.305664 0.609375 0.376953 0.254688 0.0438538
2 0.310156 0.604688 0.403125 0.275 0.0339661
0 0.310156 0.604688 0.403125 0.275 0.0317383
4 0.310156 0.604688 0.403125 0.275 0.0261993
14 0.310156 0.604688 0.403125 0.275 0.0208893
7 0.305664 0.609375 0.376953 0.254688 0.0181885
16 0.305664 0.609375 0.376953 0.254688 0.0147324
9 0.310156 0.604688 0.403125 0.275 0.011467
18 0.310156 0.604688 0.403125 0.275 0.0108566
25 0.305664 0.609375 0.376953 0.254688 0.00725937
11 0.300977 0.610938 0.365234 0.251563 0.00695801
16 0.739062 0.801953 0.467187 0.396094 0.00695801
15 0.305664 0.609375 0.376953 0.254688 0.00588989
10 0.310156 0.604688 0.403125 0.275 0.00582123
24 0.300977 0.610938 0.365234 0.251563 0.00577545
2 0.261719 0.605469 0.297656 0.257812 0.00548935
6 0.739062 0.801953 0.467187 0.396094 0.00547028
6 0.301563 0.604688 0.415625 0.33125 0.00494385
17 0.261719 0.605469 0.297656 0.257812 0.0049057
4 0.261719 0.605469 0.297656 0.257812 0.00460815
12 0.312305 0.60625 0.381641 0.276563 0.0045929
0 0.261719 0.605469 0.297656 0.257812 0.00446701
3 0.283252 0.614453 0.341309 0.2375 0.00428009
0 0.739062 0.801953 0.467187 0.396094 0.00413513
12 0.261719 0.605469 0.297656 0.257812 0.00400543
14 0.261719 0.605469 0.297656 0.257812 0.00372124
13 0.261719 0.605469 0.297656 0.257812 0.00319672
2 0.355469 0.607813 0.528125 0.340625 0.00268364
5 0.305664 0.609375 0.376953 0.254688 0.00251198
8 0.283252 0.614453 0.341309 0.2375 0.00245285
11 0.750781 0.795313 0.43125 0.409375 0.00232315
2 0.739062 0.801953 0.467187 0.396094 0.00216484
16 0.301563 0.604688 0.415625 0.33125 0.00214005
7 0.739062 0.801953 0.467187 0.396094 0.00209999
0 0.355469 0.607813 0.528125 0.340625 0.00209045
1 0.283252 0.614453 0.341309 0.2375 0.00205803
17 0.312305 0.60625 0.381641 0.276563 0.00194168
16 0.6625 0.770312 0.475 0.459375 0.00188255
13 0.337305 0.601172 0.489453 0.285938 0.00183105
23 0.739062 0.801953 0.467187 0.396094 0.00171375
20 0.300977 0.610938 0.365234 0.251563 0.00159168
16 0.519141 0.627734 0.482031 0.344531 0.00144958
11 0.335547 0.611328 0.44375 0.303906 0.00143814
19 0.283252 0.614453 0.341309 0.2375 0.00143814
23 0.301563 0.604688 0.415625 0.33125 0.0014267
7 0.301563 0.604688 0.415625 0.33125 0.00141048
3 0.324609 0.604297 0.4375 0.288281 0.00132465
12 0.393848 0.602344 0.618555 0.401563 0.00131989
16 0.575391 0.732031 0.538281 0.507812 0.00130463
15 0.301563 0.604688 0.415625 0.33125 0.00125504
14 0.355469 0.607813 0.528125 0.340625 0.00123024
10 0.739062 0.801953 0.467187 0.396094 0.00121593
4 0.739062 0.801953 0.467187 0.396094 0.0011425
18 0.261719 0.605469 0.297656 0.257812 0.00112438
10 0.261719 0.605469 0.297656 0.257812 0.0011158
14 0.739062 0.801953 0.467187 0.396094 0.00108147
1 0.337305 0.601172 0.489453 0.285938 0.00107288
0 0.6625 0.770312 0.475 0.459375 0.00106525
4 0.355469 0.607813 0.528125 0.340625 0.00103188
24 0.301563 0.604688 0.415625 0.33125 0.00101662
23 0.337109 0.598437 0.44375 0.2875 0.0888062
18 0.350391 0.60625 0.447656 0.30625 0.0875854
2 0.350391 0.60625 0.447656 0.30625 0.0766602
9 0.355859 0.607031 0.442969 0.321875 0.0621033
7 0.350391 0.60625 0.447656 0.30625 0.0451965
6 0.359375 0.611328 0.444531 0.313281 0.0402527
2 0.293701 0.591797 0.368848 0.264844 0.0384521
0 0.350391 0.60625 0.447656 0.30625 0.0352783
14 0.348047 0.611719 0.442969 0.307813 0.0273743
4 0.359375 0.611328 0.444531 0.313281 0.0263062
24 0.355859 0.607031 0.442969 0.321875 0.0183411
16 0.350391 0.60625 0.447656 0.30625 0.0164032
0 0.293701 0.591797 0.368848 0.264844 0.0147324
7 0.293701 0.591797 0.368848 0.264844 0.0142288
18 0.293701 0.591797 0.368848 0.264844 0.0142288
16 0.293701 0.591797 0.368848 0.264844 0.0141754
6 0.293701 0.591797 0.368848 0.264844 0.0134811
6 0.423828 0.617969 0.603906 0.364063 0.0126266
12 0.584375 0.362109 0.603125 0.649219 0.0115967
4 0.293701 0.591797 0.368848 0.264844 0.0106964
25 0.349219 0.602344 0.448438 0.315625 0.0103683
23 0.247461 0.599609 0.279297 0.275 0.00963593
18 0.4375 0.635156 0.642969 0.389062 0.00861359
12 0.560156 0.452344 0.820312 0.904688 0.00844574
2 0.423828 0.617969 0.603906 0.364063 0.00821686
15 0.337109 0.598437 0.44375 0.2875 0.00796509
25 0.293701 0.591797 0.368848 0.264844 0.00787354
14 0.293701 0.591797 0.368848 0.264844 0.00769424
9 0.247461 0.599609 0.279297 0.275 0.00751877
7 0.4375 0.635156 0.642969 0.389062 0.0069046
0 0.423828 0.617969 0.603906 0.364063 0.00679779
16 0.423828 0.617969 0.603906 0.364063 0.00643921
3 0.3375 0.602344 0.434375 0.289062 0.00634003
11 0.348047 0.611719 0.442969 0.307813 0.00609589
6 0.482812 0.61875 0.721875 0.44375 0.00577545
10 0.355859 0.607031 0.442969 0.321875 0.00547028
16 0.489844 0.623828 0.582812 0.427344 0.00526047
14 0.4375 0.635156 0.642969 0.389062 0.0051384
4 0.387598 0.6125 0.556055 0.359375 0.00502014
5 0.349219 0.602344 0.448438 0.315625 0.0049057
16 0.495313 0.600391 0.704688 0.636719 0.00434875
2 0.482812 0.61875 0.721875 0.44375 0.00413513
6 0.495313 0.600391 0.704688 0.636719 0.00408554
24 0.423828 0.617969 0.603906 0.364063 0.00379562
0 0.482812 0.61875 0.721875 0.44375 0.00370789
24 0.293701 0.591797 0.368848 0.264844 0.00351143
15 0.387598 0.6125 0.556055 0.359375 0.00336266
11 0.423828 0.617969 0.603906 0.364063 0.00329781
13 0.615723 0.361719 0.506055 0.625781 0.00322342
9 0.423828 0.617969 0.603906 0.364063 0.00319672
15 0.247461 0.599609 0.279297 0.275 0.00284576
0 0.495313 0.600391 0.704688 0.636719 0.00276756
2 0.233594 0.595703 0.273438 0.269531 0.00274658
4 0.482812 0.61875 0.721875 0.44375 0.00266266
10 0.293701 0.591797 0.368848 0.264844 0.00261116
2 0.495313 0.600391 0.704688 0.636719 0.00261116
16 0.556348 0.663281 0.52793 0.407813 0.0024929
11 0.495313 0.600391 0.704688 0.636719 0.00246239
23 0.423828 0.617969 0.603906 0.364063 0.00240517
16 0.233594 0.595703 0.273438 0.269531 0.00234985
6 0.237109 0.610547 0.261719 0.296094 0.00234985
15 0.482812 0.61875 0.721875 0.44375 0.00234222
13 0.560156 0.452344 0.820312 0.904688 0.00233269
4 0.233594 0.595703 0.273438 0.269531 0.00228691
15 0.495313 0.600391 0.704688 0.636719 0.00209045
13 0.536621 0.586719 0.725195 0.823438 0.00206757
11 0.482812 0.61875 0.721875 0.44375 0.0020504
0 0.233594 0.595703 0.273438 0.269531 0.00197983
20 0.349219 0.602344 0.448438 0.315625 0.00188255
12 0.28208 0.589844 0.396777 0.264062 0.00185299
3 0.4375 0.635156 0.642969 0.389062 0.00181007
3 0.247461 0.599609 0.279297 0.275 0.00181007
5 0.293701 0.591797 0.368848 0.264844 0.00179577
13 0.489844 0.623828 0.582812 0.427344 0.00175476
1 0.615723 0.361719 0.506055 0.625781 0.0017271
13 0.525781 0.377734 0.689063 0.753906 0.00171375
18 0.495313 0.600391 0.704688 0.636719 0.00161076
1 0.489844 0.623828 0.582812 0.427344 0.00157928
7 0.495313 0.600391 0.704688 0.636719 0.00154877
12 0.536621 0.586719 0.725195 0.823438 0.00153065
1 0.536621 0.586719 0.725195 0.823438 0.00152493
14 0.495313 0.600391 0.704688 0.636719 0.00151253
13 0.495313 0.600391 0.704688 0.636719 0.00148964
25 0.423828 0.617969 0.603906 0.364063 0.00147247
12 0.442188 0.411719 0.765625 0.81875 0.00145531
1 0.5625 0.523828 0.875 0.952344 0.00144958
15 0.5625 0.523828 0.875 0.952344 0.00141621
16 0.536621 0.586719 0.725195 0.823438 0.00139904
4 0.495313 0.600391 0.704688 0.636719 0.00135612
10 0.423828 0.617969 0.603906 0.364063 0.00132465
20 0.247461 0.599609 0.279297 0.275 0.00126457
11 0.39375 0.593848 0.601562 0.49043 0.0012598
6 0.556348 0.663281 0.52793 0.407813 0.00123501
1 0.495313 0.600391 0.704688 0.636719 0.00123024
11 0.5625 0.523828 0.875 0.952344 0.00122547
1 0.525781 0.377734 0.689063 0.753906 0.00120163
6 0.551953 0.484375 0.871094 0.95 0.00117397
1 0.237109 0.610547 0.261719 0.296094 0.00113773
13 0.556348 0.663281 0.52793 0.407813 0.00110722
15 0.536621 0.586719 0.725195 0.823438 0.00105667
11 0.263477 0.609766 0.295703 0.307031 0.00104809
13 0.28208 0.589844 0.396777 0.264062 0.00104427
23 0.482812 0.61875 0.721875 0.44375 0.00103188
6 0.536621 0.586719 0.725195 0.823438 0.00102806
17 0.615723 0.361719 0.506055 0.625781 0.00102043
17 0.247461 0.599609 0.279297 0.275 0.00100803
2 0.332813 0.616797 0.43125 0.305469 0.0102081
14 0.334766 0.621094 0.435937 0.30625 0.00812531
4 0.334766 0.621094 0.435937 0.30625 0.00407028
23 0.334766 0.621094 0.435937 0.30625 0.00356483
0 0.334766 0.621094 0.435937 0.30625 0.00338936
6 0.332813 0.616797 0.43125 0.305469 0.00327301
9 0.332813 0.616797 0.43125 0.305469 0.00214958
12 0.530469 0.341016 0.83125 0.682031 0.00174141
11 0.334766 0.621094 0.435937 0.30625 0.00164223
7 0.332813 0.616797 0.43125 0.305469 0.00152493
12 0.635254 0.355273 0.729492 0.710547 0.00149536
16 0.332813 0.616797 0.43125 0.305469 0.00130463
18 0.332813 0.616797 0.43125 0.305469 0.00104046
10 0.334766 0.621094 0.435937 0.30625 0.00102425
2 0.374609 0.622266 0.484375 0.324219 0.0585632
23 0.374609 0.622266 0.484375 0.324219 0.0572815
18 0.380078 0.625781 0.485938 0.332813 0.0548096
14 0.374609 0.622266 0.484375 0.324219 0.0303345
7 0.380078 0.625781 0.485938 0.332813 0.0299835
4 0.374609 0.622266 0.484375 0.324219 0.0287628
9 0.363672 0.626953 0.455469 0.336719 0.0250854
24 0.363672 0.626953 0.455469 0.336719 0.0179901
0 0.374609 0.622266 0.484375 0.324219 0.0146179
6 0.363672 0.626953 0.455469 0.336719 0.0136337
7 0.35 0.650391 0.429688 0.264844 0.00948334
16 0.361719 0.616406 0.4375 0.3125 0.00837708
18 0.35 0.650391 0.429688 0.264844 0.00709534
2 0.305078 0.607813 0.328125 0.298438 0.00457382
2 0.415234 0.635156 0.600781 0.379688 0.00419998
15 0.380078 0.625781 0.485938 0.332813 0.0037365
25 0.36582 0.61875 0.444141 0.310937 0.00309944
11 0.374609 0.621484 0.482031 0.324219 0.00288963
4 0.328174 0.616016 0.37334 0.29375 0.00252151
5 0.374609 0.621484 0.482031 0.324219 0.00226021
24 0.409473 0.642188 0.588867 0.375 0.00225258
16 0.409473 0.642188 0.588867 0.375 0.00203514
7 0.328174 0.616016 0.37334 0.29375 0.00192642
14 0.415234 0.635156 0.600781 0.379688 0.00190449
10 0.374609 0.621484 0.482031 0.324219 0.00175476
23 0.305078 0.607813 0.328125 0.298438 0.00168705
6 0.409473 0.642188 0.588867 0.375 0.00154305
0 0.415234 0.635156 0.600781 0.379688 0.00134087
3 0.361719 0.616406 0.4375 0.3125 0.00131989
0 0.328174 0.616016 0.37334 0.29375 0.00131512
6 0.305078 0.607813 0.328125 0.298438 0.00126457
15 0.35 0.650391 0.429688 0.264844 0.00102043
2 0.356445 0.623047 0.490234 0.339844 0.174927
14 0.356445 0.623047 0.490234 0.339844 0.0639648
9 0.356445 0.623047 0.490234 0.339844 0.0632324
23 0.346094 0.632812 0.471094 0.339063 0.0534058
7 0.346094 0.632812 0.471094 0.339063 0.0384521
6 0.372461 0.622656 0.494141 0.340625 0.0368958
18 0.357422 0.630469 0.459375 0.335938 0.0290833
4 0.363672 0.620703 0.503906 0.332031 0.0263062
0 0.372461 0.622656 0.494141 0.340625 0.0220337
16 0.378906 0.624219 0.514063 0.340625 0.0218658
11 0.356445 0.623047 0.490234 0.339844 0.0124283
10 0.356445 0.623047 0.490234 0.339844 0.0106964
16 0.457129 0.632031 0.654492 0.407813 0.00408554
24 0.363672 0.620703 0.503906 0.332031 0.00402451
6 0.449609 0.63125 0.605469 0.373437 0.00397491
15 0.346094 0.632812 0.471094 0.339063 0.00277901
5 0.363672 0.620703 0.503906 0.332031 0.00237846
7 0.399219 0.639063 0.595313 0.4 0.00230598
3 0.344727 0.630469 0.459766 0.332813 0.00223351
25 0.35 0.621484 0.467969 0.330469 0.00199509
18 0.399219 0.639063 0.595313 0.4 0.00189686
2 0.399219 0.639063 0.595313 0.4 0.00152493
0 0.449609 0.63125 0.605469 0.373437 0.00142097
12 0.276172 0.538184 0.446875 0.34082 0.00119209
13 0.276172 0.538184 0.446875 0.34082 0.00114727
0 0.336914 0.603906 0.455859 0.265625 0.00110722
6 0.319531 0.598437 0.41875 0.282813 0.00108624
2 0.330469 0.613281 0.401563 0.309375 0.160278
14 0.330469 0.613281 0.401563 0.309375 0.143677
6 0.321484 0.662891 0.377344 0.215625 0.0769653
23 0.335156 0.620703 0.420312 0.301563 0.0710449
14 0.321484 0.662891 0.377344 0.215625 0.0432129
2 0.321484 0.662891 0.377344 0.215625 0.0413208
6 0.336328 0.613281 0.423438 0.3125 0.0254669
4 0.346094 0.623438 0.444531 0.325 0.0189362
9 0.330469 0.613281 0.401563 0.309375 0.0132217
9 0.321484 0.662891 0.377344 0.215625 0.0123825
7 0.321484 0.662891 0.377344 0.215625 0.0112457
23 0.321484 0.662891 0.377344 0.215625 0.0104523
18 0.321484 0.662891 0.377344 0.215625 0.00993347
4 0.321484 0.662891 0.377344 0.215625 0.00971222
25 0.336328 0.613281 0.423438 0.3125 0.00787354
16 0.321484 0.662891 0.377344 0.215625 0.00787354
11 0.330469 0.613281 0.401563 0.309375 0.00784302
10 0.330469 0.613281 0.401563 0.309375 0.0078125
10 0.321484 0.662891 0.377344 0.215625 0.00731659
0 0.346094 0.623438 0.444531 0.325 0.0068512
12 0.585547 0.412891 0.828906 0.825781 0.00638962
7 0.336328 0.613281 0.423438 0.3125 0.00471878
16 0.317773 0.708594 0.402734 0.245312 0.00468063
16 0.336328 0.613281 0.423438 0.3125 0.00446701
18 0.32832 0.6125 0.409766 0.301563 0.00443268
0 0.321484 0.662891 0.377344 0.215625 0.00438309
25 0.325439 0.654688 0.384277 0.239063 0.00356483
11 0.321484 0.662891 0.377344 0.215625 0.00311089
6 0.392871 0.665625 0.673633 0.575 0.00253105
13 0.585547 0.412891 0.828906 0.825781 0.00230598
2 0.360742 0.610547 0.548828 0.325781 0.00222588
12 0.472656 0.402344 0.892188 0.804688 0.00219917
2 0.367188 0.782227 0.633594 0.435547 0.00214005
2 0.392871 0.665625 0.673633 0.575 0.00211525
6 0.418066 0.620703 0.610742 0.374219 0.00192642
5 0.321484 0.662891 0.377344 0.215625 0.00177479
15 0.351562 0.608203 0.460938 0.294531 0.0017004
12 0.567578 0.527344 0.864844 0.945312 0.0016613
5 0.330469 0.613281 0.401563 0.309375 0.0016613
16 0.344531 0.777344 0.665625 0.445312 0.0016613
1 0.352734 0.634766 0.489063 0.358594 0.00160408
2 0.317773 0.708594 0.402734 0.245312 0.00157356
2 0.398047 0.558496 0.594531 0.542383 0.00148392
13 0.534766 0.53125 0.880469 0.9375 0.00148392
13 0.409473 0.617969 0.579492 0.332813 0.00146675
3 0.346094 0.623438 0.444531 0.325 0.00145531
14 0.392871 0.665625 0.673633 0.575 0.00144958
12 0.352734 0.634766 0.489063 0.358594 0.00143242
16 0.409473 0.617969 0.579492 0.332813 0.00139904
1 0.585547 0.412891 0.828906 0.825781 0.00129986
17 0.344531 0.629687 0.45625 0.329688 0.00129414
14 0.360742 0.610547 0.548828 0.325781 0.00121117
12 0.676953 0.451562 0.646094 0.8875 0.0012064
6 0.317773 0.708594 0.402734 0.245312 0.0011692
1 0.398047 0.558496 0.594531 0.542383 0.00109863
0 0.392871 0.665625 0.673633 0.575 0.00104046
12 0.398047 0.558496 0.594531 0.542383 0.00102806
16 0.392871 0.665625 0.673633 0.575 0.00102425
11 0.418066 0.620703 0.610742 0.374219 0.00101185
14 0.380859 0.61875 0.542188 0.34375 0.127686
2 0.425391 0.628125 0.636719 0.375 0.0950317
9 0.425391 0.628125 0.636719 0.375 0.0435181
14 0.457715 0.635938 0.718945 0.420312 0.0396423
7 0.425391 0.628125 0.636719 0.375 0.0285492
4 0.380859 0.61875 0.542188 0.34375 0.0197144
2 0.336328 0.614062 0.455469 0.320312 0.0184784
23 0.354297 0.620313 0.480469 0.3375 0.0145569
23 0.425391 0.628125 0.636719 0.375 0.0139008
6 0.425391 0.628125 0.636719 0.375 0.0112457
9 0.336328 0.614062 0.455469 0.320312 0.0107346
4 0.457715 0.635938 0.718945 0.420312 0.00971222
18 0.415625 0.635938 0.616406 0.392188 0.00784302
7 0.469531 0.677344 0.754687 0.501563 0.00621796
2 0.469531 0.677344 0.754687 0.501563 0.00564194
0 0.425391 0.628125 0.636719 0.375 0.00548935
0 0.469531 0.677344 0.754687 0.501563 0.00424957
6 0.469531 0.677344 0.754687 0.501563 0.00424957
10 0.425391 0.628125 0.636719 0.375 0.0039444
0 0.328125 0.614453 0.429688 0.316406 0.00367928
16 0.415625 0.635938 0.616406 0.392188 0.00349617
6 0.336328 0.614062 0.455469 0.320312 0.00269318
9 0.469531 0.677344 0.754687 0.501563 0.00245285
25 0.336328 0.614062 0.455469 0.320312 0.00213242
14 0.288672 0.607813 0.363281 0.30625 0.00198746
24 0.415625 0.635938 0.616406 0.392188 0.00197983
5 0.402734 0.619531 0.595313 0.360938 0.00181007
7 0.354297 0.620313 0.480469 0.3375 0.00177479
18 0.469531 0.677344 0.754687 0.501563 0.00169373
2 0.277686 0.601172 0.339941 0.283594 0.00159168
10 0.469531 0.677344 0.754687 0.501563 0.00152493
11 0.425391 0.628125 0.636719 0.375 0.00140476
7 0.500391 0.550781 0.892969 0.784375 0.00135612
4 0.288672 0.607813 0.363281 0.30625 0.00135612
25 0.457715 0.635938 0.718945 0.420312 0.00130463
23 0.277686 0.601172 0.339941 0.283594 0.0012846
16 0.459473 0.680469 0.785742 0.489063 0.00127888
5 0.336328 0.614062 0.455469 0.320312 0.00123024
12 0.239258 0.405469 0.478516 0.674219 0.00118351
10 0.336328 0.614062 0.455469 0.320312 0.00117874
18 0.326172 0.617188 0.432031 0.31875 0.00105286
14 0.347656 0.619141 0.471875 0.316406 0.275146
2 0.347656 0.614844 0.4625 0.332813 0.122131
4 0.347656 0.619141 0.471875 0.316406 0.0997925
9 0.347656 0.614844 0.4625 0.332813 0.076416
23 0.349219 0.617969 0.463281 0.321875 0.0742188
6 0.343359 0.611719 0.455469 0.325 0.0185394
7 0.346289 0.617188 0.461328 0.334375 0.0145569
18 0.346289 0.617188 0.461328 0.334375 0.011734
0 0.346289 0.616797 0.467578 0.325781 0.00542831
25 0.345703 0.619141 0.471094 0.316406 0.0030632
16 0.346289 0.617188 0.461328 0.334375 0.00284576
10 0.347656 0.614844 0.4625 0.332813 0.00273705
24 0.346289 0.6125 0.461328 0.339063 0.00212479
15 0.346289 0.6125 0.461328 0.339063 0.00185299
1 0.299805 0.611719 0.381641 0.30625 0.00146675
5 0.343359 0.611719 0.455469 0.325 0.00141621
6 0.344336 0.607813 0.548047 0.396875 0.00130939
11 0.344141 0.614062 0.472656 0.323438 0.00117397
14 0.351367 0.625 0.474609 0.328125 0.300781
2 0.351367 0.625 0.474609 0.328125 0.181885
23 0.366211 0.628125 0.503516 0.329688 0.0670776
14 0.4 0.669141 0.630469 0.472656 0.0275879
2 0.4 0.669141 0.630469 0.472656 0.0272675
14 0.285547 0.617188 0.336719 0.298438 0.0234222
4 0.330469 0.623438 0.432031 0.329688 0.0191193
6 0.307813 0.620313 0.378906 0.309375 0.0106506
7 0.364453 0.633203 0.501563 0.344531 0.0100098
9 0.330469 0.623438 0.432031 0.329688 0.00844574
2 0.285547 0.617188 0.336719 0.298438 0.008255
25 0.330469 0.623438 0.432031 0.329688 0.00790405
4 0.4 0.669141 0.630469 0.472656 0.00714874
18 0.358594 0.633203 0.49375 0.339844 0.00475693
0 0.35332 0.622656 0.478516 0.307813 0.00439835
10 0.307813 0.620313 0.378906 0.309375 0.00436401
12 0.294922 0.369531 0.589844 0.739062 0.00397491
10 0.364453 0.633203 0.501563 0.344531 0.00359344
9 0.4 0.669141 0.630469 0.472656 0.00340271
6 0.4 0.669141 0.630469 0.472656 0.00314713
6 0.364453 0.633203 0.501563 0.344531 0.00263214
12 0.247266 0.375391 0.494531 0.7 0.00242424
0 0.4 0.669141 0.630469 0.472656 0.00242424
2 0.243311 0.603906 0.256348 0.260156 0.00240517
23 0.241211 0.598828 0.255859 0.236719 0.00215721
25 0.241211 0.598828 0.255859 0.236719 0.00196457
14 0.241211 0.598828 0.255859 0.236719 0.00181007
16 0.367578 0.623828 0.521094 0.332031 0.00178909
25 0.4 0.669141 0.630469 0.472656 0.00175476
7 0.307813 0.620313 0.378906 0.309375 0.00162315
23 0.285547 0.617188 0.336719 0.298438 0.00152493
23 0.4 0.669141 0.630469 0.472656 0.00151253
13 0.294922 0.369531 0.589844 0.739062 0.00143814
0 0.241211 0.598828 0.255859 0.236719 0.00136662
10 0.4 0.669141 0.630469 0.472656 0.00136185
2 0.412109 0.706641 0.708594 0.586719 0.00123024
5 0.307813 0.620313 0.378906 0.309375 0.00102425
14 0.341797 0.616016 0.466406 0.335156 0.478516
2 0.340625 0.616406 0.460938 0.334375 0.42334
23 0.339453 0.619531 0.45625 0.33125 0.0639648
4 0.339453 0.619531 0.45625 0.33125 0.0157776
25 0.341797 0.616016 0.466406 0.335156 0.0154266
2 0.270117 0.604688 0.314453 0.273438 0.0146179
9 0.341016 0.617969 0.45625 0.340625 0.0127258
6 0.345313 0.610156 0.46875 0.351562 0.0102081
23 0.270117 0.604688 0.314453 0.273438 0.00993347
18 0.352148 0.609375 0.451953 0.335938 0.0088501
14 0.270117 0.604688 0.314453 0.273438 0.00881195
7 0.341211 0.61875 0.462891 0.332813 0.00769424
10 0.341797 0.616016 0.466406 0.335156 0.00568771
25 0.270117 0.604688 0.314453 0.273438 0.00471878
16 0.348828 0.613281 0.460156 0.332813 0.0046463
4 0.270117 0.604688 0.314453 0.273438 0.00288963
0 0.338086 0.617578 0.444141 0.322656 0.00284576
5 0.343555 0.607813 0.469141 0.354688 0.00177479
1 0.33125 0.614844 0.439844 0.31875 0.00161076
0 0.270117 0.604688 0.314453 0.273438 0.00129986
12 0.33125 0.614844 0.439844 0.31875 0.00108147
14 0.339844 0.6125 0.446875 0.320312 0.596191
2 0.339844 0.6125 0.446875 0.320312 0.387695
23 0.341406 0.614844 0.45 0.315625 0.179565
4 0.341016 0.619531 0.452344 0.323438 0.0509033
9 0.341016 0.619531 0.452344 0.323438 0.025177
25 0.319531 0.607031 0.417188 0.304688 0.0146179
0 0.334375 0.6125 0.448438 0.314063 0.0109482
6 0.316016 0.615625 0.403125 0.310937 0.00919342
17 0.319531 0.607031 0.417188 0.304688 0.00413513
7 0.318701 0.628125 0.393848 0.303125 0.00403976
10 0.341016 0.619531 0.452344 0.323438 0.00261116
18 0.316016 0.615625 0.403125 0.310937 0.00247192
8 0.316016 0.608594 0.405469 0.3 0.0020504
15 0.316016 0.608594 0.405469 0.3 0.00176811
3 0.319531 0.607031 0.417188 0.304688 0.00151253
14 0.341406 0.614062 0.457813 0.328125 0.651367
2 0.341406 0.614062 0.457813 0.328125 0.541016
23 0.312891 0.600781 0.4 0.273438 0.190674
23 0.357812 0.627344 0.4875 0.345313 0.0630493
7 0.357812 0.627344 0.4875 0.345313 0.0232391
2 0.260889 0.586719 0.302441 0.223438 0.0128708
2 0.3625 0.640625 0.564063 0.421875 0.0124817
23 0.260889 0.586719 0.302441 0.223438 0.0104065
4 0.312891 0.600781 0.4 0.273438 0.00878143
14 0.3625 0.640625 0.564063 0.421875 0.00857544
25 0.312891 0.600781 0.4 0.273438 0.00731659
14 0.260889 0.586719 0.302441 0.223438 0.00674438
0 0.312891 0.600781 0.4 0.273438 0.00669098
7 0.312891 0.600781 0.4 0.273438 0.00600433
10 0.34375 0.616406 0.453125 0.317188 0.00460815
4 0.357812 0.627344 0.4875 0.345313 0.00443268
6 0.312891 0.600781 0.4 0.273438 0.00426483
6 0.35 0.622656 0.484375 0.36875 0.00391388
25 0.35 0.622656 0.484375 0.36875 0.00382423
9 0.360156 0.626172 0.50625 0.357031 0.00340271
9 0.305273 0.603906 0.391016 0.299219 0.00263214
25 0.260889 0.586719 0.302441 0.223438 0.00261116
18 0.357812 0.627344 0.4875 0.345313 0.00250244
0 0.260889 0.586719 0.302441 0.223438 0.00188923
12 0.630469 0.404297 0.739062 0.766406 0.00159168
4 0.260889 0.586719 0.302441 0.223438 0.00150108
16 0.291357 0.606641 0.361035 0.305469 0.00149536
6 0.260889 0.586719 0.302441 0.223438 0.0014782
12 0.326367 0.377734 0.652734 0.755469 0.00133038
18 0.312891 0.600781 0.4 0.273438 0.00109482
14 0.359375 0.631641 0.472656 0.342969 0.854004
2 0.367188 0.626563 0.489063 0.33125 0.591797
23 0.348047 0.630859 0.452344 0.341406 0.27832
2 0.287061 0.614844 0.32666 0.3 0.0233307
9 0.357812 0.642188 0.484375 0.3625 0.0218658
25 0.341016 0.621875 0.432031 0.314063 0.014389
14 0.287061 0.614844 0.32666 0.3 0.0120544
23 0.283594 0.603125 0.326562 0.264062 0.008255
4 0.369141 0.639063 0.486719 0.353125 0.00806427
10 0.341016 0.621875 0.432031 0.314063 0.00542831
7 0.359766 0.639844 0.480469 0.360938 0.00455475
25 0.283594 0.603125 0.326562 0.264062 0.00337601
6 0.359766 0.639844 0.480469 0.360938 0.00317192
18 0.359766 0.639844 0.480469 0.360938 0.00294685
0 0.341016 0.621875 0.432031 0.314063 0.00286674
17 0.345703 0.632812 0.463281 0.340625 0.00158501
5 0.367188 0.626563 0.489063 0.33125 0.0011692
1 0.367188 0.626563 0.489063 0.33125 0.00114727
14 0.338672 0.60625 0.472656 0.332813 0.539062
2 0.338672 0.60625 0.472656 0.332813 0.520508
23 0.340625 0.613281 0.476562 0.329688 0.250244
9 0.345313 0.619141 0.48125 0.341406 0.0137405
25 0.338672 0.60625 0.472656 0.332813 0.0137405
4 0.342969 0.614844 0.476562 0.346875 0.0122375
10 0.335938 0.609375 0.470313 0.329688 0.0091629
6 0.335938 0.609375 0.470313 0.329688 0.00731659
18 0.350781 0.625781 0.504687 0.365625 0.00728989
7 0.340625 0.613281 0.476562 0.329688 0.0049057
0 0.337305 0.612891 0.469141 0.349219 0.00426483
16 0.328516 0.603906 0.452344 0.33125 0.00370789
15 0.337305 0.612891 0.469141 0.349219 0.00156689
3 0.337305 0.612891 0.469141 0.349219 0.00107288
11 0.337305 0.612891 0.469141 0.349219 0.00104046
14 0.371289 0.633984 0.530078 0.377344 0.955078
2 0.379688 0.63125 0.542969 0.384375 0.259766
4 0.364063 0.628125 0.514844 0.357812 0.252441
23 0.371289 0.633984 0.530078 0.377344 0.209473
9 0.380469 0.635156 0.559375 0.390625 0.0761108
10 0.359375 0.630859 0.509375 0.364844 0.0156021
25 0.359375 0.630859 0.509375 0.364844 0.0149002
14 0.301904 0.623438 0.389941 0.332813 0.0138474
23 0.315039 0.623828 0.411328 0.330469 0.0128708
25 0.301904 0.623438 0.389941 0.332813 0.00402451
7 0.398828 0.633594 0.603906 0.4 0.00313568
18 0.398828 0.633594 0.603906 0.4 0.00300407
5 0.359375 0.630859 0.509375 0.364844 0.00273705
6 0.370313 0.634375 0.535937 0.371875 0.00212479
0 0.359961 0.626172 0.508984 0.353906 0.00195694
12 0.650781 0.413281 0.698438 0.826563 0.00191879
2 0.301904 0.623438 0.389941 0.332813 0.00159168
8 0.315625 0.619531 0.414062 0.329688 0.00152493
17 0.315625 0.619531 0.414062 0.329688 0.00112438
16 0.315039 0.623828 0.411328 0.330469 0.00112057
2 0.374609 0.617578 0.509375 0.328906 0.67334
14 0.371875 0.615625 0.510156 0.323438 0.432129
23 0.367773 0.615234 0.507422 0.321094 0.144165
7 0.371875 0.620703 0.489844 0.328906 0.125977
23 0.325781 0.59375 0.427344 0.25625 0.042572
4 0.367773 0.615234 0.507422 0.321094 0.0184021
6 0.367773 0.615234 0.507422 0.321094 0.0107346
9 0.369531 0.621875 0.489063 0.339063 0.0104904
18 0.369531 0.621875 0.489063 0.339063 0.0101318
0 0.367773 0.615234 0.507422 0.321094 0.00812531
10 0.371484 0.614844 0.517969 0.323438 0.00720596
25 0.325781 0.59375 0.427344 0.25625 0.00717545
2 0.325781 0.59375 0.427344 0.25625 0.00602722
14 0.325781 0.59375 0.427344 0.25625 0.00591278
0 0.325781 0.59375 0.427344 0.25625 0.00395966
6 0.325781 0.59375 0.427344 0.25625 0.00366402
4 0.325781 0.59375 0.427344 0.25625 0.00362206
16 0.315234 0.608984 0.411719 0.297656 0.00314713
10 0.325781 0.59375 0.427344 0.25625 0.00263214
25 0.371875 0.615625 0.510156 0.323438 0.0024929
3 0.325781 0.59375 0.427344 0.25625 0.00134087
18 0.325781 0.59375 0.427344 0.25625 0.0012846
16 0.375781 0.628516 0.539062 0.367969 0.00101185
14 0.35 0.618359 0.464844 0.341406 0.774414
2 0.357422 0.619922 0.469531 0.347656 0.711426
23 0.349609 0.623438 0.464844 0.334375 0.24585
4 0.349609 0.623438 0.464844 0.334375 0.0275879
23 0.283154 0.616016 0.346191 0.307031 0.0222931
25 0.35 0.618359 0.464844 0.341406 0.00803375
0 0.345898 0.623438 0.453516 0.328125 0.00701141
7 0.359961 0.621094 0.452734 0.339063 0.0050621
9 0.349609 0.623438 0.464844 0.334375 0.00446701
2 0.279297 0.615625 0.336719 0.317188 0.00385475
25 0.277344 0.616797 0.336719 0.298438 0.00348282
18 0.359961 0.621094 0.452734 0.339063 0.00319672
10 0.345898 0.623438 0.453516 0.328125 0.00264168
14 0.279297 0.615625 0.336719 0.317188 0.00233269
8 0.283154 0.616016 0.346191 0.307031 0.00123978
16 0.363672 0.621484 0.483594 0.342969 0.00123978
1 0.35 0.618359 0.464844 0.341406 0.00117397
6 0.329297 0.616406 0.423438 0.33125 0.00116539
16 0.279297 0.615625 0.336719 0.317188 0.00102806
2 0.351562 0.61875 0.471875 0.335938 0.910156
14 0.351562 0.61875 0.471875 0.335938 0.778809
23 0.347266 0.616797 0.466406 0.322656 0.30249
2 0.386328 0.633594 0.564844 0.403125 0.256836
7 0.341992 0.612891 0.466016 0.325781 0.0477905
18 0.347656 0.609766 0.48125 0.349219 0.0387573
10 0.347266 0.616797 0.466406 0.322656 0.0248871
14 0.386328 0.633594 0.564844 0.403125 0.0158997
9 0.351953 0.618359 0.491406 0.363281 0.00769424
25 0.351562 0.61875 0.471875 0.335938 0.00740433
16 0.342578 0.619922 0.445312 0.319531 0.00481033
4 0.34668 0.622656 0.467578 0.31875 0.00445175
7 0.386328 0.633594 0.564844 0.403125 0.00322342
6 0.347656 0.609766 0.48125 0.349219 0.00273705
23 0.386328 0.633594 0.564844 0.403125 0.00239754
0 0.34668 0.622656 0.467578 0.31875 0.00219154
19 0.430078 0.578516 0.289062 0.24375 0.00217438
16 0.370117 0.626953 0.571484 0.408594 0.00150681
14 0.355078 0.622266 0.45625 0.330469 0.822266
2 0.349414 0.61875 0.450391 0.317188 0.0794678
23 0.349414 0.61875 0.450391 0.317188 0.0403748
4 0.354297 0.625781 0.455469 0.332813 0.00912476
25 0.349414 0.61875 0.450391 0.317188 0.00462723
0 0.344531 0.623828 0.433594 0.322656 0.003088
10 0.349414 0.61875 0.450391 0.317188 0.00261116
14 0.299609 0.617188 0.349219 0.304688 0.00168133
9 0.360156 0.629687 0.524219 0.364063 0.00123978
14 0.398438 0.621484 0.571875 0.350781 0.496094
2 0.383203 0.628125 0.533594 0.3625 0.305664
23 0.373437 0.620703 0.514063 0.325781 0.131592
9 0.384375 0.632812 0.557813 0.375 0.0708008
4 0.373437 0.620703 0.514063 0.325781 0.0675659
7 0.369336 0.625391 0.509766 0.333594 0.0526123
18 0.369336 0.630469 0.514453 0.353125 0.0113754
23 0.304492 0.607813 0.383203 0.282813 0.00734711
0 0.366797 0.617188 0.507031 0.309375 0.00669098
6 0.366797 0.617188 0.507031 0.309375 0.00595856
10 0.398438 0.621484 0.571875 0.350781 0.0042305
23 0.26543 0.587891 0.302734 0.232031 0.00332451
25 0.26543 0.587891 0.302734 0.232031 0.00325966
2 0.392969 0.65625 0.639063 0.45 0.00290108
16 0.386719 0.639844 0.545313 0.379688 0.00234222
25 0.366797 0.617188 0.507031 0.309375 0.0017271
0 0.388672 0.638672 0.580469 0.388281 0.00168705
12 0.700586 0.551953 0.598828 0.896094 0.00140476
25 0.304492 0.607813 0.383203 0.282813 0.00130463
25 0.388672 0.638672 0.580469 0.388281 0.00123501
14 0.359766 0.620313 0.490625 0.335938 0.796875
2 0.364648 0.61875 0.503516 0.370313 0.271973
23 0.354883 0.620313 0.469141 0.3125 0.0766602
14 0.293945 0.608984 0.337109 0.271094 0.00971222
4 0.354883 0.620313 0.469141 0.3125 0.00536346
2 0.293945 0.608984 0.337109 0.271094 0.00416565
10 0.358594 0.616016 0.486719 0.347656 0.0041008
23 0.293945 0.608984 0.337109 0.271094 0.00374985
25 0.358594 0.616016 0.486719 0.347656 0.00265312
25 0.293945 0.608984 0.337109 0.271094 0.00194931
7 0.360352 0.626953 0.483984 0.336719 0.00138855
9 0.360352 0.626953 0.483984 0.336719 0.00124454
10 0.31582 0.6125 0.388672 0.298438 0.00119209
14 0.344922 0.623828 0.46875 0.333594 0.789062
2 0.34375 0.623438 0.467969 0.3375 0.511719
23 0.331055 0.623047 0.434766 0.316406 0.0239563
7 0.34375 0.623438 0.467969 0.3375 0.00494385
25 0.344141 0.622656 0.471094 0.345313 0.00307465
9 0.345313 0.623047 0.490625 0.360156 0.0026722
10 0.344141 0.622656 0.471094 0.345313 0.00133514
4 0.345313 0.623047 0.490625 0.360156 0.00121593
6 0.331055 0.623047 0.434766 0.316406 0.00107765
14 0.311279 0.619922 0.378223 0.303906 0.459961
14 0.36875 0.630078 0.504687 0.332031 0.289307
14 0.255029 0.617969 0.268848 0.279687 0.271973
2 0.369141 0.626953 0.505469 0.327344 0.0648804
23 0.255029 0.617969 0.268848 0.279687 0.0430298
23 0.311279 0.619922 0.378223 0.303906 0.0182648
2 0.255029 0.617969 0.268848 0.279687 0.0119629
2 0.311279 0.619922 0.378223 0.303906 0.0117798
23 0.36875 0.630078 0.504687 0.332031 0.00901794
4 0.311279 0.619922 0.378223 0.303906 0.00653839
4 0.255029 0.617969 0.268848 0.279687 0.00469971
25 0.255029 0.617969 0.268848 0.279687 0.00362206
9 0.36875 0.630078 0.504687 0.332031 0.00282288
4 0.36875 0.630078 0.504687 0.332031 0.00239754
14 0.227783 0.605469 0.216309 0.233594 0.00214958
23 0.227783 0.605469 0.216309 0.233594 0.0016489
25 0.227783 0.605469 0.216309 0.233594 0.00159168
10 0.314893 0.624219 0.394434 0.304688 0.00141048
9 0.311279 0.619922 0.378223 0.303906 0.00123978
7 0.357031 0.621094 0.475 0.3125 0.00117874
14 0.379688 0.621875 0.525 0.321875 0.870605
14 0.311719 0.608594 0.376563 0.275781 0.365723
23 0.311719 0.608594 0.376563 0.275781 0.044342
2 0.353516 0.617578 0.469531 0.324219 0.0438538
2 0.311719 0.608594 0.376563 0.275781 0.0324707
23 0.357031 0.618359 0.474219 0.313281 0.0130692
23 0.264258 0.607031 0.269922 0.259375 0.0104065
25 0.311719 0.608594 0.376563 0.275781 0.00725937
7 0.366406 0.629687 0.478125 0.340625 0.00486755
14 0.264258 0.607031 0.269922 0.259375 0.00348282
4 0.357031 0.618359 0.474219 0.313281 0.00336266
2 0.264258 0.607031 0.269922 0.259375 0.00244331
25 0.238867 0.586719 0.214062 0.207813 0.00211525
4 0.311719 0.608594 0.376563 0.275781 0.00188923
23 0.238867 0.586719 0.214062 0.207813 0.0017271
4 0.276758 0.716406 0.224609 0.160938 0.00128937
25 0.357031 0.618359 0.474219 0.313281 0.00110722
0 0.311719 0.608594 0.376563 0.275781 0.00105667
14 0.361719 0.637891 0.482812 0.366406 0.938965
14 0.458984 0.718359 0.688281 0.563281 0.476562
14 0.396484 0.699609 0.558594 0.507031 0.46875
4 0.396484 0.699609 0.558594 0.507031 0.113159
4 0.514063 0.691016 0.846875 0.617969 0.0866089
4 0.3625 0.629687 0.477344 0.353125 0.0499573
9 0.532813 0.7125 0.85 0.575 0.0483093
2 0.458984 0.718359 0.688281 0.563281 0.0476074
23 0.346875 0.624609 0.446875 0.325781 0.0379028
9 0.396484 0.699609 0.558594 0.507031 0.0279083
2 0.34375 0.620313 0.439063 0.320312 0.0263519
9 0.378125 0.638281 0.509375 0.382812 0.0214539
2 0.396484 0.699609 0.558594 0.507031 0.0206909
23 0.396484 0.699609 0.558594 0.507031 0.0161591
23 0.532813 0.7125 0.85 0.575 0.00803375
0 0.346875 0.624609 0.446875 0.325781 0.00382423
0 0.514063 0.691016 0.846875 0.617969 0.00379562
10 0.34375 0.620313 0.439063 0.320312 0.00351143
2 0.554688 0.640723 0.890625 0.560742 0.00287819
18 0.554688 0.640723 0.890625 0.560742 0.0026207
6 0.357031 0.723828 0.479688 0.552344 0.0026207
25 0.280273 0.604688 0.308984 0.259375 0.00258064
25 0.346875 0.624609 0.446875 0.325781 0.00247192
14 0.306592 0.6125 0.365723 0.285938 0.00246239
6 0.514063 0.691016 0.846875 0.617969 0.00224304
17 0.306592 0.6125 0.365723 0.285938 0.00223351
8 0.346875 0.624609 0.446875 0.325781 0.00191879
25 0.458984 0.718359 0.688281 0.563281 0.00191879
11 0.563672 0.524609 0.872656 0.950781 0.00136185
25 0.396484 0.699609 0.558594 0.507031 0.0011692
14 0.554688 0.640723 0.890625 0.560742 0.00101662
14 0.329297 0.623047 0.425781 0.308594 0.872559
2 0.337109 0.623438 0.450781 0.323438 0.024704
23 0.329297 0.623047 0.425781 0.308594 0.00439835
4 0.328125 0.610156 0.417188 0.285938 0.00346947
25 0.320898 0.622266 0.411328 0.311719 0.00110722
14 0.358594 0.632422 0.494531 0.353906 0.975586
23 0.357031 0.626953 0.48125 0.341406 0.108215
2 0.355469 0.625 0.484375 0.35625 0.0359497
4 0.351562 0.628906 0.482812 0.348438 0.00881195
25 0.357031 0.626953 0.48125 0.341406 0.0036068
14 0.300586 0.623438 0.369141 0.317188 0.0027256
10 0.363867 0.621875 0.498828 0.351562 0.00191212
9 0.346484 0.638281 0.505469 0.375 0.00164223
17 0.332422 0.627734 0.44375 0.325781 0.00144386
14 0.375 0.632812 0.496875 0.335938 0.95166
2 0.373828 0.633594 0.499219 0.351562 0.144653
23 0.373437 0.628125 0.511719 0.328125 0.0340881
4 0.373828 0.633203 0.500781 0.342969 0.0247498
9 0.371094 0.633594 0.510938 0.351562 0.00526047
25 0.367773 0.628906 0.495703 0.329688 0.00186729
10 0.373828 0.632422 0.499219 0.350781 0.00162315
7 0.373828 0.632422 0.499219 0.350781 0.00153637
14 0.364648 0.630469 0.505078 0.367188 0.927734
2 0.362305 0.628906 0.487109 0.360938 0.1427
14 0.274805 0.602344 0.313672 0.289062 0.0470886
16 0.381641 0.591797 0.482812 0.289062 0.0269623
2 0.274805 0.602344 0.313672 0.289062 0.0184326
23 0.350781 0.625 0.475 0.340625 0.0161591
7 0.357422 0.605859 0.474219 0.308594 0.0133743
14 0.247266 0.589063 0.258594 0.239063 0.00919342
23 0.274805 0.602344 0.313672 0.289062 0.00763702
2 0.247266 0.589063 0.258594 0.239063 0.00379562
14 0.318359 0.616406 0.410938 0.310937 0.00336266
25 0.350781 0.625 0.475 0.340625 0.00309944
16 0.476562 0.591406 0.31875 0.271875 0.00250244
25 0.247266 0.589063 0.258594 0.239063 0.00226974
25 0.274805 0.602344 0.313672 0.289062 0.00156116
10 0.348438 0.605469 0.4625 0.295312 0.00137234
23 0.247266 0.589063 0.258594 0.239063 0.0012064
14 0.361719 0.624219 0.484375 0.340625 0.979004
2 0.367969 0.639844 0.505469 0.376563 0.0235138
23 0.361719 0.624219 0.484375 0.340625 0.0118256
4 0.367969 0.639844 0.505469 0.376563 0.005867
9 0.362891 0.630469 0.494531 0.36875 0.00153637
14 0.385156 0.629687 0.534375 0.346875 0.933594
2 0.367969 0.624609 0.508594 0.363281 0.184204
14 0.306836 0.618359 0.376953 0.300781 0.0176392
23 0.382031 0.620313 0.529688 0.346875 0.0135345
2 0.302686 0.616406 0.37041 0.307813 0.00370789
4 0.373828 0.635547 0.519531 0.358594 0.00345612
9 0.367969 0.624609 0.508594 0.363281 0.00335121
23 0.306836 0.618359 0.376953 0.300781 0.00125504
25 0.371289 0.622266 0.504297 0.366406 0.00116062
7 0.372656 0.632422 0.517969 0.374219 0.00104809
14 0.349609 0.632812 0.459375 0.3625 0.813965
23 0.349219 0.628125 0.463281 0.348438 0.0342407
2 0.354688 0.630469 0.479688 0.379688 0.0253754
4 0.348828 0.634375 0.467187 0.36875 0.00322342
10 0.350781 0.627344 0.466406 0.357812 0.0016489
7 0.354688 0.630469 0.479688 0.379688 0.00153637
14 0.382812 0.63125 0.525 0.345313 0.979004
2 0.387109 0.6375 0.510156 0.34375 0.10376
14 0.286914 0.61875 0.334766 0.2875 0.0330811
2 0.286914 0.61875 0.334766 0.2875 0.00757599
23 0.382812 0.63125 0.525 0.345313 0.00526047
9 0.395313 0.636328 0.498437 0.357031 0.00275803
23 0.286914 0.61875 0.334766 0.2875 0.00216484
14 0.258398 0.603906 0.278516 0.2375 0.00144386
4 0.386328 0.632812 0.511719 0.35625 0.00141621
14 0.357812 0.616406 0.476562 0.335938 0.975098
14 0.284766 0.621094 0.332031 0.28125 0.0507202
2 0.361523 0.627734 0.483203 0.355469 0.0403748
23 0.348438 0.623438 0.460156 0.326562 0.00656509
4 0.348438 0.623438 0.460156 0.326562 0.00198746
2 0.284766 0.621094 0.332031 0.28125 0.00178909
23 0.284766 0.621094 0.332031 0.28125 0.00171375
25 0.358984 0.620703 0.482031 0.350781 0.00141048
14 0.367383 0.622266 0.487891 0.313281 0.98584
2 0.370703 0.620313 0.480469 0.31875 0.0124283
23 0.365625 0.617969 0.485156 0.314063 0.00559998
14 0.286719 0.615625 0.335938 0.273438 0.00181007
25 0.374219 0.623828 0.498437 0.327344 0.00169373
4 0.374609 0.625781 0.494531 0.321875 0.00104427
14 0.354688 0.618359 0.485938 0.338281 0.979492
14 0.287695 0.613281 0.348047 0.295312 0.0692749
23 0.313672 0.611719 0.399219 0.320312 0.00937653
2 0.357422 0.629687 0.496094 0.353125 0.0041008
21 0.347266 0.628906 0.475781 0.325 0.00117874
14 0.355859 0.615625 0.478906 0.326562 0.938965
2 0.359375 0.621094 0.4875 0.3375 0.0710449
14 0.275977 0.609375 0.312891 0.273438 0.0209656
23 0.332422 0.6125 0.439063 0.3125 0.00653839
23 0.275977 0.609375 0.312891 0.273438 0.00211525
14 0.367578 0.628906 0.520312 0.364063 0.940918
2 0.360352 0.620703 0.515234 0.361719 0.387695
23 0.366602 0.610938 0.513672 0.31875 0.0229797
23 0.277539 0.592188 0.316797 0.254688 0.0128708
14 0.277539 0.592188 0.316797 0.254688 0.0124283
7 0.362891 0.627734 0.515625 0.375781 0.00568771
10 0.277539 0.592188 0.316797 0.254688 0.00376511
10 0.366602 0.610938 0.513672 0.31875 0.00277901
25 0.366602 0.610938 0.513672 0.31875 0.00195694
8 0.277539 0.592188 0.316797 0.254688 0.00151253
14 0.341016 0.5875 0.467969 0.264062 0.00106525
14 0.351953 0.615625 0.483594 0.335938 0.947754
2 0.344922 0.614453 0.460156 0.327344 0.238647
14 0.29043 0.607813 0.350391 0.295312 0.0332031
23 0.312695 0.609766 0.401953 0.3125 0.00621796
7 0.360547 0.617578 0.514063 0.358594 0.0018034
25 0.35625 0.617188 0.5 0.335938 0.00148964
2 0.29043 0.607813 0.350391 0.295312 0.00113392
14 0.357227 0.607813 0.470703 0.299219 0.726562
2 0.36582 0.611719 0.471484 0.315625 0.17334
23 0.358984 0.599609 0.474219 0.282031 0.00737381
7 0.365234 0.576563 0.467969 0.239063 0.00598145
14 0.29668 0.594531 0.344141 0.260938 0.00228691
23 0.29668 0.594531 0.344141 0.260938 0.0011158
14 0.354492 0.585938 0.461328 0.242188 0.885742
2 0.354492 0.585938 0.461328 0.242188 0.154541
14 0.268408 0.591406 0.277246 0.23125 0.101562
23 0.330469 0.592188 0.409375 0.25625 0.0142288
2 0.268408 0.591406 0.277246 0.23125 0.0129242
23 0.268408 0.591406 0.277246 0.23125 0.0110321
14 0.448438 0.654297 0.311719 0.214844 0.00263214
7 0.355078 0.585156 0.460156 0.2375 0.00239754
10 0.268408 0.591406 0.277246 0.23125 0.0015974
25 0.268408 0.591406 0.277246 0.23125 0.00154877
14 0.466797 0.585156 0.236719 0.229687 0.00150681
14 0.355273 0.592188 0.469141 0.275 0.740234
2 0.355273 0.592188 0.469141 0.275 0.0723877
14 0.270117 0.592188 0.291797 0.248438 0.0501404
23 0.270117 0.592188 0.291797 0.248438 0.0200958
23 0.349219 0.590625 0.460938 0.2625 0.0160217
2 0.270117 0.592188 0.291797 0.248438 0.00634003
10 0.270117 0.592188 0.291797 0.248438 0.00426483
7 0.357422 0.577344 0.469531 0.245312 0.00388527
7 0.270117 0.592188 0.291797 0.248438 0.00141048
14 0.414746 0.582422 0.34082 0.239844 0.00133514
14 0.362109 0.627344 0.496875 0.348438 0.884766
2 0.373828 0.628125 0.495313 0.354688 0.59375
14 0.298438 0.608594 0.359375 0.298438 0.0208893
23 0.373828 0.628125 0.495313 0.354688 0.00230598
7 0.371289 0.627734 0.494922 0.353906 0.00189686
25 0.371289 0.627734 0.494922 0.353906 0.00142097
23 0.298438 0.608594 0.359375 0.298438 0.00109863
14 0.348828 0.594531 0.447656 0.254688 0.62793
2 0.358984 0.591406 0.451562 0.248438 0.269775
2 0.29082 0.596875 0.332422 0.254688 0.0241394
23 0.29082 0.596875 0.332422 0.254688 0.0137405
7 0.366016 0.583203 0.471094 0.239844 0.00948334
23 0.349609 0.585156 0.444531 0.239063 0.00669098
10 0.29082 0.596875 0.332422 0.254688 0.00362206
6 0.29082 0.596875 0.332422 0.254688 0.00201035
25 0.355078 0.602734 0.44375 0.273438 0.00142097
7 0.29082 0.596875 0.332422 0.254688 0.00136662
25 0.29082 0.596875 0.332422 0.254688 0.00126934
14 0.359375 0.614453 0.463281 0.302344 0.900391
2 0.365234 0.610938 0.461719 0.301563 0.0380249
14 0.321143 0.598047 0.39209 0.25 0.0360718
23 0.354102 0.60625 0.460547 0.279687 0.00319672
2 0.321143 0.598047 0.39209 0.25 0.00252151
7 0.367969 0.605469 0.464063 0.275 0.00105286
14 0.348047 0.613281 0.442969 0.307813 0.868652
14 0.301563 0.601562 0.345313 0.263281 0.0397949
2 0.352734 0.613281 0.450781 0.317188 0.029541
23 0.328906 0.605469 0.40625 0.294531 0.00382423
2 0.301563 0.601562 0.345313 0.263281 0.00158501
25 0.351562 0.612109 0.446875 0.316406 0.00137806
14 0.357227 0.621875 0.478516 0.3125 0.936523
14 0.283789 0.60625 0.313672 0.25625 0.0809326
2 0.356641 0.628906 0.475781 0.326562 0.0560303
23 0.358984 0.614844 0.478906 0.304688 0.00605011
2 0.283789 0.60625 0.313672 0.25625 0.00314713
25 0.355078 0.621875 0.479688 0.323438 0.00162315
23 0.283789 0.60625 0.313672 0.25625 0.00158501
14 0.347852 0.615625 0.457422 0.295312 0.791992
14 0.283545 0.605469 0.31416 0.252344 0.0562439
2 0.351953 0.612109 0.463281 0.305469 0.035675
23 0.336523 0.608984 0.433984 0.274219 0.0143356
23 0.283545 0.605469 0.31416 0.252344 0.0106506
2 0.283545 0.605469 0.31416 0.252344 0.00609589
25 0.351953 0.612109 0.463281 0.305469 0.0017004
10 0.283545 0.605469 0.31416 0.252344 0.00118351
25 0.283545 0.605469 0.31416 0.252344 0.00101662
14 0.355273 0.625 0.467578 0.321875 0.73584
2 0.35957 0.626953 0.467578 0.330469 0.0394897
23 0.354102 0.616406 0.457422 0.29375 0.00616837
25 0.35957 0.620313 0.466797 0.33125 0.00182438
14 0.355078 0.607813 0.453125 0.275781 0.834473
2 0.355078 0.607813 0.453125 0.275781 0.0844727
14 0.298828 0.607031 0.328125 0.242188 0.0160217
23 0.355078 0.607813 0.453125 0.275781 0.00307465
25 0.358203 0.613281 0.457813 0.303125 0.00135612
2 0.298828 0.607031 0.328125 0.242188 0.00123501
14 0.366016 0.626563 0.484375 0.325 0.782715
2 0.368359 0.628906 0.483594 0.33125 0.0863037
23 0.363281 0.622656 0.478906 0.309375 0.00307465
14 0.312695 0.6125 0.370703 0.272656 0.00209999
14 0.359961 0.625 0.487891 0.323438 0.747559
2 0.363672 0.626953 0.475 0.322656 0.0589905
23 0.360156 0.621875 0.489063 0.31875 0.00867462
14 0.295654 0.610156 0.347754 0.26875 0.00174141
7 0.363672 0.626953 0.475 0.322656 0.00112915
14 0.357031 0.607813 0.453125 0.284375 0.770508
2 0.354688 0.617969 0.447656 0.313281 0.113953
14 0.283789 0.604688 0.306641 0.25 0.0085144
23 0.352148 0.605469 0.444141 0.270313 0.0068779
25 0.35625 0.616406 0.44375 0.317188 0.00158501
23 0.283789 0.604688 0.306641 0.25 0.00139427
2 0.283789 0.604688 0.306641 0.25 0.00112438
14 0.365625 0.629297 0.469531 0.349219 0.845703
2 0.365625 0.630859 0.470313 0.357031 0.0611877
23 0.362891 0.626563 0.464844 0.332813 0.00317192
25 0.364844 0.625 0.46875 0.353125 0.0014782
14 0.365234 0.624219 0.453125 0.31875 0.720215
2 0.370313 0.626563 0.446875 0.321875 0.177246
23 0.364453 0.619922 0.452344 0.301563 0.00605011
7 0.370313 0.626563 0.446875 0.321875 0.00153637
25 0.370313 0.623047 0.45 0.321094 0.00119686
14 0.361328 0.621094 0.452344 0.304688 0.822266
2 0.368945 0.626563 0.461328 0.325 0.112
23 0.361328 0.621094 0.452344 0.304688 0.00307465
25 0.368359 0.625 0.460156 0.328125 0.00181007
14 0.360352 0.617969 0.436328 0.304688 0.884766
2 0.363281 0.622656 0.442969 0.314063 0.0891113
7 0.366406 0.616406 0.446875 0.3 0.0019722
23 0.360938 0.617188 0.439844 0.298438 0.00186729
14 0.366016 0.629687 0.475 0.334375 0.851074
2 0.364258 0.624219 0.473828 0.3375 0.00496292
23 0.368359 0.615234 0.475781 0.333594 0.00385475
14 0.35957 0.625781 0.451172 0.307813 0.78418
2 0.362109 0.628906 0.457813 0.3125 0.0614319
23 0.358594 0.621094 0.445312 0.289062 0.00293541
14 0.357422 0.638281 0.463281 0.329688 0.680664
2 0.357617 0.630469 0.466797 0.30625 0.0289764
14 0.330078 0.615625 0.404687 0.259375 0.00772476
14 0.353516 0.629687 0.454688 0.3125 0.810547
2 0.35332 0.629687 0.455859 0.314063 0.0200958
23 0.353516 0.629687 0.454688 0.3125 0.00201988
14 0.365039 0.632031 0.488672 0.339063 0.779785
2 0.365234 0.633594 0.485156 0.348438 0.0167847
14 0.366406 0.628906 0.482031 0.332813 0.86084
2 0.368945 0.628906 0.487109 0.334375 0.0188751
23 0.363477 0.624609 0.479297 0.316406 0.0017271
14 0.3625 0.616406 0.464844 0.301563 0.855957
14 0.317773 0.607813 0.376953 0.260156 0.0596619
2 0.366797 0.617188 0.471875 0.299219 0.0359497
23 0.359375 0.611328 0.460156 0.283594 0.00282288
2 0.317773 0.607813 0.376953 0.260156 0.00257111
14 0.359961 0.6125 0.467578 0.288281 0.806641
2 0.360547 0.617188 0.471094 0.304688 0.025177
23 0.359766 0.607031 0.469531 0.26875 0.00338936
7 0.362891 0.603516 0.469531 0.260938 0.00102425
14 0.362109 0.622656 0.467969 0.3125 0.867188
2 0.364063 0.625781 0.471094 0.3125 0.0570679
23 0.364063 0.619141 0.467187 0.296094 0.00145531
7 0.364063 0.625781 0.471094 0.3125 0.00102425
14 0.361914 0.623438 0.470703 0.31875 0.841797
2 0.366797 0.624609 0.474219 0.321094 0.0497742
23 0.361328 0.621094 0.466406 0.309375 0.00298119
14 0.355469 0.615625 0.451562 0.301563 0.770508
2 0.357812 0.614062 0.458594 0.292188 0.0207214
23 0.357422 0.610938 0.450781 0.28125 0.0017271
14 0.35957 0.618359 0.462109 0.307031 0.874023
2 0.361328 0.615234 0.463281 0.297656 0.0202942
23 0.360547 0.6125 0.463281 0.2875 0.00191879
14 0.358398 0.619141 0.459766 0.308594 0.848145
2 0.360938 0.621484 0.464063 0.314844 0.0387573
23 0.355078 0.614062 0.449219 0.301563 0.0024147
14 0.355859 0.61875 0.460156 0.31875 0.808105
2 0.356641 0.620313 0.461719 0.321875 0.0292053
23 0.354492 0.614844 0.458203 0.301563 0.00314713
14 0.35625 0.619922 0.464063 0.317969 0.848145
2 0.360938 0.621094 0.469531 0.320312 0.0526123
23 0.355078 0.615625 0.461719 0.301563 0.002388
14 0.358984 0.619141 0.453906 0.310156 0.854004
2 0.360938 0.622266 0.453906 0.314844 0.0428772
23 0.357422 0.615625 0.452344 0.295312 0.00201988
14 0.357812 0.616797 0.4625 0.313281 0.811523
2 0.360938 0.619531 0.465625 0.317188 0.0560303
23 0.356055 0.611719 0.458203 0.314063 0.00271416
14 0.358008 0.614062 0.452734 0.296875 0.795898
2 0.360938 0.617188 0.458594 0.296094 0.0980835
23 0.356445 0.610547 0.451172 0.282031 0.00183868
7 0.360938 0.617188 0.458594 0.296094 0.00161648
14 0.357812 0.620313 0.45625 0.321875 0.831055
2 0.358789 0.620703 0.457422 0.317969 0.0200958
23 0.353906 0.615234 0.45 0.303906 0.00171375
14 0.355664 0.619531 0.458203 0.317188 0.788086
2 0.35625 0.617969 0.4625 0.309375 0.0313721
23 0.353125 0.613281 0.450781 0.298438 0.00223351
14 0.358008 0.619531 0.462109 0.314063 0.788086
2 0.358203 0.619531 0.463281 0.305469 0.0391846
23 0.354883 0.612109 0.455859 0.291406 0.00232315
14 0.358984 0.621875 0.464063 0.314063 0.82666
2 0.359766 0.621484 0.463281 0.303906 0.0342407
23 0.355273 0.615625 0.456641 0.295312 0.00215721
14 0.359375 0.619922 0.4625 0.317969 0.794434
2 0.359766 0.619531 0.464063 0.309375 0.0296478
23 0.355859 0.614453 0.455469 0.3 0.00300407
14 0.358203 0.617578 0.457813 0.314844 0.778809
2 0.358984 0.617578 0.457813 0.308594 0.028656
23 0.35625 0.611328 0.453125 0.296094 0.00376511
14 0.357031 0.614062 0.454688 0.304688 0.788086
2 0.359766 0.617188 0.457813 0.305469 0.0334778
23 0.356836 0.610156 0.452734 0.292188 0.0036068
14 0.356445 0.613281 0.454297 0.29375 0.795898
2 0.359766 0.616406 0.458594 0.292188 0.0430298
23 0.356836 0.610156 0.453516 0.282813 0.00345612
14 0.355859 0.6125 0.450781 0.29375 0.792969
2 0.359375 0.615625 0.454688 0.292188 0.0409851
23 0.355664 0.609766 0.448828 0.284375 0.00405502
14 0.355859 0.613281 0.455469 0.298438 0.789062
2 0.358984 0.616406 0.459375 0.298438 0.0534058
23 0.356055 0.610156 0.452734 0.2875 0.00397491
14 0.354688 0.611719 0.453906 0.296094 0.79834
2 0.358984 0.614062 0.458594 0.295312 0.0549927
23 0.355273 0.609375 0.453516 0.285938 0.00413513
14 0.354297 0.611328 0.451562 0.292969 0.79834
2 0.358398 0.613281 0.456641 0.290625 0.0548096
23 0.355078 0.608984 0.452344 0.283594 0.00432968
14 0.353516 0.610938 0.450781 0.292188 0.800781
2 0.357422 0.6125 0.455469 0.290625 0.0538025
23 0.354492 0.608984 0.451953 0.283594 0.00391388
14 0.354297 0.6125 0.452344 0.296875 0.801758
2 0.358008 0.614062 0.457422 0.29375 0.0476074
23 0.355078 0.610156 0.453125 0.285938 0.00378036
14 0.354688 0.6125 0.452344 0.295312 0.805664
2 0.358398 0.614844 0.457422 0.29375 0.0516663
23 0.355664 0.610156 0.452734 0.285156 0.00379562
14 0.354688 0.611719 0.451562 0.29375 0.806641
2 0.358398 0.614453 0.456641 0.292969 0.0549927
23 0.355859 0.609766 0.452344 0.283594 0.00363541
14 0.355078 0.611719 0.452344 0.29375 0.803223
2 0.358594 0.614453 0.457031 0.29375 0.0522461
23 0.355859 0.609766 0.452344 0.283594 0.00382423
14 0.355273 0.611328 0.451953 0.292188 0.809082
2 0.358789 0.614062 0.456641 0.292188 0.0481262
23 0.355469 0.609375 0.451562 0.282813 0.00391388
14 0.355273 0.611328 0.453516 0.295312 0.803223
2 0.358594 0.614062 0.457813 0.295312 0.0469055
23 0.355859 0.608984 0.453906 0.285156 0.00366402
14 0.354297 0.6125 0.452344 0.296875 0.801758
2 0.357812 0.614062 0.457813 0.29375 0.0474243
23 0.354883 0.609766 0.452734 0.286719 0.00376511
