19 0.516504 0.457422 0.295117 0.309375 0.0165253
11 0.502734 0.535156 0.333594 0.375 0.00616837
3 0.502344 0.528516 0.335156 0.351562 0.00614548
14 0.502344 0.528516 0.335156 0.351562 0.00450516
20 0.502734 0.535156 0.333594 0.375 0.00333786
11 0.6625 0.458496 0.675 0.52832 0.00275803
5 0.498437 0.525391 0.357812 0.394531 0.00243378
11 0.48125 0.505469 0.453906 0.417188 0.00201035
9 0.502734 0.526172 0.339844 0.389844 0.0019722
0 0.501953 0.514063 0.342187 0.333594 0.00194168
4 0.494141 0.535547 0.344531 0.367969 0.00182438
2 0.502344 0.528516 0.335156 0.351562 0.00173378
17 0.502344 0.528516 0.335156 0.351562 0.00167465
8 0.502344 0.528516 0.335156 0.351562 0.00154877
5 0.557031 0.461719 0.707812 0.561719 0.00145531
11 0.641406 0.492578 0.717188 0.874219 0.00143242
11 0.557031 0.461719 0.707812 0.561719 0.00141048
23 0.502734 0.535156 0.333594 0.375 0.00139904
21 0.517969 0.442188 0.303906 0.359375 0.00117874
10 0.502734 0.535156 0.333594 0.375 0.00117397
11 0.554297 0.524219 0.472656 0.391406 0.00115108
14 0.48125 0.505469 0.453906 0.417188 0.00112915
5 0.483984 0.551562 0.453906 0.492188 0.0011158
3 0.483984 0.551562 0.453906 0.492188 0.00110722
9 0.6625 0.458496 0.675 0.52832 0.00110722
1 0.502734 0.526172 0.339844 0.389844 0.00102806
22 0.458496 0.604688 0.414258 0.53125 0.933594
20 0.458496 0.604688 0.414258 0.53125 0.747559
22 0.487109 0.559375 0.352344 0.420312 0.741699
17 0.487109 0.559375 0.352344 0.420312 0.684082
20 0.487109 0.559375 0.352344 0.420312 0.622559
17 0.492188 0.655859 0.834375 0.688281 0.605957
22 0.382422 0.63125 0.674219 0.7375 0.598145
17 0.458496 0.604688 0.414258 0.53125 0.594727
22 0.509766 0.666406 0.524219 0.667188 0.57959
17 0.382422 0.63125 0.674219 0.7375 0.498047
3 0.487109 0.559375 0.352344 0.420312 0.470703
22 0.492188 0.655859 0.834375 0.688281 0.42627
17 0.666406 0.639063 0.553125 0.721875 0.347656
17 0.402344 0.628125 0.585938 0.553125 0.346924
22 0.711719 0.701758 0.553125 0.596484 0.337158
3 0.458496 0.604688 0.414258 0.53125 0.321777
25 0.487109 0.559375 0.352344 0.420312 0.310791
22 0.638281 0.620703 0.723437 0.758594 0.287842
17 0.396094 0.621094 0.792188 0.757812 0.281494
22 0.666406 0.639063 0.553125 0.721875 0.275879
17 0.613672 0.65957 0.772656 0.680859 0.267334
14 0.489746 0.565527 0.354883 0.426758 0.255371
22 0.276563 0.302734 0.553125 0.605469 0.252441
20 0.382422 0.63125 0.674219 0.7375 0.2323
17 0.709375 0.727734 0.496875 0.544531 0.227417
11 0.430469 0.646191 0.496094 0.620117 0.223389
17 0.66709 0.615625 0.66582 0.76875 0.204956
22 0.402344 0.628125 0.585938 0.553125 0.203735
17 0.509766 0.666406 0.524219 0.667188 0.19873
22 0.396094 0.621094 0.792188 0.757812 0.19812
22 0.590625 0.683594 0.81875 0.632812 0.187744
17 0.369336 0.51875 0.732422 0.915625 0.180664
22 0.30918 0.358008 0.618359 0.716016 0.178955
17 0.685547 0.697852 0.628906 0.604297 0.174927
17 0.565234 0.706641 0.858594 0.586719 0.164551
17 0.276563 0.302734 0.553125 0.605469 0.161377
22 0.708984 0.707617 0.582031 0.584766 0.149536
17 0.30918 0.358008 0.618359 0.716016 0.139893
20 0.492188 0.655859 0.834375 0.688281 0.134277
14 0.458496 0.604688 0.414258 0.53125 0.13208
20 0.402344 0.628125 0.585938 0.553125 0.123352
22 0.369336 0.51875 0.732422 0.915625 0.117554
14 0.402344 0.628125 0.585938 0.553125 0.117188
10 0.430469 0.646191 0.496094 0.620117 0.113953
10 0.489746 0.565527 0.354883 0.426758 0.111267
14 0.382422 0.63125 0.674219 0.7375 0.10968
3 0.382422 0.63125 0.674219 0.7375 0.109314
9 0.430469 0.646191 0.496094 0.620117 0.108948
17 0.648828 0.596094 0.685156 0.807813 0.105957
25 0.458496 0.604688 0.414258 0.53125 0.101257
17 0.745313 0.674316 0.509375 0.651367 0.0923462
14 0.503125 0.68125 0.845313 0.6375 0.0823975
22 0.539844 0.595313 0.448438 0.646875 0.0812378
11 0.382422 0.63125 0.674219 0.7375 0.0797729
17 0.408984 0.682422 0.817969 0.635156 0.0713501
22 0.750781 0.639844 0.498437 0.720313 0.0678101
20 0.509766 0.666406 0.524219 0.667188 0.0639648
1 0.442969 0.655664 0.81875 0.688672 0.062561
17 0.359766 0.420312 0.719531 0.840625 0.0592041
11 0.487109 0.559375 0.352344 0.420312 0.0570679
22 0.425781 0.707227 0.851562 0.585547 0.0548096
17 0.718359 0.363477 0.563281 0.726953 0.0541992
22 0.771094 0.710352 0.457813 0.579297 0.0539856
22 0.343359 0.413672 0.642969 0.827344 0.0538025
17 0.455469 0.73418 0.839063 0.531641 0.0535889
20 0.276563 0.302734 0.553125 0.605469 0.0526123
20 0.590625 0.683594 0.81875 0.632812 0.0509033
1 0.430469 0.646191 0.496094 0.620117 0.0490417
10 0.382422 0.63125 0.674219 0.7375 0.0486755
3 0.402344 0.628125 0.585938 0.553125 0.0472412
3 0.503125 0.68125 0.845313 0.6375 0.0472412
24 0.503223 0.613281 0.401367 0.5625 0.0463867
17 0.561621 0.367578 0.670508 0.735156 0.0441895
13 0.382422 0.63125 0.674219 0.7375 0.0441895
20 0.396094 0.621094 0.792188 0.757812 0.0438538
8 0.487109 0.559375 0.352344 0.420312 0.0422363
0 0.487109 0.559375 0.352344 0.420312 0.0420837
2 0.487109 0.559375 0.352344 0.420312 0.0419312
22 0.718359 0.363477 0.563281 0.726953 0.0414734
22 0.641113 0.368359 0.717773 0.736719 0.0413208
17 0.766016 0.720898 0.467969 0.558203 0.0406799
1 0.554297 0.682227 0.841406 0.635547 0.0362854
17 0.639453 0.396094 0.721094 0.792188 0.0350037
14 0.369336 0.51875 0.732422 0.915625 0.0346069
8 0.402344 0.628125 0.585938 0.553125 0.0344849
9 0.406152 0.665723 0.636133 0.668555 0.0340881
20 0.666113 0.651563 0.667773 0.696875 0.0334778
5 0.382422 0.63125 0.674219 0.7375 0.0332031
8 0.382422 0.63125 0.674219 0.7375 0.032959
20 0.30918 0.358008 0.618359 0.716016 0.0324707
22 0.526465 0.339063 0.606445 0.678125 0.0318604
13 0.487109 0.559375 0.352344 0.420312 0.0303345
22 0.368945 0.660352 0.737891 0.679297 0.0301056
3 0.666406 0.639063 0.553125 0.721875 0.0297546
16 0.487109 0.559375 0.352344 0.420312 0.0296478
3 0.709375 0.727734 0.496875 0.544531 0.029541
20 0.666406 0.639063 0.553125 0.721875 0.0294189
17 0.539844 0.595313 0.448438 0.646875 0.0293121
17 0.734375 0.71875 0.53125 0.5625 0.0282135
20 0.648828 0.596094 0.685156 0.807813 0.0279083
14 0.509766 0.666406 0.524219 0.667188 0.0276947
1 0.406152 0.665723 0.636133 0.668555 0.0273285
14 0.614844 0.683008 0.770312 0.633984 0.0272675
14 0.396094 0.621094 0.792188 0.757812 0.0271759
5 0.430469 0.646191 0.496094 0.620117 0.0270691
17 0.292383 0.685938 0.584766 0.628125 0.0268555
22 0.441797 0.372266 0.716406 0.744531 0.0267639
1 0.691016 0.679297 0.617969 0.641406 0.0264587
13 0.430469 0.646191 0.496094 0.620117 0.0259552
17 0.382031 0.424609 0.604688 0.849219 0.0252686
14 0.539844 0.595313 0.448438 0.646875 0.0248871
22 0.542188 0.464844 0.473438 0.879687 0.0247955
3 0.396094 0.621094 0.792188 0.757812 0.0244293
1 0.382812 0.597266 0.765625 0.805469 0.0240936
13 0.503125 0.68125 0.845313 0.6375 0.0236969
17 0.66875 0.347656 0.6625 0.695312 0.0229797
22 0.292773 0.248438 0.471484 0.496875 0.0227966
22 0.692969 0.403906 0.614062 0.807813 0.0227203
11 0.503223 0.613281 0.401367 0.5625 0.0222931
17 0.59375 0.321484 0.8125 0.642969 0.02211
20 0.425781 0.707227 0.851562 0.585547 0.0219421
22 0.339063 0.471484 0.678125 0.913281 0.021698
17 0.692187 0.427734 0.615625 0.855469 0.0215302
14 0.666113 0.651563 0.667773 0.696875 0.0212097
17 0.292773 0.248438 0.471484 0.496875 0.0209656
20 0.711719 0.701758 0.553125 0.596484 0.0208893
1 0.684375 0.69375 0.63125 0.6125 0.0207977
3 0.66709 0.615625 0.66582 0.76875 0.0205688
22 0.771094 0.276563 0.457813 0.553125 0.0204926
20 0.369336 0.51875 0.732422 0.915625 0.0199432
1 0.613281 0.637891 0.773438 0.724219 0.0199127
17 0.337695 0.611719 0.675391 0.776563 0.0190582
17 0.761328 0.498828 0.477344 0.869531 0.0189819
17 0.441797 0.372266 0.716406 0.744531 0.0188293
14 0.327539 0.361719 0.655078 0.723437 0.018692
3 0.509766 0.666406 0.524219 0.667188 0.018692
17 0.305469 0.469531 0.610938 0.898438 0.0184784
16 0.458496 0.604688 0.414258 0.53125 0.0184784
8 0.503125 0.68125 0.845313 0.6375 0.0184784
3 0.648828 0.596094 0.685156 0.807813 0.0180511
17 0.771094 0.276563 0.457813 0.553125 0.0175171
3 0.276563 0.302734 0.553125 0.605469 0.0173798
8 0.458496 0.604688 0.414258 0.53125 0.0173798
3 0.614844 0.683008 0.770312 0.633984 0.0171051
22 0.59375 0.321484 0.8125 0.642969 0.0170441
22 0.761328 0.498828 0.477344 0.869531 0.0170441
24 0.648828 0.596094 0.685156 0.807813 0.016983
1 0.343359 0.398047 0.686719 0.796094 0.016922
17 0.640625 0.735938 0.71875 0.528125 0.0168457
1 0.455469 0.73418 0.839063 0.531641 0.0167847
1 0.489746 0.565527 0.354883 0.426758 0.0165253
20 0.359766 0.420312 0.719531 0.840625 0.0162201
20 0.539844 0.595313 0.448438 0.646875 0.0160217
17 0.241797 0.205078 0.446094 0.410156 0.0155411
1 0.718359 0.363477 0.563281 0.726953 0.0153656
13 0.503223 0.613281 0.401367 0.5625 0.0153046
0 0.402344 0.628125 0.585938 0.553125 0.0151901
17 0.55625 0.421094 0.8875 0.842188 0.0147324
11 0.503125 0.68125 0.845313 0.6375 0.0146179
14 0.217969 0.21875 0.435937 0.4375 0.014389
3 0.30918 0.358008 0.618359 0.716016 0.0143356
3 0.708984 0.707617 0.582031 0.584766 0.0142288
20 0.640625 0.708398 0.71875 0.583203 0.014061
22 0.55625 0.421094 0.8875 0.842188 0.0140076
17 0.244141 0.403125 0.488281 0.80625 0.0139542
3 0.745313 0.674316 0.509375 0.651367 0.0138474
21 0.489746 0.565527 0.354883 0.426758 0.0137405
13 0.614844 0.683008 0.770312 0.633984 0.0135345
25 0.509766 0.666406 0.524219 0.667188 0.0134277
13 0.396094 0.621094 0.792188 0.757812 0.0133286
14 0.648828 0.596094 0.685156 0.807813 0.0132751
1 0.366797 0.711719 0.733594 0.576563 0.0132217
3 0.369336 0.51875 0.732422 0.915625 0.0130234
14 0.57959 0.654688 0.78457 0.690625 0.012825
22 0.640625 0.735938 0.71875 0.528125 0.012825
13 0.401172 0.480859 0.596094 0.741406 0.0126266
20 0.217969 0.21875 0.435937 0.4375 0.0125732
1 0.668652 0.595313 0.662695 0.809375 0.0125732
17 0.776172 0.641699 0.447656 0.716602 0.0125275
9 0.489746 0.565527 0.354883 0.426758 0.0123825
3 0.57959 0.654688 0.78457 0.690625 0.012146
11 0.30625 0.316211 0.6125 0.632422 0.0120544
1 0.692969 0.403906 0.614062 0.807813 0.0119629
1 0.561621 0.367578 0.670508 0.735156 0.0118713
1 0.292383 0.685938 0.584766 0.628125 0.0118713
14 0.501563 0.424219 0.390625 0.842188 0.0117798
11 0.648828 0.596094 0.685156 0.807813 0.0115509
3 0.539844 0.595313 0.448438 0.646875 0.0114212
8 0.396094 0.621094 0.792188 0.757812 0.0114212
22 0.343359 0.583594 0.686719 0.832812 0.0113754
16 0.402344 0.628125 0.585938 0.553125 0.0111618
22 0.639063 0.488281 0.721875 0.925 0.0109024
1 0.337695 0.611719 0.675391 0.776563 0.0108185
1 0.402344 0.525781 0.804688 0.935938 0.0107803
22 0.66875 0.320703 0.6625 0.641406 0.0107346
5 0.489746 0.565527 0.354883 0.426758 0.0106964
1 0.296094 0.429688 0.592188 0.859375 0.0106506
0 0.382422 0.63125 0.674219 0.7375 0.0105667
11 0.509766 0.666406 0.524219 0.667188 0.0105667
24 0.509766 0.666406 0.524219 0.667188 0.0104523
14 0.276563 0.302734 0.553125 0.605469 0.0101318
24 0.487109 0.559375 0.352344 0.420312 0.0101318
22 0.772656 0.390625 0.454688 0.78125 0.0100937
10 0.432813 0.575684 0.523438 0.44707 0.0100937
13 0.369336 0.51875 0.732422 0.915625 0.00985718
17 0.542188 0.464844 0.473438 0.879687 0.00978088
13 0.648828 0.596094 0.685156 0.807813 0.00978088
13 0.414062 0.707617 0.828125 0.584766 0.00978088
21 0.821094 0.238086 0.30625 0.384766 0.00967407
14 0.711719 0.701758 0.553125 0.596484 0.00959778
22 0.426953 0.454688 0.525 0.909375 0.00948334
8 0.369336 0.51875 0.732422 0.915625 0.00941467
1 0.709375 0.727734 0.496875 0.544531 0.00941467
1 0.591016 0.734961 0.817969 0.530078 0.00941467
13 0.666113 0.651563 0.667773 0.696875 0.00933838
25 0.382422 0.63125 0.674219 0.7375 0.00930023
13 0.432813 0.575684 0.523438 0.44707 0.00926971
11 0.691016 0.679297 0.617969 0.641406 0.00923157
14 0.666406 0.639063 0.553125 0.721875 0.00919342
1 0.590234 0.408984 0.819531 0.817969 0.0091629
2 0.458496 0.604688 0.414258 0.53125 0.00908661
22 0.280664 0.430469 0.561328 0.860938 0.00901794
14 0.708008 0.695312 0.583984 0.609375 0.00898743
14 0.414062 0.707617 0.828125 0.584766 0.00891876
0 0.539844 0.595313 0.448438 0.646875 0.0088501
13 0.348828 0.392578 0.697656 0.785156 0.00871277
22 0.713867 0.507031 0.572266 0.948438 0.00871277
20 0.367969 0.686719 0.735938 0.626563 0.00867462
22 0.299219 0.711133 0.598437 0.577734 0.0085144
1 0.765039 0.736133 0.469922 0.527734 0.00844574
14 0.368945 0.660352 0.737891 0.679297 0.00831604
22 0.768555 0.588672 0.462891 0.822656 0.00818634
10 0.442969 0.655664 0.81875 0.688672 0.00818634
22 0.285938 0.335938 0.571875 0.671875 0.00815582
20 0.718359 0.363477 0.563281 0.726953 0.00809479
3 0.359766 0.420312 0.719531 0.840625 0.00803375
25 0.539844 0.595313 0.448438 0.646875 0.00800323
20 0.271875 0.266797 0.54375 0.533594 0.00796509
20 0.561621 0.367578 0.670508 0.735156 0.00793457
13 0.666016 0.711719 0.667969 0.576563 0.00784302
1 0.59375 0.321484 0.8125 0.642969 0.0077858
3 0.718359 0.363477 0.563281 0.726953 0.00775528
14 0.296094 0.429688 0.592188 0.859375 0.00775528
22 0.499219 0.763867 0.826563 0.472266 0.00775528
17 0.692969 0.553516 0.614062 0.892969 0.00769424
22 0.332422 0.309766 0.569531 0.619531 0.00763702
20 0.639453 0.396094 0.721094 0.792188 0.00760651
13 0.564063 0.733594 0.859375 0.532813 0.00760651
1 0.320898 0.36543 0.641797 0.730859 0.00757599
17 0.696094 0.2875 0.607813 0.575 0.00751877
1 0.401172 0.480859 0.596094 0.741406 0.00751877
1 0.7375 0.502734 0.525 0.925781 0.00748825
19 0.517578 0.479688 0.303906 0.379688 0.00746155
21 0.439063 0.765625 0.303125 0.38125 0.00746155
14 0.226562 0.241406 0.453125 0.482812 0.00746155
22 0.696094 0.2875 0.607813 0.575 0.00743103
3 0.401172 0.480859 0.596094 0.741406 0.00728989
25 0.648828 0.596094 0.685156 0.807813 0.00728989
9 0.30625 0.316211 0.6125 0.632422 0.00720596
22 0.241797 0.205078 0.446094 0.410156 0.00717545
25 0.545313 0.657031 0.834375 0.685938 0.00717545
20 0.732813 0.699219 0.534375 0.601562 0.00714874
11 0.396094 0.621094 0.792188 0.757812 0.00706482
8 0.666406 0.639063 0.553125 0.721875 0.00706482
14 0.564063 0.733594 0.859375 0.532813 0.00701141
16 0.401172 0.480859 0.596094 0.741406 0.00698471
8 0.66709 0.615625 0.66582 0.76875 0.00695801
21 0.840625 0.17207 0.307813 0.344141 0.0069046
14 0.401172 0.480859 0.596094 0.741406 0.0069046
17 0.772656 0.390625 0.454688 0.78125 0.0068512
8 0.591406 0.707812 0.817187 0.584375 0.0068512
11 0.354102 0.39375 0.708203 0.7875 0.00669098
1 0.665625 0.610156 0.545313 0.779688 0.00669098
3 0.561621 0.367578 0.670508 0.735156 0.00653839
13 0.509766 0.666406 0.524219 0.667188 0.0064888
13 0.57959 0.654688 0.78457 0.690625 0.00641251
11 0.254492 0.254883 0.508984 0.509766 0.00638962
18 0.487109 0.559375 0.352344 0.420312 0.00638962
11 0.640234 0.639844 0.719531 0.720313 0.00634003
1 0.636328 0.451562 0.727344 0.903125 0.00631332
14 0.693359 0.375 0.613281 0.75 0.00629044
11 0.401172 0.480859 0.596094 0.741406 0.00626373
0 0.709375 0.727734 0.496875 0.544531 0.00626373
19 0.821094 0.238086 0.30625 0.384766 0.00621796
0 0.666406 0.639063 0.553125 0.721875 0.00614548
17 0.332422 0.309766 0.569531 0.619531 0.00612259
25 0.276563 0.302734 0.553125 0.605469 0.00609589
25 0.402344 0.628125 0.585938 0.553125 0.00609589
2 0.402344 0.628125 0.585938 0.553125 0.00600433
10 0.369336 0.51875 0.732422 0.915625 0.00598145
14 0.561621 0.367578 0.670508 0.735156 0.00595856
1 0.276563 0.302734 0.553125 0.605469 0.00593567
7 0.497559 0.543848 0.337695 0.385742 0.00591278
14 0.220117 0.156543 0.409766 0.313086 0.005867
24 0.406152 0.665723 0.636133 0.668555 0.00577545
10 0.666406 0.639063 0.553125 0.721875 0.00577545
20 0.305469 0.469531 0.610938 0.898438 0.00568771
13 0.692969 0.403906 0.614062 0.807813 0.00566483
11 0.35625 0.463281 0.664844 0.921875 0.00564194
3 0.639453 0.396094 0.721094 0.792188 0.00561905
19 0.530078 0.474219 0.3375 0.332813 0.0510864
16 0.598437 0.81582 0.3875 0.305859 0.0180511
19 0.596875 0.8125 0.375 0.310937 0.0135345
19 0.594922 0.659375 0.366406 0.345313 0.0113297
19 0.839063 0.226953 0.321875 0.409375 0.0112457
19 0.453906 0.652344 0.329688 0.357812 0.0109024
19 0.517188 0.549121 0.364844 0.362695 0.0103683
21 0.517188 0.549121 0.364844 0.362695 0.00888062
1 0.464453 0.405469 0.639844 0.670313 0.00796509
17 0.514063 0.637598 0.592188 0.573242 0.00656509
1 0.542285 0.574609 0.699805 0.697656 0.00619125
17 0.444922 0.401563 0.549219 0.671094 0.00614548
22 0.542285 0.574609 0.699805 0.697656 0.00614548
22 0.514063 0.637598 0.592188 0.573242 0.00605011
21 0.516406 0.458594 0.359375 0.357031 0.005867
16 0.523828 0.489941 0.360156 0.35293 0.005867
17 0.542285 0.574609 0.699805 0.697656 0.0055542
1 0.514063 0.637598 0.592188 0.573242 0.00547028
1 0.546777 0.649512 0.64082 0.700977 0.00542831
16 0.594922 0.68125 0.367969 0.325 0.00536346
22 0.444922 0.401563 0.549219 0.671094 0.00518036
16 0.841211 0.244189 0.317578 0.387402 0.00500107
12 0.503516 0.673926 0.636719 0.652148 0.00439835
11 0.503516 0.673926 0.636719 0.652148 0.00416565
17 0.546777 0.649512 0.64082 0.700977 0.00391388
16 0.520703 0.559766 0.350781 0.319531 0.00385475
4 0.503516 0.673926 0.636719 0.652148 0.00376511
19 0.792969 0.820312 0.28125 0.301563 0.00346947
20 0.527734 0.647656 0.688281 0.704688 0.00322342
12 0.564453 0.602344 0.772656 0.795313 0.00317192
1 0.516406 0.591797 0.826563 0.816406 0.00301552
22 0.546777 0.649512 0.64082 0.700977 0.00300407
1 0.503906 0.696875 0.504687 0.60625 0.00298119
1 0.453906 0.50625 0.701563 0.815625 0.00293541
19 0.598047 0.216455 0.339063 0.395215 0.00292397
12 0.446191 0.448047 0.687305 0.792969 0.00277901
14 0.527734 0.647656 0.688281 0.704688 0.00275803
16 0.503516 0.673926 0.636719 0.652148 0.00266266
13 0.503516 0.673926 0.636719 0.652148 0.00263214
11 0.587109 0.619141 0.741406 0.742969 0.0026207
16 0.567187 0.838867 0.496875 0.300391 0.00258064
4 0.564453 0.620703 0.777344 0.758594 0.00243378
16 0.453906 0.652344 0.329688 0.357812 0.00228691
11 0.451562 0.414941 0.675 0.749805 0.00226974
13 0.517188 0.549121 0.364844 0.362695 0.00223351
3 0.527734 0.647656 0.688281 0.704688 0.00221634
12 0.467969 0.51875 0.842188 0.85 0.00217438
13 0.564453 0.602344 0.772656 0.795313 0.00215721
22 0.516406 0.591797 0.826563 0.816406 0.00213242
1 0.463281 0.420312 0.825 0.839063 0.00209999
12 0.445312 0.42334 0.539062 0.681445 0.00208282
3 0.514063 0.637598 0.592188 0.573242 0.00198746
17 0.503906 0.696875 0.504687 0.60625 0.00198746
2 0.527734 0.647656 0.688281 0.704688 0.00195694
9 0.503516 0.673926 0.636719 0.652148 0.00195694
12 0.462891 0.555566 0.546094 0.662305 0.00194931
17 0.516406 0.591797 0.826563 0.816406 0.00189686
16 0.564453 0.602344 0.772656 0.795313 0.00185299
17 0.453906 0.50625 0.701563 0.815625 0.00184631
22 0.453906 0.50625 0.701563 0.815625 0.00183868
19 0.456348 0.794531 0.31543 0.3125 0.0018177
2 0.514063 0.637598 0.592188 0.573242 0.00178242
3 0.444922 0.401563 0.549219 0.671094 0.00171375
0 0.514063 0.637598 0.592188 0.573242 0.00169373
21 0.607422 0.221875 0.347656 0.3875 0.0016489
4 0.464453 0.405469 0.639844 0.670313 0.00163555
0 0.527734 0.647656 0.688281 0.704688 0.00163555
12 0.625781 0.690625 0.748438 0.61875 0.00162315
16 0.790625 0.839844 0.271875 0.3 0.00159168
12 0.417188 0.611719 0.834375 0.776563 0.00156116
11 0.521875 0.642969 0.779688 0.714063 0.00155449
1 0.446777 0.442578 0.48457 0.688281 0.0015192
21 0.594922 0.659375 0.366406 0.345313 0.00151253
22 0.503906 0.696875 0.504687 0.60625 0.00151253
16 0.524219 0.494141 0.300781 0.275781 0.00150108
13 0.451562 0.414941 0.675 0.749805 0.0014782
14 0.501563 0.547656 0.7875 0.810938 0.00147247
11 0.501563 0.547656 0.7875 0.810938 0.00145531
21 0.599609 0.791406 0.360156 0.351562 0.00144958
13 0.516406 0.458594 0.359375 0.357031 0.00140476
20 0.501563 0.547656 0.7875 0.810938 0.00137806
5 0.503516 0.673926 0.636719 0.652148 0.00137234
2 0.462891 0.555566 0.546094 0.662305 0.00133514
0 0.444922 0.401563 0.549219 0.671094 0.00132465
2 0.444922 0.401563 0.549219 0.671094 0.00131989
3 0.462891 0.555566 0.546094 0.662305 0.00131989
12 0.584766 0.655469 0.613281 0.689063 0.00131989
12 0.402734 0.686523 0.805469 0.626953 0.00131989
6 0.500781 0.702734 0.590625 0.594531 0.00129986
12 0.54375 0.214453 0.495313 0.428906 0.00127888
4 0.501563 0.547656 0.7875 0.810938 0.00127411
20 0.514063 0.637598 0.592188 0.573242 0.00127411
12 0.508594 0.705664 0.734375 0.588672 0.00127411
12 0.546094 0.295312 0.514063 0.590625 0.00126457
12 0.532031 0.260156 0.64375 0.520312 0.0012598
14 0.514063 0.637598 0.592188 0.573242 0.00124454
24 0.503516 0.673926 0.636719 0.652148 0.00124454
4 0.462891 0.555566 0.546094 0.662305 0.00123501
20 0.462891 0.555566 0.546094 0.662305 0.00123501
21 0.448828 0.791406 0.319531 0.332813 0.00119686
12 0.508203 0.722656 0.495313 0.554688 0.00117874
20 0.451562 0.414941 0.675 0.749805 0.00117397
17 0.45 0.490527 0.448438 0.662695 0.0011692
22 0.45 0.490527 0.448438 0.662695 0.00116062
8 0.464453 0.405469 0.639844 0.670313 0.00112438
8 0.542285 0.574609 0.699805 0.697656 0.00112438
12 0.529297 0.359375 0.586719 0.71875 0.00112057
4 0.453906 0.628125 0.458594 0.51875 0.00110722
12 0.453906 0.628125 0.458594 0.51875 0.00110722
14 0.451562 0.414941 0.675 0.749805 0.0011034
0 0.462891 0.555566 0.546094 0.662305 0.00109482
9 0.564453 0.602344 0.772656 0.795313 0.00109005
8 0.514063 0.637598 0.592188 0.573242 0.00108147
16 0.483984 0.594922 0.439844 0.300781 0.00107288
13 0.466406 0.469531 0.853125 0.85625 0.00107288
3 0.501563 0.547656 0.7875 0.810938 0.00106525
12 0.558984 0.226953 0.424219 0.407031 0.00105286
2 0.453906 0.50625 0.701563 0.815625 0.00105286
25 0.527734 0.647656 0.688281 0.704688 0.00104809
7 0.503516 0.673926 0.636719 0.652148 0.00104809
25 0.444922 0.401563 0.549219 0.671094 0.00103664
12 0.707812 0.709375 0.584375 0.58125 0.00102806
2 0.503906 0.696875 0.504687 0.60625 0.00102425
12 0.439063 0.294922 0.545313 0.589844 0.00100422
19 0.594531 0.206592 0.28125 0.38916 0.12854
19 0.51709 0.466797 0.29082 0.405469 0.113586
22 0.474219 0.605469 0.432031 0.489063 0.0539856
22 0.522754 0.365625 0.46543 0.545313 0.0440063
5 0.474219 0.605469 0.432031 0.489063 0.0367737
20 0.470703 0.55791 0.388281 0.382617 0.0351562
11 0.465234 0.607422 0.424219 0.486719 0.0332031
19 0.6 0.676953 0.29375 0.374219 0.0311432
16 0.470703 0.55791 0.388281 0.382617 0.029541
22 0.482715 0.455469 0.42207 0.559375 0.0266571
17 0.482715 0.455469 0.42207 0.559375 0.0253754
19 0.838281 0.168359 0.298438 0.336719 0.0241394
19 0.589453 0.776367 0.303125 0.428516 0.0220337
22 0.504297 0.571484 0.345313 0.416406 0.021698
1 0.514746 0.406348 0.539258 0.688867 0.0210114
19 0.474219 0.605469 0.432031 0.489063 0.0204926
1 0.482715 0.455469 0.42207 0.559375 0.0198364
17 0.510547 0.525781 0.347656 0.415625 0.0190582
3 0.474609 0.557031 0.44375 0.448438 0.0187683
21 0.594531 0.206592 0.28125 0.38916 0.0184784
21 0.51709 0.466797 0.29082 0.405469 0.0176392
11 0.486816 0.423535 0.54043 0.654492 0.0164642
19 0.835938 0.229687 0.3 0.425 0.0162811
3 0.482715 0.455469 0.42207 0.559375 0.0161591
17 0.514746 0.406348 0.539258 0.688867 0.0157776
22 0.514746 0.406348 0.539258 0.688867 0.0156021
24 0.474219 0.605469 0.432031 0.489063 0.0154877
17 0.470703 0.55791 0.388281 0.382617 0.0150757
9 0.474609 0.557031 0.44375 0.448438 0.0148392
25 0.470703 0.55791 0.388281 0.382617 0.0148392
3 0.486816 0.423535 0.54043 0.654492 0.0145035
20 0.482715 0.455469 0.42207 0.559375 0.014389
14 0.470703 0.55791 0.388281 0.382617 0.014061
13 0.474609 0.557031 0.44375 0.448438 0.0133286
1 0.481152 0.590527 0.411133 0.486133 0.0131226
1 0.510547 0.525781 0.347656 0.415625 0.0130692
1 0.522754 0.365625 0.46543 0.545313 0.0126266
16 0.482715 0.455469 0.42207 0.559375 0.0126266
16 0.486816 0.423535 0.54043 0.654492 0.0125275
11 0.504297 0.571484 0.345313 0.416406 0.0125275
21 0.835938 0.229687 0.3 0.425 0.0119629
1 0.619531 0.415625 0.632812 0.682813 0.0118713
13 0.486816 0.423535 0.54043 0.654492 0.0118256
14 0.482715 0.455469 0.42207 0.559375 0.0107346
4 0.504297 0.571484 0.345313 0.416406 0.0106506
17 0.619531 0.415625 0.632812 0.682813 0.0105667
0 0.510547 0.525781 0.347656 0.415625 0.0104904
13 0.596094 0.211719 0.292188 0.4125 0.00997162
17 0.522754 0.365625 0.46543 0.545313 0.00989532
20 0.486816 0.423535 0.54043 0.654492 0.00971222
12 0.482715 0.455469 0.42207 0.559375 0.00948334
21 0.589453 0.776367 0.303125 0.428516 0.00937653
12 0.470703 0.55791 0.388281 0.382617 0.00937653
21 0.6 0.676953 0.29375 0.374219 0.00923157
22 0.619531 0.415625 0.632812 0.682813 0.00919342
14 0.486816 0.423535 0.54043 0.654492 0.00919342
16 0.510547 0.525781 0.347656 0.415625 0.00919342
19 0.450098 0.65625 0.29043 0.370313 0.00912476
21 0.504297 0.571484 0.345313 0.416406 0.00912476
21 0.474219 0.605469 0.432031 0.489063 0.00898743
4 0.514453 0.607422 0.417188 0.502344 0.00888062
25 0.514453 0.607422 0.417188 0.502344 0.00888062
3 0.510547 0.525781 0.347656 0.415625 0.00871277
19 0.820312 0.302295 0.2875 0.38916 0.0086441
6 0.465234 0.607422 0.424219 0.486719 0.00837708
2 0.482715 0.455469 0.42207 0.559375 0.00812531
10 0.474609 0.557031 0.44375 0.448438 0.00787354
11 0.487402 0.524902 0.443945 0.600195 0.00784302
4 0.482715 0.455469 0.42207 0.559375 0.0078125
11 0.524609 0.373828 0.445312 0.550781 0.00757599
14 0.510547 0.525781 0.347656 0.415625 0.00740433
2 0.470703 0.55791 0.388281 0.382617 0.00734711
20 0.514453 0.607422 0.417188 0.502344 0.00725937
21 0.838281 0.168359 0.298438 0.336719 0.00714874
2 0.510547 0.525781 0.347656 0.415625 0.0069046
20 0.510547 0.525781 0.347656 0.415625 0.0068512
14 0.514453 0.607422 0.417188 0.502344 0.00669098
2 0.486816 0.423535 0.54043 0.654492 0.00653839
13 0.482715 0.455469 0.42207 0.559375 0.00653839
25 0.482715 0.455469 0.42207 0.559375 0.00653839
25 0.510547 0.525781 0.347656 0.415625 0.00651169
0 0.470703 0.55791 0.388281 0.382617 0.00643921
12 0.514746 0.406348 0.539258 0.688867 0.00638962
0 0.486816 0.423535 0.54043 0.654492 0.00638962
20 0.526172 0.364258 0.438281 0.533203 0.00634003
16 0.489844 0.608496 0.511719 0.523633 0.00626373
17 0.514453 0.607422 0.417188 0.502344 0.00624084
3 0.524609 0.373828 0.445312 0.550781 0.00605011
0 0.482715 0.455469 0.42207 0.559375 0.00593567
21 0.522754 0.365625 0.46543 0.545313 0.00572968
16 0.619531 0.415625 0.632812 0.682813 0.00568771
3 0.619531 0.415625 0.632812 0.682813 0.00566483
12 0.619531 0.415625 0.632812 0.682813 0.00564194
4 0.486816 0.423535 0.54043 0.654492 0.00564194
6 0.504297 0.571484 0.345313 0.416406 0.00559998
11 0.540234 0.603516 0.434375 0.530469 0.00551224
0 0.525781 0.333398 0.404687 0.458203 0.00538635
8 0.482715 0.455469 0.42207 0.559375 0.00521851
13 0.619531 0.415625 0.632812 0.682813 0.00519943
21 0.482715 0.455469 0.42207 0.559375 0.00510025
5 0.517969 0.392578 0.496875 0.589844 0.00503922
12 0.478125 0.608203 0.471875 0.513281 0.00503922
25 0.514746 0.406348 0.539258 0.688867 0.00496292
14 0.526172 0.364258 0.438281 0.533203 0.00457382
8 0.470703 0.55791 0.388281 0.382617 0.00453949
22 0.540234 0.603516 0.434375 0.530469 0.00453949
24 0.504297 0.571484 0.345313 0.416406 0.00452042
4 0.527246 0.335938 0.445508 0.486719 0.00434875
10 0.486816 0.423535 0.54043 0.654492 0.00434875
9 0.486816 0.423535 0.54043 0.654492 0.00432968
11 0.619531 0.415625 0.632812 0.682813 0.00424957
19 0.507031 0.399609 0.46875 0.590625 0.00419998
12 0.510547 0.525781 0.347656 0.415625 0.00413513
9 0.514453 0.607422 0.417188 0.502344 0.00399017
8 0.486816 0.423535 0.54043 0.654492 0.0039444
2 0.525781 0.333398 0.404687 0.458203 0.00390053
13 0.510547 0.525781 0.347656 0.415625 0.00387001
0 0.58916 0.596484 0.55918 0.582031 0.00387001
14 0.619531 0.415625 0.632812 0.682813 0.00382423
6 0.495313 0.417969 0.578125 0.721875 0.00374985
21 0.820312 0.302295 0.2875 0.38916 0.00372124
3 0.514453 0.607422 0.417188 0.502344 0.00370789
1 0.585156 0.317188 0.29375 0.417188 0.00365067
13 0.601172 0.7 0.288281 0.38125 0.00363541
12 0.522754 0.365625 0.46543 0.545313 0.00353813
24 0.517969 0.392578 0.496875 0.589844 0.00353813
0 0.619531 0.415625 0.632812 0.682813 0.00352478
19 0.495313 0.417969 0.578125 0.721875 0.00351143
25 0.619531 0.415625 0.632812 0.682813 0.00349617
23 0.470703 0.55791 0.388281 0.382617 0.00349617
8 0.510547 0.525781 0.347656 0.415625 0.00346947
18 0.486816 0.423535 0.54043 0.654492 0.00344276
0 0.567969 0.269141 0.315625 0.313281 0.00342941
4 0.619531 0.415625 0.632812 0.682813 0.00342941
16 0.504687 0.664062 0.584375 0.671875 0.00340271
0 0.514453 0.607422 0.417188 0.502344 0.00337601
19 0.567187 0.651563 0.329688 0.4375 0.00335121
25 0.522754 0.365625 0.46543 0.545313 0.00331116
20 0.619531 0.415625 0.632812 0.682813 0.00329781
16 0.567969 0.269141 0.315625 0.313281 0.00321007
9 0.482715 0.455469 0.42207 0.559375 0.00309944
10 0.482715 0.455469 0.42207 0.559375 0.00309944
1 0.567969 0.269141 0.315625 0.313281 0.00304031
6 0.504687 0.664062 0.584375 0.671875 0.00301552
16 0.570312 0.659766 0.397656 0.624219 0.00300407
16 0.572656 0.770703 0.36875 0.458594 0.00300407
6 0.525781 0.333398 0.404687 0.458203 0.00299263
2 0.567969 0.269141 0.315625 0.313281 0.00292397
4 0.58916 0.596484 0.55918 0.582031 0.00291252
18 0.474609 0.557031 0.44375 0.448438 0.00290108
16 0.525781 0.333398 0.404687 0.458203 0.00286674
0 0.585156 0.317188 0.29375 0.417188 0.0028553
6 0.619531 0.415625 0.632812 0.682813 0.00284576
6 0.482715 0.455469 0.42207 0.559375 0.00281143
1 0.512891 0.651172 0.532031 0.630469 0.00281143
0 0.651172 0.520312 0.697656 0.846875 0.00279999
5 0.482715 0.455469 0.42207 0.559375 0.00275803
1 0.572656 0.770703 0.36875 0.458594 0.00275803
13 0.523438 0.470313 0.295312 0.423438 0.00269318
13 0.549609 0.600781 0.434375 0.520312 0.00269318
1 0.549121 0.708594 0.411133 0.564063 0.00266266
10 0.514453 0.607422 0.417188 0.502344 0.0026207
13 0.512891 0.651172 0.532031 0.630469 0.00258064
13 0.524609 0.373828 0.445312 0.550781 0.00252151
10 0.524609 0.373828 0.445312 0.550781 0.00251198
2 0.619531 0.415625 0.632812 0.682813 0.0024929
4 0.567969 0.269141 0.315625 0.313281 0.00247192
1 0.651172 0.520312 0.697656 0.846875 0.00247192
1 0.540234 0.603516 0.434375 0.530469 0.00247192
17 0.570312 0.659766 0.397656 0.624219 0.00243378
12 0.645703 0.487891 0.708594 0.858594 0.0024147
23 0.486816 0.423535 0.54043 0.654492 0.0024147
16 0.58916 0.596484 0.55918 0.582031 0.00240517
12 0.572656 0.770703 0.36875 0.458594 0.00240517
21 0.514746 0.406348 0.539258 0.688867 0.00239754
6 0.540234 0.603516 0.434375 0.530469 0.00239754
1 0.489941 0.540625 0.476367 0.6375 0.002388
14 0.58916 0.596484 0.55918 0.582031 0.00237846
2 0.585156 0.317188 0.29375 0.417188 0.00236893
2 0.514453 0.607422 0.417188 0.502344 0.00236893
1 0.823633 0.245703 0.296484 0.40625 0.00232315
24 0.540234 0.603516 0.434375 0.530469 0.00228691
4 0.585156 0.317188 0.29375 0.417188 0.00225258
11 0.651172 0.520312 0.697656 0.846875 0.00223351
13 0.833594 0.251563 0.3 0.427344 0.00222588
22 0.512891 0.651172 0.532031 0.630469 0.00219154
0 0.566406 0.728906 0.35 0.523438 0.00218201
6 0.545313 0.382422 0.489063 0.582031 0.00216484
0 0.570312 0.659766 0.397656 0.624219 0.00211525
12 0.582031 0.255811 0.317188 0.285254 0.00210762
2 0.58916 0.596484 0.55918 0.582031 0.00209045
15 0.474609 0.557031 0.44375 0.448438 0.00208282
17 0.572266 0.757031 0.353906 0.485938 0.00208282
11 0.572266 0.804883 0.350781 0.390234 0.00204277
14 0.585156 0.317188 0.29375 0.417188 0.00200272
13 0.572656 0.770703 0.36875 0.458594 0.00195694
5 0.504297 0.571484 0.345313 0.416406 0.00194931
21 0.540234 0.603516 0.434375 0.530469 0.00192642
6 0.549121 0.708594 0.411133 0.564063 0.00192642
4 0.572266 0.804883 0.350781 0.390234 0.00191212
11 0.512891 0.651172 0.532031 0.630469 0.00190449
10 0.510547 0.525781 0.347656 0.415625 0.00189686
22 0.825 0.258789 0.304688 0.375391 0.00186729
6 0.585156 0.317188 0.29375 0.417188 0.00186062
12 0.556348 0.262109 0.599805 0.524219 0.00185299
22 0.489941 0.540625 0.476367 0.6375 0.00185299
9 0.527246 0.335938 0.445508 0.486719 0.00183105
13 0.489941 0.540625 0.476367 0.6375 0.0018177
4 0.566406 0.728906 0.35 0.523438 0.00181007
25 0.58916 0.596484 0.55918 0.582031 0.0018034
14 0.651172 0.520312 0.697656 0.846875 0.00179577
20 0.512891 0.651172 0.532031 0.630469 0.00179577
20 0.58916 0.596484 0.55918 0.582031 0.00178242
4 0.570312 0.659766 0.397656 0.624219 0.00178242
21 0.450098 0.65625 0.29043 0.370313 0.00177479
17 0.585156 0.317188 0.29375 0.417188 0.00177479
23 0.482715 0.455469 0.42207 0.559375 0.00176811
17 0.567969 0.269141 0.315625 0.313281 0.00176144
17 0.58916 0.596484 0.55918 0.582031 0.00176144
14 0.512891 0.651172 0.532031 0.630469 0.00176144
0 0.554785 0.308203 0.501367 0.533594 0.00175476
8 0.514453 0.607422 0.417188 0.502344 0.00175476
13 0.567969 0.269141 0.315625 0.313281 0.00174141
12 0.58916 0.596484 0.55918 0.582031 0.00174141
6 0.570312 0.833398 0.360938 0.333203 0.00174141
2 0.651172 0.520312 0.697656 0.846875 0.00173378
22 0.585156 0.317188 0.29375 0.417188 0.0017271
7 0.495313 0.417969 0.578125 0.721875 0.0017004
13 0.645703 0.487891 0.708594 0.858594 0.00169373
22 0.572266 0.757031 0.353906 0.485938 0.00168133
13 0.493359 0.45 0.613281 0.853125 0.00167465
4 0.651172 0.520312 0.697656 0.846875 0.00167465
2 0.570312 0.659766 0.397656 0.624219 0.0016613
19 0.446777 0.315625 0.262695 0.353125 0.0016489
2 0.566406 0.728906 0.35 0.523438 0.0016489
13 0.835938 0.173926 0.3125 0.347852 0.00164223
13 0.58916 0.596484 0.55918 0.582031 0.00163555
12 0.538281 0.661719 0.651563 0.676562 0.00162888
4 0.538281 0.661719 0.651563 0.676562 0.00162315
8 0.525781 0.333398 0.404687 0.458203 0.00161648
6 0.572656 0.770703 0.36875 0.458594 0.00160408
12 0.664844 0.650098 0.670313 0.699805 0.0015974
25 0.585156 0.317188 0.29375 0.417188 0.00159168
17 0.827344 0.24082 0.304688 0.357422 0.00158501
3 0.567969 0.269141 0.315625 0.313281 0.00158501
14 0.567969 0.269141 0.315625 0.313281 0.00157356
20 0.585156 0.317188 0.29375 0.417188 0.00157356
15 0.510547 0.525781 0.347656 0.415625 0.00157356
11 0.567969 0.269141 0.315625 0.313281 0.00152493
4 0.489941 0.540625 0.476367 0.6375 0.00152493
0 0.827344 0.24082 0.304688 0.357422 0.0015192
6 0.567969 0.269141 0.315625 0.313281 0.00151253
21 0.619531 0.415625 0.632812 0.682813 0.00151253
12 0.825 0.258789 0.304688 0.375391 0.00150108
12 0.570312 0.659766 0.397656 0.624219 0.00148964
8 0.619531 0.415625 0.632812 0.682813 0.0014782
15 0.486816 0.423535 0.54043 0.654492 0.0014782
24 0.482715 0.455469 0.42207 0.559375 0.0014782
13 0.449902 0.631152 0.48457 0.543945 0.0014782
2 0.554785 0.308203 0.501367 0.533594 0.00147247
16 0.554785 0.308203 0.501367 0.533594 0.00146103
15 0.58916 0.596484 0.55918 0.582031 0.00144958
21 0.585156 0.317188 0.29375 0.417188 0.00144386
0 0.572266 0.804883 0.350781 0.390234 0.00144386
14 0.566406 0.728906 0.35 0.523438 0.00143242
11 0.566406 0.728906 0.35 0.523438 0.0014267
25 0.572266 0.757031 0.353906 0.485938 0.00142097
1 0.569629 0.284375 0.523242 0.56875 0.00140476
16 0.585156 0.317188 0.29375 0.417188 0.00140476
20 0.566406 0.728906 0.35 0.523438 0.00139427
2 0.827344 0.24082 0.304688 0.357422 0.00138283
22 0.567969 0.269141 0.315625 0.313281 0.00137806
7 0.504297 0.571484 0.345313 0.416406 0.00137806
16 0.651172 0.520312 0.697656 0.846875 0.00135612
11 0.664844 0.650098 0.670313 0.699805 0.00134563
2 0.572266 0.804883 0.350781 0.390234 0.00134563
16 0.570312 0.833398 0.360938 0.333203 0.00134563
5 0.525781 0.333398 0.404687 0.458203 0.00132465
17 0.504687 0.664062 0.584375 0.671875 0.00132465
6 0.651172 0.520312 0.697656 0.846875 0.00131989
24 0.512891 0.651172 0.532031 0.630469 0.00131512
25 0.570312 0.659766 0.397656 0.624219 0.00131512
21 0.512891 0.651172 0.532031 0.630469 0.00130939
11 0.585156 0.317188 0.29375 0.417188 0.00129986
15 0.482715 0.455469 0.42207 0.559375 0.00129986
3 0.512891 0.651172 0.532031 0.630469 0.00129414
19 0.836719 0.130859 0.303125 0.261719 0.00127411
15 0.525781 0.333398 0.404687 0.458203 0.00126934
18 0.482715 0.455469 0.42207 0.559375 0.00126457
19 0.492188 0.541797 0.301563 0.378125 0.0012598
13 0.549121 0.708594 0.411133 0.564063 0.00124931
14 0.572266 0.804883 0.350781 0.390234 0.00124931
3 0.572656 0.770703 0.36875 0.458594 0.00124454
24 0.619531 0.415625 0.632812 0.682813 0.0012207
15 0.651172 0.520312 0.697656 0.846875 0.0012207
12 0.705469 0.239844 0.589063 0.479688 0.00119686
15 0.514453 0.607422 0.417188 0.502344 0.00119686
13 0.556348 0.262109 0.599805 0.524219 0.00117397
11 0.826563 0.264453 0.320312 0.424219 0.0011692
13 0.664844 0.650098 0.670313 0.699805 0.00116539
12 0.477344 0.553027 0.402344 0.386133 0.0222931
19 0.516016 0.488672 0.304688 0.26875 0.0163422
13 0.477344 0.553027 0.402344 0.386133 0.0137405
19 0.599609 0.197461 0.263281 0.380859 0.011116
12 0.432031 0.435156 0.560938 0.635938 0.0101318
16 0.473047 0.551562 0.395313 0.395313 0.00959778
12 0.59375 0.216797 0.367188 0.433594 0.00926971
12 0.46709 0.574219 0.48457 0.490625 0.0091629
17 0.470215 0.4125 0.476758 0.673438 0.00844574
12 0.592188 0.257422 0.264844 0.279687 0.00751877
24 0.473047 0.551562 0.395313 0.395313 0.00734711
1 0.464063 0.555078 0.424219 0.388281 0.00706482
17 0.477344 0.553027 0.402344 0.386133 0.0069046
1 0.470215 0.4125 0.476758 0.673438 0.00669098
13 0.477344 0.620313 0.515625 0.60625 0.00526047
11 0.473047 0.551562 0.395313 0.395313 0.00524139
12 0.490723 0.389844 0.656055 0.779688 0.00496292
13 0.432031 0.435156 0.560938 0.635938 0.00457382
22 0.470215 0.4125 0.476758 0.673438 0.00450516
22 0.473828 0.546484 0.39375 0.403906 0.00429916
9 0.477344 0.553027 0.402344 0.386133 0.00426483
13 0.592188 0.257422 0.264844 0.279687 0.00395966
6 0.477344 0.553027 0.402344 0.386133 0.00388527
20 0.477344 0.553027 0.402344 0.386133 0.00379562
12 0.493066 0.639063 0.510742 0.679688 0.00367928
11 0.383203 0.0662598 0.421875 0.13252 0.00340271
12 0.441016 0.35918 0.874219 0.718359 0.00337601
1 0.592188 0.257422 0.264844 0.279687 0.00329781
3 0.477344 0.553027 0.402344 0.386133 0.00324821
1 0.539062 0.362109 0.452344 0.724219 0.00301552
5 0.477344 0.553027 0.402344 0.386133 0.00298119
13 0.539062 0.362109 0.452344 0.724219 0.00292397
4 0.477344 0.553027 0.402344 0.386133 0.0028553
12 0.50625 0.409375 0.394531 0.69375 0.00284576
12 0.453516 0.640625 0.685156 0.71875 0.00263214
19 0.477344 0.553027 0.402344 0.386133 0.00253105
13 0.59375 0.216797 0.367188 0.433594 0.00251198
16 0.595703 0.255518 0.269531 0.28584 0.00251198
7 0.383203 0.0662598 0.421875 0.13252 0.00247192
6 0.470215 0.4125 0.476758 0.673438 0.00237846
13 0.490723 0.389844 0.656055 0.779688 0.00231361
2 0.473828 0.546484 0.39375 0.403906 0.00223351
25 0.473828 0.546484 0.39375 0.403906 0.00223351
16 0.343018 0.0546387 0.341309 0.109277 0.00214005
3 0.470215 0.4125 0.476758 0.673438 0.00209999
12 0.50625 0.216406 0.532031 0.432813 0.00200272
16 0.470215 0.4125 0.476758 0.673438 0.00199509
14 0.464063 0.555078 0.424219 0.388281 0.0019722
25 0.470215 0.4125 0.476758 0.673438 0.00196457
20 0.470215 0.4125 0.476758 0.673438 0.00191212
21 0.516016 0.488672 0.304688 0.26875 0.00188255
2 0.470215 0.4125 0.476758 0.673438 0.00185299
1 0.789844 0.686719 0.278125 0.351562 0.00184631
0 0.383203 0.0662598 0.421875 0.13252 0.00173378
12 0.558594 0.260107 0.40625 0.39541 0.0017004
4 0.432031 0.435156 0.560938 0.635938 0.0017004
6 0.383203 0.0662598 0.421875 0.13252 0.00168133
17 0.539062 0.362109 0.452344 0.724219 0.00161076
15 0.432031 0.435156 0.560938 0.635938 0.00159168
17 0.592969 0.253955 0.254688 0.28584 0.00156689
24 0.386328 0.0651367 0.411719 0.130273 0.00155449
12 0.509766 0.239453 0.736719 0.478906 0.00152493
6 0.350391 0.0546875 0.346094 0.109375 0.00151253
16 0.539062 0.362109 0.452344 0.724219 0.00148964
15 0.477344 0.553027 0.402344 0.386133 0.0014782
0 0.470215 0.4125 0.476758 0.673438 0.00135136
7 0.473047 0.551562 0.395313 0.395313 0.00133514
12 0.669531 0.338672 0.660937 0.677344 0.00133038
14 0.432031 0.435156 0.560938 0.635938 0.00129986
23 0.473047 0.551562 0.395313 0.395313 0.00129414
22 0.539062 0.362109 0.452344 0.724219 0.00126457
11 0.470215 0.4125 0.476758 0.673438 0.00121117
12 0.584375 0.425781 0.690625 0.804688 0.00118828
8 0.478906 0.549316 0.378906 0.385742 0.00118351
21 0.473828 0.546484 0.39375 0.403906 0.00116062
0 0.473828 0.546484 0.39375 0.403906 0.00114727
1 0.477344 0.620313 0.515625 0.60625 0.00114727
1 0.460059 0.367578 0.736133 0.735156 0.0011158
1 0.781445 0.745313 0.312109 0.478125 0.00109863
18 0.383203 0.0662598 0.421875 0.13252 0.00109005
2 0.383203 0.0662598 0.421875 0.13252 0.00108147
11 0.46709 0.574219 0.48457 0.490625 0.00108147
11 0.595703 0.255518 0.269531 0.28584 0.00107288
12 0.823242 0.596875 0.316016 0.464063 0.00107288
21 0.470215 0.4125 0.476758 0.673438 0.00105667
6 0.539062 0.362109 0.452344 0.724219 0.00104809
11 0.312109 0.0474609 0.325781 0.0949219 0.00102425
21 0.599609 0.197461 0.263281 0.380859 0.00100803
1 0.564844 0.206641 0.342187 0.413281 0.00100803
12 0.577344 0.348047 0.46875 0.696094 0.00100803
1 0.842188 0.683594 0.240625 0.35625 0.00100803
17 0.509473 0.545215 0.307617 0.37207 0.0231476
12 0.500098 0.542188 0.301367 0.39375 0.0222931
4 0.495703 0.483594 0.314844 0.517969 0.0200958
14 0.500098 0.542188 0.301367 0.39375 0.0191193
25 0.500098 0.542188 0.301367 0.39375 0.0189819
19 0.519434 0.511035 0.311133 0.36543 0.0176392
4 0.511328 0.543652 0.307031 0.386133 0.0173035
3 0.500098 0.542188 0.301367 0.39375 0.0150146
23 0.495703 0.483594 0.314844 0.517969 0.0143356
16 0.495703 0.483594 0.314844 0.517969 0.0140076
8 0.509473 0.545215 0.307617 0.37207 0.0133743
11 0.495703 0.483594 0.314844 0.517969 0.0129242
6 0.495703 0.483594 0.314844 0.517969 0.0122375
12 0.524219 0.483594 0.335938 0.520312 0.012146
0 0.505859 0.553027 0.3 0.375195 0.0114212
2 0.500098 0.542188 0.301367 0.39375 0.0113297
13 0.524219 0.483594 0.335938 0.520312 0.0109863
6 0.506152 0.5625 0.283008 0.335938 0.0108185
16 0.506152 0.5625 0.283008 0.335938 0.00985718
9 0.495703 0.483594 0.314844 0.517969 0.00878143
19 0.835938 0.172852 0.3 0.345703 0.00841522
13 0.511328 0.543652 0.307031 0.386133 0.00775528
21 0.519434 0.511035 0.311133 0.36543 0.00740433
11 0.511328 0.543652 0.307031 0.386133 0.00714874
23 0.506152 0.5625 0.283008 0.335938 0.00679779
19 0.830469 0.226953 0.298438 0.421094 0.00636292
17 0.495703 0.483594 0.314844 0.517969 0.00577545
1 0.502734 0.546484 0.3125 0.379688 0.00564194
3 0.524219 0.483594 0.335938 0.520312 0.00553513
22 0.500098 0.542188 0.301367 0.39375 0.0051384
20 0.500098 0.542188 0.301367 0.39375 0.00511932
5 0.524219 0.483594 0.335938 0.520312 0.00469971
0 0.495703 0.483594 0.314844 0.517969 0.00457382
14 0.524219 0.483594 0.335938 0.520312 0.00446701
9 0.506152 0.5625 0.283008 0.335938 0.00432968
19 0.524219 0.483594 0.335938 0.520312 0.00421524
21 0.830469 0.226953 0.298438 0.421094 0.00418091
10 0.524219 0.483594 0.335938 0.520312 0.00376511
2 0.524219 0.483594 0.335938 0.520312 0.0037365
10 0.511328 0.543652 0.307031 0.386133 0.00370789
15 0.524219 0.483594 0.335938 0.520312 0.00305176
15 0.500098 0.542188 0.301367 0.39375 0.00300407
5 0.511328 0.543652 0.307031 0.386133 0.00273705
24 0.495703 0.483594 0.314844 0.517969 0.0024929
25 0.524219 0.483594 0.335938 0.520312 0.00247192
22 0.524219 0.483594 0.335938 0.520312 0.00219917
24 0.506152 0.5625 0.283008 0.335938 0.00213242
11 0.485547 0.470703 0.45 0.553125 0.0020752
1 0.524219 0.483594 0.335938 0.520312 0.00204277
8 0.524219 0.483594 0.335938 0.520312 0.0019722
7 0.524219 0.483594 0.335938 0.520312 0.00189686
21 0.835938 0.172852 0.3 0.345703 0.00186729
20 0.524219 0.483594 0.335938 0.520312 0.00167465
18 0.524219 0.483594 0.335938 0.520312 0.00164223
4 0.485547 0.470703 0.45 0.553125 0.00161648
7 0.506152 0.5625 0.283008 0.335938 0.00158501
19 0.506152 0.5625 0.283008 0.335938 0.00139904
12 0.474316 0.482422 0.482617 0.550781 0.00136662
18 0.507422 0.545703 0.296094 0.376563 0.00129414
0 0.485547 0.470703 0.45 0.553125 0.00126457
6 0.505566 0.515527 0.318555 0.34082 0.00119209
1 0.825781 0.225391 0.278125 0.450781 0.00109863
12 0.476172 0.58584 0.420312 0.643945 0.00101185
14 0.474316 0.482422 0.482617 0.550781 0.00100803
25 0.514844 0.530859 0.314063 0.364063 0.0878906
6 0.508594 0.532422 0.322656 0.383594 0.0397949
13 0.517578 0.535254 0.324219 0.387305 0.0366211
20 0.514844 0.530859 0.314063 0.364063 0.0311432
0 0.520312 0.533203 0.329688 0.349219 0.0283356
14 0.514844 0.530859 0.314063 0.364063 0.0274811
17 0.513672 0.547266 0.324219 0.367969 0.0270691
2 0.520312 0.533203 0.329688 0.349219 0.0244293
5 0.517578 0.535254 0.324219 0.387305 0.0193481
10 0.515625 0.536035 0.324219 0.360742 0.0175171
19 0.517578 0.535254 0.324219 0.387305 0.0174408
16 0.503516 0.525098 0.339063 0.412305 0.0174408
3 0.515625 0.536035 0.324219 0.360742 0.0167847
9 0.508594 0.532422 0.322656 0.383594 0.0167847
8 0.513672 0.547266 0.324219 0.367969 0.0152512
23 0.517578 0.535254 0.324219 0.387305 0.0141754
4 0.514941 0.530859 0.343555 0.367969 0.012825
12 0.514844 0.530859 0.314063 0.364063 0.0119629
11 0.499219 0.534473 0.359375 0.399805 0.0109024
1 0.514941 0.547656 0.323242 0.366406 0.00985718
21 0.520312 0.533203 0.329688 0.349219 0.00772476
15 0.514844 0.530859 0.314063 0.364063 0.00624084
24 0.508594 0.532422 0.322656 0.383594 0.00577545
12 0.491504 0.53916 0.45918 0.401367 0.00363541
7 0.503516 0.525098 0.339063 0.412305 0.00325966
1 0.860938 0.771484 0.278125 0.457031 0.00259018
13 0.491504 0.53916 0.45918 0.401367 0.00232315
22 0.520312 0.533203 0.329688 0.349219 0.0020504
18 0.517578 0.543359 0.338281 0.369531 0.0016489
11 0.485156 0.541016 0.5 0.447656 0.00141048
1 0.86543 0.854492 0.269141 0.291016 0.00135612
14 0.491504 0.53916 0.45918 0.401367 0.00127888
12 0.860156 0.755859 0.279687 0.452344 0.00127888
7 0.516406 0.514453 0.316406 0.311719 0.00107765
15 0.485156 0.541016 0.5 0.447656 0.00104427
11 0.516309 0.515625 0.31582 0.314063 0.00104046
25 0.50791 0.531348 0.310742 0.35918 0.257568
12 0.507129 0.531152 0.318555 0.362695 0.0632324
14 0.507715 0.536035 0.312695 0.37793 0.0472412
13 0.508984 0.526563 0.325781 0.371875 0.0335999
20 0.50791 0.531348 0.310742 0.35918 0.0280151
3 0.507715 0.536035 0.312695 0.37793 0.0256653
0 0.513965 0.533594 0.308008 0.374219 0.0255585
2 0.507715 0.536035 0.312695 0.37793 0.025177
17 0.507129 0.531152 0.318555 0.362695 0.021286
4 0.513965 0.533594 0.308008 0.374219 0.0155411
5 0.50791 0.531348 0.310742 0.35918 0.0142288
23 0.507715 0.536035 0.312695 0.37793 0.0139542
9 0.50791 0.531348 0.310742 0.35918 0.0136871
10 0.505469 0.538965 0.316406 0.383008 0.0112915
12 0.490234 0.453906 0.457031 0.628906 0.0102463
6 0.50625 0.533984 0.314844 0.35 0.00971222
1 0.508984 0.526563 0.325781 0.371875 0.00861359
22 0.50625 0.533984 0.314844 0.35 0.00837708
16 0.507129 0.531152 0.318555 0.362695 0.0078125
21 0.514453 0.532031 0.303125 0.355469 0.00658798
15 0.50791 0.531348 0.310742 0.35918 0.00626373
4 0.508984 0.465625 0.375781 0.549219 0.00519943
8 0.514453 0.532031 0.303125 0.355469 0.00510025
0 0.508984 0.465625 0.375781 0.549219 0.00431442
19 0.516309 0.486719 0.311133 0.279687 0.00344276
14 0.508984 0.465625 0.375781 0.549219 0.00323486
2 0.508984 0.465625 0.375781 0.549219 0.00283432
11 0.509473 0.517285 0.30918 0.331055 0.00270462
15 0.508984 0.465625 0.375781 0.549219 0.00239754
19 0.50625 0.533984 0.314844 0.35 0.00214958
13 0.492871 0.483984 0.498633 0.542188 0.00200272
18 0.509473 0.517285 0.30918 0.331055 0.00183868
11 0.49375 0.513281 0.359375 0.410938 0.00178242
11 0.508984 0.465625 0.375781 0.549219 0.00169373
24 0.50791 0.531348 0.310742 0.35918 0.00163555
17 0.507129 0.460254 0.343555 0.479492 0.00153065
12 0.514453 0.523535 0.536719 0.495117 0.00150681
6 0.508984 0.465625 0.375781 0.549219 0.0014267
1 0.507129 0.460254 0.343555 0.479492 0.00142097
12 0.522656 0.463672 0.385938 0.453906 0.00135612
7 0.506348 0.521777 0.313867 0.342383 0.00126934
15 0.467969 0.470313 0.45625 0.65 0.00123501
9 0.509473 0.508203 0.368555 0.472656 0.00118351
25 0.509473 0.508203 0.368555 0.472656 0.00106525
16 0.497656 0.604688 0.33125 0.292188 0.00105667
12 0.513184 0.542969 0.306445 0.357812 0.00477219
13 0.513184 0.542969 0.306445 0.357812 0.00402451
25 0.513672 0.538379 0.28125 0.349805 0.00337601
17 0.513672 0.538379 0.28125 0.349805 0.00329781
1 0.513672 0.538379 0.28125 0.349805 0.00322342
19 0.517871 0.506934 0.31582 0.311133 0.00268364
12 0.876563 0.65791 0.246875 0.68418 0.00226021
20 0.513672 0.538379 0.28125 0.349805 0.00223351
0 0.513672 0.538379 0.28125 0.349805 0.00214005
22 0.513672 0.538379 0.28125 0.349805 0.00198746
12 0.521875 0.510059 0.3625 0.458008 0.00191879
2 0.513672 0.538379 0.28125 0.349805 0.00179577
3 0.513672 0.538379 0.28125 0.349805 0.00175476
14 0.513672 0.538379 0.28125 0.349805 0.00161648
12 0.775195 0.376563 0.449609 0.753125 0.0014267
16 0.513672 0.538379 0.28125 0.349805 0.00132465
13 0.876563 0.65791 0.246875 0.68418 0.00129986
10 0.513672 0.538379 0.28125 0.349805 0.00126457
21 0.513672 0.538379 0.28125 0.349805 0.00126457
12 0.888672 0.715234 0.222656 0.569531 0.00115108
19 0.518359 0.463281 0.301563 0.232813 0.00110722
6 0.513672 0.538379 0.28125 0.349805 0.00104046
25 0.510938 0.536328 0.273438 0.352344 0.269775
16 0.509766 0.531934 0.275781 0.326758 0.0723877
17 0.511328 0.525879 0.267969 0.34043 0.0675659
13 0.509766 0.531934 0.275781 0.326758 0.0453491
14 0.510938 0.536328 0.273438 0.352344 0.0337219
20 0.509375 0.531641 0.277344 0.340625 0.0330811
2 0.510938 0.536328 0.273438 0.352344 0.0268555
8 0.511328 0.525879 0.267969 0.34043 0.0263519
3 0.509375 0.531641 0.277344 0.340625 0.0245209
10 0.510156 0.533984 0.285938 0.352344 0.0171051
1 0.509766 0.531934 0.275781 0.326758 0.0170441
23 0.510938 0.536328 0.273438 0.352344 0.016098
0 0.5125 0.533984 0.267188 0.346094 0.0158997
21 0.511328 0.525879 0.267969 0.34043 0.0151291
12 0.509766 0.531934 0.275781 0.326758 0.0133743
2 0.517969 0.475 0.271875 0.21875 0.01297
5 0.510156 0.533984 0.285938 0.352344 0.0119171
22 0.511328 0.525879 0.267969 0.34043 0.0112457
19 0.510156 0.533984 0.285938 0.352344 0.0102921
14 0.517969 0.475 0.271875 0.21875 0.00981903
6 0.509766 0.531934 0.275781 0.326758 0.0091629
4 0.513965 0.536719 0.281445 0.346094 0.00527954
23 0.517969 0.475 0.271875 0.21875 0.0051384
9 0.509375 0.531641 0.277344 0.340625 0.00419998
25 0.517969 0.475 0.271875 0.21875 0.00353813
5 0.514844 0.503516 0.264062 0.261719 0.00237846
12 0.794336 0.518848 0.411328 0.776367 0.00234985
11 0.511719 0.533496 0.282813 0.34707 0.00233269
17 0.517969 0.475 0.271875 0.21875 0.00225258
0 0.517969 0.475 0.271875 0.21875 0.00221634
13 0.794336 0.518848 0.411328 0.776367 0.00221634
7 0.514844 0.503516 0.264062 0.261719 0.00195694
10 0.514844 0.503516 0.264062 0.261719 0.00191212
18 0.514844 0.503516 0.264062 0.261719 0.00189686
4 0.517969 0.475 0.271875 0.21875 0.00188923
16 0.517969 0.475 0.271875 0.21875 0.00174809
12 0.572559 0.514063 0.43457 0.46875 0.00168133
3 0.517969 0.475 0.271875 0.21875 0.00162888
11 0.794141 0.768164 0.411719 0.463672 0.00121593
8 0.517969 0.475 0.271875 0.21875 0.00121117
6 0.517969 0.475 0.271875 0.21875 0.00104809
15 0.509766 0.531934 0.275781 0.326758 0.00103188
11 0.691797 0.766797 0.616406 0.466406 0.00100803
25 0.507031 0.542871 0.285156 0.35957 0.443604
13 0.514844 0.543359 0.292188 0.342969 0.170532
12 0.506641 0.547656 0.275 0.326562 0.0953369
17 0.508594 0.545313 0.291406 0.353125 0.055603
14 0.508594 0.545313 0.291406 0.353125 0.0451965
3 0.507031 0.542871 0.285156 0.35957 0.0351562
0 0.507422 0.544922 0.2875 0.346094 0.0346069
23 0.512402 0.541797 0.292383 0.360156 0.0306702
15 0.506641 0.547656 0.275 0.326562 0.029541
2 0.507422 0.544922 0.2875 0.346094 0.0289764
9 0.506641 0.547656 0.275 0.326562 0.0241394
19 0.512402 0.541797 0.292383 0.360156 0.0167236
5 0.512402 0.541797 0.292383 0.360156 0.0146179
20 0.507031 0.542871 0.285156 0.35957 0.014061
4 0.506641 0.541406 0.285156 0.359375 0.0139542
10 0.507031 0.542871 0.285156 0.35957 0.0134277
6 0.506641 0.547656 0.275 0.326562 0.0132217
8 0.506641 0.541406 0.285156 0.359375 0.0123825
16 0.514844 0.543359 0.292188 0.342969 0.00717545
1 0.505859 0.575 0.25625 0.282813 0.00671768
23 0.505859 0.575 0.25625 0.282813 0.00356483
1 0.510156 0.551562 0.300781 0.360938 0.00300407
22 0.505859 0.544531 0.283594 0.335938 0.0026722
21 0.510156 0.551562 0.300781 0.360938 0.00239754
12 0.50166 0.532813 0.39668 0.45625 0.00213242
18 0.507422 0.544922 0.2875 0.346094 0.00156116
24 0.514844 0.543359 0.292188 0.342969 0.00141048
11 0.507031 0.533203 0.30625 0.386719 0.00127411
5 0.505859 0.575 0.25625 0.282813 0.00116539
12 0.510547 0.532422 0.296094 0.373437 0.519531
25 0.507715 0.533984 0.29082 0.357031 0.437744
13 0.510547 0.532422 0.296094 0.373437 0.213989
17 0.514941 0.53125 0.282617 0.355469 0.104858
23 0.509766 0.535059 0.296094 0.36582 0.0237732
14 0.507422 0.537598 0.294531 0.348242 0.0225372
15 0.507715 0.533984 0.29082 0.357031 0.0204926
19 0.509766 0.535059 0.296094 0.36582 0.0165253
1 0.514844 0.541016 0.285156 0.328906 0.0142822
4 0.509766 0.535059 0.296094 0.36582 0.0119629
5 0.509766 0.535059 0.296094 0.36582 0.0108566
3 0.507715 0.533984 0.29082 0.357031 0.00985718
6 0.512891 0.560156 0.295312 0.317188 0.00763702
9 0.508496 0.535059 0.29082 0.350195 0.00743103
8 0.514844 0.541016 0.285156 0.328906 0.00706482
2 0.507422 0.537598 0.294531 0.348242 0.00698471
20 0.507715 0.533984 0.29082 0.357031 0.0069313
0 0.507422 0.537598 0.294531 0.348242 0.00614548
10 0.509766 0.535059 0.296094 0.36582 0.00538635
13 0.773047 0.567187 0.453906 0.720313 0.00519943
22 0.514941 0.53125 0.282617 0.355469 0.00498199
16 0.512891 0.560156 0.295312 0.317188 0.00407028
12 0.485938 0.53125 0.446875 0.492188 0.0039444
12 0.773047 0.567187 0.453906 0.720313 0.00356483
19 0.513965 0.485156 0.337695 0.445312 0.00322342
12 0.659863 0.586328 0.680273 0.827344 0.00305176
11 0.515234 0.53584 0.299219 0.387695 0.00300407
12 0.517578 0.477344 0.350781 0.520312 0.00284576
21 0.514941 0.53125 0.282617 0.355469 0.00273705
13 0.485938 0.53125 0.446875 0.492188 0.00184631
12 0.372656 0.441406 0.685938 0.7625 0.00150108
13 0.659863 0.586328 0.680273 0.827344 0.00137806
13 0.749609 0.658203 0.500781 0.683594 0.00108624
16 0.513379 0.470703 0.301367 0.205469 0.00106525
13 0.760156 0.577734 0.479688 0.844531 0.00101662
25 0.508496 0.534375 0.292383 0.357812 0.975586
12 0.508594 0.536719 0.292188 0.346875 0.353027
14 0.508496 0.534375 0.292383 0.357812 0.336426
17 0.513281 0.532813 0.292188 0.360938 0.174438
23 0.508984 0.536621 0.296094 0.364258 0.132568
13 0.508594 0.536719 0.292188 0.346875 0.0628052
2 0.508984 0.536621 0.296094 0.364258 0.0552063
10 0.513281 0.532813 0.292188 0.360938 0.0318604
1 0.51416 0.540625 0.301367 0.339063 0.0290375
15 0.508594 0.536719 0.292188 0.346875 0.0267639
6 0.512109 0.542578 0.292188 0.339844 0.0211639
8 0.511816 0.537402 0.295117 0.345508 0.0179138
9 0.508594 0.536719 0.292188 0.346875 0.0163422
4 0.509375 0.535254 0.296875 0.360742 0.0158997
20 0.508594 0.536719 0.292188 0.346875 0.0127258
5 0.509375 0.535254 0.296875 0.360742 0.0124817
19 0.508496 0.534375 0.292383 0.357812 0.00854492
22 0.511816 0.537402 0.295117 0.345508 0.00769424
3 0.512109 0.542578 0.292188 0.339844 0.00701141
16 0.507031 0.546094 0.304688 0.342969 0.00551224
21 0.511816 0.537402 0.295117 0.345508 0.00534439
0 0.512598 0.533203 0.291992 0.360938 0.0042305
12 0.47041 0.543359 0.42168 0.441406 0.0029583
11 0.49209 0.542969 0.337695 0.359375 0.00253105
19 0.528125 0.496094 0.289062 0.257812 0.00204277
14 0.519141 0.503027 0.357031 0.475195 0.0018177
12 0.519141 0.503027 0.357031 0.475195 0.00161648
13 0.47041 0.543359 0.42168 0.441406 0.00156116
24 0.507031 0.546094 0.304688 0.342969 0.00135612
15 0.478027 0.534766 0.398633 0.424219 0.00128937
25 0.509277 0.539844 0.292383 0.3625 0.905273
12 0.513672 0.5375 0.296875 0.378906 0.467773
13 0.513672 0.5375 0.296875 0.378906 0.313965
17 0.509277 0.539844 0.292383 0.3625 0.257568
19 0.509277 0.539844 0.292383 0.3625 0.0758667
1 0.514453 0.539453 0.300781 0.352344 0.0479431
10 0.510059 0.538281 0.292383 0.363281 0.0387573
3 0.509277 0.539844 0.292383 0.3625 0.0383301
14 0.509277 0.539844 0.292383 0.3625 0.0383301
20 0.510059 0.538281 0.292383 0.363281 0.0383301
21 0.509277 0.539844 0.292383 0.3625 0.0243378
2 0.5125 0.540234 0.299219 0.352344 0.0146179
23 0.510059 0.538281 0.292383 0.363281 0.0144501
15 0.510059 0.538281 0.292383 0.363281 0.0132217
5 0.513672 0.5375 0.296875 0.378906 0.0126266
8 0.511621 0.541016 0.295508 0.364844 0.0119171
6 0.510059 0.538281 0.292383 0.363281 0.0100098
16 0.514844 0.544629 0.289062 0.35293 0.00945282
0 0.5125 0.540234 0.299219 0.352344 0.00636292
22 0.513672 0.5375 0.296875 0.378906 0.00511932
4 0.511621 0.541016 0.295508 0.364844 0.00387001
9 0.510059 0.538281 0.292383 0.363281 0.00385475
25 0.510938 0.546484 0.284375 0.349219 0.969727
12 0.510156 0.545313 0.288281 0.3625 0.834473
13 0.510156 0.545313 0.288281 0.3625 0.218018
17 0.511328 0.546191 0.2875 0.357617 0.185303
19 0.510938 0.546484 0.284375 0.349219 0.0609741
14 0.510938 0.546484 0.284375 0.349219 0.0413208
23 0.510938 0.546484 0.284375 0.349219 0.0375977
1 0.510156 0.545313 0.288281 0.3625 0.0346069
20 0.511328 0.552344 0.285938 0.342187 0.0245209
10 0.505859 0.547559 0.301563 0.370508 0.0157166
9 0.511328 0.552344 0.285938 0.342187 0.0156021
3 0.510938 0.546484 0.284375 0.349219 0.0137939
5 0.511328 0.552344 0.285938 0.342187 0.0129242
4 0.511328 0.552344 0.285938 0.342187 0.012146
15 0.510156 0.545313 0.288281 0.3625 0.0109024
8 0.511328 0.546191 0.2875 0.357617 0.0100937
2 0.515625 0.539844 0.300781 0.354688 0.00912476
22 0.51709 0.557813 0.29082 0.332813 0.00582123
21 0.505859 0.547559 0.301563 0.370508 0.00494385
0 0.515625 0.539844 0.300781 0.354688 0.0028553
12 0.486816 0.532813 0.406055 0.426563 0.00203514
19 0.838867 0.166406 0.322266 0.332813 0.00202751
6 0.514063 0.563281 0.285938 0.325 0.00172043
25 0.510059 0.542871 0.29707 0.364258 0.950195
12 0.514063 0.537891 0.303906 0.364844 0.686035
17 0.511328 0.543359 0.301563 0.364844 0.151001
23 0.514063 0.537891 0.303906 0.364844 0.104126
13 0.514063 0.537891 0.303906 0.364844 0.102295
14 0.510059 0.542871 0.29707 0.364258 0.0552063
19 0.511328 0.543359 0.301563 0.364844 0.0301056
10 0.511328 0.543359 0.301563 0.364844 0.0264587
2 0.512891 0.54375 0.303125 0.3625 0.0182648
1 0.510547 0.542285 0.305469 0.374805 0.0170441
21 0.510547 0.542285 0.305469 0.374805 0.00898743
20 0.509766 0.541016 0.298438 0.353906 0.00854492
4 0.514063 0.537891 0.303906 0.364844 0.00653839
15 0.509766 0.541016 0.298438 0.353906 0.00629044
3 0.510059 0.542871 0.29707 0.364258 0.00624084
5 0.514063 0.537891 0.303906 0.364844 0.00568771
8 0.511328 0.543359 0.301563 0.364844 0.00542831
16 0.518848 0.536621 0.310742 0.37207 0.00530243
9 0.509766 0.541016 0.298438 0.353906 0.0050621
6 0.510938 0.544141 0.310156 0.346094 0.00291252
0 0.512891 0.54375 0.303125 0.3625 0.00251198
22 0.510547 0.542285 0.305469 0.374805 0.0012207
7 0.523047 0.475 0.264062 0.165625 0.00112057
18 0.518848 0.536621 0.310742 0.37207 0.00103664
25 0.507812 0.543652 0.307031 0.367383 0.963867
12 0.514063 0.542188 0.314063 0.376563 0.824219
13 0.514063 0.542188 0.314063 0.376563 0.456055
14 0.508594 0.54375 0.310937 0.371094 0.146606
17 0.513184 0.544629 0.311133 0.366992 0.131592
23 0.507812 0.543652 0.307031 0.367383 0.108582
2 0.515625 0.543652 0.316406 0.358008 0.0423889
19 0.513184 0.544629 0.311133 0.366992 0.0223694
1 0.516309 0.540625 0.31582 0.379688 0.0222015
10 0.509766 0.544531 0.309375 0.373437 0.02211
4 0.507812 0.543652 0.307031 0.367383 0.0197144
8 0.516309 0.540625 0.31582 0.379688 0.0151291
5 0.514063 0.542188 0.314063 0.376563 0.0148392
0 0.515625 0.543652 0.316406 0.358008 0.00891876
15 0.513184 0.544629 0.311133 0.366992 0.00871277
7 0.416406 0.0900391 0.528125 0.180078 0.00609589
21 0.517188 0.544141 0.315625 0.377344 0.00538635
20 0.510254 0.543359 0.310742 0.364063 0.00516129
3 0.513184 0.544629 0.311133 0.366992 0.0050621
9 0.510254 0.543359 0.310742 0.364063 0.0050621
6 0.460547 0.0970703 0.628906 0.194141 0.00502014
18 0.460547 0.0970703 0.628906 0.194141 0.00426483
15 0.460547 0.0970703 0.628906 0.194141 0.00397491
2 0.460547 0.0970703 0.628906 0.194141 0.00247192
22 0.517578 0.536328 0.327344 0.39375 0.00245285
7 0.46416 0.104883 0.663867 0.209766 0.00172043
0 0.460547 0.0970703 0.628906 0.194141 0.00129414
11 0.460547 0.0970703 0.628906 0.194141 0.00128937
12 0.507422 0.542188 0.39375 0.444531 0.0012846
6 0.514844 0.545703 0.314844 0.358594 0.00124454
6 0.39375 0.0870117 0.475 0.174023 0.00113392
25 0.50459 0.539941 0.304883 0.37793 0.848145
12 0.503125 0.530078 0.3125 0.392188 0.288574
13 0.503125 0.530078 0.3125 0.392188 0.156128
23 0.50459 0.539941 0.304883 0.37793 0.0583496
17 0.501953 0.544922 0.308594 0.388281 0.0534058
10 0.501953 0.544922 0.308594 0.388281 0.0238647
1 0.500781 0.533594 0.310156 0.382812 0.0216522
15 0.504687 0.542969 0.307813 0.376563 0.0196381
14 0.50459 0.539941 0.304883 0.37793 0.0120087
0 0.50459 0.539941 0.304883 0.37793 0.0086441
19 0.504687 0.542969 0.307813 0.376563 0.00841522
20 0.504004 0.530078 0.310742 0.3875 0.00800323
4 0.50459 0.539941 0.304883 0.37793 0.00723267
3 0.50459 0.539941 0.304883 0.37793 0.00643921
8 0.50459 0.539941 0.304883 0.37793 0.00614548
2 0.503223 0.545313 0.312305 0.389844 0.0042305
6 0.504687 0.542969 0.307813 0.376563 0.00324821
5 0.504004 0.530078 0.310742 0.3875 0.00319672
21 0.501953 0.544922 0.308594 0.388281 0.00138855
12 0.499609 0.499219 0.388281 0.578125 0.00126457
9 0.503223 0.545313 0.312305 0.389844 0.0011158
25 0.516406 0.544531 0.286719 0.3375 0.990723
14 0.517578 0.554688 0.280469 0.321875 0.175537
23 0.515527 0.550391 0.29082 0.342969 0.158691
12 0.515527 0.550391 0.29082 0.342969 0.0520325
10 0.513965 0.542578 0.293945 0.350781 0.0465393
17 0.513965 0.542578 0.293945 0.350781 0.0430298
1 0.524609 0.550781 0.275781 0.3125 0.0409851
2 0.517578 0.554688 0.280469 0.321875 0.0346069
13 0.521094 0.567187 0.270313 0.270313 0.0137405
19 0.513965 0.542578 0.293945 0.350781 0.0078125
16 0.521094 0.567187 0.270313 0.270313 0.00728989
6 0.521094 0.567187 0.270313 0.270313 0.00559998
8 0.521094 0.567187 0.270313 0.270313 0.00429916
3 0.521094 0.567187 0.270313 0.270313 0.00348282
20 0.521094 0.567187 0.270313 0.270313 0.00327301
21 0.524609 0.550781 0.275781 0.3125 0.00286674
5 0.517578 0.554688 0.280469 0.321875 0.0024147
4 0.515527 0.550391 0.29082 0.342969 0.00197983
3 0.513184 0.546191 0.300195 0.360742 0.00185299
0 0.515527 0.550391 0.29082 0.342969 0.00146675
17 0.527734 0.565234 0.269531 0.269531 0.00137234
13 0.523438 0.542188 0.313281 0.339063 0.00128937
25 0.508984 0.546094 0.305469 0.376563 0.991699
12 0.508984 0.542871 0.304688 0.387695 0.196777
14 0.515527 0.543359 0.320508 0.369531 0.129395
13 0.507031 0.532715 0.3125 0.400195 0.0844727
1 0.504297 0.538672 0.315625 0.395313 0.0651245
23 0.508984 0.542871 0.304688 0.387695 0.0637207
17 0.507129 0.542969 0.31543 0.384375 0.0374756
5 0.511328 0.544434 0.309375 0.375195 0.0210419
2 0.517969 0.548535 0.325 0.370117 0.0187988
10 0.509277 0.549121 0.311133 0.381445 0.0106125
20 0.511328 0.544434 0.309375 0.375195 0.00967407
19 0.509277 0.544531 0.304883 0.382812 0.00919342
22 0.504297 0.538672 0.315625 0.395313 0.00551224
4 0.513281 0.548828 0.322656 0.376563 0.0051384
0 0.517969 0.548535 0.325 0.370117 0.00374985
8 0.504297 0.538672 0.315625 0.395313 0.00367928
3 0.504297 0.538672 0.315625 0.395313 0.00269318
15 0.508203 0.550391 0.325 0.396094 0.00191879
12 0.498437 0.546777 0.390625 0.439258 0.00152493
9 0.511328 0.544434 0.309375 0.375195 0.00132465
6 0.517188 0.545313 0.311719 0.353906 0.00113392
16 0.514453 0.470313 0.289844 0.175 0.00104046
25 0.511719 0.54541 0.303125 0.382617 0.942871
13 0.511621 0.548828 0.301758 0.367969 0.231567
23 0.5125 0.544141 0.301563 0.383594 0.229492
12 0.511621 0.548828 0.301758 0.367969 0.140381
14 0.5125 0.544141 0.301563 0.383594 0.0875854
17 0.511719 0.54541 0.303125 0.382617 0.0307922
10 0.509473 0.541797 0.312305 0.382812 0.0299835
1 0.507422 0.553906 0.310156 0.357812 0.0220795
4 0.509766 0.549121 0.308594 0.373633 0.00871277
15 0.511621 0.548828 0.301758 0.367969 0.00728989
5 0.5125 0.544141 0.301563 0.383594 0.00679779
20 0.507422 0.553906 0.310156 0.357812 0.00643921
19 0.511719 0.54541 0.303125 0.382617 0.0053215
6 0.503906 0.105176 0.7 0.210352 0.00362206
18 0.464844 0.0966797 0.60625 0.193359 0.00324821
3 0.511035 0.553906 0.306055 0.348438 0.00265312
16 0.504687 0.566406 0.303125 0.310937 0.0024147
15 0.464844 0.0966797 0.60625 0.193359 0.00221634
7 0.476172 0.1 0.622656 0.2 0.00216484
2 0.506152 0.547656 0.317383 0.363281 0.00209999
9 0.509766 0.549121 0.308594 0.373633 0.00178242
0 0.506152 0.547656 0.317383 0.363281 0.00177479
8 0.511719 0.54541 0.303125 0.382617 0.00165462
10 0.476172 0.1 0.622656 0.2 0.00134563
6 0.616016 0.109961 0.767969 0.219922 0.00115585
7 0.519922 0.475 0.277344 0.18125 0.00105286
15 0.585254 0.100195 0.710742 0.200391 0.00103188
25 0.508203 0.540527 0.295312 0.364258 0.999023
13 0.508203 0.545703 0.292969 0.347656 0.36377
23 0.50791 0.540625 0.295117 0.357812 0.213379
12 0.506348 0.544434 0.291992 0.339258 0.175537
10 0.508203 0.540527 0.295312 0.364258 0.126343
14 0.510059 0.542578 0.30957 0.349219 0.0856934
2 0.51084 0.540234 0.32207 0.352344 0.0451965
17 0.505566 0.541504 0.29668 0.360742 0.0366211
20 0.506348 0.544434 0.291992 0.339258 0.0282135
3 0.510938 0.54209 0.297656 0.356445 0.0270691
1 0.506348 0.53584 0.30293 0.370508 0.0242767
19 0.508203 0.540527 0.295312 0.364258 0.0211182
15 0.504687 0.533496 0.314063 0.37207 0.0164642
5 0.506348 0.544434 0.291992 0.339258 0.0100937
16 0.507031 0.559375 0.296875 0.340625 0.00978088
8 0.510938 0.54209 0.297656 0.356445 0.00605011
6 0.507129 0.53916 0.301367 0.368555 0.00332451
4 0.516016 0.543359 0.328906 0.357031 0.00319672
12 0.501563 0.528809 0.359375 0.40332 0.00288963
0 0.51084 0.540234 0.32207 0.352344 0.00223351
22 0.506348 0.53584 0.30293 0.370508 0.00106525
25 0.512598 0.546484 0.285742 0.357812 0.996582
13 0.515527 0.563672 0.281445 0.335156 0.260498
10 0.512109 0.54375 0.29375 0.360938 0.240112
23 0.513184 0.550781 0.283008 0.321875 0.213989
15 0.502344 0.543652 0.304688 0.375195 0.124634
12 0.502344 0.5375 0.289062 0.369531 0.0888062
17 0.512109 0.54375 0.29375 0.360938 0.0797729
3 0.510547 0.543652 0.296875 0.368945 0.0298767
20 0.520703 0.550781 0.273438 0.315625 0.0127716
19 0.512598 0.546484 0.285742 0.357812 0.012291
1 0.521875 0.571094 0.273438 0.314063 0.0122375
14 0.520703 0.550781 0.273438 0.315625 0.0116425
16 0.511621 0.572656 0.28457 0.307813 0.00912476
0 0.510547 0.543652 0.296875 0.368945 0.00844574
6 0.510547 0.544141 0.303125 0.375781 0.00634003
8 0.510938 0.554297 0.300781 0.364844 0.00510025
5 0.51084 0.542871 0.293945 0.350195 0.00500107
2 0.515527 0.538672 0.293945 0.358594 0.0041008
10 0.51416 0.485938 0.285742 0.265625 0.00298119
25 0.51416 0.485938 0.285742 0.265625 0.00245285
4 0.502344 0.5375 0.289062 0.369531 0.00236893
15 0.511816 0.488184 0.298242 0.261133 0.00230598
12 0.490625 0.544922 0.364063 0.422656 0.00224304
17 0.51416 0.485938 0.285742 0.265625 0.00186729
21 0.515527 0.538672 0.293945 0.358594 0.00184631
14 0.521484 0.532715 0.31875 0.387695 0.00131512
13 0.494141 0.537891 0.357031 0.407031 0.00128937
25 0.513281 0.546094 0.290625 0.353125 0.993652
10 0.510547 0.548438 0.295312 0.373437 0.334473
23 0.510938 0.54209 0.294531 0.367383 0.183594
13 0.514941 0.553516 0.28418 0.357031 0.0458679
16 0.509375 0.56875 0.278906 0.320312 0.0372009
17 0.508203 0.542578 0.305469 0.378125 0.033844
15 0.508984 0.541797 0.327344 0.414844 0.0243378
3 0.511328 0.544141 0.296094 0.375781 0.0209656
19 0.510547 0.548438 0.295312 0.373437 0.0150146
14 0.509766 0.543066 0.295312 0.356055 0.0118713
12 0.509766 0.543066 0.295312 0.356055 0.0104523
12 0.504297 0.503125 0.357812 0.495313 0.00769424
8 0.511328 0.544141 0.296094 0.375781 0.00519943
12 0.616016 0.430078 0.632031 0.705469 0.00348282
5 0.513281 0.546094 0.290625 0.353125 0.00344276
20 0.514941 0.553516 0.28418 0.357031 0.00332451
1 0.508984 0.541797 0.327344 0.414844 0.00304031
13 0.504297 0.503125 0.357812 0.495313 0.00291252
6 0.508691 0.546875 0.30293 0.370313 0.0024147
2 0.509766 0.543066 0.295312 0.356055 0.00226974
15 0.616016 0.430078 0.632031 0.705469 0.00216484
12 0.349023 0.433691 0.698047 0.73418 0.00209045
15 0.485156 0.521875 0.409375 0.515625 0.00182438
13 0.616016 0.430078 0.632031 0.705469 0.00145531
25 0.504297 0.503125 0.357812 0.495313 0.00133514
0 0.511328 0.544141 0.296094 0.375781 0.00104046
25 0.513672 0.546484 0.295312 0.373437 0.983887
17 0.513184 0.546191 0.295508 0.373242 0.0803833
10 0.513672 0.546484 0.295312 0.373437 0.0544128
15 0.508496 0.539453 0.323633 0.397656 0.0287628
23 0.515723 0.551172 0.29043 0.365625 0.0252686
13 0.51875 0.555469 0.285156 0.341406 0.0196381
19 0.513672 0.546484 0.295312 0.373437 0.0155411
12 0.516797 0.541797 0.289844 0.385156 0.00878143
14 0.519531 0.557031 0.276563 0.34375 0.0064888
1 0.516797 0.541797 0.289844 0.385156 0.00519943
3 0.513672 0.546484 0.295312 0.373437 0.00502014
20 0.517969 0.557031 0.279687 0.34375 0.00261116
16 0.517969 0.574609 0.284375 0.302344 0.00250244
8 0.513672 0.546484 0.295312 0.373437 0.00217438
6 0.51709 0.542285 0.295508 0.388867 0.0020504
5 0.516797 0.541797 0.289844 0.385156 0.00194168
0 0.513184 0.546191 0.295508 0.373242 0.00190449
12 0.492969 0.538672 0.371094 0.433594 0.00138283
15 0.526953 0.0986328 0.646094 0.197266 0.00118828
6 0.531641 0.101172 0.708594 0.202344 0.00109005
25 0.513281 0.551562 0.282031 0.326562 0.992188
23 0.513281 0.551562 0.285156 0.332031 0.0966797
16 0.514844 0.564453 0.275 0.317188 0.0405273
20 0.517969 0.552344 0.278125 0.323438 0.0297546
14 0.513184 0.553906 0.287695 0.326562 0.0238647
10 0.511719 0.548438 0.289062 0.358594 0.0179901
3 0.517188 0.548828 0.284375 0.329688 0.0179138
15 0.505371 0.546484 0.325195 0.369531 0.0163422
12 0.508984 0.554688 0.292969 0.323438 0.0139542
19 0.511816 0.552344 0.285742 0.349219 0.0128708
13 0.517969 0.552344 0.278125 0.323438 0.0112
2 0.511816 0.553125 0.306055 0.335938 0.00787354
17 0.508984 0.548047 0.304688 0.361719 0.00638962
5 0.517188 0.548828 0.284375 0.329688 0.00559998
8 0.517188 0.548828 0.284375 0.329688 0.00468063
0 0.515625 0.549219 0.279687 0.329688 0.00288963
1 0.517969 0.552344 0.278125 0.323438 0.00222588
4 0.513965 0.551172 0.32207 0.350781 0.00221634
22 0.517969 0.552344 0.278125 0.323438 0.00146103
9 0.515625 0.549219 0.279687 0.329688 0.00105667
25 0.510059 0.534766 0.283008 0.369531 0.996094
23 0.512598 0.528125 0.287305 0.377344 0.0823975
10 0.508984 0.530469 0.289844 0.384375 0.064209
17 0.505859 0.530859 0.296094 0.385156 0.0288696
12 0.509473 0.526563 0.279492 0.382812 0.0219421
13 0.514063 0.535156 0.284375 0.371875 0.0187683
15 0.505859 0.530859 0.296094 0.385156 0.0149002
19 0.512109 0.532715 0.285938 0.368945 0.00557709
12 0.505078 0.49209 0.335156 0.500195 0.00521851
15 0.505078 0.49209 0.335156 0.500195 0.0050621
3 0.509277 0.532422 0.28457 0.375 0.0049057
14 0.512598 0.528125 0.287305 0.377344 0.00477219
25 0.50791 0.469141 0.282617 0.241406 0.00436401
20 0.511328 0.527734 0.28125 0.377344 0.00243378
8 0.509473 0.526563 0.279492 0.382812 0.0024147
1 0.505859 0.530859 0.296094 0.385156 0.00239754
10 0.50791 0.469141 0.282617 0.241406 0.00221634
13 0.505078 0.49209 0.335156 0.500195 0.00206757
19 0.512598 0.466309 0.291992 0.195508 0.00183105
25 0.505078 0.49209 0.335156 0.500195 0.00167465
0 0.509766 0.526563 0.297656 0.385938 0.00160408
4 0.509766 0.526563 0.297656 0.385938 0.00153637
6 0.505859 0.530859 0.296094 0.385156 0.00138283
17 0.50791 0.469141 0.282617 0.241406 0.00137806
25 0.513672 0.557031 0.2875 0.3375 0.950684
10 0.514941 0.559766 0.288867 0.357812 0.0524292
23 0.517871 0.553906 0.289258 0.346875 0.0490417
13 0.521094 0.565625 0.282813 0.323438 0.0149536
12 0.514941 0.550781 0.30918 0.348438 0.0107346
14 0.511719 0.555469 0.294531 0.339063 0.00854492
15 0.507129 0.553906 0.307617 0.339063 0.00763702
2 0.511719 0.555469 0.294531 0.339063 0.00521851
16 0.521875 0.547266 0.292188 0.358594 0.00319672
17 0.507129 0.553906 0.307617 0.339063 0.00309944
3 0.521094 0.565625 0.282813 0.323438 0.00191879
6 0.507129 0.55 0.301367 0.346875 0.00156689
16 0.527344 0.580469 0.267188 0.271875 0.00122547
13 0.508984 0.508691 0.339844 0.431055 0.0012064
25 0.503516 0.550391 0.2875 0.360156 0.956543
10 0.50459 0.549219 0.289258 0.360938 0.0322266
13 0.503906 0.567578 0.263281 0.325 0.0160217
17 0.503516 0.542578 0.296094 0.361719 0.0150757
3 0.499902 0.550879 0.275195 0.368555 0.0106125
12 0.507031 0.54541 0.324219 0.354492 0.0086441
15 0.499121 0.541406 0.29707 0.355469 0.00706482
23 0.499902 0.550879 0.275195 0.368555 0.00619125
19 0.499902 0.550879 0.275195 0.368555 0.00605011
14 0.505078 0.558203 0.29375 0.346094 0.00538635
1 0.499902 0.550879 0.275195 0.368555 0.00296974
8 0.499902 0.550879 0.275195 0.368555 0.00277901
16 0.508594 0.588672 0.24375 0.274219 0.00158501
2 0.505078 0.558203 0.29375 0.346094 0.00128937
20 0.503906 0.567578 0.263281 0.325 0.00117874
25 0.514063 0.551172 0.289062 0.369531 0.962402
13 0.519531 0.5625 0.28125 0.342187 0.0539856
10 0.514063 0.551172 0.289062 0.369531 0.033844
17 0.513281 0.532129 0.303125 0.376367 0.0139008
12 0.511719 0.547266 0.2875 0.372656 0.0105286
15 0.505469 0.544141 0.307813 0.357031 0.00971222
23 0.511719 0.547266 0.2875 0.372656 0.00538635
1 0.513281 0.532129 0.303125 0.376367 0.00383949
2 0.512109 0.544629 0.29375 0.35918 0.00327301
3 0.519531 0.5625 0.28125 0.342187 0.00305176
12 0.512891 0.501172 0.330469 0.446094 0.00214005
14 0.518066 0.555078 0.288867 0.353906 0.00201988
19 0.510547 0.549121 0.296094 0.373633 0.00194168
13 0.512891 0.501172 0.330469 0.446094 0.00153637
6 0.510547 0.549121 0.296094 0.373633 0.00105286
16 0.521094 0.592188 0.264062 0.28125 0.00100422
25 0.514746 0.540625 0.283008 0.365625 0.958008
10 0.514746 0.540625 0.283008 0.365625 0.157715
17 0.514063 0.538672 0.29375 0.375781 0.0541992
13 0.519531 0.543359 0.279687 0.365625 0.0380249
15 0.512891 0.530469 0.307813 0.383594 0.016983
3 0.51875 0.54375 0.278125 0.367188 0.0122375
19 0.514746 0.540625 0.283008 0.365625 0.0111618
12 0.513184 0.529785 0.331445 0.412305 0.00919342
12 0.613379 0.400879 0.643555 0.729492 0.0078125
1 0.512891 0.530469 0.307813 0.383594 0.00511932
15 0.453906 0.546973 0.473438 0.431055 0.00379562
23 0.517188 0.540723 0.28125 0.37168 0.00367928
15 0.348438 0.512109 0.696875 0.594531 0.00293541
15 0.613379 0.400879 0.643555 0.729492 0.00291252
13 0.613379 0.400879 0.643555 0.729492 0.00209999
6 0.513379 0.539453 0.30918 0.385938 0.00184631
12 0.453906 0.546973 0.473438 0.431055 0.00175476
20 0.516797 0.542969 0.289844 0.365625 0.00148964
25 0.453906 0.546973 0.473438 0.431055 0.00136185
8 0.517188 0.540723 0.28125 0.37168 0.00132465
16 0.517188 0.540723 0.28125 0.37168 0.00130939
12 0.637891 0.501953 0.724219 0.871094 0.0011692
12 0.348438 0.512109 0.696875 0.594531 0.00111198
25 0.511328 0.546875 0.289062 0.353125 0.977539
10 0.512109 0.544531 0.282031 0.364844 0.0869141
3 0.511328 0.543359 0.271094 0.359375 0.0292053
23 0.511328 0.543359 0.271094 0.359375 0.0144501
13 0.512109 0.554297 0.283594 0.344531 0.00930023
17 0.512109 0.544531 0.282031 0.364844 0.00831604
19 0.512109 0.544531 0.282031 0.364844 0.00709534
20 0.514746 0.550391 0.286133 0.344531 0.00286674
15 0.510938 0.531152 0.297656 0.364258 0.00263214
6 0.510938 0.531152 0.297656 0.364258 0.00216484
0 0.512109 0.544531 0.282031 0.364844 0.0020752
16 0.512109 0.544531 0.282031 0.364844 0.00188255
16 0.511719 0.589453 0.254688 0.277344 0.00130463
8 0.512109 0.544531 0.282031 0.364844 0.00126934
25 0.516797 0.55 0.3 0.345313 0.966797
10 0.5125 0.546484 0.298438 0.372656 0.0566406
23 0.510547 0.53916 0.291406 0.379492 0.0131226
17 0.511621 0.535547 0.30957 0.386719 0.00844574
19 0.5125 0.547266 0.300781 0.370313 0.00841522
12 0.508594 0.539453 0.315625 0.383594 0.00559998
14 0.510547 0.53916 0.291406 0.379492 0.00547028
15 0.508594 0.539453 0.315625 0.383594 0.00475693
16 0.557813 0.616797 0.327344 0.307031 0.00319672
13 0.508594 0.539453 0.315625 0.383594 0.00302696
2 0.512109 0.529004 0.317188 0.395117 0.0024929
16 0.528125 0.576563 0.2875 0.315625 0.00194168
3 0.508594 0.539453 0.315625 0.383594 0.00160408
25 0.526563 0.551953 0.292188 0.346875 0.983887
10 0.515625 0.54375 0.299219 0.3625 0.0299835
23 0.513281 0.544531 0.282813 0.370313 0.00796509
17 0.5125 0.541406 0.298438 0.3625 0.00720596
14 0.519141 0.552734 0.296094 0.347656 0.00471878
15 0.5125 0.541406 0.298438 0.3625 0.00426483
6 0.480078 0.0981445 0.650781 0.196289 0.00418091
15 0.466016 0.0954102 0.652344 0.19082 0.00397491
12 0.5125 0.541406 0.298438 0.3625 0.00351143
25 0.516406 0.497656 0.292969 0.309375 0.00271416
13 0.5125 0.541406 0.298438 0.3625 0.00188255
3 0.513281 0.544531 0.282813 0.370313 0.00182438
11 0.466016 0.0954102 0.652344 0.19082 0.00139904
2 0.524219 0.542969 0.304688 0.3625 0.00136662
19 0.516309 0.554004 0.295508 0.35918 0.00121593
1 0.524219 0.542969 0.304688 0.3625 0.00106525
25 0.516406 0.526465 0.319531 0.40332 0.941406
10 0.517188 0.533203 0.317188 0.391406 0.0526123
17 0.511035 0.528809 0.318555 0.39082 0.032959
3 0.511035 0.528809 0.318555 0.39082 0.0108566
17 0.515527 0.462109 0.311133 0.413281 0.00871277
15 0.511035 0.528809 0.318555 0.39082 0.00579834
19 0.517188 0.533203 0.317188 0.391406 0.00566483
10 0.515527 0.462109 0.311133 0.413281 0.00518036
13 0.514063 0.544531 0.303125 0.375781 0.00446701
1 0.519531 0.524219 0.328125 0.396875 0.00337601
23 0.514063 0.544531 0.303125 0.375781 0.0030632
25 0.514941 0.459277 0.307617 0.379883 0.00271416
12 0.514063 0.544531 0.303125 0.375781 0.00252151
3 0.514941 0.459277 0.307617 0.379883 0.00247192
19 0.514941 0.459277 0.307617 0.379883 0.00247192
6 0.511035 0.528809 0.318555 0.39082 0.00223351
16 0.534375 0.6 0.285938 0.269531 0.00197983
3 0.5125 0.416797 0.29375 0.236719 0.00135612
10 0.5125 0.416797 0.29375 0.236719 0.00103188
25 0.509766 0.549609 0.342187 0.367188 0.89502
10 0.510938 0.547266 0.323438 0.376563 0.0111618
15 0.507129 0.538281 0.331055 0.360938 0.0088501
12 0.510156 0.543359 0.353906 0.377344 0.0064888
17 0.506934 0.54375 0.318945 0.372656 0.00388527
23 0.505469 0.541797 0.314063 0.377344 0.00324821
19 0.506934 0.54375 0.318945 0.372656 0.00322342
14 0.505469 0.541797 0.314063 0.377344 0.0029583
13 0.507129 0.538281 0.331055 0.360938 0.00178909
2 0.505469 0.541797 0.314063 0.377344 0.00162315
3 0.507129 0.538281 0.331055 0.360938 0.00138283
1 0.510156 0.543359 0.353906 0.377344 0.00133038
25 0.513672 0.550781 0.296875 0.346875 0.998047
13 0.515527 0.554688 0.29082 0.342187 0.0206451
10 0.516406 0.534375 0.3125 0.373437 0.0179901
17 0.516406 0.534375 0.3125 0.373437 0.0113754
15 0.514453 0.546191 0.304688 0.351367 0.0107803
23 0.51709 0.536328 0.30957 0.382031 0.00629044
25 0.511719 0.496875 0.2875 0.299219 0.00600433
6 0.496094 0.090625 0.620313 0.18125 0.00579834
12 0.514453 0.535547 0.314844 0.360156 0.00547028
3 0.516016 0.536621 0.314844 0.376758 0.00446701
19 0.516406 0.534375 0.3125 0.373437 0.0041008
16 0.534375 0.620313 0.25 0.234375 0.00179577
16 0.517188 0.574219 0.270313 0.3125 0.00176811
7 0.496094 0.090625 0.620313 0.18125 0.00153637
14 0.507812 0.538379 0.305469 0.362305 0.00101662
25 0.515234 0.542285 0.302344 0.374805 0.89502
17 0.510059 0.539453 0.314258 0.389844 0.0124283
15 0.510059 0.539453 0.314258 0.389844 0.00658798
10 0.514844 0.541406 0.308594 0.389062 0.00564194
23 0.515625 0.542578 0.295312 0.389062 0.00300407
12 0.510059 0.539453 0.314258 0.389844 0.00288963
19 0.513281 0.539062 0.3 0.378125 0.00261116
3 0.515625 0.542578 0.295312 0.389062 0.00136185
14 0.515625 0.542578 0.295312 0.389062 0.00133038
25 0.512402 0.550391 0.29707 0.350781 0.946777
17 0.505859 0.542969 0.309375 0.348438 0.012146
15 0.505859 0.542969 0.309375 0.348438 0.0053215
13 0.516406 0.554688 0.288281 0.342187 0.00426483
23 0.512109 0.546777 0.292969 0.35957 0.00397491
14 0.512109 0.546777 0.292969 0.35957 0.0029583
10 0.505859 0.542969 0.309375 0.348438 0.00256157
12 0.510938 0.544531 0.299219 0.357812 0.00255013
3 0.505859 0.542969 0.309375 0.348438 0.00201988
2 0.514746 0.554688 0.29707 0.329688 0.00111198
25 0.511328 0.553906 0.270313 0.335938 0.992676
13 0.510938 0.553906 0.264062 0.3375 0.0368958
10 0.510156 0.546191 0.278906 0.35918 0.0321045
17 0.508496 0.526563 0.28457 0.336719 0.00769424
3 0.510156 0.546191 0.278906 0.35918 0.00698471
14 0.301953 0.3375 0.603906 0.675 0.00674438
20 0.509375 0.553906 0.275781 0.348438 0.00300407
12 0.510938 0.553906 0.264062 0.3375 0.00298119
2 0.301953 0.3375 0.603906 0.675 0.00287819
23 0.510547 0.542578 0.275 0.355469 0.00274658
19 0.510156 0.546191 0.278906 0.35918 0.0020752
1 0.301953 0.3375 0.603906 0.675 0.00197983
15 0.508496 0.526563 0.28457 0.336719 0.00170708
6 0.301953 0.3375 0.603906 0.675 0.00136662
16 0.517578 0.651172 0.232031 0.166406 0.00136185
25 0.515625 0.551562 0.290625 0.34375 0.9375
3 0.517969 0.546094 0.291406 0.359375 0.0102081
10 0.517969 0.546094 0.291406 0.359375 0.00841522
17 0.512109 0.535156 0.302344 0.34375 0.00664139
13 0.516016 0.552734 0.289062 0.344531 0.00641251
15 0.512109 0.535156 0.302344 0.34375 0.00530243
19 0.517969 0.546094 0.291406 0.359375 0.00273705
12 0.517188 0.547754 0.2875 0.356055 0.00154305
23 0.517188 0.547754 0.2875 0.356055 0.00124454
25 0.510156 0.553516 0.321875 0.367969 0.944824
17 0.511719 0.551562 0.316406 0.351562 0.016098
23 0.509766 0.55625 0.313281 0.351562 0.00534439
14 0.509766 0.55625 0.313281 0.351562 0.00345612
13 0.507031 0.554297 0.328125 0.370313 0.00252151
10 0.508496 0.543848 0.320508 0.376367 0.00242424
3 0.508496 0.543848 0.320508 0.376367 0.00154877
15 0.511719 0.551562 0.316406 0.351562 0.00109005
19 0.508496 0.543848 0.320508 0.376367 0.00104046
25 0.514063 0.547266 0.299219 0.358594 0.897461
10 0.514844 0.540527 0.289062 0.361133 0.00230598
12 0.512109 0.551953 0.302344 0.342969 0.00189686
17 0.515234 0.533203 0.29375 0.349219 0.00153637
14 0.512109 0.547656 0.292969 0.3625 0.00121593
13 0.511035 0.558984 0.30918 0.346875 0.00113392
15 0.514941 0.543066 0.298242 0.360742 0.00110722
25 0.512109 0.545703 0.307031 0.369531 0.963379
10 0.514941 0.538672 0.29668 0.370313 0.118774
3 0.514941 0.538672 0.29668 0.370313 0.0119629
19 0.514941 0.538672 0.29668 0.370313 0.00638962
17 0.514941 0.538672 0.29668 0.370313 0.00605011
23 0.512891 0.539062 0.297656 0.378125 0.00305176
20 0.512109 0.545703 0.307031 0.369531 0.00191212
13 0.513672 0.548828 0.298438 0.364063 0.00160408
25 0.511816 0.541406 0.312305 0.371875 0.939941
10 0.511719 0.535156 0.307031 0.36875 0.0278015
2 0.511621 0.531641 0.314258 0.347656 0.00706482
23 0.511621 0.531641 0.314258 0.347656 0.00561905
14 0.510938 0.540234 0.313281 0.361719 0.0050621
19 0.511719 0.535156 0.307031 0.36875 0.00365067
3 0.511719 0.535156 0.307031 0.36875 0.00279999
17 0.511621 0.531641 0.314258 0.347656 0.00194931
25 0.514063 0.533594 0.294531 0.367188 0.962891
10 0.51416 0.528223 0.287305 0.363867 0.0120544
19 0.51416 0.528223 0.287305 0.363867 0.00743103
3 0.51416 0.528223 0.287305 0.363867 0.00706482
17 0.513672 0.527344 0.295312 0.364844 0.00342941
23 0.513281 0.532031 0.283594 0.367188 0.0017004
20 0.512109 0.534473 0.295312 0.345117 0.00131989
15 0.513672 0.527344 0.295312 0.364844 0.00116062
25 0.511621 0.532715 0.287695 0.356445 0.946777
10 0.513379 0.53125 0.28418 0.354688 0.00815582
3 0.509766 0.534473 0.277344 0.35918 0.00518036
23 0.509766 0.534473 0.277344 0.35918 0.00192642
17 0.507031 0.531934 0.297656 0.358008 0.00178242
19 0.513379 0.53125 0.28418 0.354688 0.00121593
13 0.511328 0.539844 0.278906 0.339844 0.0011425
2 0.507031 0.531934 0.297656 0.358008 0.00111198
25 0.510156 0.532031 0.289844 0.370313 0.924805
10 0.512402 0.529297 0.287695 0.359375 0.00941467
23 0.505469 0.528906 0.285156 0.342969 0.0064621
3 0.512402 0.529297 0.287695 0.359375 0.00388527
13 0.512109 0.530859 0.271094 0.349219 0.0026722
19 0.512402 0.529297 0.287695 0.359375 0.00184631
17 0.512402 0.529297 0.287695 0.359375 0.00132465
2 0.505469 0.528906 0.285156 0.342969 0.00101662
25 0.5125 0.537598 0.3125 0.376367 0.924316
3 0.512891 0.537109 0.314844 0.385156 0.0039444
19 0.512891 0.537109 0.314844 0.385156 0.00372124
10 0.512891 0.537109 0.314844 0.385156 0.00362206
15 0.511035 0.532422 0.31543 0.372656 0.00300407
17 0.511035 0.532422 0.31543 0.372656 0.00279999
25 0.513672 0.53125 0.320312 0.371875 0.969727
10 0.511719 0.526465 0.320312 0.35957 0.0124817
3 0.513281 0.530566 0.315625 0.366992 0.00793457
25 0.511816 0.479688 0.307617 0.271875 0.00695801
17 0.511719 0.526465 0.320312 0.35957 0.00475693
19 0.513281 0.530566 0.315625 0.366992 0.00429916
15 0.511719 0.526465 0.320312 0.35957 0.00195694
23 0.5125 0.531641 0.314063 0.373437 0.00136185
20 0.511719 0.531641 0.322656 0.371094 0.00110722
25 0.513184 0.535937 0.304883 0.352344 0.958496
15 0.513184 0.535937 0.304883 0.352344 0.00351143
13 0.513672 0.531641 0.296875 0.349219 0.002388
10 0.510938 0.53125 0.303125 0.344531 0.00191879
3 0.510938 0.53125 0.303125 0.344531 0.00163555
20 0.51084 0.533594 0.301758 0.348438 0.00118828
23 0.509766 0.536719 0.300781 0.340625 0.00101662
25 0.509277 0.532715 0.295508 0.37207 0.968262
10 0.511719 0.532031 0.290625 0.365625 0.0121002
3 0.511719 0.532031 0.290625 0.365625 0.00912476
19 0.511719 0.532031 0.290625 0.365625 0.00261116
20 0.51084 0.532031 0.292383 0.369531 0.00255013
17 0.506641 0.523438 0.296094 0.353906 0.00130939
25 0.511719 0.534375 0.3125 0.372656 0.940918
10 0.509277 0.530469 0.30332 0.361719 0.00403976
3 0.509277 0.530469 0.30332 0.361719 0.00120163
19 0.509277 0.530469 0.30332 0.361719 0.00104046
25 0.510156 0.530859 0.300781 0.364063 0.974609
10 0.510254 0.530859 0.299805 0.357812 0.00379562
3 0.510254 0.530859 0.299805 0.357812 0.00346947
15 0.510547 0.526172 0.303906 0.357031 0.0014782
19 0.510254 0.530859 0.299805 0.357812 0.0012846
25 0.512109 0.534473 0.290625 0.35293 0.959961
10 0.510156 0.533496 0.28125 0.34707 0.0149002
3 0.510547 0.53584 0.276563 0.350195 0.00441742
23 0.510547 0.53584 0.276563 0.350195 0.00209999
2 0.204688 0.12832 0.409375 0.256641 0.00110722
20 0.514063 0.538672 0.296875 0.352344 0.00107288
25 0.511719 0.539453 0.28125 0.346094 0.960938
10 0.509473 0.534375 0.27793 0.345313 0.00521851
25 0.512598 0.537109 0.28418 0.357031 0.986816
10 0.511328 0.534766 0.282813 0.3625 0.00570679
3 0.511328 0.534766 0.282813 0.3625 0.00218201
15 0.513379 0.540625 0.285742 0.3625 0.00101662
25 0.512109 0.535937 0.303125 0.369531 0.922852
10 0.512109 0.533496 0.299219 0.36582 0.00450516
3 0.512109 0.533496 0.299219 0.36582 0.00102425
25 0.512109 0.535059 0.285156 0.36582 0.964355
10 0.51084 0.536035 0.287695 0.357617 0.00634003
3 0.508984 0.53125 0.277344 0.354688 0.00209045
25 0.512891 0.460938 0.269531 0.204688 0.00125504
15 0.508984 0.528125 0.280469 0.357812 0.00109005
20 0.513281 0.536719 0.285156 0.365625 0.00101662
25 0.512402 0.534473 0.276758 0.35918 0.956543
17 0.510547 0.534766 0.280469 0.351562 0.00446701
10 0.510547 0.534766 0.280469 0.351562 0.00181007
2 0.228125 0.130859 0.45625 0.261719 0.00175476
13 0.512891 0.535254 0.278906 0.351367 0.00143242
15 0.512402 0.534473 0.276758 0.35918 0.00125504
25 0.513672 0.538281 0.279687 0.353125 0.943359
10 0.510059 0.535937 0.275195 0.351562 0.0024147
2 0.220313 0.128125 0.440625 0.25625 0.00181007
17 0.512598 0.539844 0.281055 0.342969 0.00135136
15 0.510059 0.531348 0.281445 0.35293 0.00102806
3 0.510059 0.535937 0.275195 0.351562 0.00102043
25 0.510156 0.535937 0.286719 0.354688 0.956543
10 0.508594 0.535547 0.290625 0.350781 0.00429916
17 0.508594 0.535547 0.290625 0.350781 0.00159168
25 0.514063 0.535156 0.276563 0.358594 0.962891
10 0.513672 0.534473 0.282031 0.360742 0.0273743
25 0.512891 0.466406 0.25625 0.220313 0.0037365
3 0.507812 0.534277 0.271875 0.358008 0.00146675
20 0.515625 0.536035 0.279687 0.35293 0.00126457
25 0.513281 0.5375 0.273438 0.346875 0.972168
10 0.508594 0.536621 0.275781 0.34082 0.0132751
17 0.508594 0.536621 0.275781 0.34082 0.00253105
13 0.509766 0.542188 0.271094 0.3375 0.00194931
25 0.514844 0.457422 0.260938 0.197656 0.00155449
15 0.511719 0.539844 0.271094 0.346875 0.00155449
25 0.510938 0.536719 0.276563 0.335156 0.970703
10 0.511328 0.536035 0.273438 0.335742 0.0259552
3 0.50625 0.535937 0.267969 0.332813 0.00281143
25 0.513281 0.486621 0.259375 0.24707 0.00198746
17 0.511328 0.536035 0.273438 0.335742 0.00189686
20 0.5125 0.5375 0.270313 0.3375 0.00127888
25 0.509473 0.537891 0.282617 0.336719 0.980957
10 0.511719 0.538672 0.283594 0.338281 0.014061
25 0.510938 0.462891 0.267188 0.19375 0.005867
2 0.216016 0.12959 0.432031 0.25918 0.00123501
3 0.503906 0.537402 0.274219 0.336133 0.00104809
25 0.506641 0.5375 0.276563 0.3375 0.974609
10 0.50625 0.538672 0.278906 0.335156 0.0145569
25 0.509375 0.480469 0.265625 0.228906 0.00282288
3 0.503809 0.536621 0.273633 0.339258 0.00168705
17 0.50625 0.538672 0.278906 0.335156 0.00122547
25 0.507715 0.543652 0.279883 0.339258 0.960938
10 0.50625 0.537891 0.28125 0.346094 0.0199432
17 0.50625 0.537891 0.28125 0.346094 0.00243378
25 0.51084 0.538672 0.283008 0.344531 0.946777
10 0.510156 0.541016 0.284375 0.336719 0.0189056
17 0.510156 0.541016 0.284375 0.336719 0.00612259
2 0.192969 0.13125 0.385938 0.2625 0.00448608
3 0.506641 0.538672 0.277344 0.34375 0.00103664
25 0.511621 0.537109 0.287695 0.344531 0.931641
10 0.512109 0.539453 0.2875 0.341406 0.0302124
17 0.512109 0.539453 0.2875 0.341406 0.00475693
3 0.508984 0.535547 0.283594 0.346094 0.00137234
2 0.204492 0.130566 0.408984 0.261133 0.00115108
25 0.510156 0.541504 0.274219 0.337305 0.933594
10 0.509375 0.543359 0.270313 0.311719 0.0213623
3 0.508203 0.538672 0.26875 0.341406 0.00208282
17 0.509375 0.543359 0.270313 0.311719 0.00171375
25 0.509766 0.538672 0.272656 0.338281 0.95752
10 0.50791 0.540234 0.276367 0.330469 0.0085144
3 0.505859 0.538184 0.273438 0.337695 0.00183868
25 0.511035 0.540723 0.282617 0.34043 0.950195
10 0.508496 0.542969 0.283008 0.33125 0.00734711
25 0.5125 0.539844 0.273438 0.328125 0.959961
10 0.511816 0.544922 0.274805 0.317969 0.0042305
25 0.509277 0.540527 0.273633 0.333008 0.945801
10 0.509375 0.544531 0.275781 0.325 0.00316048
25 0.511328 0.539453 0.270313 0.327344 0.95752
10 0.509375 0.544531 0.271875 0.314063 0.00901794
25 0.509375 0.540625 0.277344 0.332813 0.944336
10 0.508594 0.545313 0.278125 0.321875 0.00307465
25 0.510059 0.538184 0.27832 0.34082 0.955566
10 0.508203 0.542188 0.280469 0.33125 0.00559998
17 0.508203 0.542188 0.280469 0.33125 0.00112057
3 0.506641 0.536719 0.274219 0.338281 0.00100803
25 0.510254 0.539453 0.273242 0.335156 0.960449
10 0.508984 0.545313 0.276563 0.323438 0.00332451
17 0.508984 0.545313 0.276563 0.323438 0.00138855
25 0.510059 0.540527 0.275195 0.33457 0.959961
10 0.507422 0.533691 0.274219 0.33418 0.00245285
17 0.508496 0.546875 0.27832 0.320312 0.00102043
25 0.511328 0.538281 0.276563 0.336719 0.960938
10 0.510059 0.54375 0.27832 0.326562 0.00482941
3 0.50791 0.537891 0.27168 0.335156 0.0012207
17 0.510059 0.54375 0.27832 0.326562 0.00104809
25 0.51084 0.537598 0.273633 0.33418 0.959961
10 0.509375 0.541797 0.278125 0.325781 0.00356483
17 0.509375 0.541797 0.278125 0.325781 0.00192642
3 0.507031 0.539062 0.270313 0.332031 0.00103188
25 0.512109 0.539062 0.278125 0.338281 0.95752
10 0.510547 0.54375 0.282031 0.329688 0.00266266
17 0.510547 0.54375 0.282031 0.329688 0.00152493
25 0.510938 0.539746 0.274219 0.33457 0.962891
10 0.509375 0.544531 0.279687 0.325781 0.00348282
17 0.509375 0.544531 0.279687 0.325781 0.0014267
25 0.511328 0.5375 0.277344 0.339844 0.956543
10 0.509766 0.541016 0.282031 0.335156 0.00457382
20 0.511621 0.538965 0.276758 0.34082 0.00121593
3 0.507812 0.537598 0.270313 0.337305 0.00112438
25 0.511328 0.536719 0.276563 0.342187 0.956543
10 0.510254 0.539453 0.281055 0.339063 0.00432968
25 0.510938 0.5375 0.275781 0.339844 0.959961
10 0.509766 0.540234 0.279687 0.336719 0.00351143
25 0.51084 0.538672 0.273633 0.335938 0.962891
10 0.510254 0.541797 0.27793 0.332031 0.00365067
25 0.510938 0.536719 0.276563 0.340625 0.961914
10 0.509766 0.539062 0.28125 0.339063 0.00312424
25 0.51084 0.535937 0.273633 0.340625 0.963379
10 0.509766 0.537891 0.278125 0.339063 0.00345612
17 0.509766 0.537891 0.278125 0.339063 0.00103188
25 0.510254 0.536328 0.273242 0.339063 0.965332
10 0.508691 0.538184 0.27793 0.337695 0.0039444
25 0.510547 0.536719 0.274219 0.339063 0.964355
10 0.509375 0.539062 0.278906 0.3375 0.00370789
25 0.510547 0.537109 0.272656 0.336719 0.964844
10 0.509375 0.540234 0.276563 0.333594 0.00362206
25 0.510547 0.536719 0.273438 0.339063 0.962402
10 0.509277 0.539453 0.276758 0.336719 0.00378036
25 0.510547 0.53584 0.272656 0.339258 0.959473
10 0.509375 0.538672 0.276563 0.3375 0.00402451
25 0.510547 0.536035 0.272656 0.338867 0.960449
10 0.509375 0.538672 0.277344 0.336719 0.00405502
17 0.509375 0.538672 0.277344 0.336719 0.0011158
25 0.510547 0.536328 0.271875 0.3375 0.960449
10 0.509473 0.538965 0.276367 0.336133 0.00407028
17 0.509473 0.538965 0.276367 0.336133 0.00117397
25 0.510938 0.536328 0.271875 0.338281 0.961914
10 0.509766 0.53916 0.276563 0.337305 0.00436401
17 0.509766 0.53916 0.276563 0.337305 0.0011692
25 0.510938 0.536719 0.271875 0.3375 0.962891
10 0.509473 0.539453 0.276367 0.335938 0.00443268
17 0.509473 0.539453 0.276367 0.335938 0.00109005
25 0.511035 0.536328 0.273242 0.339063 0.960449
10 0.509766 0.539453 0.277344 0.336719 0.0039444
17 0.509766 0.539453 0.277344 0.336719 0.00106525
25 0.510547 0.53584 0.272656 0.339258 0.959473
10 0.509375 0.538672 0.276563 0.3375 0.00399017
