3 0.486328 0.486719 0.371875 0.440625 0.0144501
19 0.499121 0.468848 0.326758 0.401367 0.0132751
11 0.537891 0.491016 0.489844 0.454688 0.0119629
20 0.537891 0.491016 0.489844 0.454688 0.00919342
11 0.651953 0.469629 0.696094 0.510742 0.00731659
5 0.481348 0.486328 0.399805 0.452344 0.00612259
14 0.471973 0.476953 0.36543 0.422656 0.00538635
5 0.564941 0.485254 0.695117 0.474805 0.00468063
19 0.445312 0.458594 0.289062 0.345313 0.00436401
11 0.378906 0.139844 0.459375 0.279687 0.00416565
14 0.537891 0.491016 0.489844 0.454688 0.0039444
19 0.457031 0.414746 0.264062 0.28457 0.00328636
3 0.65 0.507715 0.7 0.479883 0.00322342
11 0.607031 0.503906 0.785937 0.890625 0.00282288
5 0.377734 0.138086 0.464844 0.276172 0.0026722
3 0.573828 0.489063 0.619531 0.446094 0.00251198
17 0.486035 0.476172 0.366992 0.421094 0.00244331
19 0.533594 0.436328 0.285938 0.330469 0.002388
9 0.537891 0.491016 0.489844 0.454688 0.00229645
11 0.511719 0.137109 0.753125 0.274219 0.00226021
14 0.378906 0.139844 0.459375 0.279687 0.00214958
11 0.486035 0.476172 0.366992 0.421094 0.00212479
11 0.564941 0.485254 0.695117 0.474805 0.00210762
1 0.477734 0.488672 0.38125 0.450781 0.00202751
0 0.65 0.507715 0.7 0.479883 0.00200272
20 0.486035 0.476172 0.366992 0.421094 0.0019722
10 0.377734 0.138086 0.464844 0.276172 0.00191212
14 0.650781 0.480566 0.698438 0.46543 0.00182438
4 0.378906 0.139844 0.459375 0.279687 0.00178909
2 0.486035 0.476172 0.366992 0.421094 0.00172043
8 0.486035 0.476172 0.366992 0.421094 0.0017004
19 0.519922 0.522754 0.320312 0.341992 0.00168705
3 0.621875 0.505859 0.75625 0.703906 0.00164223
0 0.486035 0.476172 0.366992 0.421094 0.00164223
10 0.474219 0.485547 0.36875 0.439063 0.00162315
2 0.537891 0.491016 0.489844 0.454688 0.00161076
9 0.369922 0.136328 0.454688 0.272656 0.00157356
4 0.481348 0.486328 0.399805 0.452344 0.00153637
20 0.650781 0.480566 0.698438 0.46543 0.00143814
17 0.650781 0.480566 0.698438 0.46543 0.00140476
2 0.65 0.507715 0.7 0.479883 0.00129414
19 0.433691 0.125684 0.307617 0.251367 0.0012846
3 0.384277 0.14248 0.439258 0.284961 0.00126934
7 0.377734 0.138086 0.464844 0.276172 0.00118828
0 0.378906 0.142871 0.43125 0.285742 0.00115108
21 0.464844 0.457129 0.291406 0.35918 0.00114727
14 0.564941 0.485254 0.695117 0.474805 0.00113392
4 0.626465 0.484473 0.67207 0.456055 0.00113392
18 0.378906 0.139844 0.459375 0.279687 0.00109863
0 0.621875 0.505859 0.75625 0.703906 0.00107765
11 0.502734 0.555469 0.783594 0.842188 0.00107765
9 0.648828 0.461719 0.702344 0.521875 0.00105667
5 0.502734 0.555469 0.783594 0.842188 0.00104427
2 0.378906 0.142871 0.43125 0.285742 0.00101185
22 0.503516 0.500879 0.403906 0.507617 0.996582
17 0.478125 0.499219 0.385156 0.492188 0.985352
22 0.529688 0.530859 0.526563 0.560156 0.976074
22 0.405469 0.603516 0.673438 0.708594 0.898438
17 0.529688 0.530859 0.526563 0.560156 0.893066
20 0.478125 0.499219 0.385156 0.492188 0.88623
20 0.529688 0.530859 0.526563 0.560156 0.790527
22 0.514746 0.617578 0.711133 0.764844 0.767578
3 0.478125 0.499219 0.385156 0.492188 0.741699
17 0.405469 0.603516 0.673438 0.708594 0.713867
17 0.514746 0.617578 0.711133 0.764844 0.577637
3 0.529688 0.530859 0.526563 0.560156 0.57373
20 0.405469 0.603516 0.673438 0.708594 0.435791
14 0.470996 0.501563 0.412695 0.507031 0.422607
17 0.411719 0.629297 0.823438 0.741406 0.394287
14 0.529688 0.530859 0.526563 0.560156 0.364746
22 0.641504 0.601172 0.716992 0.797656 0.364746
25 0.478125 0.499219 0.385156 0.492188 0.345215
11 0.529688 0.530859 0.526563 0.560156 0.332031
11 0.470996 0.501563 0.412695 0.507031 0.311523
17 0.372656 0.532031 0.745313 0.9125 0.295898
20 0.514746 0.617578 0.711133 0.764844 0.289307
22 0.411719 0.629297 0.823438 0.741406 0.264404
3 0.405469 0.603516 0.673438 0.708594 0.204956
22 0.372656 0.532031 0.745313 0.9125 0.184204
1 0.470996 0.501563 0.412695 0.507031 0.15564
3 0.514746 0.617578 0.711133 0.764844 0.154053
10 0.529688 0.530859 0.526563 0.560156 0.147583
1 0.529688 0.530859 0.526563 0.560156 0.134277
14 0.405469 0.603516 0.673438 0.708594 0.124634
11 0.514746 0.617578 0.711133 0.764844 0.121704
1 0.480859 0.619531 0.747656 0.760938 0.112
14 0.514746 0.617578 0.711133 0.764844 0.10968
22 0.641016 0.472656 0.717969 0.876563 0.106323
17 0.641504 0.601172 0.716992 0.797656 0.103394
17 0.54375 0.65625 0.834375 0.6875 0.100891
10 0.483594 0.505469 0.39375 0.498437 0.0950317
17 0.692383 0.289062 0.615234 0.578125 0.0900879
17 0.360547 0.151367 0.438281 0.302734 0.0775146
8 0.478125 0.499219 0.385156 0.492188 0.0720825
11 0.405469 0.603516 0.673438 0.708594 0.0710449
20 0.408203 0.652344 0.816406 0.695312 0.0710449
22 0.54375 0.65625 0.834375 0.6875 0.0651245
22 0.692383 0.289062 0.615234 0.578125 0.0646362
10 0.405469 0.603516 0.673438 0.708594 0.062561
21 0.500879 0.508203 0.370117 0.388281 0.0623169
22 0.367188 0.423438 0.676562 0.846875 0.0616455
17 0.367188 0.423438 0.676562 0.846875 0.0596619
13 0.407813 0.619531 0.757812 0.760938 0.0596619
9 0.483594 0.505469 0.39375 0.498437 0.0592041
20 0.386719 0.576953 0.773438 0.846094 0.0562439
17 0.423047 0.703125 0.846094 0.59375 0.0562439
17 0.717773 0.400781 0.564453 0.801562 0.0534058
25 0.529688 0.530859 0.526563 0.560156 0.0481262
17 0.641016 0.472656 0.717969 0.876563 0.0476074
0 0.483203 0.48125 0.375781 0.44375 0.0474243
17 0.733594 0.417969 0.532813 0.835938 0.0448608
17 0.492969 0.650391 0.628125 0.699219 0.0432129
2 0.478125 0.499219 0.385156 0.492188 0.0423889
17 0.33418 0.186328 0.488672 0.372656 0.0414734
1 0.386719 0.576953 0.773438 0.846094 0.0401001
14 0.38418 0.652344 0.768359 0.695312 0.0389099
17 0.716406 0.346875 0.567187 0.69375 0.0383301
22 0.492969 0.650391 0.628125 0.699219 0.0372009
19 0.500879 0.508203 0.370117 0.388281 0.0370483
17 0.732813 0.236523 0.534375 0.473047 0.0366211
22 0.380371 0.141602 0.412695 0.283203 0.0362244
22 0.733594 0.417969 0.532813 0.835938 0.0359497
14 0.33418 0.186328 0.488672 0.372656 0.035675
1 0.408203 0.652344 0.816406 0.695312 0.0347595
8 0.529688 0.530859 0.526563 0.560156 0.0334778
22 0.716406 0.346875 0.567187 0.69375 0.0330811
5 0.529688 0.530859 0.526563 0.560156 0.032959
22 0.717773 0.400781 0.564453 0.801562 0.0327148
22 0.481152 0.455469 0.379883 0.39375 0.0327148
22 0.464063 0.703906 0.859375 0.592188 0.0325928
13 0.529688 0.530859 0.526563 0.560156 0.0324707
14 0.386719 0.576953 0.773438 0.846094 0.0319824
5 0.405469 0.603516 0.673438 0.708594 0.0317383
8 0.514746 0.617578 0.711133 0.764844 0.0309143
13 0.470996 0.501563 0.412695 0.507031 0.0293121
9 0.529688 0.530859 0.526563 0.560156 0.0292053
3 0.408203 0.652344 0.816406 0.695312 0.0268555
22 0.340234 0.155273 0.471094 0.310547 0.0265503
20 0.340234 0.155273 0.471094 0.310547 0.0248871
14 0.484375 0.462891 0.369531 0.396094 0.0234222
1 0.671484 0.293359 0.657031 0.586719 0.0231018
3 0.641504 0.601172 0.716992 0.797656 0.0228882
14 0.367188 0.423438 0.676562 0.846875 0.0225372
17 0.337891 0.255078 0.576563 0.510156 0.02211
14 0.313281 0.236328 0.61875 0.472656 0.0202484
13 0.391406 0.676953 0.782813 0.646094 0.0201721
17 0.637109 0.689453 0.725781 0.621094 0.0199432
14 0.671484 0.293359 0.657031 0.586719 0.0198669
20 0.641504 0.601172 0.716992 0.797656 0.0197144
22 0.637109 0.689453 0.725781 0.621094 0.0196381
20 0.671484 0.293359 0.657031 0.586719 0.0195007
1 0.508594 0.677539 0.85625 0.644922 0.0189819
22 0.732813 0.236523 0.534375 0.473047 0.0188293
20 0.508594 0.677539 0.85625 0.644922 0.0187683
3 0.372656 0.532031 0.745313 0.9125 0.0186157
14 0.454688 0.606641 0.85 0.786719 0.0184784
14 0.360547 0.151367 0.438281 0.302734 0.016983
17 0.369922 0.399219 0.739844 0.798438 0.016983
20 0.337891 0.255078 0.576563 0.510156 0.0166626
24 0.470996 0.501563 0.412695 0.507031 0.0165863
13 0.337891 0.255078 0.576563 0.510156 0.0165253
22 0.369922 0.677344 0.739844 0.645312 0.0165253
8 0.405469 0.603516 0.673438 0.708594 0.0164032
3 0.360547 0.151367 0.438281 0.302734 0.0162201
21 0.419141 0.128906 0.334375 0.257812 0.016098
24 0.529688 0.530859 0.526563 0.560156 0.0157166
17 0.341406 0.654297 0.682813 0.691406 0.0154877
20 0.367188 0.423438 0.676562 0.846875 0.0148392
20 0.360547 0.151367 0.438281 0.302734 0.0142288
14 0.641504 0.601172 0.716992 0.797656 0.0139542
1 0.340234 0.155273 0.471094 0.310547 0.0137405
3 0.692383 0.289062 0.615234 0.578125 0.0136871
17 0.7125 0.527344 0.575 0.923438 0.0136337
19 0.504004 0.466797 0.31543 0.394531 0.0132217
1 0.71875 0.425 0.5625 0.85 0.012825
11 0.641504 0.601172 0.716992 0.797656 0.012825
13 0.671484 0.293359 0.657031 0.586719 0.0126266
22 0.7125 0.527344 0.575 0.923438 0.0126266
5 0.483594 0.505469 0.39375 0.498437 0.0125732
22 0.369922 0.399219 0.739844 0.798438 0.0123825
19 0.419141 0.128906 0.334375 0.257812 0.012146
20 0.641016 0.472656 0.717969 0.876563 0.0120544
10 0.514746 0.617578 0.711133 0.764844 0.0120544
13 0.641504 0.601172 0.716992 0.797656 0.0118713
1 0.733594 0.417969 0.532813 0.835938 0.0117798
19 0.739844 0.129102 0.325 0.258203 0.0116425
8 0.421875 0.586328 0.84375 0.827344 0.0115967
22 0.403125 0.254297 0.495313 0.508594 0.0113297
1 0.669531 0.371875 0.660937 0.74375 0.0113297
14 0.508594 0.677539 0.85625 0.644922 0.0111618
1 0.340234 0.630078 0.680469 0.739844 0.0110703
22 0.523828 0.405469 0.514844 0.810938 0.0109024
3 0.33418 0.186328 0.488672 0.372656 0.0108185
5 0.514746 0.617578 0.711133 0.764844 0.0107803
22 0.344531 0.604688 0.689063 0.790625 0.0107346
22 0.337891 0.255078 0.576563 0.510156 0.0106964
13 0.366016 0.582422 0.732031 0.835156 0.0104523
1 0.39375 0.44375 0.7875 0.8875 0.0102463
9 0.405469 0.603516 0.673438 0.708594 0.0102463
1 0.337891 0.255078 0.576563 0.510156 0.0100937
13 0.340234 0.155273 0.471094 0.310547 0.00978088
16 0.551953 0.593066 0.530469 0.712305 0.00974274
8 0.372656 0.532031 0.745313 0.9125 0.00959778
16 0.514746 0.617578 0.711133 0.764844 0.00955963
17 0.679688 0.219141 0.640625 0.438281 0.00952148
1 0.341016 0.521094 0.682031 0.926562 0.00948334
8 0.415625 0.676953 0.83125 0.646094 0.00948334
1 0.360547 0.151367 0.438281 0.302734 0.00945282
22 0.582812 0.296875 0.834375 0.59375 0.00933838
20 0.340234 0.630078 0.680469 0.739844 0.00933838
9 0.514746 0.617578 0.711133 0.764844 0.00926971
13 0.536719 0.613281 0.553125 0.773438 0.00926971
11 0.434375 0.591016 0.81875 0.817969 0.00919342
3 0.54375 0.65625 0.834375 0.6875 0.00908661
17 0.763672 0.210938 0.472656 0.421875 0.00905609
1 0.689453 0.532813 0.621094 0.90625 0.00905609
3 0.367188 0.423438 0.676562 0.846875 0.00898743
17 0.594922 0.326172 0.810156 0.652344 0.0088501
0 0.33418 0.186328 0.488672 0.372656 0.00878143
16 0.503516 0.500879 0.403906 0.507617 0.00874329
22 0.662012 0.641406 0.675977 0.717188 0.0086441
13 0.377734 0.51084 0.719531 0.77832 0.00857544
20 0.691797 0.347852 0.616406 0.695703 0.00854492
14 0.641016 0.472656 0.717969 0.876563 0.0085144
0 0.360547 0.151367 0.438281 0.302734 0.00821686
25 0.405469 0.603516 0.673438 0.708594 0.00809479
17 0.403125 0.254297 0.495313 0.508594 0.00806427
20 0.71875 0.425 0.5625 0.85 0.00796509
21 0.504004 0.466797 0.31543 0.394531 0.00793457
1 0.612109 0.709375 0.775781 0.58125 0.00793457
22 0.3625 0.310742 0.725 0.621484 0.00790405
13 0.498047 0.653125 0.841406 0.69375 0.00787354
11 0.337891 0.255078 0.576563 0.510156 0.0078125
1 0.341406 0.389062 0.682813 0.778125 0.00775528
25 0.360547 0.151367 0.438281 0.302734 0.00772476
1 0.492969 0.650391 0.628125 0.699219 0.00769424
3 0.366406 0.603906 0.732813 0.792188 0.00763702
17 0.662012 0.641406 0.675977 0.717188 0.00757599
13 0.425781 0.730469 0.851562 0.539062 0.00757599
24 0.405469 0.603516 0.673438 0.708594 0.00754929
14 0.344531 0.604688 0.689063 0.790625 0.00751877
1 0.425781 0.730469 0.851562 0.539062 0.00748825
3 0.337891 0.255078 0.576563 0.510156 0.00740433
14 0.692969 0.374219 0.614062 0.748438 0.00734711
1 0.663281 0.598437 0.673438 0.803125 0.00723267
0 0.405469 0.603516 0.673438 0.708594 0.00712204
8 0.337891 0.255078 0.576563 0.510156 0.00701141
17 0.3625 0.310742 0.725 0.621484 0.00701141
3 0.641016 0.472656 0.717969 0.876563 0.00698471
11 0.38418 0.652344 0.768359 0.695312 0.00695801
3 0.733594 0.417969 0.532813 0.835938 0.0069046
10 0.434375 0.591016 0.81875 0.817969 0.0069046
24 0.514746 0.617578 0.711133 0.764844 0.0068512
20 0.492969 0.650391 0.628125 0.699219 0.00682449
17 0.410938 0.172656 0.442188 0.345313 0.00679779
22 0.763672 0.210938 0.472656 0.421875 0.00666809
8 0.340234 0.155273 0.471094 0.310547 0.00664139
25 0.514746 0.617578 0.711133 0.764844 0.00658798
20 0.341016 0.521094 0.682031 0.926562 0.0064888
2 0.529688 0.530859 0.526563 0.560156 0.0064621
11 0.33418 0.186328 0.488672 0.372656 0.00643921
3 0.71875 0.425 0.5625 0.85 0.00643921
13 0.566016 0.707812 0.867969 0.584375 0.00643921
1 0.340234 0.292969 0.680469 0.585938 0.00638962
20 0.733594 0.417969 0.532813 0.835938 0.00626373
13 0.340234 0.292969 0.680469 0.585938 0.00624084
13 0.3625 0.413281 0.660937 0.826563 0.00624084
3 0.464063 0.703906 0.859375 0.592188 0.00619125
11 0.372656 0.532031 0.745313 0.9125 0.00614548
13 0.360547 0.151367 0.438281 0.302734 0.00609589
17 0.348242 0.140625 0.445703 0.28125 0.00609589
22 0.777734 0.325977 0.444531 0.651953 0.00609589
0 0.530371 0.498535 0.461133 0.56543 0.00602722
14 0.344141 0.472656 0.688281 0.926562 0.00595856
10 0.33418 0.186328 0.488672 0.372656 0.005867
13 0.694727 0.426172 0.610547 0.852344 0.00582123
17 0.318359 0.435937 0.636719 0.871875 0.00564194
10 0.372656 0.532031 0.745313 0.9125 0.00559998
16 0.340234 0.155273 0.471094 0.310547 0.00542831
21 0.525 0.557031 0.363281 0.3125 0.00540543
8 0.671484 0.293359 0.657031 0.586719 0.00538635
8 0.360547 0.151367 0.438281 0.302734 0.00534439
1 0.732813 0.236523 0.534375 0.473047 0.00530243
13 0.344141 0.472656 0.688281 0.926562 0.00526047
13 0.667969 0.544141 0.664062 0.886719 0.00524139
13 0.691797 0.347852 0.616406 0.695703 0.00518036
14 0.471094 0.630078 0.526563 0.739844 0.0051384
16 0.337891 0.255078 0.576563 0.510156 0.0050621
25 0.33418 0.186328 0.488672 0.372656 0.00503922
17 0.289648 0.345508 0.579297 0.691016 0.00500107
20 0.377734 0.704688 0.755469 0.590625 0.00500107
22 0.491797 0.293359 0.663281 0.586719 0.00492477
4 0.483594 0.505469 0.39375 0.498437 0.0049057
13 0.500879 0.508203 0.370117 0.388281 0.00484848
3 0.732813 0.236523 0.534375 0.473047 0.00482941
14 0.732813 0.236523 0.534375 0.473047 0.00482941
14 0.718164 0.449219 0.563672 0.898438 0.00481033
14 0.523828 0.405469 0.514844 0.810938 0.00477219
16 0.380371 0.141602 0.412695 0.283203 0.00471878
3 0.492969 0.650391 0.628125 0.699219 0.00471878
21 0.535547 0.475781 0.467969 0.598437 0.00468063
3 0.716406 0.346875 0.567187 0.69375 0.00455475
17 0.523828 0.405469 0.514844 0.810938 0.00450516
13 0.403125 0.254297 0.495313 0.508594 0.00443268
10 0.38418 0.652344 0.768359 0.695312 0.00439835
25 0.641504 0.601172 0.716992 0.797656 0.00436401
14 0.425781 0.730469 0.851562 0.539062 0.00436401
11 0.423047 0.703125 0.846094 0.59375 0.00434875
14 0.369922 0.399219 0.739844 0.798438 0.00432968
1 0.412598 0.421875 0.570117 0.84375 0.00432968
22 0.318359 0.435937 0.636719 0.871875 0.00432968
14 0.733594 0.417969 0.532813 0.835938 0.00429916
1 0.594922 0.326172 0.810156 0.652344 0.00428009
22 0.60625 0.399219 0.7875 0.798438 0.00428009
22 0.706055 0.587891 0.587891 0.824219 0.00426483
1 0.635938 0.439063 0.728125 0.878125 0.00421524
20 0.3625 0.310742 0.725 0.621484 0.00416565
0 0.697656 0.246484 0.604688 0.492969 0.00413513
17 0.706055 0.587891 0.587891 0.824219 0.00413513
20 0.732813 0.236523 0.534375 0.473047 0.00407028
13 0.523828 0.405469 0.514844 0.810938 0.00407028
9 0.434375 0.591016 0.81875 0.817969 0.00407028
8 0.3625 0.628906 0.725 0.742188 0.00407028
14 0.566406 0.641016 0.679688 0.717969 0.00407028
14 0.340234 0.292969 0.680469 0.585938 0.00405502
20 0.369922 0.399219 0.739844 0.798438 0.00400543
17 0.491797 0.293359 0.663281 0.586719 0.00399017
17 0.777734 0.325977 0.444531 0.651953 0.00397491
20 0.594922 0.326172 0.810156 0.652344 0.0039444
16 0.434375 0.591016 0.81875 0.817969 0.0039444
0 0.411719 0.629297 0.823438 0.741406 0.0039444
8 0.367188 0.423438 0.676562 0.846875 0.00391388
3 0.403125 0.254297 0.495313 0.508594 0.00390053
11 0.671484 0.293359 0.657031 0.586719 0.00390053
3 0.637109 0.689453 0.725781 0.621094 0.00390053
0 0.460938 0.521484 0.464063 0.532031 0.00388527
24 0.641504 0.601172 0.716992 0.797656 0.00387001
2 0.514746 0.617578 0.711133 0.764844 0.00385475
17 0.712891 0.671875 0.574219 0.65625 0.00385475
0 0.372656 0.532031 0.745313 0.9125 0.00379562
19 0.127148 0.110742 0.254297 0.221484 0.00378036
21 0.739844 0.129102 0.325 0.258203 0.00376511
25 0.411719 0.629297 0.823438 0.741406 0.00376511
20 0.637109 0.689453 0.725781 0.621094 0.00372124
22 0.679688 0.219141 0.640625 0.438281 0.00370789
2 0.360547 0.151367 0.438281 0.302734 0.00370789
16 0.415625 0.676953 0.83125 0.646094 0.00370789
1 0.691797 0.691016 0.616406 0.617969 0.00369263
1 0.374609 0.346094 0.749219 0.692187 0.00366402
13 0.733789 0.442188 0.532422 0.884375 0.00365067
22 0.695703 0.711914 0.608594 0.576172 0.00362206
1 0.132812 0.165039 0.265625 0.330078 0.0036068
14 0.403125 0.254297 0.495313 0.508594 0.0036068
17 0.578125 0.411719 0.84375 0.823438 0.0036068
21 0.504297 0.501953 0.336719 0.375 0.44165
19 0.518066 0.485059 0.343555 0.383008 0.437744
16 0.523438 0.496484 0.336719 0.355469 0.0720825
21 0.475391 0.47334 0.235156 0.39082 0.0528259
19 0.417188 0.134766 0.370313 0.269531 0.0310211
13 0.504297 0.501953 0.336719 0.375 0.0279083
22 0.513281 0.487891 0.275 0.440625 0.0235138
17 0.507422 0.488281 0.283594 0.453906 0.0231476
16 0.408984 0.13916 0.39375 0.27832 0.0212097
1 0.513281 0.487891 0.275 0.440625 0.0200195
4 0.392969 0.138086 0.426563 0.276172 0.00806427
2 0.385059 0.143652 0.431445 0.287305 0.00653839
20 0.392969 0.138086 0.426563 0.276172 0.00614548
3 0.392969 0.138086 0.426563 0.276172 0.00595856
11 0.392969 0.138086 0.426563 0.276172 0.00544739
16 0.515527 0.566406 0.34082 0.335938 0.00540543
3 0.507422 0.488281 0.283594 0.453906 0.00530243
1 0.392969 0.138086 0.426563 0.276172 0.00511932
14 0.385059 0.143652 0.431445 0.287305 0.00510025
21 0.417188 0.134766 0.370313 0.269531 0.00479126
0 0.392969 0.138086 0.426563 0.276172 0.00468063
11 0.498047 0.486621 0.323438 0.451758 0.00450516
12 0.392969 0.138086 0.426563 0.276172 0.00439835
17 0.375781 0.140625 0.446875 0.28125 0.00436401
19 0.475391 0.47334 0.235156 0.39082 0.00424957
1 0.491797 0.522266 0.428906 0.535156 0.00388527
8 0.501563 0.495215 0.3 0.46582 0.00367928
9 0.38291 0.146484 0.438867 0.292969 0.0036068
19 0.653906 0.124707 0.326562 0.249414 0.00355148
19 0.882031 0.257422 0.235938 0.365625 0.00351143
16 0.322266 0.084668 0.300781 0.169336 0.00348282
20 0.507422 0.488281 0.283594 0.453906 0.00337601
25 0.375781 0.140625 0.446875 0.28125 0.00302696
4 0.501563 0.495215 0.3 0.46582 0.00288963
22 0.375781 0.140625 0.446875 0.28125 0.00282288
17 0.473047 0.523828 0.391406 0.525781 0.00277901
2 0.507422 0.488281 0.283594 0.453906 0.00274658
0 0.507422 0.488281 0.283594 0.453906 0.00250244
12 0.513281 0.487891 0.275 0.440625 0.00240517
22 0.491797 0.522266 0.428906 0.535156 0.002388
9 0.498047 0.486621 0.323438 0.451758 0.002388
7 0.392969 0.138086 0.426563 0.276172 0.00234222
24 0.38291 0.146484 0.438867 0.292969 0.00234222
8 0.392969 0.138086 0.426563 0.276172 0.00226974
19 0.515527 0.566406 0.34082 0.335938 0.00226021
13 0.38291 0.146484 0.438867 0.292969 0.00223351
6 0.38291 0.146484 0.438867 0.292969 0.00219154
18 0.392969 0.138086 0.426563 0.276172 0.00212479
19 0.333203 0.0901367 0.339844 0.180273 0.00200272
16 0.653906 0.124707 0.326562 0.249414 0.00200272
5 0.38291 0.146484 0.438867 0.292969 0.00200272
12 0.491797 0.522266 0.428906 0.535156 0.00200272
13 0.491797 0.522266 0.428906 0.535156 0.00198746
11 0.491797 0.522266 0.428906 0.535156 0.0019722
23 0.392969 0.138086 0.426563 0.276172 0.00189686
19 0.356299 0.142969 0.38584 0.285938 0.00188923
10 0.392969 0.138086 0.426563 0.276172 0.00185299
13 0.475391 0.47334 0.235156 0.39082 0.00174141
12 0.516406 0.503125 0.604688 0.604688 0.00174141
12 0.407031 0.148828 0.532813 0.297656 0.00173378
4 0.473047 0.523828 0.391406 0.525781 0.00169373
5 0.498047 0.486621 0.323438 0.451758 0.00168705
25 0.507422 0.488281 0.283594 0.453906 0.00161076
21 0.549219 0.452246 0.223438 0.37832 0.00154877
13 0.430859 0.125586 0.332031 0.251172 0.00141048
10 0.513281 0.487891 0.275 0.440625 0.00125504
14 0.498047 0.486621 0.323438 0.451758 0.00124931
13 0.5375 0.487402 0.257812 0.436133 0.00117874
12 0.674512 0.161914 0.650977 0.323828 0.00117397
3 0.473047 0.523828 0.391406 0.525781 0.00112438
8 0.473047 0.523828 0.391406 0.525781 0.0011158
13 0.516406 0.503125 0.604688 0.604688 0.0011158
16 0.366992 0.143164 0.449609 0.286328 0.00110722
12 0.507422 0.235938 0.741406 0.471875 0.00110722
16 0.88418 0.283203 0.231641 0.321094 0.00109863
12 0.589453 0.148828 0.527344 0.297656 0.00109863
12 0.364258 0.186328 0.519922 0.372656 0.00106525
12 0.617969 0.444531 0.3375 0.428125 0.00104809
1 0.516406 0.503125 0.604688 0.604688 0.00102425
16 0.701563 0.134961 0.4375 0.269922 0.00102043
16 0.513281 0.487891 0.275 0.440625 0.00101662
22 0.495703 0.484277 0.330469 0.431445 0.842773
19 0.505469 0.478516 0.304688 0.432031 0.560059
21 0.513184 0.481641 0.308008 0.405469 0.458984
11 0.508691 0.482422 0.33418 0.434375 0.373779
17 0.495703 0.484277 0.330469 0.431445 0.21936
5 0.508691 0.482422 0.33418 0.434375 0.19873
3 0.495703 0.484277 0.330469 0.431445 0.0881958
1 0.510254 0.484277 0.345117 0.408008 0.0720825
20 0.495703 0.484277 0.330469 0.431445 0.0391846
10 0.508691 0.482422 0.33418 0.434375 0.032959
8 0.508691 0.482422 0.33418 0.434375 0.0296478
14 0.508691 0.482422 0.33418 0.434375 0.025177
13 0.513184 0.481641 0.308008 0.405469 0.0212097
22 0.601172 0.517871 0.594531 0.539258 0.0201721
9 0.495703 0.484277 0.330469 0.431445 0.0181274
24 0.503516 0.489844 0.328906 0.441406 0.0181274
25 0.495703 0.484277 0.330469 0.431445 0.0166626
11 0.5375 0.500781 0.460156 0.471875 0.0165253
22 0.563965 0.493652 0.48457 0.45332 0.0149002
22 0.496777 0.528223 0.367383 0.556055 0.0134277
11 0.601172 0.517871 0.594531 0.539258 0.0121918
4 0.510254 0.484277 0.345117 0.408008 0.0112457
19 0.5375 0.500781 0.460156 0.471875 0.0105667
1 0.563965 0.493652 0.48457 0.45332 0.00959778
19 0.741406 0.553906 0.279687 0.367969 0.00878143
12 0.493652 0.489063 0.351758 0.445312 0.00844574
13 0.5375 0.500781 0.460156 0.471875 0.00844574
0 0.492285 0.492969 0.35293 0.420312 0.00809479
19 0.878516 0.806641 0.242969 0.386719 0.00803375
5 0.5375 0.500781 0.460156 0.471875 0.00669098
17 0.601172 0.517871 0.594531 0.539258 0.00577545
24 0.601172 0.517871 0.594531 0.539258 0.00570679
12 0.601172 0.517871 0.594531 0.539258 0.00547028
20 0.563965 0.493652 0.48457 0.45332 0.00530243
2 0.489844 0.488281 0.338281 0.413281 0.00498199
4 0.601172 0.517871 0.594531 0.539258 0.00496292
21 0.493652 0.49541 0.354883 0.50918 0.00488663
3 0.563965 0.493652 0.48457 0.45332 0.00486755
17 0.563965 0.493652 0.48457 0.45332 0.00482941
1 0.601172 0.517871 0.594531 0.539258 0.00481033
21 0.878516 0.806641 0.242969 0.386719 0.00473785
11 0.645703 0.600781 0.708594 0.798438 0.00468063
4 0.563965 0.493652 0.48457 0.45332 0.00436401
12 0.563965 0.493652 0.48457 0.45332 0.00432968
14 0.563965 0.493652 0.48457 0.45332 0.00424957
17 0.496777 0.528223 0.367383 0.556055 0.00415039
1 0.496777 0.528223 0.367383 0.556055 0.00405502
21 0.563965 0.493652 0.48457 0.45332 0.00366402
22 0.645703 0.600781 0.708594 0.798438 0.00359344
13 0.601172 0.517871 0.594531 0.539258 0.00329781
0 0.563965 0.493652 0.48457 0.45332 0.00324821
19 0.7625 0.512598 0.24375 0.34668 0.00321007
3 0.601172 0.517871 0.594531 0.539258 0.00318527
20 0.601172 0.517871 0.594531 0.539258 0.00317192
6 0.493652 0.49541 0.354883 0.50918 0.00312424
19 0.871094 0.836914 0.257812 0.326172 0.0029583
21 0.474316 0.451172 0.285742 0.385156 0.00281143
5 0.601172 0.517871 0.594531 0.539258 0.00259018
14 0.601172 0.517871 0.594531 0.539258 0.00255013
16 0.493652 0.489063 0.351758 0.445312 0.0024929
25 0.601172 0.517871 0.594531 0.539258 0.0024929
12 0.645703 0.600781 0.708594 0.798438 0.00235939
25 0.563965 0.493652 0.48457 0.45332 0.00232315
10 0.5375 0.500781 0.460156 0.471875 0.00231361
21 0.601172 0.517871 0.594531 0.539258 0.00220871
12 0.49541 0.578906 0.493555 0.679688 0.00219917
6 0.601172 0.517871 0.594531 0.539258 0.00219154
2 0.563965 0.493652 0.48457 0.45332 0.00215721
6 0.563965 0.493652 0.48457 0.45332 0.00211525
1 0.621094 0.464453 0.407813 0.414062 0.00210762
24 0.563965 0.493652 0.48457 0.45332 0.00209045
0 0.621094 0.464453 0.407813 0.414062 0.00200272
16 0.563965 0.493652 0.48457 0.45332 0.0019722
9 0.601172 0.517871 0.594531 0.539258 0.00195694
13 0.49541 0.578906 0.493555 0.679688 0.00191212
24 0.645703 0.600781 0.708594 0.798438 0.00188923
21 0.758203 0.515625 0.283594 0.367188 0.00183868
1 0.645703 0.600781 0.708594 0.798438 0.00183868
13 0.878516 0.806641 0.242969 0.386719 0.00181007
25 0.496777 0.528223 0.367383 0.556055 0.0018034
0 0.601172 0.517871 0.594531 0.539258 0.00179577
4 0.645703 0.600781 0.708594 0.798438 0.00179577
4 0.496777 0.528223 0.367383 0.556055 0.00178242
13 0.645703 0.600781 0.708594 0.798438 0.00177479
11 0.617969 0.492188 0.446875 0.469531 0.0017271
17 0.645703 0.600781 0.708594 0.798438 0.0017271
16 0.601172 0.517871 0.594531 0.539258 0.00168133
12 0.515625 0.566016 0.398438 0.586719 0.00138283
12 0.525781 0.601172 0.610938 0.797656 0.00137234
19 0.414941 0.142676 0.320117 0.285352 0.00136662
13 0.496777 0.528223 0.367383 0.556055 0.00134563
9 0.563965 0.493652 0.48457 0.45332 0.00133514
13 0.617969 0.492188 0.446875 0.469531 0.00133514
3 0.496777 0.528223 0.367383 0.556055 0.00133514
8 0.563965 0.493652 0.48457 0.45332 0.00132465
21 0.871094 0.836914 0.257812 0.326172 0.00131989
16 0.374219 0.142969 0.401563 0.285938 0.00131989
12 0.615723 0.329297 0.520117 0.588281 0.00131989
14 0.621094 0.464453 0.407813 0.414062 0.00131989
10 0.601172 0.517871 0.594531 0.539258 0.00130939
16 0.621094 0.464453 0.407813 0.414062 0.00129986
12 0.621094 0.464453 0.407813 0.414062 0.00128937
6 0.645703 0.600781 0.708594 0.798438 0.00125504
19 0.601172 0.517871 0.594531 0.539258 0.00123501
12 0.580469 0.426172 0.559375 0.449219 0.00122547
2 0.374219 0.142969 0.401563 0.285938 0.0012207
6 0.374609 0.174121 0.398438 0.348242 0.00121593
0 0.374219 0.142969 0.401563 0.285938 0.00121117
22 0.621094 0.464453 0.407813 0.414062 0.0012064
2 0.621094 0.464453 0.407813 0.414062 0.00120163
0 0.372656 0.20625 0.40625 0.4125 0.00119209
20 0.496777 0.528223 0.367383 0.556055 0.00115585
14 0.645703 0.600781 0.708594 0.798438 0.00113773
6 0.621094 0.464453 0.407813 0.414062 0.00112438
15 0.563965 0.493652 0.48457 0.45332 0.00112438
4 0.621094 0.464453 0.407813 0.414062 0.0011158
13 0.749219 0.531348 0.290625 0.362305 0.00102425
13 0.580469 0.426172 0.559375 0.449219 0.00102425
12 0.653125 0.294141 0.664062 0.588281 0.00100803
22 0.504004 0.479688 0.307617 0.429688 0.0600891
5 0.512402 0.476465 0.311133 0.436133 0.0311432
19 0.509473 0.483203 0.301367 0.410156 0.0270691
13 0.510938 0.478906 0.31875 0.446875 0.0237732
1 0.512402 0.476465 0.311133 0.436133 0.022934
19 0.470996 0.477441 0.24707 0.373242 0.0202484
17 0.504004 0.479688 0.307617 0.429688 0.0161591
21 0.499316 0.482031 0.329492 0.401563 0.0147324
20 0.512402 0.476465 0.311133 0.436133 0.0145035
3 0.512402 0.476465 0.311133 0.436133 0.0136337
19 0.886523 0.835156 0.226953 0.326562 0.012291
12 0.505371 0.552734 0.467383 0.639844 0.0103302
8 0.512402 0.476465 0.311133 0.436133 0.0102463
12 0.436621 0.446191 0.486133 0.391992 0.0100098
13 0.505371 0.552734 0.467383 0.639844 0.00967407
12 0.507422 0.481641 0.339063 0.463281 0.00963593
16 0.510938 0.478906 0.31875 0.446875 0.00898743
19 0.114063 0.105176 0.228125 0.210352 0.00834656
12 0.442188 0.320312 0.7125 0.640625 0.00751877
11 0.510938 0.478906 0.31875 0.446875 0.00743103
24 0.369141 0.146094 0.421094 0.292188 0.00740433
12 0.36875 0.147266 0.424219 0.294531 0.00706482
21 0.889063 0.804688 0.221875 0.364063 0.00588989
6 0.369141 0.146094 0.421094 0.292188 0.00577545
24 0.512402 0.476465 0.311133 0.436133 0.00577545
10 0.512402 0.476465 0.311133 0.436133 0.00521851
12 0.525 0.595703 0.7 0.803906 0.00516129
13 0.442188 0.320312 0.7125 0.640625 0.00510025
12 0.402246 0.354102 0.608008 0.708203 0.0050621
9 0.512402 0.476465 0.311133 0.436133 0.00498199
11 0.36875 0.147266 0.424219 0.294531 0.00484848
12 0.414844 0.576563 0.710938 0.740625 0.00452042
4 0.512402 0.476465 0.311133 0.436133 0.00443268
21 0.470996 0.477441 0.24707 0.373242 0.00438309
13 0.36875 0.147266 0.424219 0.294531 0.0042305
7 0.36875 0.147266 0.424219 0.294531 0.0041008
6 0.494531 0.477344 0.340625 0.411719 0.00385475
2 0.502344 0.482812 0.310156 0.430469 0.0037365
25 0.502344 0.482812 0.310156 0.430469 0.0037365
12 0.725 0.135449 0.510938 0.270898 0.00372124
14 0.36875 0.147266 0.424219 0.294531 0.00370789
12 0.484766 0.428027 0.382031 0.317383 0.0036068
12 0.560156 0.170703 0.8125 0.341406 0.00353813
1 0.505371 0.552734 0.467383 0.639844 0.00342941
12 0.334766 0.167773 0.603906 0.335547 0.00331116
15 0.36875 0.147266 0.424219 0.294531 0.00325966
12 0.391406 0.486328 0.584375 0.507031 0.00322342
13 0.436621 0.446191 0.486133 0.391992 0.00321007
12 0.50625 0.154688 0.8 0.309375 0.00319672
16 0.36875 0.147266 0.424219 0.294531 0.00317192
12 0.452344 0.221875 0.823438 0.44375 0.00307465
12 0.113867 0.117383 0.227734 0.234766 0.0029583
14 0.512402 0.476465 0.311133 0.436133 0.00269318
12 0.345508 0.240625 0.691016 0.48125 0.0024929
18 0.36875 0.147266 0.424219 0.294531 0.00247192
0 0.502344 0.482812 0.310156 0.430469 0.00235939
2 0.378125 0.143652 0.388281 0.287305 0.00232315
6 0.445703 0.444531 0.442969 0.351562 0.00232315
12 0.152539 0.121484 0.305078 0.242969 0.00228691
1 0.366797 0.148047 0.453906 0.296094 0.00226021
16 0.119922 0.108301 0.239844 0.216602 0.00223351
11 0.442188 0.320312 0.7125 0.640625 0.00222588
9 0.369141 0.146094 0.421094 0.292188 0.00220871
15 0.445703 0.444531 0.442969 0.351562 0.00219154
13 0.525 0.595703 0.7 0.803906 0.00219154
5 0.505371 0.552734 0.467383 0.639844 0.00214958
11 0.505371 0.552734 0.467383 0.639844 0.00208282
13 0.725 0.135449 0.510938 0.270898 0.00191879
1 0.445703 0.444531 0.442969 0.351562 0.00191879
1 0.467285 0.308594 0.656055 0.617188 0.00190449
12 0.494531 0.64873 0.842188 0.702539 0.00178242
0 0.366797 0.148047 0.453906 0.296094 0.00176811
4 0.36875 0.147266 0.424219 0.294531 0.00175476
19 0.455371 0.435937 0.220508 0.317969 0.00174141
16 0.445703 0.444531 0.442969 0.351562 0.00173378
17 0.460254 0.439746 0.413867 0.339258 0.0017271
1 0.886328 0.812305 0.227344 0.375391 0.00170708
13 0.396484 0.550781 0.614844 0.614062 0.0017004
4 0.445703 0.444531 0.442969 0.351562 0.00167465
12 0.760352 0.731055 0.479297 0.537891 0.00163555
13 0.114746 0.114258 0.229492 0.228516 0.00157928
23 0.369141 0.146094 0.421094 0.292188 0.00154877
4 0.505371 0.552734 0.467383 0.639844 0.00154877
16 0.505371 0.552734 0.467383 0.639844 0.00152493
16 0.442188 0.320312 0.7125 0.640625 0.00151253
13 0.334766 0.167773 0.603906 0.335547 0.00147247
13 0.402246 0.354102 0.608008 0.708203 0.00146675
13 0.484766 0.428027 0.382031 0.317383 0.00144386
20 0.36875 0.147266 0.424219 0.294531 0.00141048
19 0.760547 0.120898 0.285156 0.241797 0.00140476
22 0.505371 0.552734 0.467383 0.639844 0.00140476
12 0.443652 0.382031 0.554883 0.467187 0.00139904
13 0.560156 0.170703 0.8125 0.341406 0.00132465
11 0.445703 0.444531 0.442969 0.351562 0.0012846
12 0.610938 0.625391 0.778125 0.749219 0.00126457
11 0.114746 0.114258 0.229492 0.228516 0.00124931
11 0.726562 0.141016 0.546875 0.282031 0.00123501
11 0.46084 0.174023 0.74707 0.348047 0.00122547
11 0.334766 0.167773 0.603906 0.335547 0.0011692
19 0.505371 0.552734 0.467383 0.639844 0.00116062
13 0.879687 0.8 0.240625 0.4 0.00116062
13 0.152539 0.121484 0.305078 0.242969 0.0011425
12 0.135645 0.141406 0.271289 0.282813 0.0011425
1 0.525 0.595703 0.7 0.803906 0.00112915
15 0.494531 0.477344 0.340625 0.411719 0.00112438
24 0.505371 0.552734 0.467383 0.639844 0.00112438
19 0.411328 0.11377 0.347656 0.227539 0.0011158
11 0.696094 0.132129 0.420312 0.264258 0.0011158
12 0.201367 0.133398 0.402734 0.266797 0.00110722
1 0.888281 0.742578 0.223438 0.252344 0.00110722
17 0.366797 0.144922 0.429688 0.289844 0.0011034
14 0.467285 0.308594 0.656055 0.617188 0.00109482
1 0.114746 0.114258 0.229492 0.228516 0.00108624
19 0.369141 0.146094 0.421094 0.292188 0.00108147
15 0.467285 0.308594 0.656055 0.617188 0.00108147
2 0.114746 0.114258 0.229492 0.228516 0.00104809
11 0.152539 0.121484 0.305078 0.242969 0.00104427
11 0.50625 0.154688 0.8 0.309375 0.00104046
17 0.886328 0.812305 0.227344 0.375391 0.00103188
7 0.445703 0.444531 0.442969 0.351562 0.00101662
24 0.445703 0.444531 0.442969 0.351562 0.00101662
17 0.505371 0.552734 0.467383 0.639844 0.00100803
21 0.477734 0.455371 0.2875 0.381445 0.885742
11 0.497266 0.480469 0.310156 0.464063 0.223999
19 0.514453 0.483691 0.319531 0.441992 0.209473
21 0.514453 0.483691 0.319531 0.441992 0.125122
19 0.477734 0.455371 0.2875 0.381445 0.0994873
22 0.497266 0.480469 0.310156 0.464063 0.0891113
17 0.497266 0.480469 0.310156 0.464063 0.0692749
5 0.514941 0.479785 0.326367 0.457617 0.0614319
3 0.497266 0.480469 0.310156 0.464063 0.0405273
8 0.508496 0.478906 0.298633 0.471094 0.0391846
21 0.535937 0.453906 0.242188 0.3625 0.0306702
13 0.514941 0.479785 0.326367 0.457617 0.0280151
10 0.497266 0.480469 0.310156 0.464063 0.0222015
4 0.508496 0.478906 0.298633 0.471094 0.0222015
25 0.508496 0.478906 0.298633 0.471094 0.0222015
1 0.514941 0.479785 0.326367 0.457617 0.0214081
0 0.508496 0.478906 0.298633 0.471094 0.0181274
16 0.505078 0.467578 0.292969 0.454688 0.0145035
14 0.497266 0.480469 0.310156 0.464063 0.014389
6 0.510254 0.507715 0.281055 0.375195 0.0141144
16 0.371875 0.143359 0.370313 0.286719 0.0112457
6 0.371875 0.143359 0.370313 0.286719 0.0108185
23 0.505078 0.467578 0.292969 0.454688 0.00919342
20 0.508984 0.475781 0.346094 0.4625 0.0078125
4 0.369727 0.143164 0.374609 0.286328 0.00775528
12 0.505078 0.467578 0.292969 0.454688 0.00658798
24 0.371875 0.143359 0.370313 0.286719 0.00619125
9 0.510254 0.507715 0.281055 0.375195 0.00598145
2 0.498828 0.486621 0.316406 0.45332 0.00582123
0 0.369727 0.143164 0.374609 0.286328 0.00577545
2 0.369727 0.143164 0.374609 0.286328 0.00551224
23 0.371875 0.143359 0.370313 0.286719 0.00538635
24 0.514941 0.479785 0.326367 0.457617 0.00521851
7 0.376563 0.144336 0.378906 0.288672 0.00482941
6 0.524609 0.469922 0.3375 0.460156 0.00446701
11 0.369727 0.143164 0.374609 0.286328 0.00416565
9 0.496484 0.468359 0.327344 0.491406 0.00362206
9 0.371875 0.143359 0.370313 0.286719 0.00358009
14 0.369727 0.143164 0.374609 0.286328 0.00349617
18 0.376563 0.144336 0.378906 0.288672 0.00344276
16 0.517578 0.550781 0.275781 0.295312 0.00340271
11 0.517578 0.550781 0.275781 0.295312 0.00328636
4 0.517578 0.550781 0.275781 0.295312 0.00305176
12 0.518848 0.485938 0.385742 0.503125 0.00300407
0 0.517578 0.550781 0.275781 0.295312 0.00182438
20 0.510254 0.507715 0.281055 0.375195 0.00179577
8 0.517578 0.550781 0.275781 0.295312 0.0017271
2 0.517578 0.550781 0.275781 0.295312 0.0017004
19 0.760156 0.136523 0.307813 0.273047 0.0016613
14 0.517578 0.550781 0.275781 0.295312 0.00161648
12 0.369727 0.143164 0.374609 0.286328 0.00156116
19 0.532422 0.474121 0.25 0.36582 0.00155449
12 0.487891 0.448828 0.389062 0.357031 0.00150681
7 0.524609 0.469922 0.3375 0.460156 0.00150108
23 0.517578 0.550781 0.275781 0.295312 0.00144958
3 0.369727 0.143164 0.374609 0.286328 0.00133514
13 0.477734 0.455371 0.2875 0.381445 0.00130463
13 0.473047 0.504785 0.439844 0.523242 0.00115108
25 0.517578 0.550781 0.275781 0.295312 0.0011425
15 0.369727 0.143164 0.374609 0.286328 0.00111198
9 0.515625 0.557813 0.276563 0.26875 0.00109863
18 0.524609 0.469922 0.3375 0.460156 0.00109482
25 0.369727 0.143164 0.374609 0.286328 0.00105667
6 0.515625 0.557813 0.276563 0.26875 0.00101662
15 0.524609 0.469922 0.3375 0.460156 0.00100803
19 0.504004 0.477441 0.338867 0.416992 0.305664
21 0.503223 0.467187 0.331055 0.413281 0.296631
5 0.503223 0.467187 0.331055 0.413281 0.265137
11 0.501563 0.478516 0.3375 0.41875 0.0853882
22 0.499609 0.469531 0.333594 0.41875 0.0827026
8 0.503223 0.467187 0.331055 0.413281 0.0682983
10 0.504004 0.477441 0.338867 0.416992 0.041626
3 0.503223 0.467187 0.331055 0.413281 0.0397949
17 0.498047 0.483984 0.335156 0.421094 0.0350037
25 0.499609 0.469531 0.333594 0.41875 0.0276947
1 0.504004 0.477441 0.338867 0.416992 0.0276337
20 0.503223 0.467187 0.331055 0.413281 0.02034
13 0.504004 0.477441 0.338867 0.416992 0.0150757
14 0.503223 0.467187 0.331055 0.413281 0.0126266
17 0.500391 0.412402 0.321875 0.268945 0.0119629
24 0.501563 0.478516 0.3375 0.41875 0.00919342
17 0.483203 0.385059 0.301563 0.206445 0.0085144
19 0.474609 0.471777 0.260156 0.367383 0.008255
4 0.504297 0.469531 0.364063 0.425 0.00775528
4 0.500391 0.412402 0.321875 0.268945 0.00720596
8 0.500391 0.412402 0.321875 0.268945 0.0068779
0 0.504297 0.469531 0.364063 0.425 0.00653839
6 0.501563 0.478516 0.3375 0.41875 0.00582123
9 0.499609 0.469531 0.333594 0.41875 0.00494385
12 0.504004 0.477441 0.338867 0.416992 0.00479126
8 0.483203 0.385059 0.301563 0.206445 0.00426483
1 0.500391 0.412402 0.321875 0.268945 0.00419998
14 0.500391 0.412402 0.321875 0.268945 0.0037365
4 0.483203 0.385059 0.301563 0.206445 0.00366402
2 0.504297 0.469531 0.364063 0.425 0.00366402
12 0.500391 0.412402 0.321875 0.268945 0.00349617
1 0.483203 0.385059 0.301563 0.206445 0.00340271
0 0.500391 0.412402 0.321875 0.268945 0.0030632
21 0.474609 0.471777 0.260156 0.367383 0.00304031
16 0.506641 0.471875 0.355469 0.44375 0.00292397
25 0.500391 0.412402 0.321875 0.268945 0.00276756
4 0.364844 0.131836 0.426563 0.263672 0.00270462
2 0.500391 0.412402 0.321875 0.268945 0.00269318
2 0.483203 0.385059 0.301563 0.206445 0.00237846
14 0.483203 0.385059 0.301563 0.206445 0.00224304
14 0.366016 0.133008 0.428125 0.266016 0.00219917
2 0.366016 0.133008 0.428125 0.266016 0.00209045
0 0.366016 0.133008 0.428125 0.266016 0.00205803
3 0.500391 0.412402 0.321875 0.268945 0.00202751
12 0.440234 0.367969 0.464063 0.271875 0.00196457
0 0.483203 0.385059 0.301563 0.206445 0.00174141
15 0.500391 0.412402 0.321875 0.268945 0.00166798
6 0.366016 0.138281 0.417969 0.276563 0.0016613
12 0.483203 0.385059 0.301563 0.206445 0.00160408
12 0.444922 0.276563 0.422656 0.453125 0.00152493
13 0.494141 0.486328 0.439844 0.483594 0.0015192
15 0.366016 0.133008 0.428125 0.266016 0.00149536
25 0.483203 0.385059 0.301563 0.206445 0.0014782
1 0.440234 0.367969 0.464063 0.271875 0.00139904
13 0.440234 0.367969 0.464063 0.271875 0.00138855
23 0.500391 0.412402 0.321875 0.268945 0.00135612
14 0.440234 0.367969 0.464063 0.271875 0.00134563
7 0.367383 0.139453 0.427734 0.278906 0.00134087
17 0.440234 0.367969 0.464063 0.271875 0.00133514
22 0.500391 0.412402 0.321875 0.268945 0.00132465
12 0.434766 0.259766 0.450781 0.519531 0.00127411
3 0.483203 0.385059 0.301563 0.206445 0.00125504
12 0.366016 0.133008 0.428125 0.266016 0.00123501
1 0.444922 0.276563 0.422656 0.453125 0.00119686
5 0.500391 0.412402 0.321875 0.268945 0.00119209
13 0.444922 0.276563 0.422656 0.453125 0.00116062
17 0.444922 0.276563 0.422656 0.453125 0.00114727
2 0.440234 0.367969 0.464063 0.271875 0.00111198
11 0.440234 0.367969 0.464063 0.271875 0.00106525
6 0.500391 0.412402 0.321875 0.268945 0.00103664
12 0.494141 0.486328 0.439844 0.483594 0.00102806
10 0.500391 0.412402 0.321875 0.268945 0.00102043
23 0.483203 0.385059 0.301563 0.206445 0.00100803
22 0.500098 0.466016 0.313867 0.392969 0.269043
21 0.514453 0.457031 0.303906 0.398438 0.154053
25 0.500098 0.466016 0.313867 0.392969 0.0632324
5 0.500098 0.46084 0.313867 0.393945 0.0510864
20 0.497754 0.467578 0.318555 0.419531 0.0367737
19 0.515723 0.461719 0.32793 0.446875 0.0330811
17 0.500098 0.466016 0.313867 0.392969 0.0297546
3 0.500098 0.46084 0.313867 0.393945 0.0250854
19 0.490234 0.452441 0.257031 0.349805 0.0227203
1 0.504004 0.451953 0.32168 0.411719 0.0198669
10 0.504004 0.451953 0.32168 0.411719 0.0117798
13 0.504004 0.451953 0.32168 0.411719 0.011467
8 0.504297 0.468652 0.305469 0.40957 0.0100937
12 0.504004 0.451953 0.32168 0.411719 0.00919342
4 0.498828 0.43916 0.307813 0.360742 0.00800323
0 0.496484 0.445996 0.317188 0.376758 0.00793457
2 0.487891 0.426563 0.336719 0.33125 0.00679779
11 0.507031 0.47041 0.304688 0.40293 0.00600433
9 0.496973 0.468359 0.316992 0.417969 0.00588989
24 0.500098 0.466016 0.313867 0.392969 0.00564194
14 0.496484 0.445996 0.317188 0.376758 0.00551224
14 0.479297 0.387109 0.373437 0.238281 0.00475693
15 0.496973 0.446973 0.318555 0.376367 0.00471878
0 0.479297 0.387109 0.373437 0.238281 0.00468063
6 0.496973 0.446973 0.318555 0.376367 0.00453949
2 0.479297 0.387109 0.373437 0.238281 0.00438309
23 0.496973 0.446973 0.318555 0.376367 0.00426483
6 0.469922 0.382812 0.391406 0.2375 0.0039444
4 0.479297 0.387109 0.373437 0.238281 0.0037365
11 0.525781 0.472656 0.450781 0.511719 0.00319672
4 0.507812 0.471094 0.396875 0.460938 0.00300407
3 0.469922 0.382812 0.391406 0.2375 0.0029583
16 0.469922 0.382812 0.391406 0.2375 0.00293541
13 0.469922 0.382812 0.391406 0.2375 0.00286674
23 0.479297 0.387109 0.373437 0.238281 0.00282288
11 0.469922 0.382812 0.391406 0.2375 0.00269318
7 0.469922 0.382812 0.391406 0.2375 0.00261116
12 0.469922 0.382812 0.391406 0.2375 0.00259018
21 0.464844 0.437891 0.246875 0.325 0.00243378
13 0.463379 0.353906 0.44668 0.307813 0.00234222
16 0.487891 0.426563 0.336719 0.33125 0.00234222
12 0.463379 0.353906 0.44668 0.307813 0.00232315
18 0.469922 0.382812 0.391406 0.2375 0.00226021
12 0.510254 0.463281 0.456055 0.485156 0.00223351
15 0.469922 0.382812 0.391406 0.2375 0.00220871
0 0.507812 0.471094 0.396875 0.460938 0.00211525
25 0.479297 0.387109 0.373437 0.238281 0.00206757
12 0.514453 0.529688 0.536719 0.61875 0.00189686
7 0.487891 0.426563 0.336719 0.33125 0.00183868
0 0.383984 0.140137 0.388281 0.280273 0.00177479
2 0.463379 0.353906 0.44668 0.307813 0.00176811
1 0.469922 0.382812 0.391406 0.2375 0.00176144
12 0.48291 0.305078 0.551367 0.610156 0.00161076
17 0.469922 0.382812 0.391406 0.2375 0.0015974
11 0.463379 0.353906 0.44668 0.307813 0.00156116
2 0.383984 0.140137 0.388281 0.280273 0.00153065
14 0.507812 0.471094 0.396875 0.460938 0.00143814
16 0.463379 0.353906 0.44668 0.307813 0.00143242
14 0.463379 0.353906 0.44668 0.307813 0.00142097
0 0.463379 0.353906 0.44668 0.307813 0.00140476
2 0.507812 0.471094 0.396875 0.460938 0.00139904
18 0.487891 0.426563 0.336719 0.33125 0.00138855
12 0.383984 0.140137 0.388281 0.280273 0.00136662
14 0.383984 0.140137 0.388281 0.280273 0.00124931
6 0.463379 0.353906 0.44668 0.307813 0.00124454
13 0.510254 0.463281 0.456055 0.485156 0.0012064
12 0.526953 0.337305 0.742969 0.674609 0.00118828
1 0.463379 0.353906 0.44668 0.307813 0.00118828
11 0.383984 0.140137 0.388281 0.280273 0.00112915
17 0.463379 0.353906 0.44668 0.307813 0.00112438
1 0.507715 0.544922 0.30957 0.325781 0.00111198
4 0.383984 0.140137 0.388281 0.280273 0.00109863
13 0.526953 0.337305 0.742969 0.674609 0.00109863
3 0.463379 0.353906 0.44668 0.307813 0.00106907
15 0.383984 0.140137 0.388281 0.280273 0.00106525
6 0.383984 0.140137 0.388281 0.280273 0.00100803
21 0.511621 0.471973 0.289258 0.39668 0.629883
22 0.509277 0.480469 0.293945 0.407031 0.258301
19 0.507812 0.476172 0.305469 0.413281 0.111267
21 0.469434 0.458984 0.251758 0.355469 0.0946655
5 0.507812 0.476172 0.305469 0.413281 0.081543
1 0.507812 0.476172 0.305469 0.413281 0.0718384
20 0.503223 0.477246 0.307617 0.40957 0.0492249
17 0.507812 0.476172 0.305469 0.413281 0.0467224
8 0.503223 0.477246 0.307617 0.40957 0.0381775
3 0.503223 0.477246 0.307617 0.40957 0.0249939
10 0.507812 0.476172 0.305469 0.413281 0.0149002
11 0.509277 0.480469 0.293945 0.407031 0.0126266
19 0.482031 0.463379 0.241406 0.343555 0.01017
13 0.507812 0.475 0.329688 0.435937 0.00712204
25 0.509375 0.478809 0.301563 0.406445 0.00538635
24 0.509277 0.480469 0.293945 0.407031 0.0051384
4 0.509375 0.478809 0.301563 0.406445 0.0049057
0 0.504297 0.480078 0.304688 0.414844 0.0039444
12 0.509277 0.480469 0.293945 0.407031 0.00316048
9 0.509277 0.480469 0.293945 0.407031 0.00302696
14 0.503223 0.477246 0.307617 0.40957 0.00259018
21 0.524219 0.440527 0.24375 0.32207 0.00245285
11 0.530566 0.488184 0.462305 0.470508 0.00226021
19 0.858203 0.844531 0.283594 0.310937 0.0015192
11 0.617188 0.561035 0.659375 0.649805 0.00151253
16 0.507812 0.475 0.329688 0.435937 0.00147247
2 0.5 0.471875 0.307813 0.414062 0.00141048
12 0.773438 0.189844 0.453125 0.379688 0.00139904
12 0.51709 0.483594 0.406445 0.4625 0.00137234
12 0.587109 0.682422 0.736719 0.635156 0.00126934
6 0.511328 0.475781 0.305469 0.432813 0.00117397
21 0.470703 0.460547 0.201563 0.309375 0.00112057
13 0.523438 0.474219 0.254688 0.376563 0.00109482
21 0.500781 0.464063 0.289062 0.4 0.221313
22 0.500781 0.464063 0.289062 0.4 0.181274
5 0.500781 0.464063 0.289062 0.4 0.132935
19 0.502441 0.466406 0.288867 0.392969 0.0755615
8 0.500781 0.464063 0.289062 0.4 0.0675659
1 0.502441 0.466406 0.288867 0.392969 0.0583496
19 0.473535 0.463379 0.22168 0.335742 0.0492249
17 0.495996 0.468066 0.298633 0.398242 0.0380249
21 0.473535 0.463379 0.22168 0.335742 0.0363464
20 0.500781 0.464063 0.289062 0.4 0.0273743
11 0.501563 0.469141 0.291406 0.396094 0.021698
3 0.500781 0.464063 0.289062 0.4 0.0207977
10 0.501563 0.469141 0.291406 0.396094 0.0114212
24 0.500781 0.464063 0.289062 0.4 0.00997162
25 0.496094 0.46416 0.303906 0.406055 0.00332451
4 0.496094 0.46416 0.303906 0.406055 0.00321007
13 0.504004 0.4625 0.29668 0.410938 0.0029583
16 0.504004 0.4625 0.29668 0.410938 0.00293541
12 0.485156 0.389453 0.320312 0.235156 0.00234985
14 0.500781 0.464063 0.289062 0.4 0.00200272
0 0.496094 0.46416 0.303906 0.406055 0.00176811
13 0.485156 0.389453 0.320312 0.235156 0.00133514
9 0.500781 0.464063 0.289062 0.4 0.00130939
11 0.588672 0.504687 0.549219 0.525781 0.0012064
22 0.505566 0.478809 0.298242 0.417383 0.663574
5 0.505566 0.478809 0.298242 0.417383 0.343262
21 0.505566 0.478809 0.298242 0.417383 0.308105
19 0.505566 0.478809 0.298242 0.417383 0.163452
1 0.510547 0.477344 0.295312 0.414844 0.157104
20 0.505566 0.478809 0.298242 0.417383 0.127686
17 0.510547 0.477344 0.295312 0.414844 0.101562
8 0.499219 0.479004 0.310937 0.42168 0.085083
3 0.505566 0.478809 0.298242 0.417383 0.0718384
10 0.510547 0.477344 0.295312 0.414844 0.0303345
13 0.510938 0.474219 0.310937 0.446875 0.0109863
11 0.510547 0.477344 0.295312 0.414844 0.0103302
4 0.5 0.471875 0.309375 0.417188 0.00941467
25 0.505469 0.48125 0.288281 0.414062 0.00769424
12 0.503906 0.469922 0.297656 0.413281 0.00712204
21 0.462598 0.458496 0.24668 0.337695 0.00566483
24 0.505566 0.478809 0.298242 0.417383 0.0050621
14 0.503906 0.469922 0.297656 0.413281 0.00340271
9 0.505469 0.48125 0.288281 0.414062 0.0029583
16 0.510938 0.474219 0.310937 0.446875 0.00209999
6 0.510547 0.475879 0.297656 0.443555 0.00206757
0 0.503906 0.469922 0.297656 0.413281 0.00121593
2 0.510547 0.475879 0.297656 0.443555 0.00100422
22 0.50459 0.473438 0.301758 0.398438 0.640625
21 0.515625 0.485938 0.301563 0.390625 0.625977
5 0.50459 0.473438 0.301758 0.398438 0.204346
17 0.511328 0.477734 0.292969 0.407031 0.168335
1 0.50625 0.476953 0.301563 0.417969 0.12085
19 0.507812 0.490625 0.316406 0.41875 0.115967
8 0.5 0.471094 0.313281 0.401563 0.0680542
3 0.50459 0.473438 0.301758 0.398438 0.0490417
21 0.475098 0.465527 0.26543 0.36582 0.0435181
20 0.50459 0.473438 0.301758 0.398438 0.0256653
10 0.50625 0.476953 0.301563 0.417969 0.0217743
13 0.506152 0.478125 0.312695 0.434375 0.0213623
4 0.504004 0.462109 0.310742 0.399219 0.0207672
12 0.508203 0.477344 0.304688 0.430469 0.0189056
25 0.511328 0.477734 0.292969 0.407031 0.0122375
11 0.50625 0.476953 0.301563 0.417969 0.00955963
19 0.527344 0.485547 0.253125 0.355469 0.00521851
14 0.504004 0.462109 0.310742 0.399219 0.00486755
0 0.504004 0.462109 0.310742 0.399219 0.00408554
21 0.850391 0.845313 0.299219 0.309375 0.00390053
19 0.850391 0.845313 0.299219 0.309375 0.00321007
9 0.506348 0.475879 0.293555 0.39668 0.0024147
21 0.53125 0.446094 0.24375 0.351562 0.00229645
24 0.50459 0.473438 0.301758 0.398438 0.00195694
6 0.508203 0.477344 0.304688 0.430469 0.00176811
19 0.475098 0.465527 0.26543 0.36582 0.00150108
15 0.382129 0.136133 0.376367 0.272266 0.00148964
17 0.527344 0.428125 0.257812 0.3 0.00138283
4 0.38125 0.133008 0.377344 0.266016 0.00131989
0 0.37959 0.129883 0.37832 0.259766 0.00119209
21 0.8875 0.351123 0.225 0.386816 0.00112915
12 0.38125 0.133008 0.377344 0.266016 0.00102425
16 0.506152 0.478125 0.312695 0.434375 0.00102425
22 0.497559 0.475781 0.318945 0.436719 0.908691
21 0.516309 0.464844 0.293945 0.403906 0.779785
5 0.498047 0.475 0.321094 0.434375 0.577637
20 0.498047 0.475 0.321094 0.434375 0.221313
21 0.470215 0.463379 0.283008 0.38418 0.184814
19 0.498047 0.475 0.321094 0.434375 0.145142
1 0.499219 0.469922 0.324219 0.433594 0.135742
17 0.499219 0.469922 0.324219 0.433594 0.0747681
8 0.496973 0.471973 0.32168 0.437305 0.0384521
3 0.498047 0.475 0.321094 0.434375 0.0352783
11 0.501172 0.469531 0.341406 0.45 0.0195007
25 0.497559 0.475781 0.318945 0.436719 0.0178528
24 0.498047 0.475 0.321094 0.434375 0.0127258
10 0.499219 0.469922 0.324219 0.433594 0.00955963
12 0.497656 0.466797 0.323438 0.424219 0.00933838
4 0.497656 0.466797 0.323438 0.424219 0.00919342
13 0.501172 0.469531 0.341406 0.45 0.00844574
9 0.497559 0.475781 0.318945 0.436719 0.00671768
14 0.497656 0.466797 0.323438 0.424219 0.00496292
4 0.494629 0.413965 0.310742 0.308008 0.00457382
17 0.494629 0.413965 0.310742 0.308008 0.00275803
14 0.494629 0.413965 0.310742 0.308008 0.00194931
0 0.494629 0.413965 0.310742 0.308008 0.00189686
0 0.497656 0.466797 0.323438 0.424219 0.00175476
19 0.481348 0.469531 0.254492 0.363281 0.00157356
8 0.494629 0.413965 0.310742 0.308008 0.00133038
16 0.501172 0.469531 0.341406 0.45 0.0012207
12 0.494629 0.413965 0.310742 0.308008 0.00116062
22 0.491797 0.476465 0.322656 0.42832 0.732422
5 0.493359 0.474609 0.321875 0.430469 0.702637
21 0.494922 0.473828 0.324219 0.439844 0.315674
20 0.493359 0.474609 0.321875 0.430469 0.216064
19 0.494922 0.473828 0.324219 0.439844 0.209473
1 0.494922 0.473828 0.324219 0.439844 0.092041
17 0.494922 0.473828 0.324219 0.439844 0.0518494
8 0.491309 0.475391 0.325195 0.429688 0.042572
3 0.493359 0.474609 0.321875 0.430469 0.0323486
10 0.494922 0.473828 0.324219 0.439844 0.0189819
11 0.49375 0.471484 0.319531 0.4125 0.0151291
24 0.493359 0.474609 0.321875 0.430469 0.0124817
9 0.491797 0.476465 0.322656 0.42832 0.00775528
0 0.491016 0.446094 0.317969 0.375 0.00674438
25 0.491797 0.476465 0.322656 0.42832 0.005867
4 0.49375 0.471484 0.319531 0.4125 0.00486755
14 0.493359 0.474609 0.321875 0.430469 0.00418091
12 0.491797 0.46084 0.324219 0.408008 0.00153065
13 0.496484 0.467578 0.339063 0.455469 0.00133514
17 0.496484 0.414941 0.329688 0.301367 0.00118828
21 0.444434 0.462598 0.28457 0.38418 0.00116062
14 0.496484 0.414941 0.329688 0.301367 0.00100803
22 0.497754 0.472656 0.30918 0.4125 0.980469
5 0.494922 0.471777 0.310156 0.411133 0.934082
21 0.493848 0.47041 0.316992 0.431055 0.411133
19 0.494922 0.471777 0.310156 0.411133 0.233765
20 0.494922 0.471777 0.310156 0.411133 0.194946
1 0.49834 0.473535 0.30957 0.429492 0.105957
17 0.493848 0.47041 0.316992 0.431055 0.0970459
8 0.49834 0.473535 0.30957 0.429492 0.0950317
24 0.497754 0.472656 0.30918 0.4125 0.0753174
3 0.494922 0.471777 0.310156 0.411133 0.0346069
11 0.493848 0.47041 0.316992 0.431055 0.0236969
10 0.493848 0.47041 0.316992 0.431055 0.0191193
21 0.525 0.438281 0.278125 0.3625 0.0134277
21 0.457031 0.447754 0.248438 0.323242 0.0115051
9 0.497754 0.472656 0.30918 0.4125 0.0050621
25 0.497754 0.472656 0.30918 0.4125 0.00496292
14 0.497266 0.464063 0.31875 0.396875 0.00328636
4 0.496094 0.447656 0.321094 0.367969 0.00274658
0 0.496094 0.447656 0.321094 0.367969 0.00256157
12 0.494141 0.465625 0.317188 0.392188 0.00186062
13 0.492969 0.461328 0.317188 0.391406 0.00167465
12 0.479297 0.427344 0.377344 0.329688 0.0015974
19 0.847852 0.932031 0.304297 0.135937 0.00109005
22 0.506641 0.463379 0.307031 0.42168 0.964355
5 0.506641 0.463379 0.307031 0.42168 0.713867
21 0.506641 0.463379 0.307031 0.42168 0.523438
19 0.506641 0.463379 0.307031 0.42168 0.187134
1 0.508594 0.464063 0.305469 0.421875 0.093689
20 0.506641 0.463379 0.307031 0.42168 0.069519
17 0.508594 0.464063 0.305469 0.421875 0.0687866
21 0.468066 0.455469 0.245117 0.334375 0.0323486
8 0.510547 0.459766 0.317969 0.410156 0.0204163
24 0.5 0.466406 0.310156 0.428125 0.0159607
3 0.506641 0.463379 0.307031 0.42168 0.0103302
10 0.508594 0.464063 0.305469 0.421875 0.00933838
11 0.501563 0.466016 0.307031 0.427344 0.00787354
14 0.506641 0.463379 0.307031 0.42168 0.00337601
25 0.506641 0.463379 0.307031 0.42168 0.00335121
13 0.502344 0.46875 0.320312 0.441406 0.00219917
12 0.502344 0.46875 0.320312 0.441406 0.00198746
21 0.532813 0.438672 0.257812 0.342969 0.0016613
9 0.5 0.466406 0.310156 0.428125 0.00149536
4 0.501465 0.466016 0.318945 0.421094 0.00125504
2 0.859961 0.877344 0.280078 0.245312 0.00115108
22 0.501953 0.467285 0.338281 0.423242 0.993652
5 0.501953 0.467285 0.338281 0.423242 0.86084
21 0.501953 0.467285 0.338281 0.423242 0.569824
20 0.501953 0.467285 0.338281 0.423242 0.307373
19 0.501953 0.467285 0.338281 0.423242 0.275146
1 0.513379 0.466797 0.348242 0.438281 0.0856934
8 0.505566 0.469629 0.354492 0.445117 0.0545959
17 0.503516 0.467578 0.3375 0.442188 0.0486755
3 0.508594 0.465527 0.344531 0.418945 0.0479431
7 0.438281 0.919531 0.541406 0.160938 0.0430298
24 0.501953 0.467285 0.338281 0.423242 0.0393372
11 0.501953 0.469141 0.338281 0.444531 0.0135345
18 0.438281 0.919531 0.541406 0.160938 0.0120544
0 0.50459 0.458984 0.348633 0.411719 0.0103683
10 0.513379 0.466797 0.348242 0.438281 0.00901794
13 0.50625 0.474316 0.353125 0.457617 0.00443268
4 0.50459 0.458984 0.348633 0.411719 0.00385475
25 0.501953 0.467285 0.338281 0.423242 0.00318527
12 0.50459 0.458984 0.348633 0.411719 0.0026207
14 0.503516 0.467578 0.3375 0.442188 0.00226974
9 0.501953 0.467285 0.338281 0.423242 0.00208282
22 0.490625 0.470215 0.329688 0.40957 0.961914
5 0.491016 0.475391 0.327344 0.411719 0.637207
21 0.492871 0.468652 0.325195 0.406445 0.584961
19 0.492871 0.468652 0.325195 0.406445 0.12854
11 0.489844 0.474121 0.334375 0.408008 0.0616455
24 0.491504 0.46416 0.326367 0.399805 0.0191956
17 0.492871 0.468652 0.325195 0.406445 0.0189819
20 0.491504 0.46416 0.326367 0.399805 0.0163422
8 0.489844 0.474121 0.334375 0.408008 0.0156708
1 0.492578 0.461328 0.340625 0.392188 0.012146
10 0.492871 0.468652 0.325195 0.406445 0.00878143
3 0.490527 0.456348 0.339258 0.379492 0.00475693
14 0.492871 0.468652 0.325195 0.406445 0.00324821
4 0.489844 0.474121 0.334375 0.408008 0.00263214
0 0.489844 0.474121 0.334375 0.408008 0.00206757
25 0.492871 0.468652 0.325195 0.406445 0.00182438
21 0.503125 0.471094 0.314063 0.39375 0.665527
22 0.501172 0.469434 0.325781 0.40332 0.550781
19 0.503125 0.471094 0.314063 0.39375 0.0564575
20 0.499219 0.465625 0.322656 0.404687 0.0435181
1 0.499219 0.465625 0.322656 0.404687 0.0292053
17 0.503125 0.471094 0.314063 0.39375 0.0199432
5 0.503125 0.471094 0.314063 0.39375 0.0148392
3 0.503516 0.47041 0.315625 0.387305 0.0111618
8 0.503516 0.47041 0.315625 0.387305 0.00714874
10 0.503516 0.47041 0.315625 0.387305 0.00530243
0 0.499609 0.458594 0.321094 0.389062 0.00281143
14 0.506152 0.470996 0.311133 0.41582 0.0012846
25 0.506152 0.470996 0.311133 0.41582 0.00121117
22 0.490234 0.473047 0.357031 0.435156 0.973633
5 0.494434 0.468066 0.342383 0.441992 0.263672
21 0.494434 0.468066 0.342383 0.441992 0.119629
20 0.493848 0.468066 0.34668 0.424805 0.0332031
19 0.494434 0.468066 0.342383 0.441992 0.013588
1 0.494922 0.465723 0.35625 0.41543 0.00734711
17 0.494434 0.468066 0.342383 0.441992 0.00486755
11 0.493848 0.468066 0.34668 0.424805 0.00370789
12 0.489844 0.412891 0.323438 0.282031 0.00348282
8 0.491797 0.467578 0.357031 0.436719 0.00342941
24 0.493652 0.469531 0.354883 0.425 0.00313568
10 0.491797 0.467578 0.357031 0.436719 0.00175476
13 0.49209 0.469141 0.339258 0.425781 0.0015974
14 0.494434 0.468066 0.342383 0.441992 0.00150108
0 0.494922 0.465723 0.35625 0.41543 0.00146675
3 0.491797 0.467578 0.357031 0.436719 0.00145531
22 0.491016 0.474609 0.339063 0.427344 0.388672
21 0.495215 0.475684 0.326758 0.42832 0.168335
5 0.496484 0.469922 0.322656 0.422656 0.130737
19 0.503809 0.471875 0.337695 0.421875 0.0129242
1 0.498535 0.482422 0.33418 0.453125 0.0112457
20 0.502344 0.468848 0.338281 0.42168 0.0106964
10 0.495215 0.475684 0.326758 0.42832 0.00905609
17 0.503809 0.471875 0.337695 0.421875 0.00725937
11 0.496875 0.45625 0.344531 0.405469 0.00540543
8 0.503809 0.471875 0.337695 0.421875 0.00379562
3 0.503809 0.471875 0.337695 0.421875 0.00253105
24 0.502344 0.468848 0.338281 0.42168 0.0020504
14 0.495215 0.475684 0.326758 0.42832 0.0011034
4 0.502344 0.468848 0.338281 0.42168 0.00106525
5 0.495703 0.459473 0.310156 0.395117 0.934082
22 0.495703 0.459473 0.310156 0.395117 0.929199
20 0.499219 0.461719 0.323438 0.390625 0.0866089
24 0.495703 0.459473 0.310156 0.395117 0.0470886
21 0.499609 0.463672 0.327344 0.398438 0.0368958
11 0.495703 0.459473 0.310156 0.395117 0.0352783
0 0.500098 0.414062 0.331055 0.310937 0.0127716
1 0.500781 0.449316 0.326562 0.382617 0.00701141
19 0.499219 0.461719 0.323438 0.390625 0.00698471
8 0.499609 0.463672 0.327344 0.398438 0.00332451
9 0.499219 0.461719 0.323438 0.390625 0.00245285
13 0.489844 0.452734 0.329688 0.397656 0.00218201
14 0.496094 0.462402 0.313281 0.404883 0.00186729
4 0.500098 0.414062 0.331055 0.310937 0.00174809
17 0.499609 0.463672 0.327344 0.398438 0.00167465
12 0.493359 0.400879 0.341406 0.29043 0.0015974
10 0.499609 0.463672 0.327344 0.398438 0.00155449
3 0.499219 0.461719 0.323438 0.390625 0.00150108
22 0.501563 0.462109 0.285938 0.383594 0.773438
21 0.494922 0.459375 0.289844 0.382812 0.373779
5 0.503516 0.463281 0.288281 0.389062 0.0646362
19 0.503516 0.463281 0.288281 0.389062 0.0318604
1 0.508984 0.475 0.294531 0.417969 0.0309601
20 0.494922 0.459375 0.289844 0.382812 0.0222931
10 0.514844 0.465625 0.279687 0.385156 0.0164642
17 0.514844 0.465625 0.279687 0.385156 0.0145569
8 0.514844 0.465625 0.279687 0.385156 0.00530243
3 0.5 0.466406 0.2875 0.383594 0.00191212
14 0.503516 0.463281 0.288281 0.389062 0.00185299
25 0.514844 0.465625 0.279687 0.385156 0.00179577
11 0.512891 0.462402 0.285156 0.37832 0.0012846
22 0.495215 0.462109 0.317383 0.414844 0.953125
21 0.500391 0.476172 0.313281 0.422656 0.642578
20 0.495215 0.462109 0.317383 0.414844 0.150513
5 0.500391 0.476172 0.313281 0.422656 0.0643921
1 0.495215 0.462109 0.317383 0.414844 0.0310822
21 0.472266 0.459766 0.246875 0.339844 0.0174408
19 0.500391 0.476172 0.313281 0.422656 0.0145569
17 0.50166 0.474316 0.30918 0.420117 0.00518036
10 0.500391 0.476172 0.313281 0.422656 0.00273705
3 0.499609 0.467969 0.307031 0.410938 0.00244331
8 0.503125 0.471484 0.3 0.417188 0.00212479
14 0.502441 0.469141 0.30293 0.422656 0.00201988
0 0.499121 0.462598 0.325195 0.413867 0.00168705
11 0.499121 0.462598 0.325195 0.413867 0.00152493
24 0.500391 0.476172 0.313281 0.422656 0.00141048
22 0.499219 0.482812 0.332031 0.451562 0.987793
21 0.499219 0.482812 0.332031 0.451562 0.474609
5 0.503223 0.489844 0.310742 0.46875 0.112793
20 0.498535 0.479297 0.326367 0.439844 0.0261536
1 0.511035 0.484766 0.298242 0.471094 0.0141144
21 0.455859 0.457813 0.29375 0.361719 0.0117798
11 0.495703 0.469434 0.3375 0.429883 0.00446701
21 0.526172 0.478516 0.259375 0.384375 0.00379562
17 0.511035 0.484766 0.298242 0.471094 0.00342941
19 0.5 0.484766 0.336719 0.447656 0.0026722
8 0.505469 0.489746 0.311719 0.464258 0.0026207
13 0.495703 0.467285 0.335156 0.42793 0.00168133
24 0.498535 0.479297 0.326367 0.439844 0.0011158
22 0.49375 0.471484 0.320312 0.430469 0.927734
5 0.499902 0.468359 0.317383 0.427344 0.537109
21 0.499902 0.469434 0.331445 0.420508 0.432129
20 0.496875 0.464844 0.329688 0.416406 0.0541992
19 0.499902 0.469434 0.331445 0.420508 0.012146
24 0.49375 0.471484 0.320312 0.430469 0.0016613
1 0.496875 0.464844 0.329688 0.416406 0.00157356
14 0.499902 0.468359 0.317383 0.427344 0.00132465
10 0.494141 0.474121 0.31875 0.426758 0.00125504
22 0.493359 0.456348 0.294531 0.376367 0.933594
20 0.493359 0.456348 0.294531 0.376367 0.350342
5 0.493359 0.456348 0.294531 0.376367 0.0745239
21 0.510156 0.471191 0.29375 0.39668 0.0587769
21 0.466309 0.46084 0.270508 0.34707 0.0368958
1 0.492969 0.449609 0.296875 0.383594 0.0340881
0 0.490234 0.452246 0.315625 0.395508 0.00379562
3 0.495215 0.451953 0.295508 0.397656 0.00337601
24 0.493359 0.456348 0.294531 0.376367 0.00275803
12 0.493359 0.456348 0.294531 0.376367 0.00255013
13 0.493359 0.456348 0.294531 0.376367 0.002388
4 0.492969 0.449609 0.296875 0.383594 0.00156116
9 0.493359 0.456348 0.294531 0.376367 0.00153637
19 0.495215 0.451953 0.295508 0.397656 0.00144386
22 0.489844 0.484375 0.3375 0.451562 0.902832
5 0.489844 0.484375 0.3375 0.451562 0.129395
21 0.500391 0.476562 0.333594 0.43125 0.102295
20 0.491504 0.470703 0.351367 0.421094 0.0359497
1 0.496875 0.480078 0.328906 0.455469 0.0248413
21 0.459766 0.456152 0.275 0.34707 0.00751877
11 0.492578 0.466309 0.353906 0.404883 0.00397491
8 0.490234 0.485938 0.354688 0.4375 0.00332451
17 0.487109 0.4875 0.348438 0.45 0.00221634
19 0.487109 0.4875 0.348438 0.45 0.00195694
24 0.501563 0.475 0.328906 0.427344 0.00179577
0 0.490234 0.485938 0.354688 0.4375 0.00132465
3 0.501563 0.475 0.328906 0.427344 0.00114727
22 0.4875 0.477344 0.321094 0.41875 0.858887
21 0.489746 0.471191 0.318945 0.41543 0.280518
5 0.4875 0.477344 0.321094 0.41875 0.122131
20 0.488965 0.467871 0.30957 0.408008 0.0259552
1 0.493848 0.473438 0.312305 0.424219 0.0208893
11 0.492969 0.455469 0.350781 0.392969 0.0046463
21 0.461328 0.465625 0.267969 0.35 0.00355148
8 0.489063 0.481641 0.335938 0.426563 0.00351143
19 0.489063 0.473828 0.303125 0.411719 0.00251198
17 0.493848 0.473438 0.312305 0.424219 0.00191212
3 0.489063 0.473828 0.303125 0.411719 0.00178909
0 0.490625 0.474121 0.342969 0.417383 0.00121593
14 0.492285 0.476953 0.320117 0.422656 0.00121593
21 0.494922 0.469141 0.315625 0.419531 0.629883
22 0.496191 0.467285 0.310742 0.413867 0.480469
5 0.496191 0.467285 0.310742 0.413867 0.0710449
1 0.509766 0.473047 0.296094 0.428906 0.0321045
20 0.496191 0.467285 0.310742 0.413867 0.0139008
17 0.510059 0.477734 0.29707 0.433594 0.0119629
19 0.496191 0.467285 0.310742 0.413867 0.01017
21 0.460156 0.459766 0.257031 0.34375 0.00861359
8 0.50459 0.478125 0.304883 0.432813 0.00717545
10 0.50459 0.478125 0.304883 0.432813 0.0069313
3 0.49834 0.471973 0.304883 0.426367 0.00261116
11 0.494434 0.464063 0.326758 0.40625 0.00260162
4 0.912891 0.751953 0.174219 0.160156 0.00188255
25 0.510059 0.477734 0.29707 0.433594 0.00156116
22 0.495215 0.467969 0.325195 0.411719 0.746094
5 0.496777 0.474316 0.32207 0.423242 0.0623169
21 0.49541 0.461621 0.307617 0.393945 0.0408325
20 0.492285 0.460156 0.335742 0.401563 0.0120544
1 0.49375 0.456934 0.320312 0.39707 0.00473785
12 0.481348 0.417969 0.39668 0.326562 0.0042305
8 0.499121 0.475391 0.320508 0.422656 0.00322342
13 0.430859 0.290039 0.410938 0.580078 0.00226974
21 0.460547 0.454785 0.244531 0.337305 0.00201035
0 0.499121 0.465723 0.318945 0.404492 0.00191879
11 0.499121 0.465723 0.318945 0.404492 0.00186062
4 0.500879 0.471875 0.307617 0.419531 0.00137234
13 0.492285 0.460156 0.335742 0.401563 0.0011034
12 0.430859 0.290039 0.410938 0.580078 0.00102425
22 0.494531 0.461719 0.302344 0.392969 0.42627
20 0.492969 0.455078 0.310937 0.385938 0.0389099
5 0.494531 0.461719 0.302344 0.392969 0.0263519
21 0.496973 0.462891 0.291992 0.397656 0.0195618
21 0.460254 0.456934 0.260742 0.351758 0.0163422
1 0.492969 0.455078 0.310937 0.385938 0.00831604
11 0.492578 0.454688 0.313281 0.385156 0.00178242
19 0.494531 0.461719 0.302344 0.392969 0.00151253
8 0.494434 0.455371 0.300195 0.379883 0.00107288
0 0.492578 0.454688 0.313281 0.385156 0.00102043
21 0.491504 0.474121 0.323242 0.442383 0.915039
21 0.462891 0.452734 0.259375 0.359375 0.217285
10 0.491016 0.475781 0.322656 0.445312 0.0685425
22 0.491797 0.469434 0.320312 0.433008 0.0680542
5 0.491504 0.474121 0.323242 0.442383 0.062561
19 0.49375 0.478125 0.322656 0.440625 0.0453491
8 0.49375 0.478125 0.322656 0.440625 0.00806427
17 0.49375 0.478125 0.322656 0.440625 0.00564194
1 0.49375 0.478125 0.322656 0.440625 0.00318527
16 0.49375 0.478125 0.320312 0.448438 0.00283432
25 0.49375 0.478125 0.320312 0.448438 0.00269318
3 0.493359 0.474121 0.321875 0.442383 0.00158501
20 0.492871 0.460547 0.32207 0.413281 0.00136662
11 0.492188 0.462109 0.325 0.416406 0.00129414
14 0.491504 0.474121 0.323242 0.442383 0.00124454
2 0.49375 0.478125 0.320312 0.448438 0.00115108
22 0.507422 0.47959 0.320312 0.443945 0.649414
21 0.507422 0.47959 0.320312 0.443945 0.29248
5 0.512891 0.482031 0.330469 0.439844 0.226807
1 0.511035 0.483984 0.31543 0.453906 0.033844
20 0.504297 0.476562 0.303125 0.435156 0.0262604
8 0.513379 0.481641 0.326367 0.449219 0.024704
19 0.513379 0.481641 0.326367 0.449219 0.01297
3 0.513379 0.481641 0.326367 0.449219 0.00734711
11 0.509766 0.463184 0.342187 0.39707 0.00577545
17 0.511035 0.483984 0.31543 0.453906 0.0049057
10 0.511035 0.483984 0.31543 0.453906 0.00484848
25 0.511035 0.483984 0.31543 0.453906 0.0024929
21 0.479688 0.469922 0.275 0.357031 0.00156689
13 0.514063 0.485254 0.321094 0.44668 0.00110722
22 0.498047 0.478125 0.342969 0.446094 0.806641
5 0.495996 0.482422 0.348633 0.450781 0.413086
20 0.501465 0.463965 0.336133 0.41582 0.0775146
21 0.501953 0.473047 0.344531 0.438281 0.0245209
1 0.496094 0.456152 0.338281 0.406445 0.0161591
8 0.5 0.478125 0.345313 0.445312 0.0121918
24 0.495996 0.482422 0.348633 0.450781 0.00948334
11 0.497656 0.488965 0.358594 0.470508 0.00327301
13 0.498828 0.456152 0.332031 0.404883 0.00290108
0 0.498828 0.456152 0.332031 0.404883 0.00257111
3 0.5 0.478125 0.345313 0.445312 0.00247192
4 0.495996 0.482422 0.348633 0.450781 0.00142097
21 0.457813 0.460547 0.30625 0.398438 0.00111198
19 0.501953 0.473047 0.344531 0.438281 0.00109863
22 0.500684 0.488379 0.358008 0.47168 0.916504
5 0.496973 0.492578 0.363867 0.480469 0.170532
20 0.498437 0.478516 0.35625 0.447656 0.0116882
24 0.496973 0.492578 0.363867 0.480469 0.00712204
0 0.498047 0.485156 0.353125 0.464844 0.00419998
11 0.498828 0.493359 0.369531 0.480469 0.00362206
13 0.498047 0.489746 0.357031 0.470508 0.00282288
21 0.498047 0.489746 0.357031 0.470508 0.00274658
8 0.500781 0.492285 0.357812 0.474805 0.00257111
4 0.495313 0.492578 0.355469 0.48125 0.00200272
1 0.498437 0.478516 0.35625 0.447656 0.00162888
22 0.490234 0.464453 0.323438 0.403906 0.818848
5 0.490625 0.467187 0.321875 0.420312 0.0665894
21 0.490234 0.460254 0.309375 0.391992 0.0222931
20 0.492285 0.459375 0.323242 0.396094 0.021286
1 0.492285 0.459375 0.323242 0.396094 0.0147324
24 0.492578 0.465527 0.324219 0.401758 0.0037365
11 0.489844 0.465234 0.340625 0.402344 0.00319672
0 0.493848 0.461328 0.316992 0.399219 0.00313568
8 0.492578 0.465527 0.324219 0.401758 0.00245285
4 0.490625 0.467187 0.321875 0.420312 0.00232315
13 0.491016 0.463281 0.334375 0.403125 0.0020752
22 0.498828 0.490527 0.339844 0.475195 0.902832
20 0.496191 0.46709 0.33418 0.426758 0.0335999
1 0.496191 0.46709 0.33418 0.426758 0.0140076
5 0.504297 0.483984 0.332031 0.458594 0.00891876
21 0.504297 0.483984 0.332031 0.458594 0.00385475
0 0.497266 0.460547 0.335156 0.414844 0.00312424
13 0.497266 0.460547 0.335156 0.414844 0.00191212
4 0.5 0.489063 0.3375 0.472656 0.00119686
22 0.490625 0.469922 0.3375 0.422656 0.919434
5 0.489844 0.471094 0.339844 0.430469 0.0897827
20 0.495313 0.460938 0.335156 0.398438 0.0181885
21 0.496484 0.469434 0.323438 0.41582 0.0030632
4 0.489844 0.471094 0.339844 0.430469 0.00286674
0 0.493848 0.463965 0.335742 0.40957 0.00273705
24 0.496484 0.469434 0.323438 0.41582 0.00243378
1 0.491406 0.464844 0.339063 0.404687 0.00239754
13 0.493359 0.462891 0.335156 0.400781 0.00236893
22 0.490527 0.475 0.317383 0.425 0.825684
20 0.498828 0.471191 0.308594 0.426367 0.0411377
5 0.498828 0.471191 0.308594 0.426367 0.0164032
21 0.498828 0.471191 0.308594 0.426367 0.00653839
1 0.492188 0.462109 0.314063 0.399219 0.00428009
0 0.490527 0.475 0.317383 0.425 0.00143814
13 0.492188 0.462109 0.314063 0.399219 0.00138855
24 0.491406 0.471094 0.321875 0.417188 0.00108624
22 0.499219 0.478125 0.317969 0.435937 0.430176
5 0.494629 0.482715 0.320117 0.433008 0.0900879
20 0.499902 0.475 0.317383 0.428125 0.0181274
21 0.499219 0.478125 0.317969 0.435937 0.011116
24 0.494531 0.474902 0.316406 0.42832 0.00208282
4 0.494141 0.477734 0.323438 0.439063 0.00147247
1 0.499219 0.478125 0.317969 0.435937 0.00118351
13 0.497266 0.473828 0.321094 0.425781 0.00116539
11 0.494531 0.474902 0.316406 0.42832 0.00104046
22 0.490625 0.459375 0.339063 0.407813 0.950195
5 0.490625 0.455078 0.340625 0.396094 0.0246124
20 0.491406 0.455859 0.340625 0.397656 0.0243378
1 0.491406 0.455859 0.340625 0.397656 0.0141754
21 0.488184 0.461328 0.35332 0.411719 0.00283432
13 0.491406 0.455859 0.340625 0.397656 0.00181007
22 0.493066 0.47041 0.335742 0.435742 0.893066
20 0.496191 0.462109 0.32793 0.410156 0.0149002
5 0.496191 0.462109 0.32793 0.410156 0.00651169
1 0.492969 0.459766 0.334375 0.413281 0.00403976
0 0.493066 0.47041 0.335742 0.435742 0.00328636
21 0.497656 0.469141 0.329688 0.425781 0.00327301
4 0.496191 0.462109 0.32793 0.410156 0.00201988
13 0.492578 0.457715 0.328125 0.404883 0.00150108
12 0.496191 0.462109 0.32793 0.410156 0.0011692
22 0.492578 0.464453 0.327344 0.423438 0.901367
20 0.497754 0.453516 0.32168 0.396875 0.0362244
1 0.491406 0.453516 0.326562 0.399219 0.0118713
5 0.491406 0.453516 0.326562 0.399219 0.00511932
21 0.497754 0.453516 0.32168 0.396875 0.00369263
0 0.492578 0.464453 0.327344 0.423438 0.00251198
13 0.491406 0.453516 0.326562 0.399219 0.00149536
4 0.497559 0.446191 0.32207 0.382617 0.00126457
12 0.497754 0.453516 0.32168 0.396875 0.00102043
22 0.498047 0.459473 0.330469 0.418555 0.842773
5 0.496777 0.453223 0.331445 0.406055 0.0393372
20 0.498828 0.454785 0.329688 0.401367 0.0307922
1 0.496777 0.453223 0.331445 0.406055 0.0102081
21 0.498828 0.454785 0.329688 0.401367 0.00564194
0 0.498535 0.451953 0.329492 0.404687 0.00206757
13 0.5 0.460156 0.327344 0.414062 0.00148964
22 0.499316 0.450781 0.32168 0.40625 0.932617
20 0.502344 0.445703 0.314063 0.390625 0.0405273
0 0.498047 0.407422 0.327344 0.314844 0.00796509
1 0.497559 0.444531 0.325195 0.398438 0.00392914
5 0.502344 0.445703 0.314063 0.390625 0.00376511
4 0.501172 0.439063 0.319531 0.379688 0.00183868
13 0.502344 0.445703 0.314063 0.390625 0.00125504
21 0.502344 0.445703 0.314063 0.390625 0.0011158
22 0.491406 0.453223 0.301563 0.399805 0.874023
20 0.49375 0.45166 0.286719 0.385742 0.0534058
5 0.492969 0.45 0.299219 0.39375 0.0239563
21 0.49375 0.45166 0.286719 0.385742 0.00561905
1 0.492969 0.45 0.299219 0.39375 0.00362206
22 0.495703 0.442969 0.310156 0.384375 0.864258
20 0.501172 0.444531 0.307031 0.378906 0.0347595
5 0.5 0.440234 0.310937 0.373437 0.0187683
21 0.501172 0.444531 0.307031 0.378906 0.0109482
1 0.5 0.440234 0.310937 0.373437 0.00666809
22 0.503906 0.457715 0.339063 0.41582 0.789062
5 0.495703 0.460156 0.350781 0.41875 0.0535889
20 0.503906 0.457715 0.339063 0.41582 0.0347595
1 0.503906 0.457715 0.339063 0.41582 0.00919342
21 0.503906 0.457715 0.339063 0.41582 0.00385475
13 0.49834 0.457813 0.350195 0.415625 0.00162315
4 0.49834 0.459766 0.343945 0.415625 0.00154877
0 0.499219 0.458203 0.350781 0.416406 0.00153065
8 0.5 0.460254 0.346875 0.420117 0.0015192
22 0.499219 0.454688 0.33125 0.414062 0.72168
20 0.499219 0.454688 0.33125 0.414062 0.0100098
5 0.497656 0.451562 0.332813 0.394531 0.00847626
1 0.499316 0.454688 0.332617 0.409375 0.00534439
21 0.499219 0.454688 0.33125 0.414062 0.00212479
13 0.497559 0.457031 0.343945 0.417188 0.00165462
0 0.497266 0.458984 0.339844 0.425781 0.00124454
4 0.498828 0.458203 0.33125 0.419531 0.00104427
22 0.496777 0.449121 0.320508 0.39082 0.817383
5 0.498047 0.450391 0.317188 0.396094 0.0340881
20 0.496777 0.449121 0.320508 0.39082 0.0270691
21 0.494531 0.456641 0.321094 0.408594 0.00419998
1 0.49541 0.453027 0.326367 0.395508 0.00376511
13 0.498047 0.450391 0.317188 0.396094 0.00146103
24 0.494531 0.454004 0.325 0.407617 0.00137806
22 0.497266 0.450879 0.305469 0.391992 0.824219
20 0.493066 0.450391 0.318555 0.399219 0.0212097
1 0.493066 0.450391 0.318555 0.399219 0.0198669
5 0.493066 0.450391 0.318555 0.399219 0.0190582
21 0.49375 0.455078 0.309375 0.403906 0.00486755
13 0.497266 0.450879 0.305469 0.391992 0.00109005
22 0.491309 0.458984 0.323633 0.402344 0.808105
5 0.491797 0.458203 0.315625 0.398438 0.0878906
20 0.493066 0.456152 0.310742 0.39707 0.0229797
1 0.491797 0.458203 0.315625 0.398438 0.0163422
21 0.490625 0.459473 0.313281 0.406055 0.00609589
4 0.491309 0.458984 0.323633 0.402344 0.00134087
13 0.491309 0.458984 0.323633 0.402344 0.00100803
22 0.496484 0.453223 0.308594 0.39668 0.763672
5 0.496094 0.461328 0.307031 0.416406 0.0217743
20 0.496484 0.453223 0.308594 0.39668 0.0163422
1 0.496484 0.455371 0.316406 0.39707 0.00878143
21 0.49375 0.459766 0.310937 0.410156 0.00239754
13 0.494629 0.457031 0.320117 0.402344 0.00127411
22 0.497266 0.457129 0.327344 0.406055 0.466797
5 0.493652 0.457813 0.298633 0.391406 0.0723877
21 0.493652 0.457813 0.298633 0.391406 0.0110703
20 0.493359 0.45625 0.303906 0.388281 0.00709534
24 0.497266 0.457129 0.327344 0.406055 0.00245285
4 0.496484 0.459375 0.325781 0.407813 0.0015974
13 0.502344 0.460938 0.302344 0.40625 0.00129414
1 0.493359 0.45625 0.303906 0.388281 0.00127411
22 0.494141 0.458203 0.3 0.394531 0.656738
5 0.493652 0.460059 0.311133 0.398633 0.0522461
20 0.494141 0.458203 0.3 0.394531 0.013588
21 0.494141 0.458203 0.3 0.394531 0.00923157
1 0.493652 0.460059 0.311133 0.398633 0.00448608
24 0.492871 0.459473 0.30957 0.406055 0.0011425
13 0.495703 0.4625 0.297656 0.402344 0.00103664
22 0.501563 0.460547 0.289844 0.403906 0.644043
5 0.496484 0.457715 0.303906 0.395508 0.0292053
20 0.497266 0.461816 0.285156 0.395117 0.00743103
21 0.5 0.463672 0.280469 0.396094 0.0064888
1 0.5 0.463672 0.280469 0.396094 0.00211525
24 0.498047 0.459375 0.296094 0.403906 0.00131989
4 0.50166 0.460938 0.287305 0.402344 0.00121593
22 0.498535 0.461328 0.318555 0.396094 0.81543
5 0.496094 0.460059 0.328906 0.400195 0.0213623
20 0.498535 0.461328 0.318555 0.396094 0.0173798
1 0.496094 0.460059 0.328906 0.400195 0.00403976
21 0.498535 0.461328 0.318555 0.396094 0.00307465
22 0.49375 0.457813 0.307813 0.405469 0.583008
5 0.494141 0.457129 0.310937 0.395117 0.0411377
20 0.494922 0.458496 0.298438 0.387695 0.00919342
21 0.493652 0.460156 0.304883 0.399219 0.00397491
24 0.493652 0.460156 0.304883 0.399219 0.00156689
4 0.493652 0.460156 0.304883 0.399219 0.00137234
22 0.493359 0.459766 0.295312 0.390625 0.841797
20 0.493359 0.459766 0.295312 0.390625 0.0164642
5 0.494141 0.461328 0.302344 0.400781 0.00971222
21 0.494141 0.461328 0.302344 0.400781 0.00356483
1 0.493359 0.459766 0.295312 0.390625 0.00237846
4 0.496875 0.460938 0.296094 0.403906 0.00117874
24 0.494141 0.461328 0.302344 0.400781 0.00115108
22 0.498047 0.463281 0.310937 0.410156 0.741699
5 0.494531 0.460254 0.307813 0.393555 0.0405273
20 0.496777 0.466016 0.306445 0.402344 0.0136337
21 0.496777 0.466016 0.306445 0.402344 0.00468063
24 0.495703 0.462891 0.311719 0.408594 0.00143242
1 0.495215 0.460156 0.311133 0.396875 0.00138855
4 0.495703 0.462891 0.311719 0.408594 0.00104809
22 0.49375 0.456348 0.300781 0.39043 0.84375
5 0.492969 0.45459 0.302344 0.376758 0.0583496
20 0.492871 0.458984 0.301758 0.397656 0.0110321
1 0.492969 0.45459 0.302344 0.376758 0.00356483
21 0.492871 0.458984 0.301758 0.397656 0.00305176
4 0.493848 0.45625 0.307617 0.4 0.00155449
22 0.500391 0.464453 0.290625 0.3875 0.775879
5 0.497266 0.458203 0.298438 0.380469 0.0514526
20 0.500391 0.464453 0.290625 0.3875 0.0064621
21 0.500391 0.464453 0.290625 0.3875 0.00274658
4 0.507031 0.462109 0.288281 0.392969 0.00193405
1 0.500391 0.464453 0.290625 0.3875 0.00176144
22 0.496777 0.457715 0.29707 0.386133 0.818848
5 0.497266 0.457715 0.296094 0.383008 0.0878906
20 0.499902 0.460547 0.293945 0.382812 0.00967407
1 0.497559 0.457813 0.29707 0.372656 0.00720596
21 0.502246 0.460938 0.289258 0.389062 0.00443268
4 0.497266 0.457715 0.296094 0.383008 0.00176144
22 0.499219 0.450684 0.290625 0.367383 0.629883
5 0.499219 0.450684 0.290625 0.367383 0.168335
20 0.497266 0.451953 0.279687 0.367188 0.016922
21 0.504297 0.455566 0.278906 0.37793 0.00566483
1 0.494141 0.45 0.285156 0.353125 0.00479126
4 0.500781 0.453906 0.285938 0.379688 0.0024929
13 0.504297 0.457031 0.278125 0.382812 0.00181007
12 0.527734 0.366211 0.280469 0.211328 0.00102425
22 0.494141 0.45625 0.29375 0.372656 0.525391
5 0.491406 0.455469 0.290625 0.36875 0.0772095
20 0.494922 0.458691 0.282031 0.37168 0.0104904
21 0.498047 0.461328 0.284375 0.376563 0.00518036
1 0.490625 0.457031 0.284375 0.360938 0.00460815
4 0.495215 0.459375 0.292383 0.38125 0.00172043
22 0.491406 0.460254 0.292969 0.379492 0.65332
5 0.491406 0.460254 0.292969 0.379492 0.123779
20 0.494531 0.465625 0.282031 0.375781 0.00847626
21 0.495313 0.465625 0.289062 0.379688 0.00775528
4 0.49375 0.464063 0.290625 0.383594 0.00217438
1 0.491406 0.460254 0.292969 0.379492 0.00202751
24 0.49375 0.464063 0.290625 0.383594 0.00106907
22 0.492969 0.462402 0.286719 0.389258 0.751953
5 0.492969 0.458496 0.303125 0.392383 0.0483093
20 0.492969 0.462402 0.286719 0.389258 0.00985718
21 0.497559 0.4625 0.293945 0.39375 0.00679779
4 0.494922 0.461328 0.298438 0.397656 0.00157928
1 0.492969 0.458496 0.303125 0.392383 0.0015192
24 0.494922 0.461328 0.298438 0.397656 0.00104809
22 0.494922 0.459766 0.303906 0.405469 0.775879
5 0.49541 0.457129 0.307617 0.395117 0.0348816
20 0.495313 0.460156 0.292188 0.395313 0.011116
1 0.49541 0.457129 0.307617 0.395117 0.00345612
21 0.496777 0.461035 0.30332 0.40293 0.00332451
4 0.496777 0.461035 0.30332 0.40293 0.00164223
22 0.498437 0.459473 0.3 0.399805 0.812988
5 0.498047 0.45459 0.304688 0.387695 0.0758667
20 0.499609 0.459766 0.290625 0.386719 0.00557709
21 0.499219 0.460156 0.3 0.396875 0.00312424
4 0.499219 0.460156 0.3 0.396875 0.00242424
1 0.498047 0.45459 0.304688 0.387695 0.0024147
24 0.499219 0.460156 0.3 0.396875 0.0012598
22 0.497266 0.46084 0.305469 0.400195 0.830078
5 0.497656 0.458984 0.308594 0.389844 0.0539856
20 0.500098 0.461328 0.298242 0.386719 0.00740433
21 0.497559 0.462109 0.304883 0.397656 0.00300407
4 0.497266 0.46084 0.305469 0.400195 0.00201988
1 0.497656 0.458984 0.308594 0.389844 0.00192642
24 0.497559 0.462109 0.304883 0.397656 0.00157356
22 0.495703 0.461035 0.292969 0.398242 0.790527
5 0.494922 0.462402 0.292969 0.393945 0.0273743
20 0.495996 0.462109 0.286133 0.385156 0.0102463
1 0.494922 0.458203 0.296094 0.385156 0.00429916
21 0.494922 0.462402 0.292969 0.393945 0.00332451
4 0.495703 0.461035 0.292969 0.398242 0.00204277
22 0.497656 0.464063 0.296875 0.404687 0.795898
5 0.495313 0.458691 0.302344 0.387305 0.0592041
20 0.498047 0.461816 0.292969 0.388867 0.0101318
1 0.495313 0.458691 0.302344 0.387305 0.00568771
21 0.495215 0.461816 0.29707 0.395117 0.00271416
4 0.495313 0.458691 0.302344 0.387305 0.00232315
13 0.496484 0.463965 0.296875 0.404883 0.00112915
22 0.498047 0.458984 0.300781 0.383594 0.818848
5 0.498047 0.455859 0.305469 0.385938 0.0317383
20 0.498047 0.458984 0.300781 0.383594 0.00754929
1 0.498047 0.455859 0.305469 0.385938 0.00242424
21 0.498828 0.458984 0.300781 0.391406 0.00223351
4 0.498047 0.457813 0.303125 0.394531 0.00126934
22 0.496191 0.459277 0.293555 0.381445 0.85791
20 0.496191 0.459277 0.293555 0.381445 0.0129242
5 0.495313 0.457715 0.299219 0.386133 0.0114212
21 0.496875 0.457422 0.300781 0.384375 0.0039444
1 0.495313 0.457715 0.299219 0.386133 0.00255013
4 0.495313 0.457715 0.299219 0.386133 0.00148392
22 0.496777 0.459766 0.292383 0.391406 0.778809
5 0.496094 0.457715 0.296094 0.38457 0.0396423
20 0.496191 0.46084 0.287305 0.379883 0.014389
21 0.498828 0.457031 0.296094 0.382031 0.00985718
1 0.496094 0.457715 0.296094 0.38457 0.0017271
4 0.496094 0.457715 0.296094 0.38457 0.0016613
22 0.496094 0.459277 0.3 0.39707 0.810547
5 0.496191 0.458203 0.30293 0.392188 0.0330811
20 0.497559 0.460254 0.298633 0.385742 0.00908661
21 0.497266 0.460254 0.296875 0.395117 0.00344276
1 0.496191 0.458203 0.30293 0.392188 0.00230598
4 0.496094 0.459277 0.3 0.39707 0.00130463
22 0.497754 0.461719 0.29668 0.385938 0.833496
5 0.497656 0.462109 0.299219 0.394531 0.0307922
20 0.497754 0.461719 0.29668 0.385938 0.00841522
21 0.497656 0.462109 0.299219 0.394531 0.00378036
4 0.496777 0.460938 0.300195 0.396875 0.00147247
22 0.498535 0.461328 0.301367 0.391406 0.875
5 0.496484 0.458203 0.30625 0.396875 0.0268555
20 0.498535 0.461328 0.301367 0.391406 0.00926971
21 0.497266 0.461328 0.302344 0.400781 0.00328636
1 0.496484 0.458203 0.30625 0.396875 0.00205803
4 0.496484 0.460156 0.302344 0.401563 0.00126457
22 0.498535 0.460547 0.30293 0.386719 0.832031
5 0.496875 0.457715 0.307031 0.392383 0.0253754
20 0.498535 0.460547 0.30293 0.386719 0.00854492
21 0.49834 0.459766 0.301758 0.395313 0.00390053
1 0.496875 0.457715 0.307031 0.392383 0.00168705
4 0.496973 0.458984 0.30293 0.396875 0.00139427
22 0.499219 0.460547 0.298438 0.386719 0.819824
5 0.497656 0.458203 0.302344 0.392969 0.024704
21 0.5 0.457422 0.302344 0.389844 0.00963593
20 0.499219 0.460547 0.298438 0.386719 0.00784302
4 0.497656 0.459766 0.297656 0.396875 0.00166798
1 0.497656 0.458203 0.302344 0.392969 0.00161648
22 0.496094 0.461328 0.295312 0.385156 0.841797
5 0.496484 0.460547 0.294531 0.391406 0.0177765
20 0.496094 0.461328 0.295312 0.385156 0.0086441
21 0.497754 0.456934 0.301367 0.386133 0.00643921
1 0.495703 0.459277 0.300781 0.37832 0.00176144
4 0.495703 0.459766 0.297656 0.394531 0.0016613
22 0.496484 0.459375 0.295312 0.382812 0.842773
5 0.497266 0.458691 0.295312 0.391992 0.0150757
20 0.496484 0.459375 0.295312 0.382812 0.00790405
21 0.498047 0.456934 0.301563 0.386133 0.00746155
1 0.495996 0.458594 0.300195 0.378125 0.00205803
4 0.496094 0.458203 0.297656 0.39375 0.00166798
22 0.496094 0.458496 0.292969 0.389258 0.79834
5 0.497559 0.459277 0.29082 0.386133 0.0261536
21 0.498828 0.455859 0.297656 0.383594 0.00796509
20 0.495703 0.459473 0.289844 0.379492 0.00731659
4 0.496094 0.458496 0.292969 0.389258 0.00176811
1 0.495703 0.459473 0.289844 0.379492 0.00153065
22 0.496875 0.459375 0.296094 0.384375 0.805664
5 0.494922 0.456348 0.298438 0.38418 0.024704
21 0.49834 0.456348 0.301758 0.387305 0.00997162
20 0.496875 0.459375 0.296094 0.384375 0.00803375
4 0.495996 0.458594 0.295508 0.392969 0.00174809
1 0.496875 0.459375 0.296094 0.384375 0.00172043
22 0.496875 0.459766 0.294531 0.385156 0.801758
5 0.495313 0.456641 0.296875 0.385156 0.0351562
20 0.496875 0.459766 0.294531 0.385156 0.00725937
21 0.499121 0.456641 0.300195 0.386719 0.00664139
1 0.496875 0.459766 0.294531 0.385156 0.00148964
4 0.496875 0.458984 0.295312 0.392969 0.00141048
22 0.496777 0.460547 0.295508 0.386719 0.848145
5 0.494922 0.45791 0.297656 0.387305 0.0223694
20 0.496777 0.460547 0.295508 0.386719 0.0078125
21 0.496777 0.460059 0.295508 0.392383 0.00572968
1 0.496777 0.460547 0.295508 0.386719 0.00156689
4 0.495996 0.459473 0.29707 0.395117 0.00121117
22 0.496777 0.46084 0.293945 0.38457 0.848145
5 0.495313 0.45791 0.296094 0.385742 0.0239563
20 0.496777 0.46084 0.293945 0.38457 0.0102463
21 0.497559 0.460156 0.293945 0.390625 0.00666809
1 0.496777 0.46084 0.293945 0.38457 0.00234985
4 0.496484 0.459766 0.295312 0.392969 0.00122547
22 0.497266 0.460547 0.296094 0.385938 0.853027
5 0.495313 0.457422 0.297656 0.385938 0.0197144
20 0.497266 0.460547 0.296094 0.385938 0.0115509
21 0.496875 0.459277 0.296094 0.392383 0.00577545
1 0.497266 0.460547 0.296094 0.385938 0.00271416
4 0.496094 0.457422 0.300781 0.389844 0.00118351
22 0.496973 0.461328 0.295117 0.3875 0.855957
5 0.495313 0.45791 0.296875 0.387305 0.0196381
20 0.496973 0.461328 0.295117 0.3875 0.0109482
21 0.496875 0.460156 0.294531 0.39375 0.00534439
1 0.496973 0.461328 0.295117 0.3875 0.00234222
4 0.496094 0.458496 0.3 0.39082 0.00112057
22 0.496484 0.460938 0.29375 0.3875 0.855957
5 0.494629 0.457715 0.29668 0.387695 0.0175171
20 0.496484 0.460938 0.29375 0.3875 0.00985718
21 0.496484 0.460156 0.294531 0.39375 0.00469971
1 0.496484 0.460938 0.29375 0.3875 0.00206757
4 0.496191 0.459277 0.29668 0.395508 0.00115585
22 0.496973 0.460547 0.29668 0.389062 0.861328
5 0.495313 0.457422 0.298438 0.389844 0.0164032
20 0.496973 0.460547 0.29668 0.389062 0.00898743
21 0.496484 0.459766 0.296094 0.394531 0.00460815
1 0.496973 0.460547 0.29668 0.389062 0.00188255
4 0.495703 0.459375 0.297656 0.396875 0.0012064
22 0.496875 0.46084 0.29375 0.386133 0.85498
5 0.495313 0.457813 0.296875 0.386719 0.0167847
20 0.496875 0.46084 0.29375 0.386133 0.0085144
21 0.497266 0.460156 0.29375 0.392188 0.00468063
1 0.496484 0.458203 0.299219 0.390625 0.00184631
4 0.496484 0.459766 0.295312 0.394531 0.00122547
22 0.496484 0.460254 0.294531 0.387305 0.855957
5 0.49541 0.457422 0.298242 0.3875 0.0188293
20 0.496484 0.460254 0.294531 0.387305 0.00874329
21 0.496484 0.459766 0.294531 0.392969 0.00450516
1 0.496094 0.457422 0.300781 0.391406 0.00205803
4 0.496094 0.459277 0.296875 0.395508 0.00121593
22 0.496094 0.460547 0.29375 0.3875 0.856934
5 0.495215 0.457031 0.29707 0.3875 0.0176392
20 0.496094 0.460547 0.29375 0.3875 0.00878143
21 0.496484 0.459473 0.29375 0.393555 0.00475693
1 0.496094 0.457422 0.3 0.391406 0.00202751
4 0.496094 0.459277 0.296094 0.395508 0.00122547
22 0.496094 0.460547 0.29375 0.386719 0.855957
5 0.496484 0.459766 0.29375 0.392969 0.0170441
20 0.496094 0.460547 0.29375 0.386719 0.00871277
21 0.496484 0.459766 0.29375 0.392969 0.00441742
1 0.496094 0.457813 0.3 0.390625 0.0018177
4 0.496094 0.459375 0.296094 0.395313 0.00119209
22 0.495996 0.460254 0.292383 0.385742 0.851074
5 0.496484 0.459473 0.292969 0.391992 0.0173798
20 0.495996 0.460254 0.292383 0.385742 0.00861359
21 0.496484 0.459473 0.292969 0.391992 0.00488663
1 0.496094 0.456934 0.299219 0.389258 0.00178242
4 0.496094 0.458984 0.295312 0.394531 0.00119686
22 0.496094 0.460156 0.292969 0.385938 0.854004
5 0.496191 0.459375 0.293555 0.392188 0.0164642
20 0.496094 0.460156 0.292969 0.385938 0.00871277
21 0.496191 0.459375 0.293555 0.392188 0.00530243
1 0.495703 0.457129 0.299219 0.39043 0.00176811
4 0.496094 0.458984 0.295312 0.394531 0.00118351
22 0.495703 0.460156 0.292969 0.385938 0.854004
5 0.496191 0.459375 0.293555 0.392969 0.016983
20 0.495703 0.460156 0.292969 0.385938 0.00857544
21 0.496191 0.459375 0.293555 0.392969 0.00534439
1 0.495703 0.457129 0.299219 0.39043 0.00169373
4 0.495996 0.458984 0.295508 0.394531 0.00119209
22 0.495215 0.460059 0.292383 0.386133 0.851074
5 0.496094 0.459277 0.29375 0.392383 0.0167847
20 0.495215 0.460059 0.292383 0.386133 0.00844574
21 0.496094 0.459277 0.29375 0.392383 0.0050621
1 0.495215 0.460059 0.292383 0.386133 0.00172043
4 0.495703 0.458691 0.295312 0.395117 0.00119209
22 0.496094 0.460547 0.29375 0.3875 0.856934
5 0.495215 0.457422 0.29707 0.3875 0.0175781
20 0.496094 0.460547 0.29375 0.3875 0.00874329
21 0.496484 0.459766 0.29375 0.39375 0.00479126
1 0.496094 0.457422 0.3 0.391406 0.00202751
4 0.496094 0.458984 0.296094 0.396094 0.0012207
