3 0.537402 0.448438 0.336133 0.271094 0.0041008
11 0.539062 0.466797 0.346875 0.323438 0.00348282
11 0.671484 0.503027 0.625781 0.47832 0.0027256
11 0.207422 0.155469 0.414844 0.310937 0.00271416
19 0.542188 0.428516 0.320312 0.290625 0.00253105
5 0.212109 0.158008 0.424219 0.316016 0.0024147
11 0.668555 0.406152 0.662891 0.762695 0.00234222
14 0.208203 0.160352 0.40625 0.320703 0.00214958
14 0.537402 0.448438 0.336133 0.271094 0.00194168
4 0.538281 0.443848 0.33125 0.273242 0.00174141
9 0.209375 0.157031 0.41875 0.314063 0.00142097
5 0.525 0.44375 0.364844 0.270313 0.00140476
3 0.208203 0.160352 0.40625 0.320703 0.00138855
9 0.671484 0.503027 0.625781 0.47832 0.00130463
9 0.550781 0.509375 0.382812 0.450781 0.00129986
4 0.207422 0.155469 0.414844 0.310937 0.00129414
2 0.537402 0.448438 0.336133 0.271094 0.00125504
10 0.538281 0.443848 0.33125 0.273242 0.00121593
19 0.171875 0.112695 0.298438 0.225391 0.00119209
0 0.208203 0.160352 0.40625 0.320703 0.00117874
0 0.538672 0.448535 0.341406 0.274805 0.0011692
4 0.550781 0.509375 0.382812 0.450781 0.00115108
5 0.671484 0.503027 0.625781 0.47832 0.0011425
9 0.539062 0.466797 0.346875 0.323438 0.00112438
11 0.550781 0.509375 0.382812 0.450781 0.00112438
10 0.207422 0.155469 0.414844 0.310937 0.0011158
5 0.550781 0.509375 0.382812 0.450781 0.00111198
2 0.208203 0.160352 0.40625 0.320703 0.00106525
22 0.567969 0.576172 0.45 0.699219 0.94873
17 0.567969 0.576172 0.45 0.699219 0.888184
22 0.564746 0.61875 0.561133 0.7625 0.723145
20 0.562109 0.585254 0.499219 0.606055 0.710449
20 0.599609 0.600391 0.672656 0.766406 0.622559
17 0.564746 0.61875 0.561133 0.7625 0.584961
17 0.530566 0.546973 0.39668 0.479492 0.537109
22 0.530566 0.546973 0.39668 0.479492 0.462891
14 0.530566 0.546973 0.39668 0.479492 0.44458
22 0.604297 0.482031 0.530469 0.842188 0.430176
14 0.562109 0.585254 0.499219 0.606055 0.363037
17 0.604297 0.482031 0.530469 0.842188 0.360352
20 0.530566 0.546973 0.39668 0.479492 0.350342
3 0.562109 0.585254 0.499219 0.606055 0.342529
22 0.55 0.417578 0.43125 0.835156 0.24939
3 0.530566 0.546973 0.39668 0.479492 0.24585
17 0.522559 0.308789 0.779883 0.617578 0.244385
22 0.500098 0.301367 0.637305 0.602734 0.223999
17 0.558496 0.619141 0.768945 0.761719 0.223999
14 0.599609 0.600391 0.672656 0.766406 0.215332
17 0.55 0.417578 0.43125 0.835156 0.204346
11 0.562109 0.585254 0.499219 0.606055 0.192505
22 0.558496 0.619141 0.768945 0.761719 0.178345
17 0.437891 0.613672 0.791406 0.772656 0.171631
25 0.567969 0.576172 0.45 0.699219 0.15918
25 0.530566 0.546973 0.39668 0.479492 0.154053
22 0.618848 0.617188 0.593555 0.678125 0.145142
11 0.599609 0.600391 0.672656 0.766406 0.125977
3 0.599609 0.600391 0.672656 0.766406 0.106323
22 0.407031 0.591016 0.814063 0.817969 0.0987549
17 0.587891 0.383594 0.824219 0.767188 0.0980835
17 0.541016 0.335156 0.617969 0.670313 0.0970459
17 0.491016 0.263086 0.569531 0.526172 0.0888062
22 0.66875 0.595703 0.567187 0.808594 0.0878906
22 0.587891 0.383594 0.824219 0.767188 0.0823975
14 0.55 0.417578 0.43125 0.835156 0.0800781
5 0.599609 0.575391 0.525781 0.564844 0.0794678
20 0.524902 0.630469 0.592383 0.739062 0.0778198
22 0.593848 0.673047 0.645117 0.653906 0.0718384
22 0.491016 0.263086 0.569531 0.526172 0.0708008
13 0.530566 0.546973 0.39668 0.479492 0.064209
20 0.604297 0.482031 0.530469 0.842188 0.0623169
17 0.650391 0.563379 0.502344 0.779492 0.0618896
16 0.538965 0.547559 0.389258 0.476758 0.0614319
11 0.530566 0.546973 0.39668 0.479492 0.0600891
17 0.593848 0.673047 0.645117 0.653906 0.0583496
17 0.362109 0.520312 0.724219 0.923438 0.0566406
17 0.6125 0.429297 0.673438 0.858594 0.0560303
5 0.599609 0.600391 0.672656 0.766406 0.0552063
14 0.211719 0.217578 0.423438 0.435156 0.0534058
22 0.6125 0.429297 0.673438 0.858594 0.0499573
10 0.538965 0.547559 0.389258 0.476758 0.0495911
9 0.599609 0.600391 0.672656 0.766406 0.0486755
13 0.562109 0.585254 0.499219 0.606055 0.0474243
10 0.599609 0.575391 0.525781 0.564844 0.0472412
13 0.599609 0.600391 0.672656 0.766406 0.0470886
25 0.599609 0.600391 0.672656 0.766406 0.0450134
17 0.427344 0.40625 0.854688 0.8125 0.0448608
22 0.458203 0.642969 0.850781 0.714063 0.0437012
3 0.55 0.417578 0.43125 0.835156 0.0406799
22 0.362109 0.520312 0.724219 0.923438 0.0406799
0 0.555859 0.566797 0.414844 0.546094 0.0405273
17 0.588281 0.684375 0.823438 0.63125 0.0405273
20 0.522559 0.308789 0.779883 0.617578 0.0399475
22 0.56416 0.325977 0.551367 0.651953 0.0394897
22 0.212695 0.262305 0.425391 0.524609 0.0391846
22 0.465234 0.353516 0.832031 0.707031 0.0389099
17 0.461719 0.658203 0.8625 0.683594 0.0370483
17 0.455078 0.519434 0.565625 0.629883 0.0366211
9 0.562109 0.585254 0.499219 0.606055 0.0358276
20 0.207813 0.258594 0.415625 0.517188 0.0354004
1 0.538281 0.344531 0.815625 0.689063 0.0341797
17 0.205859 0.197656 0.411719 0.395313 0.033844
14 0.604297 0.482031 0.530469 0.842188 0.0335999
22 0.588281 0.684375 0.823438 0.63125 0.0332031
20 0.55 0.417578 0.43125 0.835156 0.0327148
14 0.524902 0.630469 0.592383 0.739062 0.0327148
3 0.604297 0.482031 0.530469 0.842188 0.0322266
22 0.527734 0.239844 0.480469 0.479688 0.0318604
17 0.688672 0.604297 0.622656 0.791406 0.0317383
17 0.386719 0.635938 0.773438 0.728125 0.0317383
22 0.393359 0.422656 0.786719 0.845313 0.03125
24 0.578906 0.605566 0.509375 0.779492 0.0311432
17 0.527734 0.239844 0.480469 0.479688 0.029541
8 0.530566 0.546973 0.39668 0.479492 0.028656
3 0.524902 0.630469 0.592383 0.739062 0.0284424
22 0.709961 0.573828 0.580078 0.852344 0.0276947
22 0.236719 0.316797 0.473438 0.633594 0.0275879
2 0.530566 0.546973 0.39668 0.479492 0.0270691
17 0.43125 0.430469 0.655469 0.860938 0.0263519
14 0.538281 0.344531 0.815625 0.689063 0.0256653
17 0.322266 0.447656 0.644531 0.895312 0.0254669
25 0.55 0.417578 0.43125 0.835156 0.0248871
3 0.500098 0.301367 0.637305 0.602734 0.0240479
22 0.210742 0.186328 0.405078 0.372656 0.0231476
1 0.599609 0.600391 0.672656 0.766406 0.0230255
16 0.562109 0.585254 0.499219 0.606055 0.0227966
13 0.455078 0.519434 0.565625 0.629883 0.0222015
22 0.439844 0.482031 0.871875 0.942187 0.02211
20 0.534375 0.639844 0.8125 0.720313 0.0219421
22 0.360156 0.682813 0.720313 0.634375 0.0217743
1 0.562109 0.585254 0.499219 0.606055 0.0206909
8 0.562109 0.585254 0.499219 0.606055 0.0205688
17 0.345313 0.391406 0.690625 0.782813 0.0204163
22 0.455078 0.519434 0.565625 0.629883 0.0197144
3 0.455078 0.519434 0.565625 0.629883 0.0190582
10 0.599609 0.600391 0.672656 0.766406 0.0188293
22 0.292969 0.472656 0.585938 0.921875 0.0187683
17 0.221484 0.271484 0.427344 0.542969 0.0184784
22 0.687891 0.642188 0.624219 0.715625 0.0183411
1 0.563281 0.437109 0.873438 0.874219 0.0181274
2 0.562109 0.585254 0.499219 0.606055 0.0180969
14 0.455078 0.519434 0.565625 0.629883 0.0180511
17 0.223242 0.320508 0.446484 0.641016 0.0179901
1 0.498437 0.642969 0.840625 0.714063 0.0179138
1 0.419922 0.434375 0.757031 0.86875 0.0178528
1 0.407031 0.591016 0.814063 0.817969 0.0177155
20 0.382617 0.581641 0.765234 0.836719 0.0173035
20 0.587891 0.383594 0.824219 0.767188 0.0171051
25 0.604297 0.482031 0.530469 0.842188 0.0164642
13 0.55 0.417578 0.43125 0.835156 0.0164032
1 0.327344 0.521094 0.654688 0.923438 0.0160217
1 0.524902 0.630469 0.592383 0.739062 0.0160217
16 0.455078 0.519434 0.565625 0.629883 0.0157776
3 0.207813 0.258594 0.415625 0.517188 0.0153046
0 0.604297 0.482031 0.530469 0.842188 0.0150757
5 0.538965 0.547559 0.389258 0.476758 0.0147324
1 0.588281 0.684375 0.823438 0.63125 0.0147324
13 0.450684 0.482812 0.767383 0.93125 0.0145035
17 0.3625 0.707812 0.725 0.584375 0.0145035
20 0.455078 0.519434 0.565625 0.629883 0.0143356
14 0.483203 0.283398 0.688281 0.566797 0.0142822
14 0.6125 0.429297 0.673438 0.858594 0.0142288
14 0.534375 0.639844 0.8125 0.720313 0.014061
22 0.736328 0.610156 0.527344 0.779688 0.0139008
20 0.541016 0.335156 0.617969 0.670313 0.0138474
21 0.530566 0.546973 0.39668 0.479492 0.0137939
0 0.55 0.417578 0.43125 0.835156 0.0137405
11 0.55 0.417578 0.43125 0.835156 0.0136337
11 0.207813 0.258594 0.415625 0.517188 0.0132217
13 0.495313 0.349805 0.809375 0.699609 0.0132217
11 0.524902 0.630469 0.592383 0.739062 0.0130234
14 0.4375 0.450781 0.765625 0.901563 0.0128708
0 0.205859 0.197656 0.411719 0.395313 0.012825
1 0.483203 0.283398 0.688281 0.566797 0.012825
17 0.737109 0.585938 0.525781 0.828125 0.012825
13 0.53584 0.620313 0.787695 0.759375 0.012825
1 0.484277 0.414844 0.47832 0.829688 0.0123367
20 0.402344 0.476562 0.804688 0.934375 0.0115051
8 0.599609 0.600391 0.672656 0.766406 0.0114212
14 0.408203 0.61875 0.816406 0.7625 0.0114212
25 0.205859 0.197656 0.411719 0.395313 0.0113754
3 0.6125 0.429297 0.673438 0.858594 0.0113297
1 0.378125 0.657422 0.75625 0.685156 0.0112457
3 0.491016 0.263086 0.569531 0.526172 0.011116
1 0.491016 0.263086 0.569531 0.526172 0.0109024
3 0.407031 0.591016 0.814063 0.817969 0.0109024
1 0.589063 0.432031 0.6125 0.864062 0.0107803
13 0.6125 0.429297 0.673438 0.858594 0.0106506
18 0.530566 0.546973 0.39668 0.479492 0.0106125
22 0.280859 0.361328 0.561719 0.722656 0.0104065
20 0.210742 0.186328 0.405078 0.372656 0.0103683
17 0.241016 0.435156 0.482031 0.865625 0.0103683
17 0.685938 0.669531 0.628125 0.660937 0.0103302
20 0.491016 0.263086 0.569531 0.526172 0.0102081
13 0.604297 0.482031 0.530469 0.842188 0.0101318
3 0.650391 0.563379 0.502344 0.779492 0.0100937
20 0.427344 0.40625 0.854688 0.8125 0.0100555
20 0.6125 0.429297 0.673438 0.858594 0.0100098
3 0.534375 0.639844 0.8125 0.720313 0.0100098
13 0.235938 0.279102 0.471875 0.558203 0.00993347
1 0.315625 0.715039 0.63125 0.569922 0.00985718
14 0.362109 0.520312 0.724219 0.923438 0.00981903
19 0.496777 0.174023 0.306445 0.348047 0.00978088
1 0.343164 0.603516 0.686328 0.792969 0.00971222
20 0.327344 0.521094 0.654688 0.923438 0.00963593
1 0.345313 0.391406 0.690625 0.782813 0.00955963
8 0.524902 0.630469 0.592383 0.739062 0.00952148
8 0.538281 0.344531 0.815625 0.689063 0.00948334
16 0.599609 0.600391 0.672656 0.766406 0.00905609
3 0.587891 0.383594 0.824219 0.767188 0.00898743
24 0.555859 0.566797 0.414844 0.546094 0.00898743
11 0.604297 0.482031 0.530469 0.842188 0.00898743
21 0.567969 0.576172 0.45 0.699219 0.0088501
1 0.541016 0.335156 0.617969 0.670313 0.00874329
22 0.343164 0.603516 0.686328 0.792969 0.0086441
14 0.389844 0.39375 0.779688 0.7875 0.00861359
20 0.223242 0.320508 0.446484 0.641016 0.00857544
1 0.538965 0.547559 0.389258 0.476758 0.00857544
20 0.609375 0.685547 0.78125 0.628906 0.00857544
20 0.410156 0.658594 0.820312 0.682813 0.00821686
16 0.55 0.417578 0.43125 0.835156 0.00815582
17 0.252148 0.343555 0.504297 0.687109 0.00812531
1 0.235938 0.279102 0.471875 0.558203 0.00809479
20 0.65752 0.621094 0.684961 0.757812 0.00790405
3 0.43125 0.430469 0.655469 0.860938 0.00784302
14 0.541016 0.335156 0.617969 0.670313 0.0077858
3 0.65752 0.621094 0.684961 0.757812 0.00775528
22 0.252148 0.343555 0.504297 0.687109 0.00772476
22 0.69375 0.481641 0.6125 0.899219 0.00769424
3 0.362109 0.520312 0.724219 0.923438 0.00769424
17 0.317578 0.579297 0.635156 0.841406 0.00763702
22 0.158203 0.407813 0.316406 0.815625 0.00760651
3 0.210742 0.186328 0.405078 0.372656 0.00751877
1 0.688672 0.604297 0.622656 0.791406 0.00748825
1 0.207422 0.24043 0.414844 0.480859 0.00746155
13 0.587891 0.383594 0.824219 0.767188 0.00723267
1 0.261523 0.473438 0.523047 0.896875 0.00717545
5 0.212695 0.262305 0.425391 0.524609 0.00706482
10 0.522559 0.308789 0.779883 0.617578 0.00706482
11 0.558984 0.339844 0.766406 0.679688 0.00706482
13 0.555078 0.630078 0.557031 0.739844 0.00701141
3 0.465234 0.353516 0.832031 0.707031 0.0069046
1 0.455078 0.519434 0.565625 0.629883 0.0069046
25 0.524902 0.630469 0.592383 0.739062 0.0068779
13 0.243359 0.33418 0.486719 0.668359 0.00664139
24 0.569141 0.614062 0.749219 0.771875 0.00664139
13 0.211719 0.217578 0.423438 0.435156 0.0064621
20 0.43125 0.430469 0.655469 0.860938 0.0064621
14 0.491016 0.263086 0.569531 0.526172 0.00643921
1 0.610547 0.499219 0.514844 0.782813 0.00643921
22 0.404687 0.282813 0.809375 0.565625 0.00634003
14 0.235938 0.279102 0.471875 0.558203 0.00634003
20 0.650391 0.563379 0.502344 0.779492 0.00634003
3 0.609375 0.685547 0.78125 0.628906 0.00626373
11 0.455078 0.519434 0.565625 0.629883 0.00624084
8 0.455078 0.519434 0.565625 0.629883 0.00609589
13 0.411719 0.641406 0.823438 0.717188 0.00609589
14 0.361719 0.653906 0.723437 0.692187 0.00593567
5 0.236719 0.316797 0.473438 0.633594 0.005867
17 0.69375 0.481641 0.6125 0.899219 0.00584412
13 0.359766 0.578906 0.719531 0.842188 0.00582123
20 0.345313 0.391406 0.690625 0.782813 0.00572968
13 0.365039 0.703125 0.730078 0.59375 0.00568771
10 0.211719 0.217578 0.423438 0.435156 0.00566483
13 0.310547 0.522656 0.621094 0.926562 0.00566483
14 0.65752 0.621094 0.684961 0.757812 0.00566483
13 0.427344 0.40625 0.854688 0.8125 0.00561905
17 0.773828 0.615234 0.452344 0.694531 0.00561905
13 0.551562 0.68457 0.84375 0.630859 0.00557709
22 0.773828 0.615234 0.452344 0.694531 0.0055542
2 0.205859 0.197656 0.411719 0.395313 0.00547028
1 0.643848 0.645703 0.65293 0.708594 0.00540543
1 0.243359 0.33418 0.486719 0.668359 0.00536346
11 0.223242 0.320508 0.446484 0.641016 0.00526047
16 0.604297 0.482031 0.530469 0.842188 0.00526047
10 0.482715 0.627344 0.768945 0.745313 0.00524139
9 0.212695 0.262305 0.425391 0.524609 0.00521851
22 0.49209 0.264258 0.773633 0.528516 0.00511932
16 0.205859 0.197656 0.411719 0.395313 0.00510025
3 0.709961 0.573828 0.580078 0.852344 0.00510025
19 0.16875 0.11123 0.300781 0.222461 0.0050621
3 0.527734 0.239844 0.480469 0.479688 0.0050621
3 0.56416 0.325977 0.551367 0.651953 0.0050621
14 0.609375 0.685547 0.78125 0.628906 0.00502014
2 0.564746 0.61875 0.561133 0.7625 0.00498199
17 0.241797 0.286328 0.483594 0.572656 0.00492477
14 0.292969 0.472656 0.585938 0.921875 0.0049057
17 0.138477 0.397266 0.276953 0.794531 0.00486755
8 0.498437 0.642969 0.840625 0.714063 0.00481033
16 0.43125 0.430469 0.655469 0.860938 0.00477219
20 0.3625 0.707812 0.725 0.584375 0.00477219
24 0.223242 0.320508 0.446484 0.641016 0.00475693
13 0.361719 0.442969 0.723437 0.885938 0.00475693
22 0.241797 0.286328 0.483594 0.572656 0.00473785
4 0.599609 0.575391 0.525781 0.564844 0.00471878
23 0.538965 0.547559 0.389258 0.476758 0.00469971
8 0.407031 0.591016 0.814063 0.817969 0.00466537
1 0.243359 0.305859 0.486719 0.611719 0.00453949
19 0.592969 0.110254 0.304688 0.220508 0.00452042
17 0.404687 0.282813 0.809375 0.565625 0.00452042
3 0.236719 0.316797 0.473438 0.633594 0.00450516
8 0.212695 0.262305 0.425391 0.524609 0.00445175
9 0.538965 0.547559 0.389258 0.476758 0.00445175
14 0.456641 0.686523 0.852344 0.626953 0.00445175
1 0.527734 0.239844 0.480469 0.479688 0.00439835
11 0.6125 0.429297 0.673438 0.858594 0.00439835
13 0.541016 0.335156 0.617969 0.670313 0.00436401
3 0.360156 0.682813 0.720313 0.634375 0.00436401
13 0.65752 0.621094 0.684961 0.757812 0.00432968
1 0.686035 0.693359 0.62793 0.613281 0.00432968
7 0.538965 0.547559 0.389258 0.476758 0.00429916
22 0.311719 0.747656 0.540625 0.504687 0.00429916
4 0.538965 0.547559 0.389258 0.476758 0.0042305
25 0.500098 0.301367 0.637305 0.602734 0.00421524
3 0.389844 0.39375 0.779688 0.7875 0.00421524
11 0.534375 0.639844 0.8125 0.720313 0.00418091
1 0.737109 0.585938 0.525781 0.828125 0.00415039
9 0.223242 0.320508 0.446484 0.641016 0.0041008
19 0.519629 0.441406 0.351367 0.384375 0.00408554
20 0.711328 0.595313 0.577344 0.809375 0.00405502
2 0.607422 0.550781 0.535156 0.804688 0.00402451
21 0.496777 0.174023 0.306445 0.348047 0.00400543
14 0.280859 0.361328 0.561719 0.722656 0.00400543
17 0.685059 0.361523 0.629883 0.723047 0.00400543
22 0.685059 0.361523 0.629883 0.723047 0.00399017
0 0.483203 0.283398 0.688281 0.566797 0.0039444
0 0.491016 0.263086 0.569531 0.526172 0.0039444
8 0.495215 0.421094 0.464258 0.842188 0.0039444
1 0.158203 0.407813 0.316406 0.815625 0.00392914
19 0.555469 0.441406 0.301563 0.24375 0.0253754
19 0.230078 0.158789 0.400781 0.317578 0.0121002
21 0.238232 0.153125 0.37041 0.30625 0.00803375
16 0.554688 0.460156 0.320312 0.275 0.00626373
16 0.232813 0.160938 0.403906 0.321875 0.00561905
1 0.211719 0.162598 0.414844 0.325195 0.00348282
12 0.20957 0.172656 0.419141 0.345313 0.00337601
17 0.546875 0.546094 0.307813 0.4625 0.00305176
4 0.211719 0.162598 0.414844 0.325195 0.00276756
1 0.533594 0.569141 0.341406 0.505469 0.00271416
17 0.211719 0.162598 0.414844 0.325195 0.00245285
22 0.20957 0.172656 0.419141 0.345313 0.00239754
22 0.546875 0.546094 0.307813 0.4625 0.00237846
19 0.591016 0.122266 0.360156 0.244531 0.00233269
21 0.535937 0.443359 0.31875 0.252344 0.00231361
2 0.211719 0.162598 0.414844 0.325195 0.00230598
3 0.211719 0.162598 0.414844 0.325195 0.00219154
0 0.211719 0.162598 0.414844 0.325195 0.00216484
20 0.211719 0.162598 0.414844 0.325195 0.00209045
1 0.518359 0.442578 0.347656 0.321094 0.00206757
1 0.208594 0.196094 0.417188 0.392188 0.00194168
11 0.20957 0.172656 0.419141 0.345313 0.00178242
1 0.5875 0.709766 0.327344 0.382031 0.00176144
21 0.252539 0.113574 0.345703 0.227148 0.00175476
12 0.518359 0.442578 0.347656 0.321094 0.00168705
13 0.224609 0.169336 0.408594 0.338672 0.00161648
1 0.448535 0.353125 0.468555 0.520312 0.00161076
12 0.266406 0.22207 0.532813 0.444141 0.0015974
1 0.599219 0.739844 0.379688 0.520312 0.00156689
14 0.211719 0.162598 0.414844 0.325195 0.00156116
12 0.426953 0.314453 0.586719 0.628906 0.00146675
12 0.517188 0.733594 0.671875 0.532813 0.0014267
9 0.20957 0.172656 0.419141 0.345313 0.00141048
12 0.507715 0.723437 0.493945 0.553125 0.00141048
12 0.576953 0.725 0.411719 0.55 0.00137234
12 0.535156 0.523047 0.31875 0.411719 0.00135612
12 0.444434 0.418652 0.539258 0.69082 0.00134563
17 0.5875 0.709766 0.327344 0.382031 0.00131989
4 0.535156 0.523047 0.31875 0.411719 0.00130463
12 0.421094 0.388281 0.80625 0.776563 0.00129986
12 0.544922 0.587109 0.617969 0.746094 0.00126457
21 0.739844 0.439844 0.325 0.4 0.00123501
17 0.208594 0.196094 0.417188 0.392188 0.00123024
12 0.598535 0.721094 0.574805 0.557813 0.0012207
21 0.565234 0.564063 0.330469 0.391406 0.00121593
12 0.456641 0.534277 0.569531 0.670508 0.0012064
12 0.372656 0.802734 0.439844 0.394531 0.00120163
12 0.528027 0.598828 0.518945 0.614844 0.00114727
17 0.518359 0.442578 0.347656 0.321094 0.00112057
12 0.408984 0.796875 0.314063 0.40625 0.00109863
1 0.687891 0.733203 0.583594 0.533594 0.00108624
1 0.417188 0.326562 0.620313 0.653125 0.00107288
12 0.495313 0.530469 0.41875 0.507812 0.00107288
13 0.219141 0.174902 0.438281 0.349805 0.00106907
12 0.480859 0.649609 0.577344 0.700781 0.00106049
1 0.214258 0.265234 0.416797 0.530469 0.00105667
1 0.444434 0.418652 0.539258 0.69082 0.00105667
8 0.211719 0.162598 0.414844 0.325195 0.00103664
5 0.20957 0.172656 0.419141 0.345313 0.00103664
1 0.532422 0.597559 0.499219 0.700195 0.00103188
22 0.5875 0.709766 0.327344 0.382031 0.00103188
12 0.585156 0.493066 0.565625 0.754492 0.00102806
12 0.539941 0.567871 0.373242 0.506445 0.00100422
22 0.535156 0.524219 0.342187 0.396875 0.10376
19 0.552734 0.529297 0.346094 0.432031 0.0753174
5 0.552734 0.529297 0.346094 0.432031 0.0685425
17 0.534277 0.523438 0.343945 0.4125 0.0432129
20 0.55625 0.518359 0.339063 0.402344 0.0380249
11 0.552734 0.529297 0.346094 0.432031 0.037323
25 0.535156 0.524219 0.342187 0.396875 0.0213623
21 0.55625 0.518359 0.339063 0.402344 0.0197144
1 0.535156 0.524219 0.342187 0.396875 0.0187988
9 0.55625 0.518359 0.339063 0.402344 0.0182648
14 0.535156 0.524219 0.342187 0.396875 0.0173035
3 0.55625 0.518359 0.339063 0.402344 0.0156708
4 0.535156 0.524219 0.342187 0.396875 0.0129242
6 0.55625 0.518359 0.339063 0.402344 0.0109863
2 0.535156 0.524219 0.342187 0.396875 0.0104065
0 0.536719 0.528906 0.364844 0.417188 0.0100937
24 0.5375 0.529688 0.359375 0.428125 0.00971222
13 0.552734 0.529297 0.346094 0.432031 0.00955963
10 0.55625 0.518359 0.339063 0.402344 0.00952148
16 0.548438 0.527734 0.339844 0.416406 0.00948334
12 0.537891 0.509766 0.349219 0.353906 0.00878143
1 0.525 0.368359 0.435156 0.636719 0.00874329
6 0.200977 0.173828 0.401953 0.347656 0.00748825
19 0.52041 0.409766 0.323242 0.436719 0.00746155
8 0.548438 0.527734 0.339844 0.416406 0.00734711
19 0.245117 0.133789 0.324609 0.267578 0.00728989
22 0.269141 0.554297 0.538281 0.533594 0.00641251
16 0.200977 0.173828 0.401953 0.347656 0.00624084
11 0.475781 0.349609 0.485938 0.696094 0.00577545
22 0.160645 0.553027 0.321289 0.473633 0.00544739
13 0.475781 0.349609 0.485938 0.696094 0.00511932
2 0.203516 0.156445 0.397656 0.312891 0.00486755
11 0.396094 0.419922 0.764063 0.800781 0.00486755
4 0.203516 0.156445 0.397656 0.312891 0.00471878
13 0.396094 0.419922 0.764063 0.800781 0.00466537
20 0.200977 0.173828 0.401953 0.347656 0.00443268
1 0.225391 0.552734 0.450781 0.508594 0.00439835
24 0.200977 0.173828 0.401953 0.347656 0.00426483
0 0.203516 0.156445 0.397656 0.312891 0.0039444
11 0.407129 0.409766 0.704492 0.549219 0.0039444
11 0.200977 0.173828 0.401953 0.347656 0.00379562
1 0.160645 0.553027 0.321289 0.473633 0.00379562
9 0.200977 0.173828 0.401953 0.347656 0.00370789
23 0.548438 0.527734 0.339844 0.416406 0.00370789
12 0.396094 0.419922 0.764063 0.800781 0.00362206
12 0.495703 0.556641 0.582031 0.669531 0.00362206
21 0.200977 0.173828 0.401953 0.347656 0.00359344
5 0.200977 0.173828 0.401953 0.347656 0.00352478
17 0.525 0.368359 0.435156 0.636719 0.00340271
11 0.225391 0.552734 0.450781 0.508594 0.00335121
12 0.549121 0.521484 0.386133 0.460156 0.00335121
1 0.271094 0.480469 0.530469 0.642188 0.00331116
12 0.525 0.368359 0.435156 0.636719 0.00321007
1 0.456348 0.329492 0.54668 0.658984 0.00312424
11 0.160645 0.553027 0.321289 0.473633 0.00309944
1 0.866211 0.420312 0.267578 0.4625 0.00301552
18 0.203516 0.156445 0.397656 0.312891 0.00296974
12 0.591406 0.608984 0.578125 0.728906 0.00291252
1 0.203516 0.156445 0.397656 0.312891 0.00286674
1 0.396094 0.419922 0.764063 0.800781 0.00286674
18 0.535156 0.525 0.333594 0.415625 0.00284576
17 0.160645 0.553027 0.321289 0.473633 0.00283432
4 0.396094 0.419922 0.764063 0.800781 0.00277901
22 0.495703 0.556641 0.582031 0.669531 0.00276756
17 0.225391 0.552734 0.450781 0.508594 0.00265312
14 0.203516 0.156445 0.397656 0.312891 0.00264168
25 0.200977 0.173828 0.401953 0.347656 0.00263214
3 0.203516 0.156445 0.397656 0.312891 0.00261116
22 0.412891 0.565625 0.803906 0.7 0.00261116
3 0.475781 0.349609 0.485938 0.696094 0.00259018
19 0.873438 0.501465 0.253125 0.393945 0.00257111
13 0.495703 0.556641 0.582031 0.669531 0.0024929
1 0.618848 0.358594 0.624805 0.717188 0.00248146
12 0.618848 0.358594 0.624805 0.717188 0.00231361
1 0.278906 0.597754 0.557813 0.648242 0.00226021
16 0.475781 0.349609 0.485938 0.696094 0.00209045
23 0.203516 0.156445 0.397656 0.312891 0.00208282
20 0.269141 0.554297 0.538281 0.533594 0.0020752
1 0.495703 0.556641 0.582031 0.669531 0.00203514
7 0.529297 0.483691 0.353125 0.366992 0.00202751
17 0.292578 0.555566 0.585156 0.582617 0.00202751
12 0.283984 0.594434 0.567969 0.623633 0.00198746
11 0.283984 0.594434 0.567969 0.623633 0.00194931
22 0.281641 0.638574 0.563281 0.722852 0.00194168
1 0.582031 0.747266 0.340625 0.505469 0.00194168
21 0.269141 0.554297 0.538281 0.533594 0.00193405
4 0.475781 0.349609 0.485938 0.696094 0.00189686
22 0.525 0.368359 0.435156 0.636719 0.00188255
12 0.5 0.602344 0.75 0.795313 0.00188255
1 0.222266 0.453516 0.444531 0.646094 0.00187492
14 0.269141 0.554297 0.538281 0.533594 0.00186729
1 0.412891 0.565625 0.803906 0.7 0.00186729
16 0.396094 0.419922 0.764063 0.800781 0.00184631
12 0.225391 0.552734 0.450781 0.508594 0.00184631
12 0.206982 0.14043 0.387598 0.280859 0.00183105
14 0.475781 0.349609 0.485938 0.696094 0.00183105
12 0.635547 0.582031 0.728906 0.835938 0.00183105
1 0.557715 0.552344 0.392383 0.564063 0.00178909
17 0.456348 0.329492 0.54668 0.658984 0.00176144
17 0.866211 0.420312 0.267578 0.4625 0.00176144
22 0.43125 0.459766 0.66875 0.657031 0.00176144
1 0.567578 0.652246 0.355469 0.573633 0.00176144
22 0.251172 0.466016 0.502344 0.633594 0.00174141
13 0.591406 0.608984 0.578125 0.728906 0.00174141
15 0.419434 0.451172 0.756445 0.763281 0.0017271
22 0.200977 0.173828 0.401953 0.347656 0.00171375
0 0.407129 0.409766 0.704492 0.549219 0.00169373
13 0.273633 0.576563 0.547266 0.546875 0.00168705
12 0.412891 0.565625 0.803906 0.7 0.00167465
20 0.43125 0.459766 0.66875 0.657031 0.0016613
12 0.324805 0.636719 0.649609 0.726562 0.0016613
22 0.866602 0.421094 0.266797 0.467187 0.00165462
14 0.43125 0.459766 0.66875 0.657031 0.0016489
3 0.225391 0.552734 0.450781 0.508594 0.0016489
20 0.382812 0.433594 0.765625 0.815625 0.00162315
11 0.271094 0.480469 0.530469 0.642188 0.00158501
13 0.618848 0.358594 0.624805 0.717188 0.00157356
21 0.533984 0.447656 0.322656 0.425781 0.00154877
14 0.382812 0.433594 0.765625 0.815625 0.00153065
1 0.429297 0.367578 0.842969 0.735156 0.0015192
12 0.456348 0.329492 0.54668 0.658984 0.00151253
12 0.8625 0.423438 0.275 0.465625 0.00151253
12 0.271094 0.480469 0.530469 0.642188 0.00148392
22 0.456348 0.329492 0.54668 0.658984 0.0014782
13 0.200977 0.173828 0.401953 0.347656 0.00146675
3 0.160645 0.553027 0.321289 0.473633 0.00146103
15 0.203516 0.156445 0.397656 0.312891 0.00144958
22 0.524902 0.206445 0.418945 0.412891 0.00144958
0 0.410156 0.503906 0.76875 0.748438 0.00144958
13 0.843945 0.426563 0.312109 0.490625 0.00144386
4 0.225391 0.552734 0.450781 0.508594 0.00142097
11 0.866602 0.421094 0.266797 0.467187 0.00140476
0 0.525 0.368359 0.435156 0.636719 0.00139904
6 0.43125 0.459766 0.66875 0.657031 0.00139904
22 0.557715 0.552344 0.392383 0.564063 0.00137234
19 0.201367 0.193359 0.398828 0.386719 0.00135612
15 0.537891 0.509766 0.349219 0.353906 0.00135612
17 0.251172 0.466016 0.502344 0.633594 0.00135612
12 0.429297 0.367578 0.842969 0.735156 0.00135136
12 0.160645 0.553027 0.321289 0.473633 0.00134563
1 0.407129 0.409766 0.704492 0.549219 0.00134087
17 0.412891 0.565625 0.803906 0.7 0.00134087
17 0.396094 0.419922 0.764063 0.800781 0.00133514
13 0.407129 0.409766 0.704492 0.549219 0.00131989
13 0.271094 0.480469 0.530469 0.642188 0.0012846
4 0.407129 0.409766 0.704492 0.549219 0.00127411
19 0.892969 0.739062 0.214062 0.36875 0.00126934
0 0.225391 0.552734 0.450781 0.508594 0.00126934
19 0.228955 0.17207 0.32959 0.344141 0.00125504
12 0.578223 0.561328 0.424805 0.613281 0.00125504
5 0.43125 0.459766 0.66875 0.657031 0.00124931
21 0.410156 0.503906 0.76875 0.748438 0.00124454
0 0.271094 0.480469 0.530469 0.642188 0.00123978
13 0.16582 0.575 0.331641 0.484375 0.00123978
17 0.618848 0.358594 0.624805 0.717188 0.0012207
17 0.407129 0.409766 0.704492 0.549219 0.00121593
12 0.602734 0.496094 0.794531 0.954688 0.00121117
19 0.587109 0.130859 0.30625 0.261719 0.0012064
17 0.495703 0.556641 0.582031 0.669531 0.0012064
21 0.245117 0.133789 0.324609 0.267578 0.00119686
0 0.43125 0.392969 0.8 0.785937 0.00119686
22 0.582031 0.747266 0.340625 0.505469 0.00119686
6 0.525 0.368359 0.435156 0.636719 0.00118828
13 0.412891 0.565625 0.803906 0.7 0.00118828
11 0.618848 0.358594 0.624805 0.717188 0.00117874
8 0.203516 0.156445 0.397656 0.312891 0.00116539
17 0.553125 0.571094 0.378125 0.560938 0.00116539
14 0.251172 0.466016 0.502344 0.633594 0.00116062
11 0.635547 0.582031 0.728906 0.835938 0.00115585
17 0.281641 0.638574 0.563281 0.722852 0.00115585
2 0.419531 0.338086 0.757812 0.676172 0.00115108
14 0.419531 0.338086 0.757812 0.676172 0.0011425
9 0.382812 0.433594 0.765625 0.815625 0.0011425
19 0.475781 0.349609 0.485938 0.696094 0.00112915
19 0.326562 0.336328 0.317188 0.4125 0.00112438
1 0.52334 0.258594 0.433008 0.517188 0.00112438
24 0.269141 0.554297 0.538281 0.533594 0.00111198
24 0.419434 0.451172 0.756445 0.763281 0.00109863
12 0.795508 0.444141 0.408984 0.567969 0.00109863
17 0.203516 0.156445 0.397656 0.312891 0.00109005
16 0.407129 0.409766 0.704492 0.549219 0.00109005
13 0.324805 0.636719 0.649609 0.726562 0.00109005
14 0.160645 0.553027 0.321289 0.473633 0.00108624
12 0.275391 0.303516 0.550781 0.607031 0.00108147
4 0.271094 0.480469 0.530469 0.642188 0.00107765
8 0.525 0.368359 0.435156 0.636719 0.00106049
22 0.281055 0.443066 0.462891 0.574805 0.00105667
0 0.160645 0.553027 0.321289 0.473633 0.00105286
2 0.271094 0.480469 0.530469 0.642188 0.00104046
17 0.582031 0.747266 0.340625 0.505469 0.00104046
6 0.430859 0.483594 0.799219 0.85625 0.00103664
6 0.269141 0.554297 0.538281 0.533594 0.00103188
2 0.475781 0.349609 0.485938 0.696094 0.00102806
11 0.495703 0.556641 0.582031 0.669531 0.00102806
11 0.269922 0.395703 0.4125 0.485156 0.00102425
21 0.407129 0.409766 0.704492 0.549219 0.00102425
2 0.410156 0.503906 0.76875 0.748438 0.00102425
21 0.160645 0.553027 0.321289 0.473633 0.00102043
12 0.586719 0.747656 0.384375 0.504687 0.00101185
12 0.246094 0.157715 0.492188 0.31543 0.0301056
12 0.268359 0.168164 0.536719 0.336328 0.0225372
12 0.37168 0.347656 0.694141 0.695312 0.0183411
12 0.532129 0.529688 0.706055 0.740625 0.016922
16 0.517871 0.446094 0.329883 0.252344 0.0162201
12 0.46875 0.383984 0.45 0.419531 0.0153046
12 0.511328 0.446973 0.344531 0.257617 0.014389
13 0.511328 0.446973 0.344531 0.257617 0.014389
12 0.257031 0.168945 0.514063 0.337891 0.014061
13 0.246094 0.157715 0.492188 0.31543 0.0136337
16 0.219727 0.153516 0.439453 0.307031 0.0136337
13 0.46875 0.383984 0.45 0.419531 0.0128708
6 0.536328 0.438184 0.317188 0.251758 0.012825
12 0.248828 0.155469 0.497656 0.310937 0.0100937
24 0.176563 0.155469 0.353125 0.300781 0.00871277
11 0.219727 0.153516 0.439453 0.307031 0.00867462
13 0.366797 0.362891 0.733594 0.725781 0.00818634
6 0.212109 0.160156 0.424219 0.320312 0.00800323
24 0.221875 0.164648 0.44375 0.329297 0.00787354
24 0.212109 0.160156 0.424219 0.320312 0.00746155
24 0.536328 0.438184 0.317188 0.251758 0.00723267
13 0.575 0.490625 0.590625 0.642188 0.00717545
11 0.221875 0.164648 0.44375 0.329297 0.0069046
12 0.548438 0.528516 0.529688 0.596094 0.00658798
13 0.268359 0.168164 0.536719 0.336328 0.00638962
16 0.221875 0.164648 0.44375 0.329297 0.00629044
1 0.496094 0.436035 0.375781 0.288867 0.00616837
6 0.176563 0.155469 0.353125 0.300781 0.00612259
19 0.154688 0.100195 0.26875 0.200391 0.00591278
16 0.582031 0.582812 0.415625 0.428125 0.00591278
6 0.549609 0.479688 0.35 0.351562 0.00572968
16 0.549609 0.479688 0.35 0.351562 0.00557709
12 0.511719 0.599219 0.851562 0.801562 0.00557709
12 0.38125 0.403125 0.7625 0.80625 0.0055542
12 0.452734 0.479297 0.532031 0.398438 0.0051384
13 0.248828 0.155469 0.497656 0.310937 0.0050621
1 0.46875 0.383984 0.45 0.419531 0.00498199
13 0.510547 0.54375 0.663281 0.66875 0.00496292
6 0.221875 0.164648 0.44375 0.329297 0.00494385
1 0.594922 0.741797 0.317969 0.516406 0.00486755
11 0.46875 0.383984 0.45 0.419531 0.00479126
12 0.215625 0.166406 0.401563 0.332813 0.00477219
16 0.575 0.490625 0.590625 0.642188 0.00475693
12 0.774414 0.665234 0.451172 0.616406 0.00468063
11 0.585547 0.796484 0.348438 0.407031 0.00460815
13 0.585547 0.796484 0.348438 0.407031 0.0045929
16 0.46875 0.383984 0.45 0.419531 0.00457382
2 0.536328 0.438184 0.317188 0.251758 0.00436401
13 0.582031 0.582812 0.415625 0.428125 0.00436401
13 0.523828 0.572656 0.847656 0.851562 0.00428009
7 0.517871 0.446094 0.329883 0.252344 0.00416565
16 0.197852 0.159668 0.383984 0.308008 0.00413513
7 0.219727 0.153516 0.439453 0.307031 0.00411606
11 0.511328 0.446973 0.344531 0.257617 0.00400543
0 0.529785 0.472754 0.33418 0.332617 0.00400543
12 0.603516 0.760938 0.375781 0.478125 0.00391388
13 0.257031 0.168945 0.514063 0.337891 0.00390053
12 0.706641 0.678418 0.586719 0.643164 0.00376511
16 0.585938 0.811523 0.292969 0.376953 0.00365067
1 0.585938 0.811523 0.292969 0.376953 0.00359344
19 0.219727 0.153516 0.439453 0.307031 0.00351143
17 0.529785 0.472754 0.33418 0.332617 0.00349617
1 0.246094 0.157715 0.492188 0.31543 0.00342941
9 0.176563 0.155469 0.353125 0.300781 0.00335121
15 0.223633 0.167578 0.447266 0.335156 0.00329781
9 0.536328 0.438184 0.317188 0.251758 0.00328636
16 0.536816 0.551562 0.376367 0.50625 0.00327301
12 0.582031 0.582812 0.415625 0.428125 0.00327301
1 0.535156 0.523828 0.585938 0.639844 0.00324821
23 0.536328 0.438184 0.317188 0.251758 0.00322342
7 0.221875 0.164648 0.44375 0.329297 0.00307465
19 0.511328 0.446973 0.344531 0.257617 0.00307465
3 0.496094 0.436035 0.375781 0.288867 0.00305176
9 0.549609 0.479688 0.35 0.351562 0.0029583
17 0.246094 0.157715 0.492188 0.31543 0.00286674
17 0.496094 0.436035 0.375781 0.288867 0.00282288
20 0.536328 0.438184 0.317188 0.251758 0.00277901
3 0.46875 0.383984 0.45 0.419531 0.00275803
17 0.575 0.490625 0.590625 0.642188 0.00274658
1 0.536816 0.551562 0.376367 0.50625 0.00273705
1 0.257031 0.168945 0.514063 0.337891 0.00265312
9 0.212109 0.160156 0.424219 0.320312 0.00263214
14 0.496094 0.436035 0.375781 0.288867 0.00263214
15 0.236328 0.160645 0.472656 0.321289 0.00261116
12 0.673438 0.716406 0.534375 0.567187 0.00261116
23 0.219727 0.153516 0.439453 0.307031 0.00260162
25 0.536328 0.438184 0.317188 0.251758 0.00259018
6 0.536816 0.551562 0.376367 0.50625 0.00258064
13 0.781445 0.677734 0.437109 0.577344 0.00257111
17 0.46875 0.383984 0.45 0.419531 0.00256157
4 0.236328 0.160645 0.472656 0.321289 0.00253105
11 0.218359 0.166211 0.410156 0.332422 0.00248146
16 0.218359 0.166211 0.410156 0.332422 0.00245285
17 0.536816 0.551562 0.376367 0.50625 0.00245285
1 0.644531 0.694531 0.439063 0.610938 0.00243378
16 0.154395 0.147852 0.308789 0.295703 0.0024147
11 0.366797 0.362891 0.733594 0.725781 0.00239754
20 0.549609 0.479688 0.35 0.351562 0.00235939
19 0.9 0.783594 0.2 0.307813 0.00234222
16 0.37168 0.347656 0.694141 0.695312 0.00232315
12 0.853125 0.768359 0.29375 0.375781 0.00230598
18 0.219727 0.153516 0.439453 0.307031 0.00228691
12 0.536816 0.551562 0.376367 0.50625 0.00226974
2 0.549609 0.479688 0.35 0.351562 0.00226021
14 0.46875 0.383984 0.45 0.419531 0.00225258
12 0.608594 0.776953 0.74375 0.446094 0.00225258
13 0.218359 0.166211 0.410156 0.332422 0.00224304
13 0.452734 0.479297 0.532031 0.398438 0.00224304
19 0.880078 0.475781 0.239844 0.382812 0.00223351
14 0.236328 0.160645 0.472656 0.321289 0.00222588
15 0.511328 0.446973 0.344531 0.257617 0.00221634
4 0.496094 0.436035 0.375781 0.288867 0.00219917
17 0.257031 0.168945 0.514063 0.337891 0.00219154
13 0.549609 0.479688 0.35 0.351562 0.00217438
13 0.536816 0.551562 0.376367 0.50625 0.00217438
12 0.728906 0.430078 0.542188 0.649219 0.00217438
24 0.549609 0.479688 0.35 0.351562 0.00216484
11 0.197852 0.159668 0.383984 0.308008 0.00214958
12 0.875781 0.813867 0.248438 0.284766 0.00213242
4 0.46875 0.383984 0.45 0.419531 0.00209045
16 0.452734 0.479297 0.532031 0.398438 0.0020752
13 0.673438 0.716406 0.534375 0.567187 0.00205803
3 0.219727 0.153516 0.439453 0.307031 0.0020504
4 0.223633 0.167578 0.447266 0.335156 0.00203514
2 0.536816 0.551562 0.376367 0.50625 0.00202751
22 0.558691 0.507031 0.563867 0.667188 0.00201988
4 0.536328 0.438184 0.317188 0.251758 0.00200272
9 0.221875 0.164648 0.44375 0.329297 0.00198746
15 0.257031 0.168945 0.514063 0.337891 0.00195694
11 0.251563 0.174609 0.503125 0.349219 0.00194168
12 0.492285 0.528516 0.510742 0.471094 0.00193405
12 0.478809 0.328906 0.601758 0.657813 0.00192642
18 0.511328 0.446973 0.344531 0.257617 0.00192642
14 0.223633 0.167578 0.447266 0.335156 0.00190449
4 0.549609 0.479688 0.35 0.351562 0.00188255
12 0.585938 0.811523 0.292969 0.376953 0.00188255
0 0.536816 0.551562 0.376367 0.50625 0.00187492
1 0.529785 0.472754 0.33418 0.332617 0.00186062
25 0.549609 0.479688 0.35 0.351562 0.00184631
20 0.536816 0.551562 0.376367 0.50625 0.00184631
17 0.594922 0.741797 0.317969 0.516406 0.00183868
12 0.565625 0.632812 0.65625 0.734375 0.00183105
6 0.496094 0.436035 0.375781 0.288867 0.00182438
3 0.536328 0.438184 0.317188 0.251758 0.0018034
16 0.581641 0.891406 0.283594 0.217188 0.0018034
11 0.257031 0.168945 0.514063 0.337891 0.00177479
14 0.257031 0.168945 0.514063 0.337891 0.00176811
17 0.251563 0.174609 0.503125 0.349219 0.00176811
20 0.219727 0.153516 0.439453 0.307031 0.00176144
25 0.536816 0.551562 0.376367 0.50625 0.00175476
22 0.529785 0.472754 0.33418 0.332617 0.00174809
2 0.219727 0.153516 0.439453 0.307031 0.00174141
16 0.510547 0.54375 0.663281 0.66875 0.00174141
1 0.251563 0.174609 0.503125 0.349219 0.00171375
13 0.875781 0.813867 0.248438 0.284766 0.00171375
12 0.421973 0.424609 0.570117 0.572656 0.00170708
22 0.536816 0.551562 0.376367 0.50625 0.0017004
12 0.612109 0.573828 0.775781 0.852344 0.00169373
12 0.549609 0.479688 0.35 0.351562 0.00168133
6 0.582031 0.582812 0.415625 0.428125 0.00162888
1 0.366797 0.362891 0.733594 0.725781 0.00162315
6 0.46875 0.383984 0.45 0.419531 0.00161648
19 0.607031 0.551953 0.26875 0.330469 0.00161076
22 0.594922 0.741797 0.317969 0.516406 0.0015974
12 0.219141 0.197266 0.438281 0.394531 0.00159168
13 0.853125 0.768359 0.29375 0.375781 0.00157928
2 0.496094 0.436035 0.375781 0.288867 0.00154877
25 0.496094 0.436035 0.375781 0.288867 0.00154877
16 0.601172 0.645703 0.366406 0.299219 0.00154305
16 0.885547 0.825 0.228906 0.240625 0.00154305
7 0.197852 0.159668 0.383984 0.308008 0.00152493
21 0.536816 0.551562 0.376367 0.50625 0.00152493
24 0.37168 0.347656 0.694141 0.695312 0.00151253
12 0.393359 0.502344 0.786719 0.801562 0.00148964
12 0.880078 0.553125 0.239844 0.270313 0.00148392
19 0.126563 0.0921875 0.228125 0.184375 0.00146103
16 0.594922 0.741797 0.317969 0.516406 0.00144958
1 0.582031 0.582812 0.415625 0.428125 0.00143814
19 0.567969 0.816992 0.259375 0.366016 0.00143242
15 0.37168 0.347656 0.694141 0.695312 0.00141621
5 0.511328 0.446973 0.344531 0.257617 0.00141621
17 0.582031 0.582812 0.415625 0.428125 0.00141621
6 0.581641 0.891406 0.283594 0.217188 0.00141621
21 0.529785 0.472754 0.33418 0.332617 0.00140476
3 0.585547 0.796484 0.348438 0.407031 0.00139427
16 0.257031 0.168945 0.514063 0.337891 0.00138283
19 0.221875 0.164648 0.44375 0.329297 0.00138283
22 0.644531 0.694531 0.439063 0.610938 0.00135612
12 0.801953 0.464063 0.396094 0.595313 0.00135136
6 0.585938 0.811523 0.292969 0.376953 0.00134087
4 0.257031 0.168945 0.514063 0.337891 0.00131512
16 0.251563 0.174609 0.503125 0.349219 0.00131512
0 0.496094 0.436035 0.375781 0.288867 0.00130463
11 0.532129 0.529688 0.706055 0.740625 0.00129986
5 0.212109 0.160156 0.424219 0.320312 0.0012846
20 0.221875 0.164648 0.44375 0.329297 0.0012846
15 0.549609 0.479688 0.35 0.351562 0.0012846
8 0.496094 0.436035 0.375781 0.288867 0.00126457
6 0.575 0.490625 0.590625 0.642188 0.00126457
4 0.536816 0.551562 0.376367 0.50625 0.00124454
6 0.257031 0.168945 0.514063 0.337891 0.00123501
5 0.221875 0.164648 0.44375 0.329297 0.00123501
8 0.529785 0.472754 0.33418 0.332617 0.00123501
19 0.498828 0.169531 0.270313 0.339063 0.00122547
23 0.197852 0.159668 0.383984 0.308008 0.00122547
15 0.46875 0.383984 0.45 0.419531 0.00121593
24 0.582031 0.582812 0.415625 0.428125 0.00121593
11 0.875781 0.813867 0.248438 0.284766 0.00121593
13 0.608594 0.776953 0.74375 0.446094 0.00121593
19 0.585547 0.796484 0.348438 0.407031 0.00121593
25 0.46875 0.383984 0.45 0.419531 0.0012064
14 0.536328 0.438184 0.317188 0.251758 0.0012064
2 0.251563 0.174609 0.503125 0.349219 0.00120163
25 0.236328 0.160645 0.472656 0.321289 0.00119686
17 0.510547 0.54375 0.663281 0.66875 0.00118828
6 0.251563 0.174609 0.503125 0.349219 0.00117397
2 0.46875 0.383984 0.45 0.419531 0.00117397
13 0.478809 0.328906 0.601758 0.657813 0.0011692
17 0.644531 0.694531 0.439063 0.610938 0.00115585
1 0.478809 0.328906 0.601758 0.657813 0.00115108
13 0.492285 0.528516 0.510742 0.471094 0.00114727
14 0.549609 0.479688 0.35 0.351562 0.00114727
13 0.716992 0.672363 0.566016 0.655273 0.0011425
14 0.536816 0.551562 0.376367 0.50625 0.00113773
4 0.585547 0.796484 0.348438 0.407031 0.00113392
17 0.585938 0.811523 0.292969 0.376953 0.00113392
20 0.496094 0.436035 0.375781 0.288867 0.00112915
12 0.553906 0.340625 0.860938 0.68125 0.00108624
12 0.191797 0.785742 0.383594 0.428516 0.00108624
10 0.549609 0.479688 0.35 0.351562 0.00107765
0 0.585938 0.811523 0.292969 0.376953 0.00106907
24 0.536816 0.551562 0.376367 0.50625 0.00106525
12 0.381641 0.338672 0.763281 0.677344 0.00105667
20 0.535156 0.523828 0.585938 0.639844 0.00103188
11 0.781445 0.677734 0.437109 0.577344 0.00103188
3 0.257031 0.168945 0.514063 0.337891 0.00102806
12 0.796875 0.751563 0.40625 0.439063 0.00102043
16 0.781445 0.677734 0.437109 0.577344 0.00101662
7 0.46875 0.383984 0.45 0.419531 0.00101185
25 0.257031 0.168945 0.514063 0.337891 0.00100803
15 0.536816 0.551562 0.376367 0.50625 0.00100803
24 0.452734 0.479297 0.532031 0.398438 0.00100422
12 0.658984 0.655859 0.682031 0.688281 0.00100422
23 0.524219 0.467285 0.303125 0.268555 0.0352783
6 0.541406 0.467578 0.292188 0.261719 0.0280609
4 0.524219 0.467285 0.303125 0.268555 0.0269623
0 0.528906 0.465723 0.292188 0.279492 0.0205231
9 0.541406 0.467578 0.292188 0.261719 0.0185394
14 0.524219 0.467285 0.303125 0.268555 0.0178528
11 0.5375 0.466016 0.295312 0.257031 0.016098
16 0.527344 0.46084 0.294531 0.24707 0.0156708
12 0.524219 0.467285 0.303125 0.268555 0.0153046
25 0.528906 0.465723 0.292188 0.279492 0.0129242
6 0.208594 0.146973 0.370313 0.293945 0.0127258
4 0.207764 0.144922 0.375098 0.289844 0.0107346
16 0.208594 0.146973 0.370313 0.293945 0.0105667
2 0.528906 0.465723 0.292188 0.279492 0.0104904
6 0.546875 0.506934 0.319531 0.36582 0.0102463
3 0.524219 0.467285 0.303125 0.268555 0.00985718
24 0.208594 0.146973 0.370313 0.293945 0.00619125
23 0.208594 0.146973 0.370313 0.293945 0.00616837
0 0.546875 0.506934 0.319531 0.36582 0.00595856
4 0.546875 0.506934 0.319531 0.36582 0.00584412
9 0.208594 0.146973 0.370313 0.293945 0.00572968
2 0.546875 0.506934 0.319531 0.36582 0.0051384
19 0.546875 0.425781 0.277344 0.340625 0.00508118
7 0.524219 0.467285 0.303125 0.268555 0.00468063
16 0.548047 0.471094 0.322656 0.335156 0.00462723
20 0.541406 0.467578 0.292188 0.261719 0.0045929
11 0.546875 0.506934 0.319531 0.36582 0.00457382
14 0.516406 0.457129 0.351562 0.335742 0.00441742
0 0.516406 0.457129 0.351562 0.335742 0.00426483
17 0.528906 0.465723 0.292188 0.279492 0.00403976
9 0.546875 0.506934 0.319531 0.36582 0.00399017
14 0.209424 0.14707 0.37959 0.294141 0.00397491
2 0.208594 0.146973 0.370313 0.293945 0.00385475
0 0.203174 0.137305 0.390527 0.274609 0.0037365
18 0.208594 0.146973 0.370313 0.293945 0.0037365
4 0.516406 0.457129 0.351562 0.335742 0.00362206
17 0.516406 0.457129 0.351562 0.335742 0.00356483
25 0.546875 0.506934 0.319531 0.36582 0.00356483
24 0.541406 0.467578 0.292188 0.261719 0.00355148
16 0.539453 0.519434 0.391406 0.49082 0.00321007
11 0.207764 0.144922 0.375098 0.289844 0.00307465
5 0.527344 0.46084 0.294531 0.24707 0.00307465
8 0.5375 0.466016 0.295312 0.257031 0.00304031
18 0.527344 0.46084 0.294531 0.24707 0.00299263
7 0.207764 0.144922 0.375098 0.289844 0.00293541
10 0.541406 0.467578 0.292188 0.261719 0.00288963
6 0.541504 0.528516 0.363867 0.469531 0.00287819
2 0.516406 0.457129 0.351562 0.335742 0.00269318
14 0.546875 0.506934 0.319531 0.36582 0.00264168
12 0.526953 0.44541 0.357031 0.35918 0.00259018
12 0.209424 0.14707 0.37959 0.294141 0.00256157
2 0.541504 0.528516 0.363867 0.469531 0.00256157
15 0.524219 0.467285 0.303125 0.268555 0.00250244
1 0.516406 0.457129 0.351562 0.335742 0.00245285
0 0.541504 0.528516 0.363867 0.469531 0.002388
21 0.541406 0.467578 0.292188 0.261719 0.00235939
6 0.516406 0.457129 0.351562 0.335742 0.00205803
20 0.208594 0.146973 0.370313 0.293945 0.00203514
3 0.548047 0.471094 0.322656 0.335156 0.00201988
11 0.516406 0.457129 0.351562 0.335742 0.00195694
25 0.516406 0.457129 0.351562 0.335742 0.00191212
23 0.546875 0.506934 0.319531 0.36582 0.00186729
4 0.541504 0.528516 0.363867 0.469531 0.00186729
25 0.541504 0.528516 0.363867 0.469531 0.00182438
12 0.423438 0.4625 0.569531 0.3125 0.00181007
8 0.516406 0.457129 0.351562 0.335742 0.00178242
5 0.208594 0.146973 0.370313 0.293945 0.00176811
5 0.548047 0.471094 0.322656 0.335156 0.00168705
11 0.539453 0.519434 0.391406 0.49082 0.00168133
10 0.546875 0.506934 0.319531 0.36582 0.0016613
11 0.423438 0.4625 0.569531 0.3125 0.0016489
13 0.524219 0.467285 0.303125 0.268555 0.00161648
19 0.527344 0.46084 0.294531 0.24707 0.00161076
3 0.207764 0.144922 0.375098 0.289844 0.00158501
24 0.546875 0.506934 0.319531 0.36582 0.00145531
13 0.548047 0.471094 0.322656 0.335156 0.00144958
22 0.548047 0.471094 0.322656 0.335156 0.00141048
20 0.546875 0.506934 0.319531 0.36582 0.00136662
17 0.541504 0.528516 0.363867 0.469531 0.00132465
21 0.5375 0.535937 0.304688 0.33125 0.00131512
15 0.516406 0.457129 0.351562 0.335742 0.00122547
15 0.423438 0.4625 0.569531 0.3125 0.00122547
13 0.541504 0.528516 0.363867 0.469531 0.00122547
3 0.541504 0.528516 0.363867 0.469531 0.0011425
7 0.423438 0.4625 0.569531 0.3125 0.00109863
9 0.541504 0.528516 0.363867 0.469531 0.00109005
15 0.209424 0.14707 0.37959 0.294141 0.00106525
8 0.546875 0.506934 0.319531 0.36582 0.00106525
1 0.541504 0.528516 0.363867 0.469531 0.00105667
19 0.883008 0.544531 0.233984 0.290625 0.00104427
12 0.595703 0.325586 0.613281 0.628516 0.00104046
8 0.203174 0.137305 0.390527 0.274609 0.00103188
11 0.639844 0.508984 0.65 0.682031 0.00102425
6 0.538281 0.437891 0.315625 0.253125 0.16394
23 0.534375 0.453516 0.305469 0.251563 0.138428
25 0.539062 0.443652 0.328125 0.27207 0.118774
2 0.539844 0.455469 0.317188 0.257812 0.0758667
14 0.539844 0.455469 0.317188 0.257812 0.0745239
0 0.539844 0.455469 0.317188 0.257812 0.0634766
9 0.538281 0.437891 0.315625 0.253125 0.0539856
10 0.538281 0.437891 0.315625 0.253125 0.0383301
16 0.534375 0.453516 0.305469 0.251563 0.0375977
20 0.539062 0.443652 0.328125 0.27207 0.0271759
4 0.539844 0.455469 0.317188 0.257812 0.0255585
5 0.538281 0.437891 0.315625 0.253125 0.0222931
25 0.542188 0.513672 0.382812 0.426563 0.0208893
17 0.5375 0.447656 0.288281 0.257812 0.0207214
24 0.538281 0.437891 0.315625 0.253125 0.0168457
0 0.542188 0.513672 0.382812 0.426563 0.0165253
6 0.542188 0.513672 0.382812 0.426563 0.0164032
3 0.5375 0.447656 0.288281 0.257812 0.016098
11 0.539844 0.455469 0.317188 0.257812 0.0138474
6 0.53125 0.480566 0.34375 0.318555 0.0132751
8 0.531641 0.442969 0.298438 0.248438 0.0123825
7 0.534375 0.453516 0.305469 0.251563 0.0111618
2 0.542188 0.513672 0.382812 0.426563 0.0107803
6 0.203467 0.14707 0.385254 0.294141 0.0104065
4 0.542188 0.513672 0.382812 0.426563 0.0102463
21 0.539062 0.443652 0.328125 0.27207 0.00993347
12 0.5375 0.447656 0.288281 0.257812 0.00941467
14 0.542188 0.513672 0.382812 0.426563 0.00857544
20 0.542188 0.513672 0.382812 0.426563 0.0069313
13 0.54541 0.504297 0.362305 0.4625 0.00674438
16 0.542188 0.513672 0.382812 0.426563 0.00638962
5 0.208789 0.15 0.391016 0.3 0.00600433
9 0.542188 0.513672 0.382812 0.426563 0.005867
4 0.203467 0.14707 0.385254 0.294141 0.00582123
19 0.538281 0.437891 0.315625 0.253125 0.00557709
10 0.53125 0.480566 0.34375 0.318555 0.0055542
15 0.5375 0.447656 0.288281 0.257812 0.00547028
11 0.542188 0.513672 0.382812 0.426563 0.00510025
10 0.542188 0.513672 0.382812 0.426563 0.0050621
9 0.53125 0.480566 0.34375 0.318555 0.00471878
14 0.203467 0.14707 0.385254 0.294141 0.00460815
21 0.542188 0.513672 0.382812 0.426563 0.00446701
11 0.203467 0.14707 0.385254 0.294141 0.00416565
12 0.548828 0.504687 0.415625 0.466406 0.00416565
13 0.547656 0.439844 0.34375 0.300781 0.00407028
9 0.203467 0.14707 0.385254 0.294141 0.00388527
21 0.208789 0.15 0.391016 0.3 0.00379562
15 0.542188 0.513672 0.382812 0.426563 0.00365067
18 0.534375 0.453516 0.305469 0.251563 0.00362206
0 0.204102 0.154004 0.383984 0.308008 0.00345612
15 0.53125 0.480566 0.34375 0.318555 0.00329781
24 0.542188 0.513672 0.382812 0.426563 0.00305176
5 0.54541 0.504297 0.362305 0.4625 0.0029583
13 0.554785 0.494531 0.462305 0.530469 0.00288963
3 0.208789 0.15 0.391016 0.3 0.00277901
3 0.53125 0.480566 0.34375 0.318555 0.00273705
23 0.542188 0.513672 0.382812 0.426563 0.00270462
2 0.204102 0.154004 0.383984 0.308008 0.0026722
1 0.204102 0.154004 0.383984 0.308008 0.00265312
1 0.54541 0.504297 0.362305 0.4625 0.00263214
17 0.548828 0.504687 0.415625 0.466406 0.00245285
24 0.203467 0.14707 0.385254 0.294141 0.00243378
10 0.208789 0.15 0.391016 0.3 0.00239754
20 0.203467 0.14707 0.385254 0.294141 0.00236893
8 0.53125 0.480566 0.34375 0.318555 0.00235939
19 0.208789 0.15 0.391016 0.3 0.00214958
12 0.202344 0.14541 0.391406 0.29082 0.00213242
17 0.53125 0.480566 0.34375 0.318555 0.00209999
16 0.203467 0.14707 0.385254 0.294141 0.00209045
1 0.540625 0.443359 0.295312 0.260156 0.00206757
13 0.534375 0.456641 0.301563 0.236719 0.00205803
25 0.203467 0.14707 0.385254 0.294141 0.0020504
8 0.208789 0.15 0.391016 0.3 0.00200272
3 0.54541 0.504297 0.362305 0.4625 0.0019722
1 0.53125 0.480566 0.34375 0.318555 0.00169373
8 0.542188 0.513672 0.382812 0.426563 0.00162315
12 0.549902 0.511719 0.556445 0.498437 0.0015974
12 0.53125 0.480566 0.34375 0.318555 0.00136662
22 0.54541 0.504297 0.362305 0.4625 0.00135136
23 0.208789 0.15 0.391016 0.3 0.00126457
18 0.208789 0.15 0.391016 0.3 0.0012064
15 0.202344 0.14541 0.391406 0.29082 0.0011692
17 0.202344 0.14541 0.391406 0.29082 0.00116539
7 0.209961 0.155176 0.386328 0.310352 0.00113392
5 0.53125 0.480566 0.34375 0.318555 0.00110722
23 0.533203 0.436035 0.292188 0.245117 0.0869141
25 0.540625 0.443066 0.301563 0.25293 0.0869141
25 0.546094 0.515234 0.314063 0.407031 0.035675
6 0.537109 0.442871 0.292969 0.24707 0.0348816
14 0.533203 0.436035 0.292188 0.245117 0.0319824
20 0.542188 0.467969 0.30625 0.290625 0.0313721
2 0.533203 0.436035 0.292188 0.245117 0.0310211
0 0.538672 0.4375 0.299219 0.250781 0.019165
16 0.525 0.436621 0.310156 0.239258 0.0172424
9 0.537109 0.442871 0.292969 0.24707 0.0158386
21 0.542188 0.467969 0.30625 0.290625 0.0157776
4 0.533203 0.436035 0.292188 0.245117 0.0146179
3 0.529004 0.438965 0.310742 0.243945 0.0133286
12 0.547266 0.495313 0.348438 0.464844 0.0116425
10 0.537109 0.442871 0.292969 0.24707 0.0111618
5 0.535156 0.454688 0.29375 0.265625 0.0110703
13 0.547266 0.495313 0.348438 0.464844 0.0107346
17 0.546094 0.515234 0.314063 0.407031 0.00933838
1 0.547266 0.495313 0.348438 0.464844 0.0088501
0 0.546094 0.515234 0.314063 0.407031 0.00812531
0 0.217188 0.151074 0.367188 0.302148 0.00784302
22 0.542188 0.467969 0.30625 0.290625 0.00769424
1 0.542188 0.467969 0.30625 0.290625 0.00757599
22 0.547266 0.495313 0.348438 0.464844 0.00746155
4 0.546094 0.515234 0.314063 0.407031 0.00695801
20 0.213721 0.154297 0.387402 0.308594 0.00658798
21 0.546094 0.515234 0.314063 0.407031 0.00631332
18 0.525 0.436621 0.310156 0.239258 0.00629044
7 0.525 0.436621 0.310156 0.239258 0.00612259
12 0.5375 0.439063 0.325 0.26875 0.00582123
8 0.540625 0.443066 0.301563 0.25293 0.00568771
20 0.547266 0.495313 0.348438 0.464844 0.00559998
17 0.5375 0.439063 0.325 0.26875 0.00530243
12 0.508691 0.372656 0.387305 0.351562 0.00518036
2 0.546094 0.515234 0.314063 0.407031 0.0051384
11 0.529004 0.438965 0.310742 0.243945 0.00511932
4 0.217188 0.151074 0.367188 0.302148 0.00494385
5 0.213721 0.154297 0.387402 0.308594 0.00481033
14 0.546094 0.515234 0.314063 0.407031 0.00479126
6 0.546094 0.515234 0.314063 0.407031 0.00477219
12 0.590625 0.495703 0.509375 0.553125 0.00469971
6 0.217188 0.151074 0.367188 0.302148 0.00450516
11 0.508691 0.372656 0.387305 0.351562 0.0042305
15 0.533203 0.436035 0.292188 0.245117 0.0042305
10 0.546094 0.515234 0.314063 0.407031 0.00397491
13 0.508691 0.372656 0.387305 0.351562 0.00392914
3 0.546094 0.515234 0.314063 0.407031 0.00376511
2 0.217188 0.151074 0.367188 0.302148 0.00370789
8 0.546094 0.515234 0.314063 0.407031 0.00367928
2 0.508691 0.372656 0.387305 0.351562 0.00353813
0 0.508691 0.372656 0.387305 0.351562 0.00352478
12 0.574609 0.334766 0.447656 0.589063 0.00352478
12 0.630371 0.336328 0.651758 0.672656 0.00351143
17 0.544629 0.458496 0.348242 0.40332 0.00344276
16 0.213721 0.154297 0.387402 0.308594 0.00340271
14 0.508691 0.372656 0.387305 0.351562 0.00340271
13 0.5375 0.439063 0.325 0.26875 0.00335121
5 0.547266 0.495313 0.348438 0.464844 0.00325966
9 0.546094 0.515234 0.314063 0.407031 0.00312424
24 0.213721 0.154297 0.387402 0.308594 0.00305176
13 0.590625 0.495703 0.509375 0.553125 0.00293541
14 0.216455 0.137891 0.37334 0.275781 0.00281143
9 0.217969 0.15459 0.371875 0.30918 0.00279999
16 0.547266 0.495313 0.348438 0.464844 0.00271416
25 0.217969 0.15459 0.371875 0.30918 0.00260162
21 0.217969 0.15459 0.371875 0.30918 0.00235939
23 0.508691 0.372656 0.387305 0.351562 0.00234222
4 0.508691 0.372656 0.387305 0.351562 0.00229645
15 0.508691 0.372656 0.387305 0.351562 0.00226974
16 0.508691 0.372656 0.387305 0.351562 0.00225258
19 0.535156 0.454688 0.29375 0.265625 0.00216484
15 0.546094 0.515234 0.314063 0.407031 0.00215721
18 0.508691 0.372656 0.387305 0.351562 0.00213242
15 0.216455 0.137891 0.37334 0.275781 0.00211525
7 0.508691 0.372656 0.387305 0.351562 0.00206757
24 0.535156 0.454688 0.29375 0.265625 0.00200272
6 0.508691 0.372656 0.387305 0.351562 0.00198746
11 0.546094 0.515234 0.314063 0.407031 0.00198746
12 0.216455 0.137891 0.37334 0.275781 0.00195694
11 0.216455 0.137891 0.37334 0.275781 0.00190449
3 0.508691 0.372656 0.387305 0.351562 0.00187492
12 0.641406 0.474219 0.664062 0.75625 0.00179577
12 0.391016 0.375391 0.782031 0.750781 0.00176811
3 0.212939 0.157227 0.386621 0.314453 0.0017271
22 0.213721 0.154297 0.387402 0.308594 0.00169373
3 0.544629 0.458496 0.348242 0.40332 0.00168133
1 0.216455 0.137891 0.37334 0.275781 0.0015974
11 0.641406 0.474219 0.664062 0.75625 0.00156689
10 0.544629 0.458496 0.348242 0.40332 0.00155449
4 0.641406 0.474219 0.664062 0.75625 0.00150108
1 0.517188 0.433594 0.329688 0.233594 0.00148964
13 0.574609 0.334766 0.447656 0.589063 0.00143242
19 0.547266 0.495313 0.348438 0.464844 0.00141048
13 0.630371 0.336328 0.651758 0.672656 0.00140476
1 0.630371 0.336328 0.651758 0.672656 0.00139904
0 0.641406 0.474219 0.664062 0.75625 0.00136662
1 0.574609 0.334766 0.447656 0.589063 0.00134087
17 0.216455 0.137891 0.37334 0.275781 0.00131512
6 0.544629 0.458496 0.348242 0.40332 0.0012598
23 0.212939 0.157227 0.386621 0.314453 0.00124931
12 0.480859 0.353906 0.507031 0.5125 0.00123501
10 0.217188 0.151074 0.367188 0.302148 0.00122547
15 0.641406 0.474219 0.664062 0.75625 0.00120163
7 0.21333 0.145215 0.38584 0.29043 0.00118828
18 0.212939 0.157227 0.386621 0.314453 0.00118828
25 0.544629 0.458496 0.348242 0.40332 0.00115108
1 0.590625 0.495703 0.509375 0.553125 0.00113392
12 0.564453 0.576563 0.371094 0.379688 0.00112057
11 0.391016 0.375391 0.782031 0.750781 0.00109005
17 0.630371 0.336328 0.651758 0.672656 0.00108624
15 0.480859 0.353906 0.507031 0.5125 0.00106525
14 0.651172 0.440625 0.666406 0.759375 0.00106049
25 0.508691 0.372656 0.387305 0.351562 0.00105286
1 0.508691 0.372656 0.387305 0.351562 0.00104046
11 0.574609 0.334766 0.447656 0.589063 0.00101662
4 0.544629 0.458496 0.348242 0.40332 0.00101662
15 0.574609 0.334766 0.447656 0.589063 0.00100422
23 0.539062 0.449609 0.270313 0.244531 0.0535889
14 0.539062 0.449609 0.270313 0.244531 0.0514526
25 0.544141 0.449316 0.267969 0.249805 0.0401001
2 0.536328 0.4375 0.280469 0.232813 0.0340881
4 0.536328 0.4375 0.280469 0.232813 0.0196381
0 0.544141 0.449316 0.267969 0.249805 0.0188293
10 0.536328 0.4375 0.280469 0.232813 0.011467
16 0.536328 0.4375 0.280469 0.232813 0.0106506
6 0.536328 0.4375 0.280469 0.232813 0.0100098
3 0.539062 0.449609 0.270313 0.244531 0.008255
9 0.536328 0.4375 0.280469 0.232813 0.00734711
8 0.542969 0.443848 0.282813 0.24043 0.00714874
17 0.544141 0.449316 0.267969 0.249805 0.00416565
5 0.536328 0.4375 0.280469 0.232813 0.00376511
12 0.281836 0.636426 0.563672 0.727148 0.00275803
1 0.536328 0.4375 0.280469 0.232813 0.00247192
20 0.542969 0.443848 0.282813 0.24043 0.002388
19 0.314258 0.320898 0.280859 0.335547 0.00235939
11 0.542969 0.443848 0.282813 0.24043 0.00209999
12 0.542969 0.443848 0.282813 0.24043 0.00174141
12 0.540234 0.449609 0.335938 0.345313 0.0016489
13 0.540234 0.449609 0.335938 0.345313 0.00151253
7 0.536328 0.4375 0.280469 0.232813 0.00146675
13 0.287109 0.641797 0.574219 0.716406 0.00125504
25 0.54375 0.471484 0.317188 0.310156 0.00122547
13 0.536816 0.509277 0.370117 0.479883 0.00119209
15 0.536328 0.4375 0.280469 0.232813 0.00118828
18 0.532813 0.447266 0.273438 0.235938 0.00108147
22 0.542969 0.443848 0.282813 0.24043 0.00104809
23 0.537109 0.453125 0.282031 0.267188 0.27832
14 0.537109 0.453125 0.282031 0.267188 0.136108
16 0.539062 0.444141 0.284375 0.248438 0.0847778
2 0.537109 0.453125 0.282031 0.267188 0.0598755
25 0.537109 0.455078 0.296094 0.267188 0.0560303
9 0.535937 0.458203 0.279687 0.277344 0.0440063
6 0.539062 0.444141 0.284375 0.248438 0.041626
0 0.537109 0.455078 0.296094 0.267188 0.0370483
4 0.537109 0.453125 0.282031 0.267188 0.0295868
3 0.542188 0.44541 0.298438 0.257617 0.0175781
8 0.542188 0.44541 0.298438 0.257617 0.01017
10 0.542188 0.44541 0.298438 0.257617 0.00821686
17 0.537109 0.455078 0.296094 0.267188 0.00800323
20 0.539844 0.463281 0.296094 0.271875 0.0078125
24 0.535937 0.458203 0.279687 0.277344 0.00769424
5 0.535937 0.458203 0.279687 0.277344 0.00664139
11 0.542188 0.44541 0.298438 0.257617 0.006073
7 0.539062 0.444141 0.284375 0.248438 0.00455475
18 0.539062 0.444141 0.284375 0.248438 0.00391388
19 0.542578 0.440723 0.289844 0.248242 0.00273705
12 0.542188 0.44541 0.298438 0.257617 0.00248146
15 0.539062 0.444141 0.284375 0.248438 0.00185299
11 0.208643 0.155078 0.359277 0.310156 0.00179577
0 0.209424 0.159668 0.363965 0.319336 0.00162315
1 0.542578 0.440723 0.289844 0.248242 0.00143814
16 0.208643 0.155078 0.359277 0.310156 0.00134087
13 0.540625 0.447754 0.310937 0.27168 0.00108147
23 0.537109 0.454297 0.302344 0.257812 0.127197
2 0.537109 0.454297 0.302344 0.257812 0.083313
6 0.535156 0.450879 0.3 0.224805 0.0600891
4 0.535156 0.450879 0.3 0.224805 0.0463867
9 0.535156 0.450879 0.3 0.224805 0.0451965
0 0.537109 0.454297 0.302344 0.257812 0.0377502
14 0.535156 0.459375 0.298438 0.253125 0.0311432
16 0.536719 0.454688 0.298438 0.257812 0.0285492
25 0.535156 0.459375 0.298438 0.253125 0.0206451
3 0.533594 0.457422 0.296875 0.244531 0.0164032
10 0.535156 0.450879 0.3 0.224805 0.0158386
7 0.536719 0.454688 0.298438 0.257812 0.00933838
18 0.536719 0.454688 0.298438 0.257812 0.00695801
13 0.533594 0.453027 0.307813 0.243945 0.00621796
15 0.536719 0.454688 0.298438 0.257812 0.00498199
24 0.535156 0.447266 0.290625 0.215625 0.00359344
11 0.537109 0.454297 0.302344 0.257812 0.00341606
19 0.533594 0.453027 0.307813 0.243945 0.00335121
17 0.533594 0.453027 0.307813 0.243945 0.00311089
5 0.535156 0.447266 0.290625 0.215625 0.00302696
4 0.206445 0.139063 0.355859 0.278125 0.00274658
20 0.535156 0.447266 0.290625 0.215625 0.00247192
12 0.5375 0.394922 0.38125 0.408594 0.00237846
12 0.533594 0.453027 0.307813 0.243945 0.00226974
8 0.537109 0.454297 0.302344 0.257812 0.00217438
0 0.206445 0.139063 0.355859 0.278125 0.00216484
13 0.5375 0.394922 0.38125 0.408594 0.00194168
14 0.206445 0.139063 0.355859 0.278125 0.00154305
6 0.206445 0.139063 0.355859 0.278125 0.00129986
16 0.206445 0.139063 0.355859 0.278125 0.0011158
2 0.206445 0.139063 0.355859 0.278125 0.00107765
9 0.206445 0.139063 0.355859 0.278125 0.00106525
23 0.541797 0.449121 0.285938 0.248633 0.205566
14 0.541797 0.449121 0.285938 0.248633 0.148071
13 0.549219 0.505078 0.366406 0.492969 0.111267
2 0.546875 0.446484 0.3 0.271875 0.106323
25 0.549219 0.463281 0.31875 0.292969 0.053009
12 0.549219 0.505078 0.366406 0.492969 0.0413208
6 0.548438 0.455371 0.307813 0.273633 0.0399475
4 0.539844 0.451172 0.307031 0.270313 0.0367737
0 0.213232 0.14707 0.361035 0.294141 0.0265503
10 0.548438 0.455371 0.307813 0.273633 0.0222931
11 0.212891 0.147754 0.357812 0.295508 0.0187683
9 0.548438 0.455371 0.307813 0.273633 0.0160217
17 0.549219 0.463281 0.31875 0.292969 0.0158386
4 0.212891 0.147754 0.357812 0.295508 0.0148392
13 0.557031 0.495703 0.459375 0.566406 0.012825
12 0.578027 0.476172 0.623633 0.649219 0.0114212
13 0.549219 0.463281 0.31875 0.292969 0.0113297
0 0.548438 0.455371 0.307813 0.273633 0.0106964
13 0.578027 0.476172 0.623633 0.649219 0.00978088
5 0.212891 0.147754 0.357812 0.295508 0.00930023
25 0.549219 0.505078 0.366406 0.492969 0.00908661
17 0.549219 0.505078 0.366406 0.492969 0.00867462
16 0.546875 0.446484 0.3 0.271875 0.00818634
3 0.207227 0.148828 0.365234 0.297656 0.00763702
15 0.548438 0.455371 0.307813 0.273633 0.00746155
12 0.557031 0.495703 0.459375 0.566406 0.00698471
20 0.212891 0.147754 0.357812 0.295508 0.00682449
12 0.549219 0.463281 0.31875 0.292969 0.00629044
14 0.212891 0.147754 0.357812 0.295508 0.00566483
6 0.212891 0.147754 0.357812 0.295508 0.00551224
25 0.541406 0.448047 0.265625 0.244531 0.00453949
24 0.212891 0.147754 0.357812 0.295508 0.00441742
9 0.212891 0.147754 0.357812 0.295508 0.00416565
1 0.549219 0.463281 0.31875 0.292969 0.0039444
8 0.546875 0.446484 0.3 0.271875 0.00367928
15 0.549219 0.505078 0.366406 0.492969 0.00322342
11 0.539844 0.447559 0.301563 0.267383 0.00314713
3 0.543359 0.444531 0.305469 0.265625 0.00309944
22 0.212891 0.147754 0.357812 0.295508 0.00288963
5 0.539844 0.451172 0.307031 0.270313 0.00277901
16 0.207227 0.148828 0.365234 0.297656 0.00271416
1 0.207227 0.148828 0.365234 0.297656 0.00253105
8 0.212891 0.147754 0.357812 0.295508 0.00248146
18 0.541797 0.449121 0.285938 0.248633 0.00237846
20 0.548438 0.455371 0.307813 0.273633 0.00235939
17 0.541406 0.448047 0.265625 0.244531 0.00234222
25 0.212891 0.147754 0.357812 0.295508 0.00158501
23 0.207227 0.148828 0.365234 0.297656 0.00156689
7 0.539844 0.447559 0.301563 0.267383 0.00151253
18 0.207227 0.148828 0.365234 0.297656 0.00146675
10 0.212891 0.147754 0.357812 0.295508 0.00144386
15 0.561816 0.509766 0.53418 0.600781 0.00142097
2 0.212842 0.141211 0.361816 0.282422 0.00130939
12 0.628027 0.498828 0.743945 0.761719 0.00129414
15 0.212891 0.147754 0.357812 0.295508 0.00122547
1 0.549219 0.505078 0.366406 0.492969 0.00121593
19 0.207227 0.148828 0.365234 0.297656 0.0012064
24 0.539844 0.451172 0.307031 0.270313 0.0011158
22 0.549219 0.505078 0.366406 0.492969 0.00107288
10 0.548438 0.507812 0.34375 0.461719 0.00106049
12 0.212891 0.147754 0.357812 0.295508 0.00102806
19 0.299609 0.361133 0.347656 0.358984 0.00100803
17 0.213232 0.14707 0.361035 0.294141 0.00100803
21 0.549219 0.463281 0.31875 0.292969 0.00100803
14 0.543359 0.448438 0.302344 0.282031 0.533203
2 0.543359 0.448438 0.302344 0.282031 0.414062
25 0.541406 0.449609 0.315625 0.289844 0.224731
23 0.543359 0.448438 0.302344 0.282031 0.187134
6 0.542578 0.443359 0.303906 0.260156 0.0900879
9 0.542578 0.443359 0.303906 0.260156 0.081543
10 0.541406 0.449609 0.315625 0.289844 0.0446777
4 0.542578 0.443359 0.303906 0.260156 0.0391846
0 0.541406 0.444922 0.315625 0.263281 0.0153046
16 0.541406 0.449609 0.315625 0.289844 0.0133743
13 0.547266 0.516797 0.396094 0.482031 0.00609589
5 0.542578 0.443359 0.303906 0.260156 0.00570679
19 0.557813 0.449219 0.260938 0.303125 0.00564194
13 0.54375 0.459375 0.342969 0.317969 0.00502014
15 0.534766 0.454688 0.320312 0.294531 0.00453949
25 0.547266 0.516797 0.396094 0.482031 0.00403976
18 0.542578 0.443359 0.303906 0.260156 0.00362206
14 0.212109 0.152246 0.366406 0.304492 0.00312424
20 0.542578 0.443359 0.303906 0.260156 0.00302696
7 0.538281 0.441797 0.298438 0.284375 0.00279045
17 0.534766 0.454688 0.320312 0.294531 0.0024929
12 0.54375 0.459375 0.342969 0.317969 0.0024147
12 0.547266 0.516797 0.396094 0.482031 0.00230598
24 0.542578 0.443359 0.303906 0.260156 0.00224304
8 0.541406 0.449609 0.315625 0.289844 0.00176811
15 0.547266 0.516797 0.396094 0.482031 0.0017271
3 0.541406 0.444922 0.315625 0.263281 0.00158501
9 0.212109 0.152246 0.366406 0.304492 0.00139904
4 0.212109 0.152246 0.366406 0.304492 0.00118828
19 0.247656 0.135156 0.339063 0.270313 0.00115108
11 0.529688 0.453516 0.311719 0.305469 0.0011034
1 0.534766 0.454688 0.320312 0.294531 0.00109863
14 0.665625 0.495703 0.66875 0.566406 0.00106049
14 0.530469 0.456152 0.3 0.268945 0.21936
2 0.5375 0.452246 0.314063 0.275195 0.194336
6 0.540234 0.462109 0.305469 0.260938 0.119995
23 0.530469 0.456152 0.3 0.268945 0.0869141
9 0.540234 0.462109 0.305469 0.260938 0.0490417
4 0.53125 0.461328 0.289062 0.257031 0.0343628
25 0.533594 0.456152 0.317188 0.270508 0.0323486
10 0.5375 0.452246 0.314063 0.275195 0.0102463
16 0.5375 0.452246 0.314063 0.275195 0.00948334
11 0.536719 0.452441 0.320312 0.282617 0.00834656
0 0.536719 0.452441 0.320312 0.282617 0.00619125
7 0.536719 0.452441 0.320312 0.282617 0.00385475
0 0.206299 0.146777 0.371777 0.293555 0.00296974
5 0.53125 0.461328 0.289062 0.257031 0.00288963
3 0.5375 0.452246 0.314063 0.275195 0.00277901
17 0.537109 0.450391 0.335156 0.289062 0.00263214
13 0.577734 0.499219 0.3375 0.3625 0.0024929
1 0.533594 0.453516 0.298438 0.269531 0.0024147
18 0.540234 0.462109 0.305469 0.260938 0.0024147
8 0.531641 0.450781 0.305469 0.267188 0.0020504
14 0.536328 0.433594 0.364844 0.325 0.00203514
4 0.490625 0.467187 0.213281 0.161719 0.00201035
19 0.549316 0.435156 0.374805 0.389062 0.00193405
24 0.540234 0.462109 0.305469 0.260938 0.00181007
19 0.549219 0.487891 0.342187 0.225781 0.0018034
4 0.202148 0.149121 0.362891 0.298242 0.00149536
12 0.536719 0.454297 0.339063 0.280469 0.00134087
15 0.542188 0.45791 0.317188 0.27168 0.00116062
14 0.538281 0.455469 0.304688 0.26875 0.345947
23 0.534375 0.454688 0.296875 0.2625 0.221313
2 0.537109 0.454785 0.310156 0.270117 0.19873
25 0.540625 0.45625 0.314063 0.275 0.062561
4 0.5375 0.450684 0.302344 0.25957 0.0393372
9 0.5375 0.450684 0.302344 0.25957 0.0340881
6 0.5375 0.450684 0.302344 0.25957 0.0222015
10 0.540625 0.45625 0.314063 0.275 0.00638962
5 0.5375 0.450684 0.302344 0.25957 0.00445175
0 0.542188 0.450781 0.310937 0.261719 0.00413513
8 0.540625 0.45625 0.314063 0.275 0.00387001
7 0.535156 0.453516 0.315625 0.276563 0.00382423
16 0.537109 0.457031 0.314844 0.277344 0.00288963
18 0.535156 0.453516 0.315625 0.276563 0.00273705
11 0.542188 0.450781 0.310937 0.261719 0.00209999
1 0.53125 0.449902 0.295312 0.258008 0.00136662
19 0.319141 0.376465 0.358594 0.33457 0.00129414
3 0.53125 0.45 0.292188 0.271875 0.00126457
23 0.541797 0.45 0.288281 0.264062 0.476562
14 0.541406 0.455371 0.296875 0.268945 0.460938
25 0.545313 0.453223 0.3 0.270117 0.443604
2 0.541406 0.455371 0.296875 0.268945 0.434082
13 0.545313 0.461621 0.3125 0.275195 0.0297546
4 0.541797 0.45 0.288281 0.264062 0.0257568
9 0.541797 0.45 0.288281 0.264062 0.0128708
10 0.545313 0.453223 0.3 0.270117 0.0112457
16 0.54375 0.451172 0.303125 0.2625 0.00908661
12 0.54375 0.451172 0.303125 0.2625 0.00748825
6 0.540625 0.452344 0.298438 0.258594 0.00661469
0 0.54375 0.451172 0.303125 0.2625 0.00591278
18 0.541797 0.445703 0.313281 0.273438 0.0049057
5 0.540625 0.452344 0.298438 0.258594 0.00399017
1 0.542969 0.45 0.304688 0.26875 0.00382423
7 0.541797 0.445703 0.313281 0.273438 0.00292397
8 0.54375 0.451172 0.303125 0.2625 0.00253105
12 0.548438 0.498437 0.339063 0.360156 0.00248146
13 0.520996 0.504004 0.498633 0.579492 0.00202751
17 0.542188 0.450781 0.310937 0.264062 0.00123501
14 0.532031 0.453809 0.290625 0.26582 0.82666
2 0.535937 0.454688 0.296875 0.263281 0.711426
23 0.532031 0.453809 0.290625 0.26582 0.565918
25 0.541016 0.458203 0.305469 0.246875 0.250244
4 0.5375 0.458496 0.297656 0.24707 0.0516663
9 0.5375 0.458496 0.297656 0.24707 0.0309143
5 0.5375 0.458496 0.297656 0.24707 0.00971222
6 0.541016 0.458203 0.305469 0.246875 0.00674438
7 0.534375 0.451562 0.295312 0.264062 0.00591278
0 0.541016 0.458203 0.305469 0.246875 0.00526047
10 0.541016 0.458203 0.305469 0.246875 0.00359344
18 0.534375 0.451562 0.295312 0.264062 0.00353813
16 0.541016 0.458203 0.305469 0.246875 0.00302696
8 0.541016 0.458203 0.305469 0.246875 0.00208282
1 0.542188 0.4375 0.327344 0.285156 0.00204277
4 0.486328 0.465625 0.216406 0.152344 0.0017271
12 0.5375 0.458496 0.297656 0.24707 0.0016613
17 0.537891 0.451562 0.300781 0.269531 0.00154305
4 0.724219 0.175977 0.220313 0.159375 0.0014267
11 0.538281 0.455078 0.303125 0.248438 0.00133038
4 0.700781 0.877344 0.217188 0.15625 0.00121593
2 0.53291 0.445312 0.320117 0.270313 0.926758
14 0.533203 0.443652 0.317188 0.262695 0.571777
23 0.532031 0.442969 0.30625 0.24375 0.158691
25 0.533984 0.454004 0.319531 0.262305 0.0692749
7 0.535156 0.446777 0.31875 0.273633 0.0651245
18 0.535156 0.446777 0.31875 0.273633 0.0278015
16 0.53291 0.445312 0.320117 0.270313 0.0187683
9 0.533984 0.454004 0.319531 0.262305 0.0175171
6 0.532813 0.450879 0.321094 0.262305 0.0137939
4 0.532813 0.450879 0.321094 0.262305 0.0106964
10 0.53291 0.445312 0.320117 0.270313 0.0068512
7 0.638184 0.535254 0.723633 0.488867 0.00674438
7 0.636035 0.466504 0.72793 0.323242 0.00661469
18 0.658203 0.477344 0.683594 0.446094 0.00602722
7 0.800781 0.444629 0.398438 0.212305 0.00469971
7 0.507812 0.95625 0.421094 0.0875 0.00450516
0 0.533984 0.454004 0.319531 0.262305 0.00415039
7 0.544531 0.954688 0.34375 0.090625 0.00286674
2 0.656641 0.518359 0.686719 0.613281 0.00233269
5 0.532813 0.450879 0.321094 0.262305 0.00185299
18 0.800781 0.444629 0.398438 0.212305 0.00184631
13 0.541309 0.51875 0.351758 0.4125 0.00173378
18 0.636035 0.466504 0.72793 0.323242 0.00152493
14 0.656641 0.518359 0.686719 0.613281 0.0015192
13 0.537891 0.469629 0.327344 0.281055 0.00146103
7 0.471094 0.951563 0.502344 0.096875 0.00124454
11 0.526563 0.436035 0.310156 0.231055 0.0012064
1 0.52666 0.429297 0.323242 0.253906 0.00102043
2 0.540625 0.445312 0.292188 0.25625 0.938477
14 0.540625 0.445312 0.292188 0.25625 0.92627
23 0.537109 0.449902 0.291406 0.25957 0.462891
25 0.540625 0.445312 0.292188 0.25625 0.0469055
9 0.541406 0.451953 0.304688 0.238281 0.0193481
4 0.540625 0.446777 0.290625 0.242383 0.0126724
6 0.541406 0.451953 0.304688 0.238281 0.00559998
9 0.669922 0.460547 0.660156 0.675781 0.00395966
14 0.669922 0.460547 0.660156 0.675781 0.00362206
7 0.535937 0.449609 0.315625 0.273438 0.00322342
10 0.5375 0.451172 0.301563 0.260156 0.00321007
2 0.594922 0.453516 0.444531 0.299219 0.00300407
5 0.540625 0.446777 0.290625 0.242383 0.00277901
11 0.641016 0.505371 0.717969 0.781445 0.00244331
18 0.535937 0.449609 0.315625 0.273438 0.00228691
14 0.594922 0.453516 0.444531 0.299219 0.00226974
2 0.664746 0.558984 0.670508 0.436719 0.00222588
14 0.214453 0.128711 0.363281 0.257422 0.00154305
11 0.664746 0.558984 0.670508 0.436719 0.00146675
16 0.69375 0.542188 0.6125 0.385938 0.00132465
2 0.669922 0.460547 0.660156 0.675781 0.00126457
4 0.669922 0.460547 0.660156 0.675781 0.00118828
6 0.664746 0.558984 0.670508 0.436719 0.00116539
11 0.535156 0.443359 0.301563 0.257031 0.00116062
7 0.65459 0.511719 0.69082 0.55625 0.00112438
2 0.532715 0.441797 0.325195 0.269531 0.963379
9 0.532813 0.446777 0.321875 0.27207 0.254639
14 0.532715 0.441797 0.325195 0.269531 0.244385
23 0.532715 0.441797 0.325195 0.269531 0.156616
4 0.532813 0.446777 0.321875 0.27207 0.0303802
25 0.532813 0.446777 0.321875 0.27207 0.0208893
6 0.532813 0.446777 0.321875 0.27207 0.019455
7 0.530371 0.446875 0.325195 0.282031 0.00717545
16 0.533984 0.446875 0.307031 0.273438 0.00482941
24 0.532813 0.446777 0.321875 0.27207 0.00418091
18 0.533984 0.446875 0.307031 0.273438 0.0041008
5 0.533984 0.446875 0.322656 0.274219 0.00284576
11 0.532813 0.446777 0.321875 0.27207 0.0020752
0 0.532813 0.446777 0.321875 0.27207 0.00179577
10 0.534375 0.442578 0.310937 0.271094 0.00113392
14 0.535937 0.458984 0.31875 0.311719 0.967285
23 0.535937 0.458984 0.31875 0.311719 0.370117
2 0.532813 0.453223 0.323438 0.301367 0.346924
4 0.535937 0.458984 0.31875 0.311719 0.0552063
25 0.538281 0.455371 0.3125 0.29082 0.0467224
9 0.536719 0.452344 0.31875 0.280469 0.0213623
6 0.536719 0.452344 0.31875 0.280469 0.0105667
5 0.538281 0.455371 0.3125 0.29082 0.00486755
1 0.542969 0.45166 0.3125 0.29668 0.00281143
13 0.539062 0.476562 0.317188 0.247656 0.00259018
10 0.542969 0.45166 0.3125 0.29668 0.00252151
11 0.528125 0.450781 0.335156 0.278906 0.00203514
13 0.819141 0.786133 0.361719 0.377734 0.00129986
2 0.532422 0.446777 0.316406 0.279883 0.929688
14 0.528125 0.445215 0.307031 0.279883 0.0910645
6 0.535937 0.440723 0.311719 0.274805 0.0495911
23 0.528125 0.445215 0.307031 0.279883 0.0432129
7 0.530078 0.447266 0.323438 0.286719 0.0254669
9 0.535937 0.455566 0.314063 0.27168 0.0228882
16 0.528223 0.449219 0.32168 0.290625 0.00605011
25 0.532422 0.446777 0.316406 0.279883 0.00481033
18 0.530078 0.447266 0.323438 0.286719 0.00439835
10 0.528223 0.449219 0.32168 0.290625 0.00253105
7 0.593848 0.452734 0.532617 0.339063 0.00232315
24 0.535937 0.455566 0.314063 0.27168 0.00223351
2 0.593848 0.452734 0.532617 0.339063 0.00209045
11 0.530566 0.439453 0.316992 0.283594 0.0020504
19 0.535937 0.440723 0.311719 0.274805 0.00192642
7 0.591797 0.409375 0.450781 0.225781 0.00143814
4 0.535937 0.455566 0.314063 0.27168 0.00115585
2 0.532813 0.454688 0.295312 0.276563 0.794922
23 0.536719 0.455371 0.304688 0.281445 0.527344
25 0.539844 0.455859 0.303125 0.283594 0.177856
14 0.539844 0.455859 0.303125 0.283594 0.138428
6 0.541406 0.46084 0.307813 0.268945 0.0720825
4 0.535937 0.451953 0.303125 0.270313 0.0078125
16 0.541016 0.45625 0.309375 0.285156 0.00695801
0 0.541406 0.46084 0.307813 0.268945 0.00666809
7 0.532813 0.454688 0.295312 0.276563 0.00619125
18 0.529688 0.449219 0.309375 0.272656 0.00616837
12 0.5375 0.457813 0.304688 0.267969 0.00547028
15 0.525 0.453125 0.310937 0.279687 0.00526047
10 0.539844 0.451172 0.303125 0.277344 0.00503922
13 0.54375 0.479004 0.307813 0.266992 0.00380898
1 0.54375 0.461816 0.310937 0.27793 0.00369263
17 0.54375 0.461816 0.310937 0.27793 0.003088
9 0.541406 0.46084 0.307813 0.268945 0.00271416
8 0.54375 0.461816 0.310937 0.27793 0.00162315
3 0.531641 0.455078 0.310156 0.283594 0.00139904
5 0.535937 0.451953 0.303125 0.270313 0.00123501
4 0.726953 0.184375 0.214844 0.167187 0.0012207
2 0.535937 0.451172 0.317188 0.288281 0.634277
23 0.538281 0.454004 0.310156 0.263867 0.44751
6 0.531934 0.448828 0.318945 0.271875 0.156128
9 0.531934 0.448828 0.318945 0.271875 0.0827026
14 0.538281 0.454004 0.310156 0.263867 0.0534058
25 0.531348 0.451953 0.31543 0.267188 0.018692
10 0.535547 0.453223 0.309375 0.257617 0.0105286
4 0.531348 0.451953 0.31543 0.267188 0.00725937
7 0.525098 0.451172 0.320117 0.271094 0.0068512
0 0.535547 0.453223 0.309375 0.257617 0.00572968
16 0.528516 0.445703 0.324219 0.278906 0.00551224
18 0.538281 0.454004 0.310156 0.263867 0.00508118
11 0.529297 0.45 0.332813 0.2875 0.00226974
13 0.534375 0.466797 0.310937 0.257812 0.00204277
19 0.298047 0.347314 0.338281 0.374121 0.00197983
19 0.525098 0.451172 0.320117 0.271094 0.00184631
3 0.528516 0.445703 0.324219 0.278906 0.00174809
5 0.535547 0.453223 0.309375 0.257617 0.00174141
15 0.53125 0.445996 0.334375 0.29082 0.00137806
14 0.538281 0.453223 0.304688 0.276367 0.369385
2 0.535156 0.452344 0.301563 0.279687 0.277588
23 0.538281 0.453223 0.304688 0.276367 0.118774
25 0.541797 0.451562 0.303125 0.25625 0.0715942
4 0.541797 0.451562 0.303125 0.25625 0.0351562
6 0.535156 0.447266 0.296875 0.255469 0.0178528
9 0.541797 0.451562 0.303125 0.25625 0.00421524
5 0.535156 0.447266 0.296875 0.255469 0.00362206
1 0.535156 0.447266 0.296875 0.255469 0.00329781
0 0.541797 0.451562 0.303125 0.25625 0.00271416
8 0.541797 0.451562 0.303125 0.25625 0.00163555
17 0.528906 0.451953 0.304688 0.278125 0.0012846
10 0.535156 0.447266 0.296875 0.255469 0.00101662
2 0.535937 0.457813 0.292188 0.26875 0.902344
23 0.54375 0.459277 0.3 0.267383 0.822266
25 0.539844 0.460547 0.29375 0.263281 0.334473
14 0.536719 0.456152 0.290625 0.26582 0.235107
9 0.539844 0.460547 0.29375 0.263281 0.0490417
10 0.54375 0.455469 0.304688 0.253906 0.0216217
6 0.542188 0.457129 0.30625 0.273242 0.0109863
18 0.539844 0.460547 0.29375 0.263281 0.00754929
16 0.538672 0.453906 0.305469 0.264062 0.00591278
0 0.539844 0.460547 0.29375 0.263281 0.00519943
5 0.54375 0.455469 0.304688 0.253906 0.00502014
7 0.538281 0.453516 0.309375 0.269531 0.00380898
4 0.539844 0.460547 0.29375 0.263281 0.00266266
1 0.535156 0.447656 0.321875 0.267188 0.00201035
2 0.530078 0.451465 0.302344 0.27207 0.828613
14 0.540625 0.448047 0.3 0.275781 0.470703
23 0.539844 0.452734 0.296875 0.279687 0.167725
25 0.5375 0.451562 0.304688 0.282031 0.0362244
1 0.538281 0.44541 0.317188 0.281055 0.00631332
10 0.541797 0.452246 0.299219 0.275195 0.00282288
6 0.539844 0.452734 0.296875 0.279687 0.00276756
7 0.530078 0.451465 0.302344 0.27207 0.00218201
4 0.5375 0.451562 0.304688 0.282031 0.00162888
5 0.541797 0.452246 0.299219 0.275195 0.00148964
17 0.538281 0.44541 0.317188 0.281055 0.00145531
16 0.525684 0.44834 0.314258 0.27832 0.00130463
2 0.527441 0.459277 0.313867 0.286133 0.816895
23 0.536816 0.45 0.324805 0.278906 0.133911
14 0.527441 0.459277 0.313867 0.286133 0.114746
25 0.532715 0.450391 0.318945 0.272656 0.0150146
6 0.524219 0.460547 0.323438 0.286719 0.00534439
7 0.531934 0.459375 0.326758 0.290625 0.0046463
9 0.532715 0.450391 0.318945 0.272656 0.00413513
4 0.536816 0.45 0.324805 0.278906 0.00382423
13 0.539844 0.459473 0.328125 0.285742 0.00312424
10 0.523828 0.453125 0.322656 0.284375 0.00168705
16 0.523828 0.453125 0.322656 0.284375 0.00151253
18 0.523047 0.459766 0.321875 0.282031 0.00117874
2 0.529688 0.453516 0.30625 0.283594 0.902832
14 0.527734 0.45625 0.305469 0.277344 0.331055
23 0.527734 0.45625 0.305469 0.277344 0.11084
9 0.526563 0.452344 0.304688 0.253906 0.0236053
6 0.524902 0.454004 0.318945 0.274805 0.0222931
4 0.526563 0.452344 0.304688 0.253906 0.00709534
25 0.526563 0.452344 0.304688 0.253906 0.00358009
7 0.524902 0.454004 0.318945 0.274805 0.00174141
10 0.53125 0.453125 0.3 0.272656 0.0016613
2 0.534375 0.456641 0.304688 0.272656 0.930664
23 0.539844 0.457813 0.310937 0.265625 0.125488
6 0.537109 0.455566 0.302344 0.270117 0.0745239
14 0.530859 0.460156 0.302344 0.273438 0.0512695
4 0.716406 0.179297 0.223438 0.160156 0.0161591
9 0.539844 0.457813 0.310937 0.265625 0.00595856
25 0.539844 0.457813 0.310937 0.265625 0.00502014
4 0.474316 0.464063 0.22793 0.160938 0.00309944
7 0.533594 0.456152 0.301563 0.27207 0.00302696
0 0.539844 0.457813 0.310937 0.265625 0.00259018
17 0.540625 0.460254 0.309375 0.26543 0.00193405
4 0.598437 0.958594 0.210938 0.0828125 0.00170708
16 0.537109 0.455566 0.302344 0.270117 0.00123501
4 0.539062 0.457422 0.296875 0.273438 0.0011692
10 0.539062 0.457422 0.296875 0.273438 0.0011425
18 0.537109 0.455566 0.302344 0.270117 0.00103188
2 0.529297 0.456934 0.300781 0.279883 0.341553
4 0.533203 0.455078 0.317188 0.277344 0.223999
23 0.533594 0.454297 0.304688 0.277344 0.0933228
14 0.530469 0.455469 0.3 0.285156 0.0739746
9 0.533203 0.455078 0.317188 0.277344 0.0490417
0 0.533203 0.455078 0.317188 0.277344 0.0110703
8 0.533594 0.454297 0.304688 0.277344 0.00723267
6 0.528906 0.457031 0.313281 0.288281 0.00695801
25 0.525 0.462598 0.314063 0.27793 0.00605011
1 0.534375 0.450684 0.3125 0.292383 0.00462723
15 0.530469 0.457422 0.307813 0.278906 0.00307465
10 0.528906 0.457031 0.313281 0.288281 0.00302696
5 0.535937 0.472656 0.30625 0.264062 0.00291252
11 0.528906 0.457031 0.313281 0.288281 0.00277901
17 0.534375 0.450684 0.3125 0.292383 0.0016613
2 0.374805 0.536035 0.749609 0.59043 0.0015974
2 0.529688 0.460547 0.285938 0.264062 0.792969
14 0.526563 0.460547 0.282813 0.265625 0.0863037
23 0.535156 0.462891 0.29375 0.2625 0.0446777
9 0.535156 0.462891 0.29375 0.2625 0.00993347
4 0.535156 0.462891 0.29375 0.2625 0.00609589
6 0.535156 0.462891 0.29375 0.2625 0.0046463
0 0.534375 0.46416 0.295312 0.260742 0.00333786
25 0.535156 0.462891 0.29375 0.2625 0.00313568
2 0.534375 0.458203 0.30625 0.284375 0.960938
14 0.534766 0.460254 0.308594 0.28418 0.408203
23 0.537891 0.461035 0.307031 0.282617 0.081543
9 0.534375 0.461328 0.310937 0.28125 0.00619125
25 0.536719 0.459766 0.309375 0.275781 0.00332451
14 0.859375 0.333203 0.28125 0.467969 0.00209045
1 0.859375 0.333203 0.28125 0.467969 0.00173378
7 0.534473 0.463672 0.320117 0.288281 0.00158501
17 0.536719 0.459766 0.309375 0.275781 0.0015192
13 0.74375 0.680078 0.5125 0.639844 0.00135136
11 0.859375 0.333203 0.28125 0.467969 0.00128937
6 0.536719 0.459766 0.309375 0.275781 0.00125504
2 0.5375 0.460938 0.301563 0.277344 0.898926
14 0.538672 0.461328 0.311719 0.277344 0.200562
23 0.538281 0.453223 0.304688 0.25918 0.0463867
25 0.534375 0.459766 0.29375 0.279687 0.00566483
9 0.539062 0.45166 0.305469 0.25918 0.00291252
10 0.534375 0.459766 0.29375 0.279687 0.00192642
6 0.536719 0.461328 0.304688 0.278125 0.00124931
7 0.534375 0.459766 0.29375 0.279687 0.00111198
2 0.536719 0.457715 0.317188 0.29082 0.991699
14 0.536719 0.457715 0.317188 0.29082 0.102295
23 0.540234 0.457422 0.3125 0.289062 0.0116425
7 0.533984 0.460156 0.322656 0.303125 0.0109024
6 0.540625 0.457422 0.3 0.2875 0.00279999
19 0.311523 0.335352 0.333203 0.427734 0.00194931
25 0.5375 0.455469 0.295312 0.29375 0.00186729
1 0.533594 0.449219 0.315625 0.314063 0.00125504
2 0.535937 0.464746 0.329688 0.283008 0.950195
14 0.539844 0.456641 0.329688 0.284375 0.0605164
23 0.538672 0.4625 0.321094 0.282813 0.0112457
4 0.21333 0.139648 0.37959 0.279297 0.00397491
25 0.539844 0.458496 0.323438 0.286133 0.00345612
9 0.535937 0.464746 0.329688 0.283008 0.00340271
6 0.535059 0.461328 0.326758 0.282031 0.00256157
0 0.21333 0.139648 0.37959 0.279297 0.00201035
7 0.534473 0.458203 0.331055 0.285156 0.00178242
4 0.5375 0.458203 0.328906 0.285938 0.00136185
2 0.532031 0.457031 0.298438 0.266406 0.750488
14 0.530469 0.460938 0.296875 0.264062 0.212769
23 0.528125 0.46084 0.295312 0.26582 0.0438538
9 0.528516 0.457813 0.289844 0.263281 0.0158386
4 0.532031 0.461816 0.304688 0.266992 0.00978088
0 0.207813 0.157031 0.389062 0.314063 0.00337601
4 0.207813 0.157031 0.389062 0.314063 0.00325966
25 0.532031 0.461816 0.304688 0.266992 0.00253105
6 0.529688 0.459375 0.296875 0.273438 0.00211525
14 0.20957 0.139063 0.374609 0.278125 0.0015974
4 0.711719 0.8875 0.228125 0.165625 0.00146103
23 0.541016 0.460547 0.310937 0.298438 0.248657
2 0.539844 0.464453 0.31875 0.292188 0.104126
14 0.540625 0.463379 0.315625 0.30293 0.0977173
4 0.539453 0.463672 0.317969 0.295312 0.0297089
25 0.542578 0.458496 0.314063 0.287695 0.0257568
0 0.541406 0.462891 0.3125 0.297656 0.00812531
10 0.541406 0.462891 0.3125 0.297656 0.00243378
9 0.539844 0.464453 0.31875 0.292188 0.00237846
4 0.798438 0.898438 0.201563 0.159375 0.0020752
6 0.541406 0.462891 0.3125 0.297656 0.00188923
8 0.542578 0.458496 0.314063 0.287695 0.00175476
4 0.716406 0.886719 0.217188 0.157813 0.00136662
17 0.539844 0.464453 0.31875 0.292188 0.00121593
11 0.541406 0.462891 0.3125 0.297656 0.00110722
3 0.541406 0.462891 0.3125 0.297656 0.00101662
2 0.536719 0.465625 0.307031 0.260938 0.86377
14 0.536719 0.465625 0.307031 0.260938 0.174927
9 0.533984 0.460938 0.302344 0.251563 0.0585632
23 0.535156 0.466406 0.304688 0.259375 0.0406799
4 0.533984 0.460938 0.302344 0.251563 0.0135345
6 0.53125 0.460547 0.275 0.253906 0.0105667
14 0.532422 0.458691 0.302344 0.27168 0.245117
4 0.529688 0.454688 0.298438 0.273438 0.210083
2 0.532422 0.458691 0.302344 0.27168 0.110474
23 0.529688 0.454688 0.298438 0.273438 0.0399475
0 0.5375 0.458496 0.309375 0.27207 0.0149536
9 0.532813 0.460059 0.30625 0.275195 0.00985718
25 0.533984 0.453516 0.299219 0.269531 0.00974274
11 0.5375 0.458496 0.309375 0.27207 0.00510025
6 0.5375 0.458496 0.309375 0.27207 0.00235939
14 0.852148 0.351611 0.295703 0.381152 0.00158501
2 0.532031 0.453906 0.317188 0.278125 0.762695
14 0.539062 0.453125 0.317188 0.271094 0.256836
23 0.539062 0.453125 0.317188 0.271094 0.0183411
4 0.535156 0.455078 0.315625 0.279687 0.00253105
6 0.529297 0.451953 0.311719 0.285938 0.00251198
11 0.529297 0.451953 0.311719 0.285938 0.00247192
25 0.533594 0.451953 0.315625 0.269531 0.00162315
7 0.529297 0.451953 0.311719 0.285938 0.00122547
0 0.529297 0.451953 0.311719 0.285938 0.00119209
9 0.535156 0.455078 0.315625 0.279687 0.00103188
4 0.526172 0.453906 0.313281 0.271875 0.23938
14 0.526172 0.453906 0.313281 0.271875 0.206299
2 0.526172 0.452734 0.309375 0.26875 0.151001
23 0.527246 0.452344 0.306445 0.267188 0.021698
9 0.526172 0.453906 0.313281 0.271875 0.0177765
25 0.527246 0.452344 0.306445 0.267188 0.0175171
0 0.530469 0.452734 0.285938 0.271094 0.00436401
4 0.75 0.859375 0.2125 0.15 0.00162888
17 0.527734 0.453125 0.320312 0.278125 0.00142097
4 0.736719 0.885938 0.215625 0.153125 0.00141621
10 0.530469 0.452734 0.285938 0.271094 0.00139427
2 0.526563 0.447266 0.322656 0.275 0.595703
14 0.528809 0.444531 0.317383 0.280469 0.442627
23 0.528906 0.444141 0.31875 0.28125 0.016098
4 0.528906 0.444141 0.31875 0.28125 0.0149536
9 0.528906 0.444141 0.31875 0.28125 0.00518036
6 0.528223 0.443848 0.31543 0.276367 0.00189686
25 0.528906 0.444141 0.31875 0.28125 0.00183868
2 0.530469 0.442969 0.31875 0.275781 0.916016
14 0.536719 0.439453 0.31875 0.280469 0.112427
23 0.535156 0.444141 0.326562 0.278125 0.0197144
6 0.53125 0.439063 0.317188 0.277344 0.00486755
7 0.533594 0.444531 0.325 0.278125 0.00265312
25 0.532031 0.439844 0.317188 0.275 0.00248146
9 0.53125 0.439063 0.317188 0.277344 0.00186729
7 0.700781 0.877148 0.5375 0.245703 0.00143242
2 0.530469 0.436328 0.325781 0.28125 0.959961
14 0.52666 0.441504 0.316992 0.281055 0.0321045
23 0.530566 0.435254 0.320117 0.279492 0.00971222
6 0.532422 0.435937 0.322656 0.283594 0.00575256
9 0.527344 0.439453 0.324219 0.276563 0.00216484
7 0.52666 0.441504 0.316992 0.281055 0.00182438
25 0.535937 0.437109 0.315625 0.279687 0.0012064
4 0.536719 0.438281 0.315625 0.282813 0.586914
2 0.534375 0.439746 0.309375 0.275195 0.359375
14 0.534375 0.440625 0.308594 0.275 0.105957
9 0.536719 0.438281 0.315625 0.282813 0.088501
23 0.536719 0.438281 0.315625 0.282813 0.0140076
6 0.53125 0.439453 0.315625 0.282031 0.00411606
25 0.52959 0.440723 0.311133 0.276367 0.00203514
0 0.53125 0.439453 0.315625 0.282031 0.00126934
2 0.528125 0.438281 0.29375 0.267188 0.900391
14 0.528906 0.440234 0.289844 0.266406 0.109314
9 0.529688 0.437598 0.292188 0.266992 0.0301056
4 0.529688 0.437598 0.292188 0.266992 0.0253296
23 0.529688 0.437598 0.292188 0.266992 0.0118256
6 0.529688 0.437598 0.292188 0.266992 0.00279999
25 0.523535 0.439453 0.298242 0.266406 0.00100803
2 0.527344 0.439063 0.301563 0.271875 0.748535
14 0.526563 0.442578 0.302344 0.272656 0.108215
23 0.528906 0.438672 0.3 0.278906 0.0479431
4 0.528906 0.438672 0.3 0.278906 0.0109863
9 0.528906 0.438672 0.3 0.278906 0.00669098
25 0.528906 0.438672 0.3 0.278906 0.00234222
6 0.528906 0.438672 0.300781 0.278125 0.00101185
2 0.530078 0.443848 0.335938 0.274805 0.500977
4 0.532031 0.442188 0.33125 0.283594 0.178345
14 0.535937 0.444629 0.328125 0.274805 0.113586
9 0.532031 0.442188 0.33125 0.283594 0.0274811
6 0.532031 0.442188 0.33125 0.283594 0.0167847
23 0.532031 0.442188 0.33125 0.283594 0.00959778
25 0.529297 0.444531 0.332813 0.285938 0.00134563
2 0.529297 0.445312 0.31875 0.273438 0.791016
6 0.533594 0.442969 0.314063 0.282813 0.0293732
9 0.533594 0.442969 0.314063 0.282813 0.0238647
23 0.532422 0.444531 0.317969 0.275 0.008255
14 0.532422 0.444531 0.317969 0.275 0.00621796
4 0.535156 0.444629 0.310937 0.282617 0.00213242
16 0.535937 0.444531 0.30625 0.280469 0.00140476
7 0.528809 0.446094 0.32832 0.28125 0.0012846
2 0.525879 0.447656 0.323242 0.271875 0.920898
9 0.530469 0.447754 0.317969 0.27168 0.0289764
14 0.530469 0.447754 0.317969 0.27168 0.0220337
23 0.530469 0.447754 0.317969 0.27168 0.0124817
6 0.523438 0.443359 0.323438 0.271094 0.00460815
4 0.531348 0.448047 0.320117 0.264844 0.00139904
2 0.526465 0.445703 0.304883 0.273438 0.798828
14 0.526172 0.446484 0.307031 0.267188 0.124207
23 0.530469 0.444141 0.303125 0.275781 0.00945282
25 0.528906 0.444531 0.304688 0.277344 0.00268364
9 0.530078 0.443066 0.314063 0.273242 0.00131512
6 0.816406 0.377246 0.367188 0.31582 0.00121593
4 0.528906 0.444531 0.304688 0.277344 0.00112438
2 0.52666 0.446484 0.310742 0.260938 0.603027
14 0.530078 0.446875 0.303906 0.260156 0.513672
23 0.530078 0.446875 0.303906 0.267969 0.0147858
4 0.530078 0.446875 0.303906 0.260156 0.00276756
9 0.526465 0.446094 0.30957 0.267188 0.00235939
2 0.524609 0.451562 0.311719 0.264062 0.881348
14 0.530078 0.446191 0.305469 0.26543 0.0479431
23 0.527734 0.446094 0.313281 0.266406 0.00538635
9 0.527734 0.446094 0.313281 0.266406 0.00379562
7 0.52959 0.454297 0.317383 0.280469 0.00163555
4 0.527734 0.446094 0.313281 0.266406 0.00148964
2 0.528906 0.452344 0.301563 0.263281 0.872559
14 0.530469 0.452441 0.295312 0.262305 0.0812378
23 0.521484 0.450684 0.301563 0.261133 0.00746155
9 0.527246 0.448438 0.304883 0.261719 0.00273705
6 0.527246 0.448438 0.304883 0.261719 0.0017004
2 0.163477 0.576563 0.326953 0.379688 0.00143242
2 0.523438 0.449609 0.294531 0.259375 0.915039
14 0.529688 0.45 0.292188 0.257031 0.202393
23 0.528906 0.445312 0.2875 0.254688 0.00436401
7 0.528516 0.455859 0.296875 0.260156 0.00133514
9 0.525 0.444922 0.290625 0.257812 0.00104046
2 0.525 0.452441 0.282813 0.24668 0.797363
14 0.528125 0.452246 0.282813 0.24707 0.0579224
9 0.526172 0.452344 0.286719 0.25625 0.00524139
23 0.526172 0.452344 0.286719 0.25625 0.00379562
4 0.531641 0.451953 0.285156 0.246875 0.00235939
6 0.528125 0.451172 0.289062 0.253906 0.00104046
2 0.527441 0.45166 0.307617 0.257617 0.874512
14 0.529688 0.452734 0.298438 0.25625 0.0568542
23 0.530859 0.453125 0.297656 0.259375 0.00312424
9 0.528516 0.451562 0.310937 0.25625 0.00256157
4 0.53125 0.453906 0.303125 0.252344 0.00156116
2 0.528906 0.448047 0.284375 0.249219 0.85791
9 0.530078 0.447559 0.279687 0.245508 0.0170441
14 0.530078 0.447559 0.279687 0.245508 0.0086441
23 0.529688 0.449121 0.282031 0.258008 0.00300407
6 0.529688 0.449121 0.282031 0.258008 0.00271416
2 0.530859 0.452441 0.275781 0.248242 0.915527
14 0.530078 0.454004 0.275781 0.249805 0.062561
23 0.530078 0.447656 0.275781 0.240625 0.00416565
25 0.530469 0.451953 0.278125 0.253906 0.00142097
6 0.530469 0.451953 0.278125 0.253906 0.0011425
2 0.533984 0.455566 0.285156 0.266992 0.864258
14 0.533594 0.45625 0.290625 0.260156 0.0226288
9 0.53125 0.454688 0.28125 0.272656 0.00312424
23 0.532813 0.456348 0.282813 0.27168 0.00257111
6 0.53125 0.454688 0.28125 0.272656 0.00244331
2 0.533984 0.454297 0.292969 0.264062 0.692871
14 0.533203 0.454297 0.286719 0.260156 0.115173
9 0.533203 0.453125 0.286719 0.2625 0.0103302
4 0.533203 0.453125 0.286719 0.2625 0.00616837
23 0.535937 0.455469 0.290625 0.274219 0.00568771
6 0.535937 0.455469 0.290625 0.274219 0.00122547
2 0.5375 0.451953 0.28125 0.249219 0.794434
14 0.535937 0.451562 0.276563 0.247656 0.0927124
23 0.535937 0.451562 0.278125 0.255469 0.0106506
6 0.535937 0.451562 0.278125 0.255469 0.00146103
25 0.535937 0.451562 0.278125 0.255469 0.00135612
2 0.534375 0.450391 0.273438 0.238281 0.852051
14 0.533594 0.451172 0.26875 0.242969 0.0856934
23 0.533594 0.451172 0.271875 0.238281 0.013588
25 0.533594 0.44834 0.276563 0.25332 0.00178242
6 0.533594 0.451172 0.271875 0.238281 0.00162888
9 0.533594 0.451172 0.26875 0.242969 0.00105667
2 0.532031 0.452441 0.271875 0.23418 0.82666
14 0.533594 0.451953 0.264062 0.230469 0.121277
23 0.532813 0.452344 0.270313 0.235938 0.0129242
25 0.532813 0.452344 0.270313 0.235938 0.00230598
2 0.530469 0.457422 0.275781 0.238281 0.78418
14 0.529688 0.457422 0.274219 0.234375 0.0342407
9 0.530859 0.457129 0.274219 0.238867 0.00457382
23 0.532422 0.456348 0.280469 0.237305 0.00438309
6 0.53125 0.457813 0.273438 0.248438 0.00157928
25 0.53125 0.457813 0.273438 0.248438 0.0011425
2 0.528125 0.458496 0.270313 0.248633 0.808105
14 0.528125 0.458203 0.26875 0.242188 0.187134
23 0.529297 0.460156 0.274219 0.248438 0.0130234
25 0.529297 0.460156 0.274219 0.248438 0.00223351
9 0.528125 0.458203 0.26875 0.242188 0.00137806
2 0.526172 0.45625 0.277344 0.249219 0.923828
14 0.528125 0.457813 0.275 0.248438 0.0289764
23 0.528906 0.45625 0.278125 0.259375 0.00818634
6 0.528906 0.45625 0.278125 0.259375 0.00158501
25 0.528906 0.455859 0.279687 0.253125 0.00142097
2 0.535156 0.455566 0.285938 0.256055 0.878906
14 0.534375 0.456641 0.2875 0.253906 0.076416
23 0.532813 0.45459 0.285938 0.26582 0.0122375
25 0.532813 0.45459 0.285938 0.26582 0.0011692
9 0.534375 0.456641 0.2875 0.253906 0.00103664
6 0.532813 0.45459 0.285938 0.26582 0.00100422
2 0.538281 0.452246 0.29375 0.261133 0.897461
14 0.536719 0.453906 0.295312 0.257031 0.024704
23 0.532813 0.450781 0.289062 0.271094 0.0114212
6 0.533594 0.450781 0.285938 0.264062 0.00233269
9 0.536328 0.453906 0.289844 0.25625 0.00144958
25 0.532813 0.450781 0.289062 0.271094 0.00119686
2 0.534766 0.453125 0.284375 0.250781 0.866211
9 0.532813 0.453516 0.28125 0.247656 0.00763702
14 0.534766 0.453125 0.284375 0.250781 0.00706482
23 0.53125 0.451465 0.282813 0.256445 0.00329781
6 0.53125 0.451465 0.282813 0.256445 0.00309944
7 0.676562 0.880078 0.45 0.239844 0.00185299
2 0.534766 0.453027 0.278906 0.245508 0.917969
14 0.533594 0.454688 0.280469 0.24375 0.0118256
23 0.532813 0.451172 0.278125 0.249219 0.00772476
9 0.532031 0.454297 0.276563 0.245312 0.00600433
6 0.532031 0.451562 0.279687 0.255469 0.00104809
2 0.534375 0.454785 0.284375 0.254492 0.921387
14 0.533203 0.455566 0.286719 0.251367 0.0238647
23 0.532422 0.453516 0.282813 0.25625 0.00888062
9 0.532031 0.454004 0.282813 0.25293 0.00436401
25 0.529688 0.451953 0.282813 0.2625 0.00110722
2 0.535156 0.453809 0.282813 0.25332 0.811523
9 0.533594 0.454297 0.28125 0.250781 0.0207977
14 0.535156 0.453809 0.282813 0.25332 0.00557709
23 0.532031 0.452344 0.282813 0.258594 0.00210762
2 0.533594 0.453906 0.278125 0.242969 0.92041
14 0.532031 0.453125 0.276563 0.241406 0.02034
23 0.533594 0.452734 0.278125 0.242188 0.00871277
9 0.532031 0.453125 0.276563 0.241406 0.00479126
2 0.534766 0.453516 0.280469 0.246875 0.892578
14 0.533594 0.453906 0.282813 0.246094 0.0125275
23 0.534375 0.453809 0.28125 0.250195 0.00955963
9 0.533594 0.453906 0.278906 0.246875 0.00898743
6 0.532813 0.451953 0.28125 0.253125 0.00115585
25 0.532422 0.452246 0.282031 0.25332 0.00108147
2 0.533984 0.455469 0.286719 0.253125 0.859863
14 0.532813 0.45459 0.289062 0.250195 0.0146713
9 0.532031 0.454688 0.284375 0.251563 0.00682449
23 0.532422 0.454688 0.285156 0.257812 0.00457382
6 0.532813 0.451953 0.285938 0.257031 0.00118828
2 0.534375 0.455078 0.2875 0.255469 0.888184
9 0.532813 0.454297 0.2875 0.255469 0.00837708
14 0.533203 0.454297 0.289062 0.253125 0.00793457
23 0.533594 0.455371 0.288281 0.25957 0.00471878
6 0.533594 0.451562 0.290625 0.2625 0.00102043
2 0.535156 0.455371 0.2875 0.25957 0.871582
14 0.533594 0.455859 0.289062 0.258594 0.0129242
23 0.533594 0.455859 0.285938 0.264062 0.0053215
9 0.532813 0.455469 0.284375 0.260938 0.0045929
2 0.535156 0.455371 0.2875 0.25332 0.92041
14 0.533594 0.455469 0.2875 0.250781 0.0185394
23 0.533594 0.455371 0.2875 0.258008 0.00428009
9 0.532813 0.455078 0.284375 0.251563 0.00153637
2 0.534375 0.45459 0.285156 0.248633 0.902832
14 0.532813 0.454297 0.285938 0.244531 0.0127258
23 0.533984 0.454004 0.286719 0.251367 0.00405502
9 0.533203 0.453906 0.283594 0.246094 0.00245285
7 0.673438 0.885742 0.446875 0.228516 0.00188255
18 0.673438 0.885742 0.446875 0.228516 0.00108147
2 0.534375 0.455078 0.284375 0.250781 0.884766
14 0.532422 0.454785 0.285938 0.248242 0.0136871
23 0.533203 0.454688 0.285156 0.253125 0.00551224
9 0.532422 0.455078 0.282813 0.248438 0.00291252
6 0.532031 0.452734 0.284375 0.254688 0.00105286
2 0.534375 0.455078 0.285938 0.250781 0.897461
14 0.532813 0.454688 0.2875 0.246875 0.0134277
23 0.534375 0.454688 0.2875 0.255469 0.00519943
9 0.533594 0.45459 0.284375 0.248633 0.00370789
6 0.532813 0.453125 0.2875 0.254688 0.00166798
2 0.533203 0.454297 0.282031 0.248438 0.905273
14 0.531641 0.453809 0.282813 0.242383 0.0135345
23 0.532813 0.454004 0.284375 0.249805 0.00486755
9 0.53125 0.453809 0.28125 0.243945 0.00293541
6 0.53125 0.452344 0.282813 0.25 0.00123501
2 0.533594 0.455469 0.286719 0.252344 0.903809
14 0.532422 0.455078 0.2875 0.247656 0.0121002
23 0.532813 0.455078 0.2875 0.25625 0.00372124
9 0.532031 0.454688 0.285156 0.249219 0.00277901
2 0.533594 0.456934 0.285938 0.256445 0.89502
14 0.532813 0.456934 0.2875 0.25332 0.0110321
23 0.533203 0.455371 0.288281 0.261133 0.00479126
9 0.532422 0.456641 0.285156 0.254688 0.00345612
6 0.532031 0.454297 0.2875 0.260156 0.00122547
2 0.533594 0.455859 0.285938 0.253906 0.903809
14 0.532031 0.45625 0.285938 0.250781 0.0122375
23 0.533203 0.454688 0.286719 0.257812 0.00502014
9 0.532422 0.455469 0.283594 0.251563 0.00302696
2 0.534375 0.456152 0.284375 0.251758 0.90918
14 0.532813 0.456348 0.284375 0.24668 0.00723267
9 0.533203 0.455859 0.282031 0.247656 0.00431442
23 0.533594 0.455469 0.284375 0.253906 0.00391388
6 0.532031 0.454004 0.284375 0.256055 0.00115585
2 0.535156 0.45625 0.285938 0.252344 0.891113
14 0.534375 0.456641 0.2875 0.247656 0.0077858
9 0.533594 0.455859 0.284375 0.249219 0.00658798
23 0.534375 0.455859 0.2875 0.25625 0.00428009
6 0.532031 0.453906 0.285938 0.25625 0.00121593
2 0.535156 0.457031 0.285938 0.254688 0.888672
9 0.533203 0.45625 0.285156 0.251563 0.00844574
14 0.533594 0.45791 0.2875 0.249805 0.00712204
23 0.533984 0.45625 0.2875 0.258594 0.00494385
2 0.534375 0.457031 0.285938 0.254688 0.892578
14 0.532813 0.457813 0.2875 0.249219 0.0104065
9 0.532813 0.456641 0.284375 0.251563 0.00629044
23 0.533594 0.456641 0.2875 0.257812 0.00521851
2 0.535156 0.45625 0.2875 0.254688 0.90918
14 0.533594 0.457422 0.2875 0.249219 0.0109863
23 0.533594 0.455469 0.2875 0.257812 0.00519943
9 0.533203 0.45625 0.285156 0.251563 0.00382423
6 0.532031 0.453516 0.286719 0.257031 0.00100803
2 0.535156 0.45625 0.285938 0.252344 0.906738
14 0.533203 0.457031 0.286719 0.247656 0.0130234
23 0.533594 0.455078 0.285938 0.255469 0.00544739
9 0.533203 0.455859 0.284375 0.249219 0.00327301
2 0.534375 0.455859 0.285938 0.252344 0.911621
14 0.532813 0.45625 0.285938 0.248438 0.0125275
23 0.533594 0.455078 0.286719 0.255469 0.00542831
9 0.532813 0.455078 0.284375 0.249219 0.00291252
2 0.534375 0.455859 0.285938 0.252344 0.90332
14 0.532813 0.45625 0.285938 0.248438 0.0128708
23 0.533594 0.454785 0.285938 0.256055 0.00572968
9 0.532813 0.455078 0.284375 0.249219 0.00327301
2 0.534375 0.456152 0.285938 0.251758 0.911621
14 0.532813 0.456641 0.285938 0.247656 0.0114212
23 0.533594 0.455566 0.2875 0.256055 0.00521851
9 0.532813 0.455469 0.284375 0.249219 0.00307465
2 0.534375 0.455859 0.284375 0.251563 0.916016
14 0.532422 0.456641 0.285156 0.246875 0.0118713
23 0.533594 0.455371 0.285938 0.254883 0.00516129
9 0.532813 0.455469 0.284375 0.248438 0.00279999
2 0.534375 0.455566 0.284375 0.251367 0.918945
14 0.532813 0.45625 0.285938 0.246875 0.0132751
23 0.533594 0.454688 0.285938 0.254688 0.0055542
9 0.532813 0.455566 0.284375 0.248242 0.00236893
2 0.534375 0.455469 0.284375 0.250781 0.917969
14 0.532813 0.456152 0.285938 0.245508 0.0137405
23 0.533203 0.454785 0.285938 0.254492 0.00572968
9 0.532813 0.455078 0.282813 0.246875 0.00246239
2 0.534375 0.455566 0.285156 0.251367 0.918945
14 0.532813 0.455859 0.285938 0.246875 0.013588
23 0.533594 0.454688 0.285938 0.254688 0.00582123
9 0.532813 0.454688 0.282813 0.247656 0.00237846
2 0.534375 0.455859 0.285938 0.252344 0.90332
14 0.532813 0.45625 0.286719 0.248438 0.0129242
23 0.533594 0.454785 0.285938 0.256055 0.00572968
9 0.532813 0.455078 0.284375 0.249219 0.00324821
