19 0.520996 0.494434 0.304883 0.342383 0.025177
3 0.524316 0.484375 0.368555 0.40625 0.0100937
11 0.536621 0.482422 0.361133 0.410938 0.00948334
14 0.523828 0.486621 0.361719 0.39082 0.00926971
11 0.666113 0.472266 0.667773 0.40625 0.00919342
19 0.546484 0.454297 0.297656 0.317969 0.00901794
5 0.511719 0.478125 0.390625 0.399219 0.00763702
20 0.524316 0.484375 0.368555 0.40625 0.00548935
11 0.669922 0.432813 0.660156 0.832812 0.00337601
0 0.533594 0.484375 0.357812 0.379688 0.00302696
9 0.524316 0.484375 0.368555 0.40625 0.00236893
11 0.574219 0.465234 0.726562 0.808594 0.00230598
17 0.522656 0.484766 0.365625 0.378906 0.00228691
14 0.666113 0.472266 0.667773 0.40625 0.00224304
10 0.519141 0.476953 0.379688 0.39375 0.00221634
2 0.533594 0.484375 0.357812 0.379688 0.0019722
8 0.523828 0.486621 0.361719 0.39082 0.00195694
4 0.519141 0.476953 0.379688 0.39375 0.00189686
3 0.670703 0.420703 0.658594 0.841406 0.00176811
9 0.666113 0.472266 0.667773 0.40625 0.00176144
5 0.546973 0.402344 0.748242 0.592969 0.00174141
1 0.524316 0.484375 0.368555 0.40625 0.00163555
11 0.627734 0.553125 0.744531 0.889063 0.00161648
23 0.524316 0.484375 0.368555 0.40625 0.00153637
5 0.574219 0.465234 0.726562 0.808594 0.00152493
3 0.607715 0.499121 0.57832 0.41582 0.00137806
5 0.666113 0.472266 0.667773 0.40625 0.00136662
18 0.514453 0.478027 0.388281 0.41582 0.00135612
0 0.670703 0.420703 0.658594 0.841406 0.00124454
3 0.574219 0.465234 0.726562 0.808594 0.0012064
12 0.524316 0.484375 0.368555 0.40625 0.00118828
21 0.54375 0.478516 0.329688 0.354688 0.00117397
14 0.575391 0.486719 0.753906 0.896875 0.00113392
13 0.516504 0.485547 0.388867 0.391406 0.00109863
11 0.546973 0.402344 0.748242 0.592969 0.00108624
20 0.666113 0.472266 0.667773 0.40625 0.00104809
14 0.669922 0.432813 0.660156 0.832812 0.00102425
11 0.577734 0.465625 0.844531 0.93125 0.00102425
4 0.666113 0.472266 0.667773 0.40625 0.00102425
22 0.502734 0.538281 0.575781 0.798438 0.995117
22 0.480078 0.536328 0.475 0.478906 0.994629
17 0.480078 0.536328 0.475 0.478906 0.992188
17 0.502734 0.538281 0.575781 0.798438 0.974121
22 0.611035 0.542578 0.657617 0.841406 0.967773
22 0.528809 0.544922 0.461133 0.671094 0.959961
20 0.480078 0.536328 0.475 0.478906 0.958984
22 0.466504 0.534375 0.76543 0.890625 0.952637
20 0.506641 0.535937 0.728906 0.8375 0.943848
17 0.443652 0.470313 0.712695 0.854688 0.938477
17 0.528809 0.544922 0.461133 0.671094 0.924805
17 0.611035 0.542578 0.657617 0.841406 0.875977
22 0.531152 0.416406 0.464258 0.832812 0.863281
3 0.480078 0.536328 0.475 0.478906 0.85791
3 0.506641 0.535937 0.728906 0.8375 0.835449
17 0.531152 0.416406 0.464258 0.832812 0.827637
14 0.444922 0.555566 0.569531 0.520117 0.789062
22 0.414746 0.425391 0.63457 0.824219 0.656738
14 0.491406 0.503809 0.45625 0.433008 0.638672
14 0.506641 0.535937 0.728906 0.8375 0.611328
17 0.491797 0.604199 0.716406 0.791602 0.600098
20 0.528809 0.544922 0.461133 0.671094 0.59082
11 0.506641 0.535937 0.728906 0.8375 0.558105
22 0.643359 0.479688 0.713281 0.91875 0.552734
25 0.491406 0.503809 0.45625 0.433008 0.498047
17 0.643359 0.479688 0.713281 0.91875 0.411133
17 0.381641 0.527734 0.763281 0.936719 0.39502
20 0.414746 0.425391 0.63457 0.824219 0.383057
3 0.528809 0.544922 0.461133 0.671094 0.35498
25 0.444922 0.555566 0.569531 0.520117 0.348633
10 0.444922 0.555566 0.569531 0.520117 0.332764
14 0.414746 0.425391 0.63457 0.824219 0.313965
17 0.376758 0.632031 0.753516 0.735938 0.306641
11 0.444922 0.555566 0.569531 0.520117 0.287842
17 0.665137 0.395313 0.669727 0.790625 0.275879
22 0.380469 0.478125 0.760938 0.935938 0.271973
22 0.617578 0.598437 0.764844 0.803125 0.267334
14 0.528809 0.544922 0.461133 0.671094 0.24585
8 0.444922 0.555566 0.569531 0.520117 0.233032
10 0.506641 0.535937 0.728906 0.8375 0.230225
22 0.376758 0.632031 0.753516 0.735938 0.229492
17 0.639063 0.594141 0.721875 0.811719 0.221313
22 0.665137 0.395313 0.669727 0.790625 0.213989
1 0.506641 0.535937 0.728906 0.8375 0.210815
25 0.502734 0.538281 0.575781 0.798438 0.210083
22 0.528809 0.610156 0.673633 0.779688 0.205566
17 0.376563 0.420703 0.753125 0.841406 0.203735
3 0.414746 0.425391 0.63457 0.824219 0.203125
20 0.531152 0.416406 0.464258 0.832812 0.192505
14 0.531152 0.416406 0.464258 0.832812 0.184814
20 0.425391 0.585547 0.771094 0.828906 0.177856
3 0.531152 0.416406 0.464258 0.832812 0.174927
1 0.444922 0.555566 0.569531 0.520117 0.169922
13 0.444922 0.555566 0.569531 0.520117 0.167725
13 0.466504 0.534375 0.76543 0.890625 0.167725
17 0.417969 0.686133 0.801562 0.627734 0.162354
22 0.689063 0.582422 0.621875 0.835156 0.161865
8 0.443652 0.470313 0.712695 0.854688 0.157715
14 0.476562 0.465723 0.482031 0.61543 0.14856
17 0.689453 0.557813 0.621094 0.884375 0.1427
0 0.491406 0.503809 0.45625 0.433008 0.134766
20 0.628125 0.589063 0.74375 0.821875 0.123352
22 0.417969 0.686133 0.801562 0.627734 0.12085
17 0.337891 0.578906 0.675781 0.842188 0.120422
25 0.528809 0.544922 0.461133 0.671094 0.111633
14 0.425391 0.585547 0.771094 0.828906 0.107788
17 0.676562 0.328711 0.646875 0.657422 0.107422
25 0.531152 0.416406 0.464258 0.832812 0.102661
17 0.733984 0.624219 0.532031 0.751563 0.0980835
20 0.403125 0.477344 0.80625 0.935938 0.0966797
20 0.643359 0.479688 0.713281 0.91875 0.0966797
3 0.425391 0.585547 0.771094 0.828906 0.0939941
22 0.357812 0.391406 0.715625 0.782813 0.0923462
0 0.444922 0.555566 0.569531 0.520117 0.0894775
13 0.502734 0.538281 0.575781 0.798438 0.0888062
17 0.592969 0.407031 0.782813 0.814063 0.0869141
22 0.676562 0.328711 0.646875 0.657422 0.0809326
19 0.509473 0.489453 0.301367 0.357812 0.078064
17 0.323438 0.391016 0.646875 0.782031 0.0769653
22 0.339453 0.553906 0.678906 0.892188 0.076416
9 0.506641 0.535937 0.728906 0.8375 0.0710449
0 0.531152 0.416406 0.464258 0.832812 0.0703125
11 0.528809 0.544922 0.461133 0.671094 0.0692749
14 0.403125 0.477344 0.80625 0.935938 0.0673218
22 0.733984 0.624219 0.532031 0.751563 0.0668335
14 0.635547 0.419531 0.728906 0.839063 0.0646362
17 0.626953 0.345313 0.746094 0.690625 0.062561
5 0.506641 0.535937 0.728906 0.8375 0.0623169
2 0.480078 0.536328 0.475 0.478906 0.0609741
22 0.592969 0.407031 0.782813 0.814063 0.0592041
24 0.502734 0.538281 0.575781 0.798438 0.0587769
25 0.611035 0.542578 0.657617 0.841406 0.0587769
17 0.312305 0.470313 0.624609 0.932813 0.0572815
8 0.45166 0.599219 0.74668 0.801562 0.0572815
11 0.425391 0.585547 0.771094 0.828906 0.0566406
17 0.434277 0.401172 0.570508 0.802344 0.0560303
20 0.358594 0.605469 0.717188 0.789062 0.055603
25 0.443652 0.470313 0.712695 0.854688 0.0535889
14 0.628125 0.589063 0.74375 0.821875 0.0509033
11 0.491406 0.503809 0.45625 0.433008 0.0507202
13 0.528809 0.544922 0.461133 0.671094 0.0477905
10 0.414746 0.425391 0.63457 0.824219 0.0469055
20 0.375 0.678516 0.75 0.642969 0.0463867
1 0.425391 0.585547 0.771094 0.828906 0.0460205
3 0.643359 0.479688 0.713281 0.91875 0.0455322
3 0.628125 0.589063 0.74375 0.821875 0.0448608
3 0.403125 0.477344 0.80625 0.935938 0.0440063
13 0.414746 0.425391 0.63457 0.824219 0.0435181
17 0.338672 0.677539 0.677344 0.644922 0.0435181
13 0.491406 0.503809 0.45625 0.433008 0.0433655
8 0.502734 0.538281 0.575781 0.798438 0.0433655
22 0.626953 0.345313 0.746094 0.690625 0.0428772
17 0.288477 0.362109 0.576953 0.724219 0.0419312
13 0.611035 0.542578 0.657617 0.841406 0.0419312
20 0.335547 0.472656 0.671094 0.935938 0.0405273
17 0.300586 0.394824 0.593359 0.638477 0.0399475
8 0.491406 0.503809 0.45625 0.433008 0.0394897
11 0.628125 0.589063 0.74375 0.821875 0.0394897
16 0.480078 0.536328 0.475 0.478906 0.0393372
1 0.381641 0.527734 0.763281 0.936719 0.0393372
20 0.665137 0.395313 0.669727 0.790625 0.035675
1 0.370313 0.655664 0.740625 0.688672 0.0344238
0 0.528809 0.544922 0.461133 0.671094 0.032959
24 0.611035 0.542578 0.657617 0.841406 0.0328369
1 0.433691 0.439844 0.782617 0.879687 0.0319824
11 0.531152 0.416406 0.464258 0.832812 0.0316162
14 0.335547 0.472656 0.671094 0.935938 0.0313721
25 0.476562 0.465723 0.482031 0.61543 0.0310211
17 0.569922 0.690625 0.860156 0.61875 0.0305634
0 0.443652 0.470313 0.712695 0.854688 0.0301056
14 0.358594 0.605469 0.717188 0.789062 0.0301056
20 0.689063 0.582422 0.621875 0.835156 0.0298767
13 0.531152 0.416406 0.464258 0.832812 0.029541
22 0.773633 0.623438 0.452734 0.639063 0.0294189
16 0.502734 0.538281 0.575781 0.798438 0.0293121
1 0.663672 0.423438 0.672656 0.846875 0.0289764
22 0.312109 0.44375 0.624219 0.8875 0.0288696
22 0.558594 0.665625 0.853125 0.66875 0.028656
22 0.300586 0.394824 0.593359 0.638477 0.0280151
22 0.325781 0.336719 0.651563 0.673438 0.0271759
17 0.773633 0.623438 0.452734 0.639063 0.0271759
14 0.375 0.678516 0.75 0.642969 0.026062
20 0.341797 0.391406 0.683594 0.782813 0.0257568
24 0.491797 0.604199 0.716406 0.791602 0.0255585
13 0.425098 0.619922 0.70293 0.760156 0.0254669
3 0.376758 0.632031 0.753516 0.735938 0.025177
11 0.414746 0.425391 0.63457 0.824219 0.0248871
22 0.338672 0.677539 0.677344 0.644922 0.0246124
9 0.444922 0.555566 0.569531 0.520117 0.0245209
1 0.33457 0.445312 0.669141 0.890625 0.024231
1 0.528809 0.544922 0.461133 0.671094 0.023468
10 0.491406 0.503809 0.45625 0.433008 0.0233307
1 0.336719 0.603516 0.673438 0.792969 0.0231018
25 0.491797 0.604199 0.716406 0.791602 0.0226288
10 0.425391 0.585547 0.771094 0.828906 0.0225372
3 0.665137 0.395313 0.669727 0.790625 0.0222015
1 0.664062 0.588672 0.671875 0.822656 0.0220795
2 0.528809 0.544922 0.461133 0.671094 0.0220337
5 0.444922 0.555566 0.569531 0.520117 0.0218658
20 0.446973 0.636719 0.612305 0.726562 0.0214539
11 0.643359 0.479688 0.713281 0.91875 0.0213623
1 0.4125 0.413672 0.621875 0.782031 0.0205994
16 0.491797 0.604199 0.716406 0.791602 0.0205688
17 0.712109 0.634766 0.575781 0.730469 0.0205688
1 0.439453 0.707812 0.827344 0.584375 0.0205688
16 0.528809 0.544922 0.461133 0.671094 0.0204926
5 0.457031 0.618359 0.64375 0.763281 0.0204163
17 0.667969 0.807617 0.570312 0.384766 0.0200195
0 0.476562 0.465723 0.482031 0.61543 0.019989
1 0.491406 0.503809 0.45625 0.433008 0.0198669
2 0.502734 0.538281 0.575781 0.798438 0.0194244
13 0.476562 0.465723 0.482031 0.61543 0.0190582
22 0.667969 0.807617 0.570312 0.384766 0.0190582
24 0.480078 0.536328 0.475 0.478906 0.0184784
13 0.640234 0.44375 0.719531 0.8875 0.0184021
3 0.364844 0.555469 0.729688 0.889063 0.0183411
0 0.635547 0.419531 0.728906 0.839063 0.0176392
3 0.689063 0.582422 0.621875 0.835156 0.0176392
14 0.689063 0.582422 0.621875 0.835156 0.0174408
9 0.425098 0.619922 0.70293 0.760156 0.0172424
20 0.439453 0.707812 0.827344 0.584375 0.0172424
22 0.733594 0.404297 0.532813 0.808594 0.0171051
1 0.733984 0.624219 0.532031 0.751563 0.0167236
8 0.528809 0.544922 0.461133 0.671094 0.0166626
22 0.719922 0.795313 0.560156 0.409375 0.0166626
17 0.269922 0.330273 0.539844 0.660547 0.0165863
16 0.443652 0.470313 0.712695 0.854688 0.0163422
17 0.628223 0.741406 0.554492 0.517188 0.0158997
13 0.359375 0.475781 0.71875 0.935938 0.0158386
14 0.341797 0.391406 0.683594 0.782813 0.0156021
25 0.635547 0.419531 0.728906 0.839063 0.0155411
1 0.476562 0.465723 0.482031 0.61543 0.0153046
20 0.648828 0.339648 0.702344 0.679297 0.0151901
1 0.531152 0.416406 0.464258 0.832812 0.0150757
3 0.352344 0.41875 0.704688 0.8375 0.0147324
13 0.386328 0.703711 0.772656 0.592578 0.0146179
22 0.55625 0.731641 0.721875 0.536719 0.0146179
22 0.685938 0.293164 0.529688 0.586328 0.0144501
1 0.592969 0.407031 0.782813 0.814063 0.0141754
3 0.417969 0.686133 0.801562 0.627734 0.0140076
17 0.685938 0.293164 0.529688 0.586328 0.0136871
22 0.628223 0.741406 0.554492 0.517188 0.0135345
11 0.807813 0.875391 0.384375 0.249219 0.0134277
17 0.733594 0.404297 0.532813 0.808594 0.0132751
8 0.381641 0.527734 0.763281 0.936719 0.0132751
13 0.352539 0.653906 0.705078 0.692187 0.0132751
17 0.325 0.297656 0.65 0.595313 0.0131226
16 0.531152 0.416406 0.464258 0.832812 0.012825
20 0.733984 0.624219 0.532031 0.751563 0.012825
16 0.611035 0.542578 0.657617 0.841406 0.0126724
24 0.528809 0.544922 0.461133 0.671094 0.0125732
14 0.676562 0.328711 0.646875 0.657422 0.0124283
21 0.480078 0.536328 0.475 0.478906 0.0124283
1 0.712109 0.634766 0.575781 0.730469 0.012291
1 0.347266 0.703711 0.694531 0.592578 0.012291
3 0.733984 0.624219 0.532031 0.751563 0.012146
14 0.721484 0.875391 0.557031 0.249219 0.012146
20 0.807813 0.875391 0.384375 0.249219 0.0120544
1 0.689844 0.530859 0.620313 0.932031 0.0118713
3 0.676562 0.328711 0.646875 0.657422 0.0118256
22 0.278516 0.364063 0.557031 0.728125 0.0116882
3 0.592969 0.407031 0.782813 0.814063 0.0116882
20 0.592969 0.407031 0.782813 0.814063 0.0116425
1 0.648828 0.339648 0.702344 0.679297 0.0112457
13 0.689844 0.605859 0.620313 0.788281 0.0112457
1 0.470215 0.641406 0.793945 0.717188 0.0111618
17 0.721484 0.875391 0.557031 0.249219 0.0111618
13 0.592969 0.407031 0.782813 0.814063 0.0110703
11 0.380469 0.478125 0.760938 0.935938 0.0109482
14 0.306445 0.33418 0.612891 0.668359 0.0109024
13 0.337891 0.578906 0.675781 0.842188 0.0108566
14 0.439453 0.707812 0.827344 0.584375 0.0107803
1 0.446973 0.636719 0.612305 0.726562 0.0106964
21 0.509473 0.489453 0.301367 0.357812 0.0106125
17 0.719922 0.795313 0.560156 0.409375 0.0105667
20 0.721484 0.875391 0.557031 0.249219 0.0104523
11 0.721094 0.818945 0.557813 0.362109 0.0102463
1 0.290234 0.522656 0.580469 0.929688 0.0102081
17 0.215234 0.266016 0.430469 0.532031 0.00971222
22 0.272852 0.311328 0.545703 0.622656 0.00971222
3 0.822266 0.881836 0.355469 0.236328 0.00971222
1 0.278516 0.364063 0.557031 0.728125 0.00945282
22 0.807813 0.875391 0.384375 0.249219 0.00923157
8 0.356641 0.629687 0.713281 0.740625 0.00919342
8 0.531152 0.416406 0.464258 0.832812 0.00912476
10 0.403125 0.477344 0.80625 0.935938 0.00908661
14 0.701172 0.798633 0.597656 0.402734 0.00908661
17 0.798633 0.883594 0.402734 0.232813 0.00908661
22 0.746484 0.304688 0.507031 0.609375 0.00905609
0 0.425391 0.585547 0.771094 0.828906 0.00905609
20 0.470215 0.641406 0.793945 0.717188 0.00898743
13 0.617578 0.598437 0.764844 0.803125 0.00891876
14 0.824609 0.889063 0.350781 0.221875 0.00874329
20 0.694531 0.325391 0.604688 0.650781 0.0086441
2 0.443652 0.470313 0.712695 0.854688 0.0086441
20 0.306445 0.33418 0.612891 0.668359 0.00861359
11 0.476562 0.465723 0.482031 0.61543 0.00847626
10 0.528809 0.544922 0.461133 0.671094 0.00847626
21 0.528809 0.544922 0.461133 0.671094 0.00809479
14 0.536621 0.628516 0.693945 0.742969 0.00806427
13 0.310156 0.414844 0.620313 0.829688 0.00793457
8 0.641797 0.401953 0.716406 0.803906 0.00790405
20 0.300586 0.394824 0.593359 0.638477 0.0078125
5 0.491406 0.503809 0.45625 0.433008 0.00775528
22 0.721484 0.875391 0.557031 0.249219 0.00766754
17 0.746484 0.304688 0.507031 0.609375 0.00751877
5 0.414746 0.425391 0.63457 0.824219 0.00751877
14 0.626953 0.345313 0.746094 0.690625 0.00748825
14 0.685938 0.293164 0.529688 0.586328 0.00740433
3 0.626953 0.345313 0.746094 0.690625 0.00737381
20 0.701172 0.798633 0.597656 0.402734 0.00737381
8 0.611035 0.542578 0.657617 0.841406 0.00728989
8 0.476562 0.465723 0.482031 0.61543 0.00725937
22 0.215234 0.266016 0.430469 0.532031 0.00723267
1 0.613281 0.639844 0.773438 0.720313 0.00720596
3 0.312305 0.470313 0.624609 0.932813 0.00714874
1 0.569922 0.690625 0.860156 0.61875 0.00714874
1 0.288477 0.362109 0.576953 0.724219 0.00712204
14 0.316016 0.653125 0.632031 0.69375 0.00712204
3 0.446973 0.636719 0.612305 0.726562 0.00703812
2 0.45166 0.599219 0.74668 0.801562 0.00701141
13 0.628223 0.741406 0.554492 0.517188 0.00695801
0 0.502734 0.538281 0.575781 0.798438 0.0068512
8 0.389062 0.681445 0.778125 0.637109 0.0068512
0 0.817969 0.892188 0.364063 0.215625 0.00679779
1 0.325781 0.336719 0.651563 0.673438 0.00669098
2 0.531152 0.416406 0.464258 0.832812 0.00669098
14 0.733984 0.624219 0.532031 0.751563 0.00669098
4 0.443652 0.470313 0.712695 0.854688 0.00661469
14 0.300586 0.394824 0.593359 0.638477 0.00643921
11 0.376758 0.632031 0.753516 0.735938 0.00643921
20 0.316016 0.653125 0.632031 0.69375 0.00634003
16 0.798633 0.883594 0.402734 0.232813 0.00634003
25 0.640625 0.573828 0.71875 0.852344 0.00629044
13 0.667188 0.363281 0.665625 0.726562 0.00624084
11 0.665137 0.395313 0.669727 0.790625 0.00619125
1 0.694531 0.325391 0.604688 0.650781 0.00605011
17 0.148242 0.249023 0.296484 0.498047 0.00600433
19 0.557031 0.400098 0.307813 0.370117 0.00595856
22 0.148242 0.249023 0.296484 0.498047 0.00595856
19 0.526172 0.493066 0.347656 0.357617 0.339844
16 0.529297 0.495215 0.342969 0.345508 0.131226
21 0.531641 0.499121 0.34375 0.336133 0.0458679
1 0.539844 0.500391 0.321875 0.38125 0.0211182
17 0.526172 0.497266 0.346094 0.375781 0.0176392
22 0.531934 0.494531 0.333008 0.374219 0.016098
16 0.510938 0.518359 0.2875 0.288281 0.0131683
16 0.352539 0.0839844 0.419922 0.167969 0.0114212
3 0.528027 0.494141 0.343945 0.370313 0.0101318
13 0.531641 0.499121 0.34375 0.336133 0.00981903
16 0.426172 0.0988281 0.39375 0.197656 0.00974274
4 0.479688 0.477734 0.464063 0.433594 0.00821686
9 0.539844 0.500391 0.321875 0.38125 0.00754929
20 0.539844 0.500391 0.321875 0.38125 0.00751877
1 0.442969 0.449609 0.525 0.488281 0.00731659
11 0.541406 0.489453 0.309375 0.371094 0.00725937
8 0.539844 0.500391 0.321875 0.38125 0.00701141
4 0.539844 0.500391 0.321875 0.38125 0.0069313
1 0.423828 0.378027 0.585156 0.618945 0.00669098
12 0.539844 0.500391 0.321875 0.38125 0.00653839
12 0.479688 0.477734 0.464063 0.433594 0.00643921
17 0.442969 0.449609 0.525 0.488281 0.00598145
19 0.342969 0.0808594 0.383594 0.161719 0.00559998
19 0.497754 0.497656 0.25918 0.296875 0.00477219
19 0.428906 0.0980469 0.397656 0.196094 0.00471878
2 0.526172 0.497266 0.346094 0.375781 0.00436401
4 0.423828 0.378027 0.585156 0.618945 0.00426483
22 0.442969 0.449609 0.525 0.488281 0.00419998
5 0.541406 0.489453 0.309375 0.371094 0.00382423
19 0.555469 0.442188 0.279687 0.271094 0.00380898
5 0.479688 0.477734 0.464063 0.433594 0.00370789
12 0.41709 0.455566 0.756445 0.756055 0.00367928
11 0.479688 0.477734 0.464063 0.433594 0.00362206
0 0.528027 0.494141 0.343945 0.370313 0.00349617
17 0.423828 0.378027 0.585156 0.618945 0.00337601
12 0.423828 0.378027 0.585156 0.618945 0.00322342
13 0.479688 0.477734 0.464063 0.433594 0.00322342
9 0.479688 0.477734 0.464063 0.433594 0.00305176
20 0.479688 0.477734 0.464063 0.433594 0.00302696
11 0.423828 0.378027 0.585156 0.618945 0.00298119
21 0.553906 0.43125 0.279687 0.248438 0.00284576
3 0.479688 0.477734 0.464063 0.433594 0.00271416
20 0.423828 0.378027 0.585156 0.618945 0.00261116
22 0.423828 0.378027 0.585156 0.618945 0.00239754
25 0.526172 0.497266 0.346094 0.375781 0.00235939
3 0.423828 0.378027 0.585156 0.618945 0.00230598
13 0.41709 0.455566 0.756445 0.756055 0.00212479
14 0.423828 0.378027 0.585156 0.618945 0.00208282
2 0.442969 0.449609 0.525 0.488281 0.00192642
8 0.423828 0.378027 0.585156 0.618945 0.00191212
10 0.539844 0.500391 0.321875 0.38125 0.00188255
8 0.479688 0.477734 0.464063 0.433594 0.00183868
19 0.777344 0.602734 0.339063 0.400781 0.00182438
14 0.479688 0.477734 0.464063 0.433594 0.00177479
14 0.541406 0.489453 0.309375 0.371094 0.00176811
11 0.41709 0.455566 0.756445 0.756055 0.00175476
17 0.576563 0.503516 0.25625 0.392188 0.00173378
16 0.479688 0.477734 0.464063 0.433594 0.0017004
2 0.423828 0.378027 0.585156 0.618945 0.00161076
16 0.860938 0.664844 0.278125 0.371875 0.00157928
0 0.442969 0.449609 0.525 0.488281 0.00157356
13 0.423828 0.378027 0.585156 0.618945 0.00156689
17 0.543359 0.515723 0.310156 0.282617 0.00153637
16 0.782617 0.621875 0.334766 0.365625 0.00143814
10 0.479688 0.477734 0.464063 0.433594 0.00138283
19 0.829492 0.825586 0.341016 0.348828 0.00132465
1 0.328125 0.71875 0.489844 0.5625 0.00131512
0 0.423828 0.378027 0.585156 0.618945 0.00126934
1 0.409473 0.412891 0.773242 0.825781 0.00125504
1 0.537891 0.551562 0.313281 0.264062 0.00121593
24 0.541406 0.489453 0.309375 0.371094 0.00121117
12 0.347656 0.113672 0.551562 0.227344 0.00119686
4 0.41709 0.455566 0.756445 0.756055 0.00117874
12 0.544141 0.51875 0.492969 0.6375 0.0011692
12 0.505371 0.599316 0.558008 0.637305 0.0011692
1 0.372266 0.753125 0.628125 0.49375 0.00116539
9 0.423828 0.378027 0.585156 0.618945 0.00115108
12 0.421191 0.781641 0.618555 0.436719 0.00110722
24 0.479688 0.477734 0.464063 0.433594 0.00109005
11 0.389453 0.116406 0.528125 0.232813 0.00107288
6 0.540625 0.482031 0.301563 0.372656 0.00106525
12 0.448047 0.681543 0.542969 0.636914 0.00106525
12 0.453516 0.612891 0.761719 0.774219 0.00105667
12 0.328125 0.71875 0.489844 0.5625 0.00100422
21 0.528809 0.484766 0.320508 0.430469 0.458984
19 0.528809 0.484766 0.320508 0.430469 0.397949
22 0.519922 0.511328 0.333594 0.364844 0.237183
11 0.520312 0.503125 0.323438 0.375781 0.168335
5 0.520312 0.503125 0.323438 0.375781 0.0687866
17 0.519922 0.511328 0.333594 0.364844 0.0678101
3 0.52334 0.510059 0.325195 0.367383 0.0600891
1 0.521094 0.497754 0.332813 0.354492 0.0566406
13 0.529004 0.507715 0.337305 0.362695 0.0343628
20 0.52334 0.510059 0.325195 0.367383 0.0327148
8 0.521094 0.497754 0.332813 0.354492 0.016983
16 0.52334 0.510059 0.325195 0.367383 0.0155411
25 0.519922 0.511328 0.333594 0.364844 0.0155411
14 0.52334 0.510059 0.325195 0.367383 0.0149536
22 0.788281 0.499609 0.423438 0.577344 0.0145569
1 0.539062 0.426465 0.405469 0.539258 0.0142288
11 0.621191 0.490234 0.541992 0.505469 0.0141754
17 0.553223 0.451562 0.399805 0.471094 0.014061
24 0.520312 0.503125 0.323438 0.375781 0.0134811
12 0.52334 0.510059 0.325195 0.367383 0.0125275
10 0.520312 0.503125 0.323438 0.375781 0.0122375
6 0.520312 0.503125 0.323438 0.375781 0.0120544
9 0.529004 0.507715 0.337305 0.362695 0.0117798
22 0.553223 0.451562 0.399805 0.471094 0.0112457
4 0.519629 0.505566 0.337305 0.379492 0.0111618
1 0.777734 0.476953 0.444531 0.567969 0.00905609
22 0.621191 0.490234 0.541992 0.505469 0.00818634
1 0.556641 0.373828 0.458594 0.694531 0.00806427
0 0.521094 0.497754 0.332813 0.354492 0.00757599
2 0.52334 0.510059 0.325195 0.367383 0.00714874
21 0.761328 0.583203 0.300781 0.400781 0.00703812
0 0.621191 0.490234 0.541992 0.505469 0.00638962
11 0.782422 0.447266 0.435156 0.519531 0.00568771
1 0.621191 0.490234 0.541992 0.505469 0.00561905
3 0.539062 0.426465 0.405469 0.539258 0.0055542
19 0.761328 0.605469 0.296094 0.385938 0.00534439
1 0.813086 0.408203 0.373828 0.442969 0.00498199
4 0.621191 0.490234 0.541992 0.505469 0.00498199
17 0.788281 0.499609 0.423438 0.577344 0.00481033
17 0.621191 0.490234 0.541992 0.505469 0.00479126
16 0.621191 0.490234 0.541992 0.505469 0.00468063
4 0.539062 0.426465 0.405469 0.539258 0.0045929
14 0.621191 0.490234 0.541992 0.505469 0.00439835
12 0.541016 0.493359 0.414844 0.417969 0.00432968
0 0.553223 0.451562 0.399805 0.471094 0.00400543
1 0.678516 0.369727 0.642969 0.688672 0.00397491
17 0.556641 0.373828 0.458594 0.694531 0.00391388
6 0.665625 0.522559 0.648438 0.576758 0.00382423
3 0.621191 0.490234 0.541992 0.505469 0.00365067
24 0.665625 0.522559 0.648438 0.576758 0.00356483
22 0.813086 0.408203 0.373828 0.442969 0.00329781
12 0.785742 0.544922 0.428516 0.586719 0.00327301
8 0.539062 0.426465 0.405469 0.539258 0.00321007
13 0.621191 0.490234 0.541992 0.505469 0.00312424
19 0.866406 0.204688 0.267188 0.409375 0.00309944
3 0.788281 0.499609 0.423438 0.577344 0.00309944
23 0.520312 0.503125 0.323438 0.375781 0.00307465
12 0.621191 0.490234 0.541992 0.505469 0.00300407
22 0.674316 0.434375 0.651367 0.58125 0.00298119
14 0.782422 0.447266 0.435156 0.519531 0.00291252
25 0.621191 0.490234 0.541992 0.505469 0.00291252
12 0.547559 0.391797 0.486133 0.759375 0.00287819
13 0.547559 0.391797 0.486133 0.759375 0.00283432
2 0.621191 0.490234 0.541992 0.505469 0.00279999
4 0.556641 0.373828 0.458594 0.694531 0.00275803
19 0.540527 0.508594 0.426758 0.404687 0.00275803
13 0.761328 0.583203 0.300781 0.400781 0.00271416
25 0.553223 0.451562 0.399805 0.471094 0.00269318
17 0.678516 0.369727 0.642969 0.688672 0.0026722
20 0.621191 0.490234 0.541992 0.505469 0.0026722
20 0.813086 0.408203 0.373828 0.442969 0.00252151
13 0.788281 0.499609 0.423438 0.577344 0.00251198
11 0.785742 0.544922 0.428516 0.586719 0.00251198
21 0.621191 0.490234 0.541992 0.505469 0.00248146
14 0.553223 0.451562 0.399805 0.471094 0.00247192
19 0.544922 0.420312 0.315625 0.450781 0.0024147
4 0.782422 0.447266 0.435156 0.519531 0.00240517
13 0.553223 0.451562 0.399805 0.471094 0.00239754
20 0.777734 0.476953 0.444531 0.567969 0.00237846
3 0.556641 0.373828 0.458594 0.694531 0.00232315
1 0.664062 0.452734 0.671875 0.782031 0.00226974
22 0.556641 0.373828 0.458594 0.694531 0.00222588
12 0.678516 0.369727 0.642969 0.688672 0.00221634
6 0.813086 0.408203 0.373828 0.442969 0.00221634
11 0.674316 0.434375 0.651367 0.58125 0.00221634
11 0.666309 0.526563 0.667383 0.803125 0.00221634
12 0.597266 0.341797 0.502344 0.683594 0.00214958
21 0.782422 0.447266 0.435156 0.519531 0.00214005
2 0.553223 0.451562 0.399805 0.471094 0.00212479
19 0.878906 0.673438 0.242188 0.36875 0.00205803
6 0.605078 0.444629 0.497656 0.51543 0.00203514
1 0.540527 0.508594 0.426758 0.404687 0.00201988
5 0.782813 0.481934 0.434375 0.550195 0.00199509
11 0.547559 0.391797 0.486133 0.759375 0.00193405
21 0.875 0.659766 0.25 0.397656 0.00189686
11 0.830273 0.361133 0.339453 0.416797 0.00188923
11 0.539062 0.426465 0.405469 0.539258 0.00188255
1 0.837109 0.299219 0.325781 0.45 0.00187492
0 0.782422 0.447266 0.435156 0.519531 0.00186729
12 0.48584 0.461816 0.556445 0.723242 0.00186729
0 0.678516 0.369727 0.642969 0.688672 0.00183868
16 0.830273 0.361133 0.339453 0.416797 0.0018177
12 0.666309 0.526563 0.667383 0.803125 0.00178909
11 0.754883 0.370898 0.490234 0.576953 0.00178242
12 0.782422 0.447266 0.435156 0.519531 0.00178242
18 0.529004 0.507715 0.337305 0.362695 0.00178242
12 0.474121 0.408594 0.704883 0.790625 0.00176811
2 0.830273 0.361133 0.339453 0.416797 0.00175476
19 0.762109 0.526563 0.307031 0.428125 0.00174809
1 0.588281 0.314453 0.589063 0.628906 0.0017271
13 0.678516 0.369727 0.642969 0.688672 0.00171375
20 0.553223 0.451562 0.399805 0.471094 0.0017004
1 0.754883 0.370898 0.490234 0.576953 0.0017004
16 0.541016 0.493359 0.414844 0.417969 0.00168705
19 0.782813 0.481934 0.434375 0.550195 0.00167465
10 0.782422 0.447266 0.435156 0.519531 0.0016489
3 0.803711 0.390527 0.392578 0.506445 0.0015974
0 0.835938 0.375098 0.328125 0.368555 0.00158501
13 0.666309 0.526563 0.667383 0.803125 0.00158501
22 0.8 0.586719 0.4 0.498437 0.00157356
14 0.830273 0.361133 0.339453 0.416797 0.00156689
12 0.544922 0.344922 0.700781 0.689844 0.00156116
13 0.597266 0.341797 0.502344 0.683594 0.00155449
10 0.621191 0.490234 0.541992 0.505469 0.00152493
10 0.539062 0.426465 0.405469 0.539258 0.00150108
1 0.474121 0.408594 0.704883 0.790625 0.00148964
0 0.556641 0.373828 0.458594 0.694531 0.00148964
4 0.830273 0.361133 0.339453 0.416797 0.0014782
6 0.657422 0.573047 0.685156 0.649219 0.0014782
21 0.539062 0.426465 0.405469 0.539258 0.00146103
4 0.678516 0.369727 0.642969 0.688672 0.00145531
12 0.499902 0.567969 0.539258 0.61875 0.00144958
7 0.621191 0.490234 0.541992 0.505469 0.00143242
14 0.785742 0.544922 0.428516 0.586719 0.00143242
8 0.621191 0.490234 0.541992 0.505469 0.0014267
1 0.791406 0.530469 0.382812 0.5375 0.00142097
17 0.813086 0.408203 0.373828 0.442969 0.00141048
14 0.678516 0.369727 0.642969 0.688672 0.00139904
6 0.777734 0.476953 0.444531 0.567969 0.00139904
19 0.863672 0.547656 0.272656 0.415625 0.00138283
24 0.788281 0.499609 0.423438 0.577344 0.00137234
1 0.789258 0.581348 0.421484 0.55918 0.00136185
13 0.803711 0.390527 0.392578 0.506445 0.00134087
19 0.853711 0.269727 0.292578 0.455859 0.00133514
22 0.664062 0.452734 0.671875 0.782031 0.00133038
3 0.678516 0.369727 0.642969 0.688672 0.00131512
25 0.777734 0.476953 0.444531 0.567969 0.00129414
12 0.612402 0.268359 0.593945 0.536719 0.00127411
11 0.597266 0.341797 0.502344 0.683594 0.00126934
14 0.664062 0.452734 0.671875 0.782031 0.00124931
6 0.678516 0.369727 0.642969 0.688672 0.00124454
21 0.761328 0.501563 0.311719 0.4375 0.00123978
6 0.837109 0.299219 0.325781 0.45 0.00123501
6 0.556641 0.373828 0.458594 0.694531 0.00122547
14 0.547559 0.391797 0.486133 0.759375 0.00121593
7 0.519922 0.511328 0.333594 0.364844 0.00119209
4 0.657422 0.573047 0.685156 0.649219 0.00119209
22 0.754883 0.370898 0.490234 0.576953 0.00117874
21 0.830273 0.361133 0.339453 0.416797 0.00116539
13 0.474121 0.408594 0.704883 0.790625 0.00116062
17 0.612402 0.268359 0.593945 0.536719 0.00115585
13 0.544922 0.344922 0.700781 0.689844 0.00115108
15 0.621191 0.490234 0.541992 0.505469 0.00115108
3 0.540527 0.508594 0.426758 0.404687 0.00114727
19 0.497754 0.504687 0.293555 0.342187 0.0011425
4 0.785742 0.544922 0.428516 0.586719 0.00113392
6 0.508496 0.565234 0.354883 0.538281 0.00113392
2 0.777734 0.476953 0.444531 0.567969 0.00112438
8 0.556641 0.373828 0.458594 0.694531 0.00112057
14 0.657422 0.573047 0.685156 0.649219 0.00112057
2 0.678516 0.369727 0.642969 0.688672 0.0011158
13 0.8 0.586719 0.4 0.498437 0.00109005
16 0.657422 0.573047 0.685156 0.649219 0.00108147
22 0.612402 0.268359 0.593945 0.536719 0.00107288
0 0.837109 0.299219 0.325781 0.45 0.00106907
12 0.837891 0.311914 0.324219 0.408203 0.00106907
16 0.556641 0.373828 0.458594 0.694531 0.00105667
1 0.838086 0.207617 0.323828 0.415234 0.00105286
5 0.665625 0.522559 0.648438 0.576758 0.00104809
12 0.28418 0.707812 0.568359 0.584375 0.00104046
13 0.837109 0.299219 0.325781 0.45 0.00103664
0 0.754883 0.370898 0.490234 0.576953 0.00103664
12 0.649609 0.633594 0.700781 0.732813 0.00102043
25 0.813086 0.408203 0.373828 0.442969 0.00101662
24 0.657422 0.573047 0.685156 0.649219 0.00101185
19 0.507422 0.498047 0.272656 0.347656 0.0907593
12 0.610156 0.742578 0.396875 0.514844 0.0360718
12 0.467187 0.473438 0.565625 0.473438 0.0257568
12 0.613281 0.839844 0.33125 0.320312 0.0236053
13 0.610156 0.742578 0.396875 0.514844 0.0206451
12 0.496875 0.500391 0.414062 0.377344 0.0198669
16 0.614453 0.882422 0.342969 0.235156 0.0195618
13 0.613281 0.839844 0.33125 0.320312 0.0190887
12 0.580469 0.716016 0.735938 0.567969 0.0177765
13 0.511621 0.508203 0.386133 0.364063 0.0156708
13 0.467187 0.473438 0.565625 0.473438 0.0115509
19 0.473047 0.502441 0.230469 0.291992 0.0108566
17 0.534375 0.498535 0.338281 0.363867 0.00812531
16 0.520703 0.527734 0.339844 0.327344 0.00769424
12 0.398828 0.499609 0.670313 0.563281 0.00701141
1 0.619922 0.751563 0.310156 0.496875 0.0068512
1 0.613281 0.839844 0.33125 0.320312 0.00631332
16 0.588672 0.771094 0.447656 0.457813 0.00621796
1 0.514844 0.498437 0.364844 0.372656 0.00614548
11 0.610156 0.742578 0.396875 0.514844 0.00614548
11 0.613281 0.839844 0.33125 0.320312 0.00605011
24 0.614453 0.882422 0.342969 0.235156 0.00602722
24 0.520703 0.527734 0.339844 0.327344 0.00534439
6 0.614453 0.882422 0.342969 0.235156 0.00530243
6 0.518652 0.506641 0.356445 0.364063 0.00503922
17 0.613281 0.839844 0.33125 0.320312 0.0046463
23 0.614453 0.882422 0.342969 0.235156 0.0046463
11 0.518652 0.506641 0.356445 0.364063 0.00436401
13 0.580469 0.716016 0.735938 0.567969 0.00436401
12 0.547559 0.685059 0.517383 0.629883 0.00402451
17 0.619922 0.751563 0.310156 0.496875 0.0039444
19 0.511621 0.508203 0.386133 0.364063 0.00365067
11 0.618359 0.882031 0.302344 0.235938 0.00362206
3 0.613281 0.839844 0.33125 0.320312 0.00359344
9 0.518652 0.506641 0.356445 0.364063 0.00340271
19 0.555469 0.35332 0.2625 0.288672 0.00318527
12 0.370898 0.399902 0.728516 0.692383 0.00286674
25 0.534375 0.498535 0.338281 0.363867 0.00284576
22 0.514844 0.498437 0.364844 0.372656 0.00277901
2 0.534375 0.498535 0.338281 0.363867 0.00273705
13 0.547559 0.685059 0.517383 0.629883 0.00273705
16 0.498828 0.477734 0.432031 0.452344 0.0027256
3 0.514844 0.498437 0.364844 0.372656 0.00269318
24 0.588672 0.771094 0.447656 0.457813 0.0026722
9 0.624609 0.888281 0.316406 0.223438 0.0026722
7 0.614453 0.882422 0.342969 0.235156 0.00261116
21 0.507422 0.498047 0.272656 0.347656 0.00259018
6 0.641406 0.886914 0.264062 0.226172 0.00252151
4 0.514844 0.498437 0.364844 0.372656 0.00250244
5 0.518652 0.506641 0.356445 0.364063 0.00247192
19 0.614453 0.882422 0.342969 0.235156 0.00243378
0 0.534375 0.498535 0.338281 0.363867 0.0024147
16 0.619922 0.751563 0.310156 0.496875 0.00235939
20 0.511621 0.508203 0.386133 0.364063 0.00228691
20 0.613281 0.839844 0.33125 0.320312 0.00226974
2 0.614453 0.882422 0.342969 0.235156 0.00225258
19 0.544531 0.480859 0.296875 0.389844 0.00218201
4 0.613281 0.839844 0.33125 0.320312 0.00214005
1 0.547559 0.685059 0.517383 0.629883 0.00209999
0 0.618359 0.882031 0.302344 0.235938 0.00201988
14 0.514844 0.498437 0.364844 0.372656 0.00201035
4 0.610156 0.742578 0.396875 0.514844 0.00196457
3 0.619922 0.751563 0.310156 0.496875 0.00191212
11 0.467187 0.473438 0.565625 0.473438 0.00185299
19 0.610156 0.742578 0.396875 0.514844 0.00183868
16 0.641406 0.886914 0.264062 0.226172 0.00182438
12 0.383203 0.149316 0.394531 0.298633 0.00178909
12 0.540625 0.464453 0.329688 0.333594 0.00178909
16 0.084375 0.0734375 0.16875 0.146875 0.00178242
6 0.586719 0.810352 0.378125 0.379297 0.00174141
15 0.511621 0.508203 0.386133 0.364063 0.00170708
22 0.619922 0.751563 0.310156 0.496875 0.0016613
12 0.618359 0.882031 0.302344 0.235938 0.00165462
11 0.580469 0.716016 0.735938 0.567969 0.00162315
1 0.461816 0.500391 0.512305 0.389844 0.00160408
23 0.588672 0.771094 0.447656 0.457813 0.00158501
14 0.619922 0.751563 0.310156 0.496875 0.00157928
25 0.619922 0.751563 0.310156 0.496875 0.00156689
19 0.542188 0.387891 0.239063 0.192188 0.00154877
19 0.0884766 0.0675293 0.176953 0.135059 0.00154305
24 0.467187 0.473438 0.565625 0.473438 0.00153637
12 0.530078 0.527246 0.324219 0.320508 0.0015192
13 0.398828 0.499609 0.670313 0.563281 0.00151253
11 0.0859375 0.0764648 0.171875 0.15293 0.0014782
13 0.618359 0.882031 0.302344 0.235938 0.0014782
4 0.618359 0.882031 0.302344 0.235938 0.0014267
12 0.366406 0.154199 0.546875 0.308398 0.00139904
7 0.520703 0.527734 0.339844 0.327344 0.00138855
12 0.548047 0.648828 0.902344 0.702344 0.00137806
23 0.520703 0.527734 0.339844 0.327344 0.00137234
22 0.613281 0.839844 0.33125 0.320312 0.00137234
15 0.383203 0.149316 0.394531 0.298633 0.00135136
9 0.588672 0.771094 0.447656 0.457813 0.00134563
14 0.613281 0.839844 0.33125 0.320312 0.00134087
18 0.614453 0.882422 0.342969 0.235156 0.00131512
17 0.461816 0.500391 0.512305 0.389844 0.00130463
12 0.0825195 0.0819824 0.165039 0.163965 0.00129986
2 0.619922 0.751563 0.310156 0.496875 0.00127888
5 0.613281 0.839844 0.33125 0.320312 0.00127888
20 0.619922 0.751563 0.310156 0.496875 0.00126457
15 0.610156 0.742578 0.396875 0.514844 0.00124454
12 0.48584 0.424219 0.461133 0.474219 0.00121593
6 0.530371 0.529297 0.320508 0.282031 0.00119686
15 0.366406 0.154199 0.546875 0.308398 0.00118828
8 0.613281 0.839844 0.33125 0.320312 0.00117874
5 0.610156 0.742578 0.396875 0.514844 0.00116539
21 0.570703 0.487402 0.267188 0.376758 0.00116062
15 0.613281 0.839844 0.33125 0.320312 0.00115585
11 0.547559 0.685059 0.517383 0.629883 0.00114727
17 0.547559 0.685059 0.517383 0.629883 0.00113392
9 0.613281 0.839844 0.33125 0.320312 0.00112438
25 0.613281 0.839844 0.33125 0.320312 0.00112438
13 0.540625 0.464453 0.329688 0.333594 0.00109863
8 0.530078 0.494434 0.342187 0.362695 0.00108624
6 0.619922 0.751563 0.310156 0.496875 0.00108624
11 0.541016 0.832422 0.605469 0.335156 0.00108624
2 0.586719 0.810352 0.378125 0.379297 0.00107765
12 0.496875 0.482422 0.64375 0.891406 0.00105286
3 0.618359 0.882031 0.302344 0.235938 0.00105286
12 0.480469 0.229687 0.8125 0.459375 0.00104809
16 0.547559 0.685059 0.517383 0.629883 0.00101185
11 0.378027 0.134277 0.400195 0.268555 0.00100803
19 0.510547 0.500098 0.282031 0.368555 0.453369
21 0.510547 0.500098 0.282031 0.368555 0.235107
11 0.522656 0.450781 0.348438 0.492188 0.0520325
11 0.512402 0.527246 0.300195 0.308008 0.0386047
23 0.516016 0.560156 0.3125 0.2375 0.0342407
16 0.516016 0.560156 0.3125 0.2375 0.0244293
6 0.512402 0.527246 0.300195 0.308008 0.0215302
16 0.534766 0.503809 0.348438 0.364258 0.0185394
4 0.522656 0.450781 0.348438 0.492188 0.0180511
13 0.534766 0.503809 0.348438 0.364258 0.0157776
23 0.534766 0.503809 0.348438 0.364258 0.0150757
4 0.512402 0.527246 0.300195 0.308008 0.0145035
14 0.522656 0.450781 0.348438 0.492188 0.0123825
19 0.516016 0.560156 0.3125 0.2375 0.0118256
17 0.520703 0.494629 0.342969 0.388867 0.0103683
23 0.522656 0.450781 0.348438 0.492188 0.0100937
6 0.522656 0.450781 0.348438 0.492188 0.0100098
16 0.522656 0.450781 0.348438 0.492188 0.00963593
19 0.553906 0.372266 0.295312 0.340625 0.00930023
3 0.534766 0.503809 0.348438 0.364258 0.00898743
3 0.522656 0.450781 0.348438 0.492188 0.00861359
12 0.516797 0.493652 0.357031 0.376758 0.008255
0 0.512402 0.527246 0.300195 0.308008 0.00793457
2 0.519922 0.488672 0.327344 0.403125 0.0069046
0 0.522656 0.450781 0.348438 0.492188 0.00682449
1 0.523047 0.490234 0.342969 0.394531 0.00677109
9 0.516016 0.560156 0.3125 0.2375 0.00643921
7 0.516016 0.560156 0.3125 0.2375 0.00629044
14 0.534766 0.503809 0.348438 0.364258 0.00614548
24 0.516016 0.560156 0.3125 0.2375 0.00612259
5 0.512402 0.527246 0.300195 0.308008 0.00595856
13 0.522656 0.450781 0.348438 0.492188 0.00591278
22 0.520703 0.494629 0.342969 0.388867 0.0053215
5 0.522656 0.450781 0.348438 0.492188 0.00510025
19 0.522656 0.450781 0.348438 0.492188 0.00510025
7 0.534766 0.503809 0.348438 0.364258 0.0049057
18 0.516016 0.560156 0.3125 0.2375 0.00475693
25 0.519922 0.488672 0.327344 0.403125 0.00473785
8 0.520703 0.494629 0.342969 0.388867 0.00434875
2 0.516016 0.560156 0.3125 0.2375 0.00426483
18 0.534766 0.503809 0.348438 0.364258 0.00419998
3 0.516016 0.560156 0.3125 0.2375 0.00400543
19 0.7375 0.220654 0.345313 0.257129 0.0039444
9 0.522656 0.450781 0.348438 0.492188 0.00378036
10 0.534766 0.503809 0.348438 0.364258 0.00329781
15 0.534766 0.503809 0.348438 0.364258 0.00316048
19 0.555078 0.388281 0.248438 0.246094 0.00286674
15 0.522656 0.450781 0.348438 0.492188 0.00283432
10 0.522656 0.450781 0.348438 0.492188 0.00279999
18 0.522656 0.450781 0.348438 0.492188 0.00279045
12 0.550781 0.4625 0.290625 0.33125 0.0027256
24 0.534766 0.503809 0.348438 0.364258 0.00265312
9 0.534766 0.503809 0.348438 0.364258 0.00263214
7 0.522656 0.450781 0.348438 0.492188 0.00258064
24 0.522656 0.450781 0.348438 0.492188 0.00231361
10 0.516016 0.560156 0.3125 0.2375 0.00230598
14 0.516016 0.560156 0.3125 0.2375 0.00222588
12 0.516016 0.560156 0.3125 0.2375 0.00210762
20 0.523047 0.490234 0.342969 0.394531 0.0020752
19 0.156738 0.187891 0.306055 0.314063 0.00196457
0 0.550781 0.4625 0.290625 0.33125 0.00191212
13 0.516016 0.560156 0.3125 0.2375 0.00189686
21 0.545703 0.465234 0.314063 0.402344 0.00182438
14 0.550781 0.4625 0.290625 0.33125 0.00179577
4 0.550781 0.4625 0.290625 0.33125 0.00178242
12 0.453027 0.487402 0.57207 0.53457 0.00158501
15 0.516016 0.560156 0.3125 0.2375 0.00158501
17 0.550781 0.4625 0.290625 0.33125 0.00154305
12 0.657422 0.315039 0.575781 0.630078 0.00151253
19 0.713281 0.18833 0.2875 0.356934 0.0014782
8 0.512402 0.527246 0.300195 0.308008 0.00145531
20 0.512402 0.527246 0.300195 0.308008 0.00145531
2 0.550781 0.4625 0.290625 0.33125 0.00132465
11 0.550781 0.4625 0.290625 0.33125 0.00113773
19 0.489844 0.524609 0.275781 0.282031 0.00112438
25 0.534375 0.480078 0.333594 0.375781 0.0939941
19 0.512109 0.500391 0.289844 0.375781 0.0875854
17 0.540625 0.496973 0.323438 0.38418 0.0621033
5 0.527246 0.486816 0.33457 0.39668 0.0579224
21 0.533203 0.482129 0.325 0.381055 0.0501404
13 0.530371 0.487891 0.34707 0.391406 0.0481262
11 0.527246 0.486816 0.33457 0.39668 0.0330811
14 0.534375 0.480078 0.333594 0.375781 0.0324707
3 0.533203 0.482129 0.325 0.381055 0.028656
8 0.540625 0.496973 0.323438 0.38418 0.0214539
6 0.529297 0.481934 0.341406 0.389258 0.0200653
10 0.533203 0.482129 0.325 0.381055 0.0198669
2 0.534375 0.480078 0.333594 0.375781 0.0192719
1 0.533203 0.482129 0.325 0.381055 0.016922
20 0.533203 0.482129 0.325 0.381055 0.0159607
4 0.529297 0.481934 0.341406 0.389258 0.0132751
0 0.531934 0.482031 0.354883 0.370313 0.0126724
16 0.53125 0.487891 0.35625 0.402344 0.0122375
22 0.529297 0.489063 0.335938 0.367188 0.0118256
12 0.534277 0.497266 0.333008 0.380469 0.00985718
19 0.477344 0.515625 0.245312 0.335156 0.00834656
14 0.554688 0.432422 0.278125 0.249219 0.00769424
9 0.534375 0.480078 0.333594 0.375781 0.00769424
0 0.556641 0.424902 0.272656 0.237695 0.00714874
19 0.527441 0.489453 0.368555 0.446094 0.00679779
23 0.53125 0.487891 0.35625 0.402344 0.00638962
2 0.554688 0.432422 0.278125 0.249219 0.00566483
4 0.554688 0.432422 0.278125 0.249219 0.00510025
25 0.556641 0.424902 0.272656 0.237695 0.00475693
17 0.556641 0.424902 0.272656 0.237695 0.00376511
24 0.527246 0.486816 0.33457 0.39668 0.00345612
23 0.554688 0.432422 0.278125 0.249219 0.00302696
19 0.548047 0.391797 0.258594 0.242969 0.00275803
19 0.545313 0.371484 0.289062 0.340625 0.00248146
15 0.534375 0.480078 0.333594 0.375781 0.00234222
8 0.554688 0.432422 0.278125 0.249219 0.00213242
7 0.53125 0.487891 0.35625 0.402344 0.0020504
12 0.582031 0.496191 0.564063 0.587305 0.00183105
12 0.556641 0.424902 0.272656 0.237695 0.00181007
6 0.556641 0.424902 0.272656 0.237695 0.00161648
23 0.54375 0.389062 0.246875 0.23125 0.00153637
3 0.554688 0.432422 0.278125 0.249219 0.00151253
16 0.54375 0.389062 0.246875 0.23125 0.00143242
10 0.554688 0.432422 0.278125 0.249219 0.00140476
7 0.554688 0.432422 0.278125 0.249219 0.00135136
15 0.556641 0.424902 0.272656 0.237695 0.00130939
1 0.556641 0.424902 0.272656 0.237695 0.00126457
18 0.53125 0.487891 0.35625 0.402344 0.00115108
25 0.535254 0.479785 0.32793 0.376367 0.137573
12 0.576563 0.753906 0.303125 0.492188 0.0675659
22 0.531934 0.476172 0.333008 0.378125 0.0484924
17 0.535156 0.485938 0.325 0.39375 0.0391846
20 0.532031 0.478516 0.321094 0.375781 0.0281067
25 0.549219 0.437109 0.284375 0.297656 0.025177
3 0.532031 0.478516 0.321094 0.375781 0.0224609
21 0.535254 0.479785 0.32793 0.376367 0.0213623
12 0.584766 0.71875 0.405469 0.5625 0.0204163
14 0.541406 0.460254 0.292188 0.343555 0.0200958
5 0.525391 0.476562 0.333594 0.379688 0.0199432
12 0.532031 0.478516 0.321094 0.375781 0.0182648
13 0.523535 0.474609 0.338867 0.377344 0.0176392
0 0.549219 0.437109 0.284375 0.297656 0.0168457
13 0.576563 0.753906 0.303125 0.492188 0.0168457
1 0.532031 0.478516 0.321094 0.375781 0.0154266
12 0.58125 0.853906 0.265625 0.292188 0.0154266
12 0.637109 0.653516 0.725781 0.692969 0.0149536
12 0.553125 0.666504 0.540625 0.666992 0.0147324
10 0.532031 0.478516 0.321094 0.375781 0.0142822
2 0.549219 0.437109 0.284375 0.297656 0.0141754
19 0.533691 0.485156 0.35918 0.457031 0.0133286
23 0.541406 0.460254 0.292188 0.343555 0.0122375
4 0.531641 0.482422 0.322656 0.391406 0.0122375
2 0.535156 0.485938 0.325 0.39375 0.0114212
4 0.549219 0.437109 0.284375 0.297656 0.0111618
0 0.531641 0.482422 0.322656 0.391406 0.0108185
8 0.535156 0.485938 0.325 0.39375 0.00971222
12 0.654688 0.728125 0.445312 0.54375 0.00831604
9 0.535254 0.479785 0.32793 0.376367 0.00812531
13 0.596094 0.872266 0.240625 0.255469 0.00734711
6 0.531934 0.476172 0.333008 0.378125 0.00631332
17 0.549219 0.437109 0.284375 0.297656 0.00609589
3 0.549219 0.437109 0.284375 0.297656 0.00595856
13 0.637109 0.653516 0.725781 0.692969 0.0051384
12 0.513672 0.488672 0.407031 0.43125 0.00484848
17 0.599219 0.769336 0.279687 0.461328 0.00475693
15 0.599219 0.769336 0.279687 0.461328 0.00450516
11 0.535254 0.479785 0.32793 0.376367 0.00446701
15 0.51875 0.473438 0.390625 0.399219 0.00441742
13 0.553125 0.666504 0.540625 0.666992 0.00426483
19 0.550781 0.412891 0.297656 0.34375 0.00392914
25 0.599219 0.769336 0.279687 0.461328 0.00369263
14 0.513672 0.488672 0.407031 0.43125 0.00365067
16 0.521875 0.476562 0.334375 0.377344 0.00353813
13 0.654688 0.728125 0.445312 0.54375 0.00353813
12 0.505371 0.477344 0.570508 0.604688 0.00340271
6 0.549219 0.437109 0.284375 0.297656 0.00337601
17 0.596094 0.872266 0.240625 0.255469 0.00328636
8 0.549219 0.437109 0.284375 0.297656 0.00324821
13 0.584766 0.71875 0.405469 0.5625 0.00309944
10 0.549219 0.437109 0.284375 0.297656 0.00298119
12 0.549219 0.437109 0.284375 0.297656 0.00286674
19 0.487109 0.502734 0.242188 0.286719 0.00279999
15 0.596094 0.872266 0.240625 0.255469 0.00261116
7 0.525 0.474219 0.33125 0.367188 0.00255013
16 0.549219 0.437109 0.284375 0.297656 0.00232315
1 0.599219 0.769336 0.279687 0.461328 0.00230598
15 0.549219 0.437109 0.284375 0.297656 0.00224304
18 0.525 0.474219 0.33125 0.367188 0.00216484
1 0.637109 0.653516 0.725781 0.692969 0.00210762
1 0.549219 0.437109 0.284375 0.297656 0.00200272
9 0.549219 0.437109 0.284375 0.297656 0.00175476
16 0.599219 0.769336 0.279687 0.461328 0.00175476
19 0.549219 0.40625 0.265625 0.226562 0.00174809
17 0.637109 0.653516 0.725781 0.692969 0.00168705
1 0.597656 0.884375 0.23125 0.23125 0.00168133
15 0.637109 0.653516 0.725781 0.692969 0.0016489
1 0.513672 0.488672 0.407031 0.43125 0.00163555
15 0.654688 0.728125 0.445312 0.54375 0.00163555
25 0.596094 0.872266 0.240625 0.255469 0.00163555
19 0.511328 0.488672 0.292188 0.35625 0.00161076
4 0.599219 0.769336 0.279687 0.461328 0.00152493
11 0.526465 0.423047 0.38457 0.478125 0.0015192
2 0.491406 0.484766 0.454688 0.496094 0.00150108
5 0.549219 0.437109 0.284375 0.297656 0.00149536
6 0.596094 0.872266 0.240625 0.255469 0.00146103
16 0.596094 0.872266 0.240625 0.255469 0.00143242
23 0.51875 0.473438 0.390625 0.399219 0.0014267
20 0.549219 0.437109 0.284375 0.297656 0.00137234
12 0.521094 0.589063 0.65 0.7625 0.00135136
1 0.553125 0.666504 0.540625 0.666992 0.00134563
13 0.6125 0.844531 0.325 0.310937 0.00132465
6 0.599219 0.769336 0.279687 0.461328 0.00131989
14 0.599219 0.769336 0.279687 0.461328 0.00129414
17 0.526465 0.423047 0.38457 0.478125 0.0012846
25 0.637109 0.653516 0.725781 0.692969 0.00127888
24 0.525391 0.476562 0.333594 0.379688 0.00126457
18 0.513672 0.488672 0.407031 0.43125 0.00121593
2 0.526465 0.423047 0.38457 0.478125 0.00121117
13 0.526465 0.423047 0.38457 0.478125 0.0012064
0 0.491406 0.484766 0.454688 0.496094 0.0012064
15 0.491406 0.484766 0.454688 0.496094 0.00116539
11 0.511328 0.379785 0.527344 0.67168 0.00116062
18 0.549219 0.437109 0.284375 0.297656 0.00115585
13 0.511328 0.379785 0.527344 0.67168 0.0011425
15 0.553125 0.666504 0.540625 0.666992 0.00110722
11 0.599219 0.769336 0.279687 0.461328 0.00110722
12 0.511328 0.379785 0.527344 0.67168 0.0011034
13 0.491406 0.484766 0.454688 0.496094 0.00104427
3 0.513672 0.488672 0.407031 0.43125 0.00103188
7 0.513672 0.488672 0.407031 0.43125 0.00102425
15 0.584766 0.71875 0.405469 0.5625 0.00100803
4 0.596094 0.872266 0.240625 0.255469 0.00100803
11 0.491406 0.484766 0.454688 0.496094 0.00100422
11 0.654688 0.728125 0.445312 0.54375 0.00100422
19 0.513965 0.505371 0.301758 0.395508 0.46875
22 0.51875 0.493066 0.301563 0.368555 0.169922
21 0.525781 0.493848 0.3 0.362305 0.127686
5 0.51875 0.493066 0.301563 0.368555 0.104126
11 0.521484 0.487598 0.302344 0.388867 0.0739746
8 0.51875 0.493066 0.301563 0.368555 0.0680542
1 0.51875 0.493066 0.301563 0.368555 0.0526123
3 0.51875 0.493066 0.301563 0.368555 0.0328369
17 0.525781 0.493848 0.3 0.362305 0.0318604
20 0.525781 0.493848 0.3 0.362305 0.0303345
10 0.524121 0.488672 0.30332 0.394531 0.0122375
4 0.528906 0.489844 0.301563 0.36875 0.0069313
14 0.51875 0.493066 0.301563 0.368555 0.0049057
19 0.486719 0.492578 0.238281 0.334375 0.00477219
11 0.529297 0.521484 0.386719 0.486719 0.00379562
16 0.524121 0.488672 0.30332 0.394531 0.00376511
14 0.296094 0.328516 0.592188 0.657031 0.00365067
13 0.524121 0.488672 0.30332 0.394531 0.00363541
21 0.5 0.486035 0.232813 0.326367 0.00355148
0 0.524609 0.484766 0.308594 0.390625 0.00336266
15 0.296094 0.328516 0.592188 0.657031 0.00329781
25 0.524219 0.488184 0.292188 0.368945 0.00319672
8 0.529297 0.521484 0.386719 0.486719 0.00304031
0 0.296094 0.328516 0.592188 0.657031 0.00282288
2 0.525781 0.493848 0.3 0.362305 0.00269318
6 0.521484 0.487598 0.302344 0.388867 0.00246239
12 0.524219 0.488184 0.292188 0.368945 0.00245285
1 0.296094 0.328516 0.592188 0.657031 0.00243378
9 0.521484 0.487598 0.302344 0.388867 0.00223351
4 0.529297 0.521484 0.386719 0.486719 0.00223351
11 0.296094 0.328516 0.592188 0.657031 0.00221634
4 0.296094 0.328516 0.592188 0.657031 0.00214958
2 0.296094 0.328516 0.592188 0.657031 0.00193405
24 0.51875 0.493066 0.301563 0.368555 0.00191212
12 0.296094 0.328516 0.592188 0.657031 0.00164223
6 0.296094 0.328516 0.592188 0.657031 0.0012598
12 0.276758 0.688672 0.553516 0.622656 0.00123978
17 0.529297 0.521484 0.386719 0.486719 0.0012207
0 0.529297 0.521484 0.386719 0.486719 0.00119209
12 0.769727 0.538672 0.460547 0.638281 0.00114727
5 0.529297 0.521484 0.386719 0.486719 0.00109863
22 0.529297 0.521484 0.386719 0.486719 0.00105286
1 0.529297 0.521484 0.386719 0.486719 0.00100803
19 0.523828 0.496191 0.288281 0.381055 0.162354
22 0.528125 0.49375 0.290625 0.382812 0.154541
5 0.525 0.496777 0.282813 0.379883 0.150024
21 0.525 0.496777 0.282813 0.379883 0.149536
11 0.520312 0.496094 0.284375 0.34375 0.10376
17 0.519922 0.494141 0.284375 0.375 0.0778198
8 0.519922 0.494141 0.284375 0.375 0.0766602
1 0.528125 0.49375 0.290625 0.382812 0.0325317
3 0.525 0.496777 0.282813 0.379883 0.0301056
16 0.525391 0.496484 0.289062 0.338281 0.0252686
19 0.488672 0.490527 0.222656 0.33457 0.0147858
10 0.520312 0.496094 0.284375 0.34375 0.0136337
20 0.523828 0.496191 0.288281 0.381055 0.00952148
11 0.542188 0.510156 0.389062 0.45 0.00664139
24 0.525 0.496777 0.282813 0.379883 0.00559998
6 0.520312 0.496094 0.284375 0.34375 0.00431442
2 0.525391 0.496484 0.289062 0.338281 0.00385475
8 0.542188 0.510156 0.389062 0.45 0.00359344
25 0.525781 0.494141 0.290625 0.382812 0.00337601
13 0.525391 0.496484 0.289062 0.338281 0.00324821
14 0.523828 0.496191 0.288281 0.381055 0.00319672
23 0.525391 0.496484 0.289062 0.338281 0.00254059
0 0.525391 0.496484 0.289062 0.338281 0.00223351
12 0.542969 0.457813 0.25 0.28125 0.00211525
12 0.673438 0.865625 0.370313 0.26875 0.00189686
17 0.542188 0.510156 0.389062 0.45 0.00187492
5 0.542188 0.510156 0.389062 0.45 0.00186729
12 0.632812 0.70625 0.532813 0.5875 0.00172043
9 0.525391 0.496484 0.289062 0.338281 0.00162888
4 0.518359 0.493066 0.291406 0.357617 0.00157928
12 0.542969 0.4875 0.301563 0.359375 0.00146675
22 0.542188 0.510156 0.389062 0.45 0.00126457
12 0.583984 0.634766 0.832031 0.730469 0.0012064
13 0.673438 0.865625 0.370313 0.26875 0.00116062
19 0.527734 0.494141 0.324219 0.366406 0.113586
5 0.522656 0.49541 0.314844 0.366992 0.0734253
3 0.527734 0.494141 0.324219 0.366406 0.0648804
17 0.530078 0.486621 0.319531 0.364258 0.042572
22 0.529297 0.494434 0.316406 0.38457 0.0316162
21 0.52666 0.494922 0.320117 0.386719 0.0301056
1 0.529297 0.494434 0.316406 0.38457 0.0281067
16 0.527344 0.491016 0.324219 0.382031 0.0222931
8 0.526953 0.494629 0.308594 0.366992 0.0213623
20 0.527734 0.494141 0.324219 0.366406 0.0167847
10 0.522656 0.49541 0.314844 0.366992 0.0155411
11 0.526953 0.494629 0.308594 0.366992 0.0154266
25 0.529297 0.494434 0.316406 0.38457 0.0152512
13 0.527734 0.494141 0.324219 0.366406 0.0135345
6 0.520312 0.490527 0.313281 0.38457 0.0120544
14 0.529297 0.494434 0.316406 0.38457 0.0103302
4 0.530078 0.486621 0.319531 0.364258 0.00908661
9 0.522656 0.49541 0.314844 0.366992 0.00661469
12 0.529297 0.494434 0.316406 0.38457 0.00538635
0 0.533594 0.482129 0.314063 0.357617 0.00502014
23 0.527734 0.494141 0.324219 0.366406 0.00385475
2 0.52666 0.494922 0.320117 0.386719 0.00271416
15 0.527734 0.494141 0.324219 0.366406 0.00263214
24 0.520312 0.490527 0.313281 0.38457 0.00252151
14 0.560547 0.45625 0.245312 0.310937 0.00190449
18 0.527734 0.494141 0.324219 0.366406 0.00104046
22 0.530078 0.488281 0.314063 0.379688 0.180054
17 0.538672 0.485938 0.308594 0.375 0.143188
1 0.530078 0.488281 0.314063 0.379688 0.119995
19 0.52041 0.495313 0.31543 0.379688 0.119629
5 0.524121 0.493652 0.31582 0.379883 0.069519
3 0.524121 0.493652 0.31582 0.379883 0.0600891
11 0.524121 0.493652 0.31582 0.379883 0.0351562
8 0.525391 0.491016 0.310937 0.382812 0.0294189
21 0.530078 0.488281 0.314063 0.379688 0.0273743
13 0.52041 0.495313 0.31543 0.379688 0.0208893
10 0.52041 0.495313 0.31543 0.379688 0.0200958
6 0.518066 0.514453 0.31543 0.359375 0.0166626
12 0.524121 0.493652 0.31582 0.379883 0.0165253
25 0.538672 0.485938 0.308594 0.375 0.016098
20 0.530078 0.488281 0.314063 0.379688 0.011116
19 0.485254 0.496191 0.243555 0.34043 0.00963593
14 0.530078 0.488281 0.314063 0.379688 0.008255
4 0.537891 0.488672 0.310156 0.36875 0.00775528
13 0.59541 0.694922 0.543555 0.610156 0.00746155
13 0.616406 0.817578 0.332813 0.364844 0.0068779
16 0.517188 0.491797 0.316406 0.386719 0.00468063
23 0.517188 0.491797 0.316406 0.386719 0.00370789
15 0.517188 0.491797 0.316406 0.386719 0.00332451
12 0.59541 0.694922 0.543555 0.610156 0.00323486
14 0.557031 0.435547 0.25 0.248438 0.00300407
0 0.542188 0.484766 0.304688 0.359375 0.00298119
9 0.524121 0.493652 0.31582 0.379883 0.002388
12 0.616406 0.817578 0.332813 0.364844 0.00235939
17 0.567969 0.424121 0.229687 0.22207 0.00205803
12 0.726953 0.541309 0.546094 0.764258 0.0020504
13 0.651172 0.875 0.330469 0.25 0.00189686
2 0.52041 0.495313 0.31543 0.379688 0.0016489
0 0.567969 0.424121 0.229687 0.22207 0.00129414
24 0.518066 0.514453 0.31543 0.359375 0.00127411
4 0.557031 0.435547 0.25 0.248438 0.00107288
12 0.651172 0.875 0.330469 0.25 0.00107288
25 0.567969 0.424121 0.229687 0.22207 0.00102425
22 0.530371 0.490625 0.329883 0.386719 0.37207
1 0.531152 0.494531 0.32832 0.392188 0.222656
25 0.535937 0.49209 0.325781 0.393945 0.124207
19 0.518359 0.50791 0.324219 0.418555 0.0888062
5 0.527734 0.492969 0.33125 0.383594 0.0869141
17 0.535937 0.49209 0.325781 0.393945 0.069519
20 0.527734 0.492969 0.33125 0.383594 0.0539856
12 0.531152 0.494531 0.32832 0.392188 0.0343628
21 0.530371 0.490625 0.329883 0.386719 0.0298767
14 0.531152 0.494531 0.32832 0.392188 0.0256653
3 0.527734 0.492969 0.33125 0.383594 0.0248871
11 0.523828 0.4875 0.332813 0.385938 0.0225372
8 0.525391 0.485254 0.325781 0.395117 0.0217743
4 0.533984 0.495313 0.326562 0.398438 0.0204468
10 0.527246 0.49375 0.331445 0.378125 0.0115509
19 0.48916 0.49541 0.237305 0.338867 0.0106506
19 0.555078 0.393652 0.307031 0.404883 0.00898743
6 0.523828 0.4875 0.332813 0.385938 0.00894928
13 0.525391 0.485254 0.325781 0.395117 0.00871277
4 0.546094 0.438184 0.275 0.275195 0.00731659
0 0.535937 0.488281 0.328906 0.392188 0.00629044
14 0.546094 0.438184 0.275 0.275195 0.00619125
16 0.515723 0.525 0.323242 0.296875 0.00502014
9 0.531152 0.494531 0.32832 0.392188 0.00484848
19 0.560156 0.409277 0.282813 0.264258 0.00460815
0 0.546094 0.438184 0.275 0.275195 0.00408554
4 0.515723 0.525 0.323242 0.296875 0.00341606
16 0.530078 0.484766 0.357031 0.394531 0.00286674
15 0.527246 0.49375 0.331445 0.378125 0.00275803
9 0.515723 0.525 0.323242 0.296875 0.00257111
24 0.525391 0.485254 0.325781 0.395117 0.00239754
23 0.523828 0.4875 0.332813 0.385938 0.00225258
1 0.515723 0.525 0.323242 0.296875 0.00212479
17 0.554688 0.435156 0.270313 0.273438 0.00200272
2 0.530078 0.484766 0.357031 0.394531 0.00198746
25 0.554688 0.435156 0.270313 0.273438 0.00181007
8 0.546094 0.438184 0.275 0.275195 0.00140476
16 0.563672 0.394141 0.294531 0.341406 0.00127411
0 0.515723 0.525 0.323242 0.296875 0.00107765
1 0.524219 0.492188 0.31875 0.397656 0.24585
22 0.519141 0.492188 0.324219 0.396875 0.193726
21 0.519141 0.492188 0.324219 0.396875 0.131592
5 0.519141 0.492188 0.324219 0.396875 0.0997925
19 0.519141 0.492188 0.324219 0.396875 0.0623169
17 0.525 0.491309 0.328906 0.395508 0.0391846
3 0.524219 0.492188 0.31875 0.397656 0.0317383
20 0.519141 0.492188 0.324219 0.396875 0.0292053
8 0.521777 0.492578 0.329883 0.392188 0.0208893
11 0.524902 0.490527 0.329883 0.392383 0.0146179
25 0.529688 0.489453 0.328125 0.39375 0.0140076
14 0.529688 0.489453 0.328125 0.39375 0.0109482
10 0.521777 0.492578 0.329883 0.392188 0.0105286
0 0.529688 0.489453 0.328125 0.39375 0.00624084
4 0.532813 0.477246 0.321094 0.362695 0.00572968
13 0.521875 0.484375 0.33125 0.40625 0.0041008
12 0.524219 0.492188 0.31875 0.397656 0.00230598
14 0.549219 0.433691 0.272656 0.254492 0.00213242
6 0.517969 0.483594 0.322656 0.398438 0.00192642
9 0.524902 0.490527 0.329883 0.392383 0.00146675
0 0.549219 0.433691 0.272656 0.254492 0.00137806
16 0.517969 0.483594 0.322656 0.398438 0.00137806
4 0.546484 0.433984 0.264062 0.257812 0.00127411
2 0.529688 0.489453 0.328125 0.39375 0.00119686
22 0.530859 0.496484 0.327344 0.383594 0.645996
1 0.528906 0.495996 0.321875 0.38457 0.598145
5 0.525098 0.496875 0.326367 0.382812 0.123352
19 0.525098 0.496875 0.326367 0.382812 0.0853882
21 0.525098 0.496875 0.326367 0.382812 0.0761108
20 0.525098 0.496875 0.326367 0.382812 0.0742188
17 0.527344 0.495703 0.314844 0.386719 0.062561
8 0.528125 0.488672 0.330469 0.401563 0.0534058
3 0.525098 0.496875 0.326367 0.382812 0.0474243
25 0.533203 0.492871 0.326562 0.379883 0.0302124
12 0.528906 0.495996 0.321875 0.38457 0.0240479
11 0.524219 0.488184 0.325781 0.40332 0.0123367
14 0.533203 0.492871 0.326562 0.379883 0.00837708
10 0.527344 0.495703 0.314844 0.386719 0.00534439
4 0.533203 0.49375 0.317188 0.382031 0.00484848
13 0.517188 0.489063 0.317969 0.392969 0.00403976
14 0.552344 0.451172 0.279687 0.289844 0.00329781
4 0.552344 0.451172 0.279687 0.289844 0.00302696
25 0.552344 0.451172 0.279687 0.289844 0.00234985
0 0.552344 0.451172 0.279687 0.289844 0.00230598
24 0.524219 0.488184 0.325781 0.40332 0.0020752
16 0.517188 0.489063 0.317969 0.392969 0.00194168
2 0.527344 0.495703 0.314844 0.386719 0.00155449
6 0.517188 0.489063 0.317969 0.392969 0.00148964
19 0.495313 0.505078 0.274219 0.291406 0.00135136
0 0.527344 0.495703 0.314844 0.386719 0.00130939
12 0.545703 0.453516 0.274219 0.296094 0.00116539
23 0.552344 0.451172 0.279687 0.289844 0.00103188
1 0.531641 0.484473 0.317969 0.391992 0.872559
17 0.532422 0.484277 0.321094 0.387695 0.149536
22 0.529297 0.485254 0.328906 0.39043 0.147583
12 0.531641 0.484473 0.317969 0.391992 0.0445251
5 0.526563 0.482422 0.320312 0.409375 0.0427246
21 0.531641 0.484473 0.317969 0.391992 0.0342407
25 0.531641 0.484473 0.317969 0.391992 0.0236053
20 0.531641 0.484473 0.317969 0.391992 0.0184021
8 0.532422 0.484277 0.321094 0.387695 0.0171051
19 0.529688 0.486035 0.321875 0.38418 0.0159607
14 0.531641 0.484473 0.317969 0.391992 0.0156021
3 0.529297 0.485254 0.328906 0.39043 0.0103302
4 0.535937 0.486328 0.315625 0.386719 0.00723267
13 0.529688 0.486035 0.321875 0.38418 0.00669098
14 0.551172 0.432422 0.274219 0.260156 0.00641251
11 0.526563 0.482422 0.320312 0.409375 0.00547028
4 0.561719 0.428516 0.253125 0.252344 0.00494385
0 0.561719 0.428516 0.253125 0.252344 0.00471878
2 0.532422 0.484277 0.321094 0.387695 0.00304031
10 0.532422 0.484277 0.321094 0.387695 0.00298119
25 0.561719 0.428516 0.253125 0.252344 0.00221634
6 0.529688 0.486035 0.321875 0.38418 0.00146103
8 0.551172 0.432422 0.274219 0.260156 0.00122547
15 0.529688 0.486035 0.321875 0.38418 0.0011692
23 0.561719 0.428516 0.253125 0.252344 0.00112057
23 0.529688 0.486035 0.321875 0.38418 0.00110722
24 0.526563 0.482422 0.320312 0.409375 0.00104046
1 0.531348 0.49375 0.32793 0.39375 0.675781
17 0.532129 0.492188 0.332617 0.394531 0.221313
0 0.55 0.440625 0.276563 0.267188 0.138428
12 0.531348 0.49375 0.32793 0.39375 0.133911
25 0.532129 0.492188 0.332617 0.394531 0.107788
22 0.532031 0.492188 0.333594 0.398438 0.0758667
14 0.55 0.440625 0.276563 0.267188 0.0514526
5 0.526465 0.492188 0.336133 0.410156 0.0490417
4 0.547266 0.448828 0.286719 0.291406 0.0433655
8 0.532129 0.492188 0.332617 0.394531 0.0420837
14 0.531348 0.49375 0.32793 0.39375 0.0389099
25 0.55 0.440625 0.276563 0.267188 0.0318604
4 0.531348 0.49375 0.32793 0.39375 0.0264587
19 0.532129 0.492188 0.332617 0.394531 0.0229797
20 0.532031 0.492188 0.333594 0.398438 0.0163422
21 0.532129 0.492188 0.332617 0.394531 0.0156708
13 0.532422 0.492578 0.342969 0.404687 0.0139542
3 0.532129 0.492188 0.332617 0.394531 0.0121918
23 0.55 0.440625 0.276563 0.267188 0.00908661
8 0.547266 0.448828 0.286719 0.291406 0.00754929
0 0.536719 0.488965 0.31875 0.386133 0.00572968
11 0.526465 0.492188 0.336133 0.410156 0.00511932
10 0.532129 0.492188 0.332617 0.394531 0.00400543
2 0.532129 0.492188 0.332617 0.394531 0.00322342
17 0.547266 0.448828 0.286719 0.291406 0.00281143
23 0.531152 0.49375 0.339258 0.396094 0.00253105
9 0.535059 0.492578 0.32207 0.396094 0.00235939
15 0.531348 0.49375 0.32793 0.39375 0.00234222
2 0.55 0.440625 0.276563 0.267188 0.00214005
6 0.526465 0.492188 0.336133 0.410156 0.00154877
24 0.526465 0.492188 0.336133 0.410156 0.00130463
9 0.547266 0.448828 0.286719 0.291406 0.00123978
10 0.547266 0.448828 0.286719 0.291406 0.00112438
1 0.529004 0.501563 0.324805 0.403125 0.282227
19 0.516016 0.505469 0.303906 0.385156 0.111267
25 0.528809 0.496484 0.32207 0.399219 0.0274811
17 0.529004 0.501563 0.324805 0.403125 0.0263519
14 0.528809 0.496484 0.32207 0.399219 0.0215302
8 0.528809 0.496484 0.32207 0.399219 0.0191193
21 0.522266 0.493359 0.328125 0.392188 0.0170441
4 0.528809 0.496484 0.32207 0.399219 0.00926971
22 0.522266 0.493359 0.320312 0.395313 0.00841522
13 0.635547 0.808984 0.344531 0.382031 0.00725937
14 0.546484 0.424902 0.253906 0.223633 0.00695801
0 0.546484 0.424902 0.253906 0.223633 0.00669098
23 0.546484 0.424902 0.253906 0.223633 0.00664139
25 0.546484 0.424902 0.253906 0.223633 0.00658798
4 0.546484 0.424902 0.253906 0.223633 0.00518036
3 0.522266 0.493359 0.328125 0.392188 0.00479126
5 0.522266 0.493359 0.320312 0.395313 0.00468063
23 0.537891 0.461035 0.299219 0.310742 0.00453949
0 0.530078 0.467969 0.315625 0.346094 0.00392914
13 0.707031 0.739453 0.521875 0.521094 0.00335121
10 0.528809 0.496484 0.32207 0.399219 0.00329781
12 0.522266 0.493359 0.320312 0.395313 0.00317192
20 0.529004 0.501563 0.324805 0.403125 0.00273705
2 0.529004 0.501563 0.324805 0.403125 0.00234985
13 0.621094 0.684375 0.5125 0.63125 0.00219154
12 0.764258 0.521094 0.471484 0.821875 0.00211525
8 0.546484 0.424902 0.253906 0.223633 0.00167465
17 0.5375 0.436719 0.29375 0.271875 0.00158501
13 0.535156 0.698828 0.514063 0.602344 0.00147247
13 0.522266 0.493359 0.320312 0.395313 0.00136662
12 0.616406 0.76875 0.389062 0.4625 0.00131512
12 0.78125 0.529785 0.4375 0.718555 0.00125504
12 0.535156 0.698828 0.514063 0.602344 0.00114727
12 0.621094 0.684375 0.5125 0.63125 0.00109482
12 0.707031 0.739453 0.521875 0.521094 0.00108624
12 0.528516 0.701758 0.811719 0.596484 0.00106907
13 0.682031 0.635156 0.635938 0.729688 0.00106525
1 0.53125 0.492871 0.321875 0.393945 0.606934
17 0.53125 0.492871 0.321875 0.393945 0.0723877
25 0.534375 0.491309 0.320312 0.387695 0.0646362
14 0.53125 0.492871 0.321875 0.393945 0.0433655
21 0.532813 0.488281 0.321094 0.394531 0.0140076
2 0.532422 0.493848 0.328125 0.391992 0.012146
12 0.53125 0.492871 0.321875 0.393945 0.0109024
22 0.532813 0.488281 0.321094 0.394531 0.0104065
14 0.557422 0.417871 0.255469 0.231445 0.0103302
19 0.527441 0.496875 0.329492 0.380469 0.00974274
3 0.528223 0.491797 0.324805 0.391406 0.00728989
8 0.527441 0.496875 0.329492 0.380469 0.00626373
6 0.526563 0.496484 0.311719 0.361719 0.00405502
5 0.526563 0.496484 0.311719 0.361719 0.00291252
10 0.532422 0.493848 0.328125 0.391992 0.00243378
20 0.532813 0.488281 0.321094 0.394531 0.00226974
25 0.558594 0.41709 0.254688 0.229883 0.00188255
19 0.555469 0.391406 0.30625 0.391406 0.00186729
23 0.539062 0.487891 0.30625 0.384375 0.00176144
4 0.534375 0.491309 0.320312 0.387695 0.00174141
0 0.557422 0.417871 0.255469 0.231445 0.00154877
2 0.558594 0.41709 0.254688 0.229883 0.0014782
11 0.528223 0.491797 0.324805 0.391406 0.00113773
23 0.557422 0.417871 0.255469 0.231445 0.00106049
1 0.532031 0.491504 0.328125 0.391992 0.797363
22 0.530371 0.491406 0.348633 0.391406 0.230225
14 0.531641 0.491016 0.335156 0.391406 0.0340881
5 0.529688 0.483203 0.34375 0.399219 0.0304413
12 0.532031 0.491504 0.328125 0.391992 0.0264587
17 0.529297 0.491797 0.335938 0.389844 0.0224609
14 0.554688 0.447266 0.279687 0.283594 0.0151901
25 0.535937 0.492871 0.31875 0.392383 0.0151291
20 0.530371 0.491406 0.348633 0.391406 0.014389
4 0.532031 0.491504 0.328125 0.391992 0.0119171
0 0.554688 0.447266 0.279687 0.283594 0.0116882
8 0.529297 0.491797 0.335938 0.389844 0.0115509
3 0.525391 0.493066 0.333594 0.388867 0.00787354
19 0.55625 0.39541 0.3 0.406055 0.00709534
4 0.554688 0.447266 0.279687 0.283594 0.00664139
11 0.529688 0.483203 0.34375 0.399219 0.00609589
21 0.525391 0.493066 0.333594 0.388867 0.00502014
19 0.525391 0.493066 0.333594 0.388867 0.00344276
25 0.554688 0.447266 0.279687 0.283594 0.00335121
13 0.521484 0.484766 0.336719 0.396094 0.00324821
8 0.547656 0.448535 0.285938 0.291992 0.00279999
17 0.547656 0.448535 0.285938 0.291992 0.00209999
0 0.538672 0.481934 0.305469 0.381445 0.00153065
2 0.554688 0.447266 0.279687 0.283594 0.00143242
9 0.535937 0.492871 0.31875 0.392383 0.00101185
1 0.527441 0.500098 0.343555 0.42793 0.696777
17 0.528906 0.501563 0.336719 0.425 0.140381
22 0.527734 0.501563 0.341406 0.43125 0.021286
14 0.530566 0.498437 0.335742 0.417969 0.0164032
4 0.530566 0.498437 0.335742 0.417969 0.014389
20 0.527441 0.500098 0.343555 0.42793 0.0109024
8 0.528809 0.497656 0.336133 0.417188 0.0105667
12 0.527441 0.500098 0.343555 0.42793 0.0100098
25 0.529688 0.498047 0.336719 0.413281 0.00981903
5 0.527441 0.500098 0.343555 0.42793 0.00725937
21 0.528906 0.501563 0.336719 0.425 0.0069046
3 0.525098 0.496973 0.33418 0.416992 0.00669098
19 0.529688 0.498047 0.336719 0.413281 0.00643921
15 0.525098 0.496973 0.33418 0.416992 0.00626373
10 0.529688 0.498047 0.336719 0.413281 0.00486755
14 0.554688 0.441016 0.28125 0.275781 0.00340271
13 0.525098 0.496973 0.33418 0.416992 0.00276756
12 0.58291 0.659863 0.701367 0.680273 0.00273705
13 0.58291 0.659863 0.701367 0.680273 0.00269318
6 0.525098 0.496973 0.33418 0.416992 0.00183868
4 0.554688 0.441016 0.28125 0.275781 0.00172043
11 0.527734 0.501563 0.341406 0.43125 0.00152493
12 0.578125 0.726953 0.596875 0.546094 0.00144386
23 0.529688 0.498047 0.336719 0.413281 0.00125504
2 0.528809 0.497656 0.336133 0.417188 0.00103664
19 0.512109 0.528223 0.303906 0.318555 0.00100803
1 0.528027 0.493359 0.331445 0.38125 0.806641
17 0.532813 0.494629 0.345313 0.379492 0.141724
14 0.529688 0.480078 0.329688 0.355469 0.0465393
25 0.52959 0.494531 0.325195 0.389062 0.0413208
22 0.530078 0.492188 0.338281 0.382812 0.0273743
21 0.530078 0.492188 0.338281 0.382812 0.0213623
20 0.528027 0.493359 0.331445 0.38125 0.0184021
14 0.553125 0.425391 0.259375 0.24375 0.0166626
8 0.532715 0.49541 0.331445 0.387305 0.014389
4 0.529688 0.480078 0.329688 0.355469 0.0112
5 0.530078 0.492188 0.338281 0.382812 0.0105667
25 0.535156 0.443066 0.304688 0.285742 0.0100555
0 0.553125 0.425391 0.259375 0.24375 0.00919342
3 0.535547 0.490527 0.353906 0.383008 0.0085144
4 0.553125 0.425391 0.259375 0.24375 0.00743103
12 0.532813 0.494629 0.345313 0.379492 0.00669098
10 0.535547 0.490527 0.353906 0.383008 0.00619125
19 0.535547 0.490527 0.353906 0.383008 0.00602722
2 0.535156 0.443066 0.304688 0.285742 0.00468063
23 0.559375 0.425781 0.253125 0.242188 0.00365067
13 0.532813 0.494629 0.345313 0.379492 0.00345612
17 0.535156 0.443066 0.304688 0.285742 0.00286674
23 0.529688 0.480078 0.329688 0.355469 0.00277901
0 0.535156 0.485059 0.317188 0.364258 0.00271416
8 0.553125 0.425391 0.259375 0.24375 0.00269318
11 0.525391 0.491406 0.349219 0.389062 0.00247192
2 0.532715 0.49541 0.331445 0.387305 0.00200272
6 0.530078 0.492188 0.338281 0.382812 0.00120163
10 0.535156 0.443066 0.304688 0.285742 0.00116062
9 0.528516 0.49209 0.336719 0.381445 0.00106049
1 0.52666 0.495996 0.307617 0.392383 0.845703
22 0.52666 0.495996 0.307617 0.392383 0.139893
17 0.522266 0.493848 0.314844 0.382617 0.0966797
21 0.525879 0.5 0.312305 0.389062 0.0495911
5 0.526465 0.491016 0.311133 0.375781 0.0350037
19 0.522266 0.493848 0.314844 0.382617 0.0212097
20 0.529688 0.495313 0.310156 0.3875 0.0142822
3 0.523438 0.494531 0.317188 0.396094 0.0137939
25 0.522266 0.493848 0.314844 0.382617 0.0130234
14 0.524219 0.492578 0.310937 0.379688 0.0129242
8 0.523438 0.494531 0.317188 0.396094 0.012825
10 0.521484 0.500781 0.31875 0.392969 0.0069046
0 0.526953 0.484473 0.313281 0.379492 0.00284576
11 0.530859 0.486328 0.329688 0.383594 0.00217438
12 0.52666 0.495996 0.307617 0.392383 0.00187492
4 0.530859 0.486328 0.329688 0.383594 0.00183868
13 0.515625 0.491016 0.301563 0.382031 0.0016613
4 0.769922 0.102832 0.222656 0.163477 0.00146103
12 0.563379 0.749023 0.50918 0.501953 0.00120163
1 0.53125 0.499121 0.327344 0.401758 0.884766
22 0.524609 0.49834 0.327344 0.40957 0.115173
17 0.535156 0.496484 0.330469 0.385156 0.0665894
21 0.529785 0.497559 0.331055 0.400195 0.0616455
5 0.531152 0.498437 0.329883 0.396875 0.0305634
20 0.527441 0.497656 0.326367 0.401563 0.0204926
14 0.531152 0.498437 0.329883 0.396875 0.0189819
3 0.531152 0.500391 0.331445 0.401563 0.0174408
8 0.531152 0.500391 0.331445 0.401563 0.0116882
10 0.535156 0.496484 0.330469 0.385156 0.00834656
19 0.527344 0.495703 0.332813 0.394531 0.00754929
25 0.527344 0.495703 0.332813 0.394531 0.00717545
13 0.681641 0.758594 0.421094 0.482812 0.00208282
17 0.550781 0.446094 0.267188 0.30625 0.00194168
19 0.493359 0.49541 0.247656 0.348242 0.00172043
11 0.531152 0.498437 0.329883 0.396875 0.00151253
2 0.530469 0.495703 0.328125 0.382812 0.00131989
6 0.530469 0.495703 0.328125 0.382812 0.00128937
0 0.532422 0.482422 0.314063 0.371094 0.00124931
13 0.634766 0.638379 0.683594 0.723242 0.00123024
4 0.527344 0.495703 0.332813 0.394531 0.00119686
15 0.532031 0.491406 0.324219 0.386719 0.00102425
1 0.526563 0.496094 0.307031 0.405469 0.855957
22 0.525 0.488184 0.305469 0.404883 0.113953
17 0.524316 0.496875 0.32168 0.403906 0.108948
21 0.522266 0.491406 0.309375 0.405469 0.0324707
14 0.525098 0.495996 0.31543 0.404883 0.0112457
25 0.524316 0.496875 0.32168 0.403906 0.00725937
5 0.525 0.488184 0.305469 0.404883 0.00643921
8 0.520996 0.491406 0.312695 0.400781 0.00614548
20 0.526563 0.496094 0.307031 0.405469 0.00561905
3 0.520996 0.491406 0.312695 0.400781 0.00395966
19 0.520996 0.491406 0.312695 0.400781 0.00305176
12 0.524316 0.496875 0.32168 0.403906 0.00137234
4 0.528125 0.495313 0.31875 0.405469 0.00131989
10 0.520996 0.491406 0.312695 0.400781 0.0012207
1 0.531641 0.497559 0.311719 0.39707 0.852539
22 0.525879 0.489453 0.30918 0.382031 0.0900879
17 0.529785 0.491016 0.33418 0.385156 0.0761108
21 0.528809 0.489941 0.31582 0.379492 0.0720825
5 0.525879 0.489453 0.30918 0.382031 0.0198669
20 0.526563 0.49375 0.308594 0.389062 0.0190582
19 0.525879 0.489453 0.30918 0.382031 0.0175171
25 0.53291 0.487402 0.324805 0.376758 0.0125732
10 0.528809 0.489941 0.31582 0.379492 0.0091629
3 0.525879 0.489453 0.30918 0.382031 0.00874329
14 0.531641 0.4875 0.308594 0.374219 0.00812531
8 0.527734 0.49834 0.325 0.398633 0.00460815
0 0.531641 0.4875 0.308594 0.374219 0.00248146
2 0.533594 0.488965 0.319531 0.38457 0.00160408
1 0.525781 0.48584 0.313281 0.38457 0.880371
17 0.520996 0.484473 0.301758 0.37793 0.217285
25 0.533594 0.486719 0.310937 0.379688 0.0283356
14 0.525781 0.48584 0.313281 0.38457 0.0187683
8 0.533594 0.486719 0.310937 0.379688 0.013588
0 0.527734 0.479688 0.319531 0.375 0.0108566
21 0.520996 0.484473 0.301758 0.37793 0.00959778
4 0.527734 0.479688 0.319531 0.375 0.00905609
10 0.520996 0.484473 0.301758 0.37793 0.00844574
20 0.525391 0.485156 0.317188 0.390625 0.00806427
3 0.533594 0.486719 0.310937 0.379688 0.00486755
19 0.523047 0.485938 0.31875 0.396875 0.00471878
5 0.522266 0.485156 0.313281 0.398438 0.00407028
22 0.520996 0.484473 0.301758 0.37793 0.00348282
23 0.527734 0.479688 0.319531 0.375 0.00335121
14 0.549219 0.437109 0.26875 0.271875 0.0018177
12 0.520996 0.484473 0.301758 0.37793 0.0016613
1 0.522266 0.498535 0.323438 0.395117 0.887695
17 0.525879 0.495215 0.323242 0.387695 0.0596619
25 0.528125 0.501172 0.329688 0.394531 0.0115509
12 0.528125 0.498437 0.330469 0.39375 0.0103302
15 0.528125 0.498437 0.330469 0.39375 0.00993347
20 0.519531 0.496777 0.322656 0.393945 0.00891876
4 0.525391 0.500879 0.325781 0.395117 0.00775528
14 0.526465 0.496875 0.325195 0.389844 0.00763702
22 0.521191 0.496875 0.324805 0.396094 0.00734711
3 0.526465 0.496875 0.325195 0.389844 0.00629044
8 0.528125 0.501172 0.329688 0.394531 0.00475693
5 0.522266 0.498535 0.323438 0.395117 0.00261116
0 0.528125 0.501172 0.329688 0.394531 0.00254059
13 0.525879 0.495215 0.323242 0.387695 0.00226974
6 0.521191 0.496875 0.324805 0.396094 0.00218201
19 0.526465 0.496875 0.325195 0.389844 0.00200272
21 0.521094 0.494531 0.320312 0.398438 0.00181007
2 0.526465 0.496875 0.325195 0.389844 0.00141621
10 0.525879 0.495215 0.323242 0.387695 0.00102806
1 0.519141 0.495703 0.310937 0.392188 0.872559
17 0.507129 0.497754 0.293555 0.382617 0.132568
21 0.511621 0.498437 0.298633 0.388281 0.121704
22 0.513281 0.494629 0.307031 0.385742 0.0270691
8 0.516406 0.495703 0.307813 0.390625 0.0137405
19 0.509277 0.504687 0.286133 0.364063 0.0135345
20 0.519141 0.495703 0.310937 0.392188 0.00888062
14 0.511621 0.498437 0.298633 0.388281 0.00769424
3 0.516406 0.495703 0.307813 0.390625 0.00407028
5 0.513281 0.494629 0.307031 0.385742 0.00332451
10 0.507129 0.497754 0.293555 0.382617 0.00219917
25 0.507129 0.497754 0.293555 0.382617 0.00191879
11 0.51875 0.489063 0.329688 0.378906 0.00146675
2 0.507129 0.497754 0.293555 0.382617 0.00144386
4 0.51875 0.489063 0.329688 0.378906 0.00103188
1 0.532031 0.501172 0.314063 0.396875 0.903809
17 0.532422 0.50166 0.320312 0.398242 0.118774
6 0.528223 0.510547 0.310742 0.372656 0.0367737
21 0.532422 0.500781 0.314844 0.395313 0.0272675
22 0.532422 0.500781 0.314844 0.395313 0.0156708
8 0.532422 0.500781 0.314844 0.395313 0.0132751
3 0.532422 0.500781 0.314844 0.395313 0.00800323
25 0.53125 0.499609 0.317188 0.397656 0.00709534
10 0.531641 0.499609 0.319531 0.403125 0.00518036
14 0.528809 0.500781 0.317383 0.4 0.00443268
19 0.53125 0.499609 0.317188 0.397656 0.0042305
5 0.531641 0.499609 0.319531 0.403125 0.0042305
4 0.764844 0.10293 0.221875 0.158984 0.00365067
12 0.529688 0.500781 0.323438 0.395313 0.00196457
20 0.534375 0.499609 0.31875 0.392969 0.00183105
15 0.528223 0.510547 0.310742 0.372656 0.00163555
4 0.528223 0.510547 0.310742 0.372656 0.00131512
2 0.528223 0.510547 0.310742 0.372656 0.00115108
17 0.518652 0.49375 0.295508 0.385938 0.592773
1 0.522266 0.494141 0.307031 0.396875 0.456055
8 0.523535 0.49375 0.298242 0.392188 0.0745239
21 0.517188 0.489941 0.307031 0.40918 0.0232391
25 0.518652 0.49375 0.295508 0.385938 0.0192719
22 0.527344 0.490723 0.308594 0.39043 0.0158386
3 0.523535 0.49375 0.298242 0.392188 0.0114212
19 0.511621 0.505859 0.289258 0.394531 0.0108566
5 0.527344 0.490723 0.308594 0.39043 0.0088501
10 0.518652 0.49375 0.295508 0.385938 0.0064888
6 0.511816 0.504687 0.301367 0.382031 0.00636292
4 0.527734 0.494141 0.303906 0.396875 0.00399017
15 0.522266 0.494141 0.307031 0.396875 0.00332451
0 0.533594 0.482031 0.3 0.378125 0.0029583
23 0.510938 0.517871 0.294531 0.348633 0.00243378
20 0.527344 0.490723 0.308594 0.39043 0.00181007
11 0.522266 0.494141 0.307031 0.396875 0.0017271
12 0.516016 0.492969 0.296094 0.392188 0.00135136
2 0.516016 0.492969 0.296094 0.392188 0.00133514
14 0.512891 0.489844 0.298438 0.407813 0.00131989
13 0.518652 0.49375 0.295508 0.385938 0.0011425
1 0.527734 0.491797 0.302344 0.380469 0.79248
22 0.526563 0.496484 0.305469 0.394531 0.0663452
21 0.519629 0.496191 0.30918 0.398242 0.0656128
17 0.521094 0.494141 0.308594 0.395313 0.0592041
20 0.527734 0.491797 0.302344 0.380469 0.0171051
5 0.525 0.493066 0.307813 0.391992 0.0124283
8 0.526563 0.496484 0.305469 0.394531 0.0068512
14 0.521094 0.494141 0.308594 0.395313 0.00432968
10 0.520215 0.492188 0.308008 0.394531 0.00331116
6 0.517969 0.506348 0.304688 0.382617 0.00328636
25 0.521094 0.494141 0.308594 0.395313 0.0029583
3 0.521094 0.494141 0.308594 0.395313 0.00219917
19 0.521094 0.494141 0.308594 0.395313 0.00178242
4 0.526563 0.496484 0.305469 0.394531 0.00117874
0 0.547656 0.432813 0.234375 0.248438 0.00105286
1 0.523438 0.492969 0.311719 0.390625 0.891602
17 0.519434 0.496191 0.304883 0.398242 0.651367
25 0.517969 0.495313 0.30625 0.398438 0.0280151
19 0.519434 0.496191 0.304883 0.398242 0.0272675
14 0.524609 0.489844 0.310156 0.382031 0.0145035
21 0.520996 0.496484 0.30957 0.396875 0.0139542
3 0.519434 0.496191 0.304883 0.398242 0.0121918
8 0.524609 0.489844 0.310156 0.382031 0.0116882
10 0.520703 0.494922 0.311719 0.396094 0.00821686
2 0.528516 0.487891 0.314063 0.389844 0.00677109
14 0.55 0.436719 0.265625 0.24375 0.00419998
22 0.520996 0.496484 0.30957 0.396875 0.00152493
1 0.689844 0.459375 0.620313 0.91875 0.00150108
6 0.521094 0.493848 0.308594 0.393555 0.00143814
15 0.521094 0.493848 0.308594 0.393555 0.00116062
12 0.516406 0.492871 0.296875 0.393945 0.00112438
8 0.55 0.436719 0.265625 0.24375 0.00100803
1 0.527734 0.495996 0.315625 0.401758 0.935547
21 0.524219 0.494141 0.31875 0.407813 0.163452
17 0.524219 0.494141 0.31875 0.407813 0.0560303
5 0.529688 0.491406 0.30625 0.402344 0.0316162
10 0.527344 0.492969 0.319531 0.40625 0.0173035
22 0.526563 0.498437 0.319531 0.399219 0.0138474
14 0.530859 0.493848 0.319531 0.401367 0.00837708
19 0.524219 0.494141 0.31875 0.407813 0.00809479
8 0.526563 0.498437 0.319531 0.399219 0.0068512
6 0.522266 0.500391 0.308594 0.367188 0.005867
25 0.524219 0.494141 0.31875 0.407813 0.00475693
11 0.525684 0.490527 0.304883 0.398633 0.00413513
3 0.527344 0.492969 0.319531 0.40625 0.00269318
20 0.527734 0.495996 0.315625 0.401758 0.00210762
4 0.529688 0.491406 0.30625 0.402344 0.00113773
1 0.535937 0.496191 0.342969 0.40293 0.92627
14 0.547656 0.445996 0.3 0.298633 0.199951
14 0.534375 0.496973 0.334375 0.407617 0.106689
17 0.535547 0.495703 0.342969 0.402344 0.036499
6 0.529297 0.505371 0.324219 0.381445 0.0295868
22 0.530859 0.496484 0.338281 0.40625 0.00867462
3 0.529297 0.505371 0.324219 0.381445 0.00806427
21 0.530859 0.496484 0.338281 0.40625 0.00595856
8 0.547656 0.445996 0.3 0.298633 0.00551224
5 0.530859 0.49541 0.332031 0.404492 0.00475693
25 0.535937 0.496191 0.342969 0.40293 0.00247192
8 0.536328 0.496094 0.328906 0.4 0.00216484
20 0.530859 0.496484 0.338281 0.40625 0.00161076
4 0.533691 0.497559 0.337305 0.408008 0.00119686
15 0.529297 0.505371 0.324219 0.381445 0.00119686
11 0.529297 0.505371 0.324219 0.381445 0.00116539
1 0.533203 0.495703 0.321094 0.402344 0.852051
14 0.534473 0.493359 0.32793 0.397656 0.0173798
17 0.526953 0.490234 0.333594 0.410156 0.0136337
4 0.533203 0.493359 0.324219 0.391406 0.00634003
22 0.530371 0.495313 0.331445 0.405469 0.0036068
5 0.530859 0.495703 0.329688 0.404687 0.00329781
8 0.533203 0.496484 0.31875 0.4 0.00312424
25 0.530859 0.495703 0.329688 0.404687 0.0018177
12 0.526953 0.493848 0.327344 0.40293 0.00157356
21 0.530371 0.495313 0.331445 0.405469 0.0011425
1 0.523535 0.489063 0.31543 0.39375 0.819824
17 0.524121 0.488672 0.314258 0.395313 0.12854
5 0.525 0.490234 0.316406 0.391406 0.0189819
21 0.521777 0.489844 0.312695 0.391406 0.0168457
6 0.523047 0.499219 0.308594 0.384375 0.0136337
22 0.523535 0.489063 0.31543 0.39375 0.0125275
8 0.525684 0.48916 0.312695 0.39043 0.0086441
12 0.531934 0.486328 0.329883 0.396094 0.00641251
14 0.523828 0.489453 0.314844 0.385938 0.00403976
25 0.524121 0.488672 0.314258 0.395313 0.00327301
4 0.523828 0.490234 0.309375 0.392969 0.00269318
3 0.524121 0.488672 0.314258 0.395313 0.00243378
8 0.547656 0.434375 0.257812 0.25 0.0020504
13 0.531934 0.486328 0.329883 0.396094 0.00194168
20 0.523828 0.489453 0.314844 0.385938 0.00134563
1 0.535156 0.497559 0.328125 0.404883 0.756348
22 0.534766 0.497656 0.322656 0.413281 0.0108566
17 0.536328 0.495313 0.332813 0.40625 0.00494385
8 0.537109 0.496191 0.322656 0.401367 0.00299263
20 0.5375 0.494629 0.321094 0.40293 0.0028553
12 0.535156 0.497559 0.328125 0.404883 0.00268364
5 0.535547 0.496484 0.324219 0.403125 0.00182438
14 0.532031 0.498828 0.319531 0.411719 0.0017271
4 0.530859 0.499609 0.320312 0.409375 0.00139904
1 0.525 0.49375 0.328125 0.395313 0.648926
14 0.526563 0.489941 0.321094 0.393555 0.0179138
17 0.525391 0.491797 0.321094 0.392969 0.0137405
22 0.522656 0.49375 0.321875 0.394531 0.00926971
4 0.524609 0.494141 0.325781 0.396094 0.00338936
21 0.522656 0.49375 0.321875 0.394531 0.00327301
5 0.522656 0.49375 0.321875 0.394531 0.00299263
14 0.547656 0.442969 0.26875 0.275 0.00125504
25 0.522656 0.49375 0.321875 0.394531 0.00112057
6 0.519922 0.510156 0.307031 0.358594 0.00105667
1 0.519434 0.489063 0.30957 0.388281 0.821777
17 0.519922 0.487402 0.296094 0.386133 0.0859985
22 0.533594 0.488672 0.314063 0.388281 0.00568771
25 0.518359 0.489453 0.307813 0.395313 0.00469971
5 0.525781 0.491406 0.3 0.384375 0.00416565
8 0.523438 0.491016 0.307031 0.385156 0.00313568
21 0.519922 0.489844 0.303906 0.389844 0.00312424
14 0.522656 0.489844 0.302344 0.3875 0.00237846
20 0.526172 0.490625 0.297656 0.376563 0.00182438
1 0.528906 0.486719 0.30625 0.389062 0.769043
17 0.521094 0.487109 0.29375 0.384375 0.0124817
22 0.521875 0.488672 0.307031 0.385156 0.00416565
14 0.531641 0.485059 0.303906 0.389258 0.00333786
25 0.529688 0.4875 0.3125 0.385156 0.00279999
5 0.528906 0.486719 0.30625 0.389062 0.00133514
4 0.526563 0.485938 0.301563 0.392188 0.00133038
21 0.521191 0.487402 0.301367 0.392383 0.00123501
12 0.524121 0.488379 0.308008 0.393555 0.00118828
1 0.521094 0.482715 0.333594 0.404883 0.893066
14 0.530371 0.482812 0.32207 0.378906 0.02211
17 0.524609 0.482812 0.338281 0.397656 0.00891876
8 0.530371 0.482812 0.32207 0.378906 0.00538635
25 0.521191 0.482031 0.337305 0.404687 0.00317192
6 0.511816 0.563281 0.307617 0.25 0.00275803
13 0.608594 0.794531 0.303906 0.332813 0.00194168
15 0.511816 0.563281 0.307617 0.25 0.00184631
25 0.511816 0.563281 0.307617 0.25 0.00171375
5 0.514844 0.485938 0.325781 0.40625 0.00156116
22 0.526172 0.481348 0.325781 0.39043 0.00151253
0 0.530371 0.482812 0.32207 0.378906 0.00145531
20 0.517969 0.486719 0.320312 0.404687 0.00135136
4 0.514844 0.485938 0.325781 0.40625 0.0012064
1 0.525781 0.482422 0.319531 0.389844 0.811035
14 0.526953 0.48125 0.317188 0.390625 0.011116
6 0.518359 0.529785 0.305469 0.310742 0.00619125
14 0.552344 0.447266 0.265625 0.292969 0.0042305
17 0.523047 0.482422 0.298438 0.384375 0.00242424
4 0.521875 0.483984 0.317188 0.390625 0.00161648
22 0.523438 0.483984 0.315625 0.392188 0.0014782
25 0.525781 0.482422 0.319531 0.389844 0.00118828
5 0.521875 0.483984 0.317188 0.390625 0.00108624
1 0.531152 0.475781 0.32207 0.392188 0.848633
17 0.531641 0.478516 0.319531 0.383594 0.0273743
8 0.541016 0.481348 0.310937 0.379492 0.00769424
0 0.541016 0.481348 0.310937 0.379492 0.00740433
14 0.531641 0.474902 0.311719 0.389258 0.00519943
12 0.531641 0.478516 0.319531 0.383594 0.00294685
25 0.536328 0.476172 0.319531 0.385156 0.00259018
4 0.527734 0.475 0.317969 0.392188 0.00152493
12 0.682227 0.478125 0.635547 0.95625 0.00124454
12 0.697656 0.584766 0.604688 0.830469 0.00109863
1 0.52959 0.475781 0.337695 0.389844 0.848633
17 0.525684 0.479297 0.329883 0.382031 0.0117798
14 0.530078 0.472656 0.327344 0.364844 0.00757599
0 0.533496 0.475098 0.32832 0.374805 0.00298119
8 0.533496 0.475098 0.32832 0.374805 0.00254059
22 0.525879 0.476562 0.332617 0.392188 0.00192642
25 0.529688 0.47666 0.334375 0.388867 0.00186062
14 0.544531 0.431641 0.292969 0.271094 0.00179577
4 0.525 0.475781 0.339063 0.392969 0.0014782
20 0.525879 0.476562 0.332617 0.392188 0.00133514
1 0.528906 0.467578 0.3125 0.384375 0.833984
17 0.524219 0.475391 0.292188 0.377344 0.00666809
22 0.530859 0.469531 0.308594 0.383594 0.00570679
8 0.538281 0.468848 0.290625 0.368555 0.00351143
14 0.523535 0.466797 0.31543 0.377344 0.00279999
4 0.521191 0.470703 0.316992 0.397656 0.00169373
21 0.530859 0.469531 0.308594 0.383594 0.00139904
1 0.526172 0.478125 0.297656 0.378125 0.691895
22 0.528516 0.476172 0.294531 0.371094 0.00806427
17 0.522656 0.479297 0.286719 0.371094 0.00712204
14 0.526172 0.471875 0.304688 0.372656 0.00536346
21 0.521094 0.477344 0.300781 0.385938 0.0019722
4 0.522754 0.477734 0.301367 0.385156 0.00150681
1 0.528223 0.475391 0.312305 0.376563 0.814453
17 0.527441 0.477246 0.307617 0.37207 0.0104065
14 0.523535 0.473828 0.30918 0.372656 0.00985718
21 0.519922 0.475391 0.307031 0.38125 0.00496292
5 0.523535 0.473828 0.30918 0.372656 0.00175476
22 0.527441 0.477246 0.307617 0.37207 0.00131512
25 0.523047 0.471875 0.308594 0.365625 0.00112915
1 0.534766 0.480469 0.339844 0.388281 0.836914
17 0.531934 0.483203 0.325195 0.382812 0.00559998
14 0.528516 0.48291 0.335156 0.39043 0.0027256
4 0.532129 0.481641 0.34043 0.385156 0.00246239
5 0.534375 0.479688 0.332813 0.390625 0.0024147
22 0.528516 0.48291 0.335156 0.39043 0.00193405
20 0.528516 0.48291 0.335156 0.39043 0.00162315
21 0.531934 0.483203 0.325195 0.382812 0.00115585
1 0.529297 0.480859 0.327344 0.396875 0.731934
22 0.533203 0.480371 0.31875 0.379883 0.0723877
4 0.534766 0.480859 0.321875 0.385156 0.0141754
0 0.542969 0.424121 0.29375 0.256445 0.0091629
5 0.533984 0.479688 0.323438 0.385938 0.00831604
17 0.528027 0.480469 0.312695 0.376563 0.00484848
12 0.534766 0.480859 0.321875 0.385156 0.00460815
20 0.529688 0.482031 0.322656 0.396875 0.00441742
14 0.532813 0.479785 0.323438 0.385742 0.00174141
13 0.580469 0.857813 0.226562 0.284375 0.00125504
8 0.542969 0.424121 0.29375 0.256445 0.00114727
0 0.534375 0.469434 0.3125 0.345508 0.00111198
1 0.527344 0.479688 0.317188 0.377344 0.806152
22 0.523828 0.480469 0.317188 0.375781 0.0142822
17 0.522266 0.480078 0.305469 0.369531 0.00812531
14 0.530469 0.479688 0.298438 0.38125 0.00390053
13 0.569531 0.834766 0.314063 0.330469 0.00209045
25 0.530469 0.479688 0.298438 0.38125 0.00181007
20 0.53125 0.480371 0.3125 0.37207 0.0016613
4 0.53125 0.480859 0.307813 0.376563 0.00134087
1 0.526563 0.478027 0.3 0.375195 0.779297
14 0.526563 0.478516 0.29375 0.375781 0.00446701
25 0.533594 0.477344 0.298438 0.373437 0.00380898
17 0.533594 0.477344 0.298438 0.373437 0.00237846
22 0.532031 0.477734 0.297656 0.375781 0.00106907
1 0.532813 0.480566 0.307031 0.374805 0.894531
14 0.530078 0.478125 0.300781 0.369531 0.0037365
22 0.533594 0.480078 0.301563 0.372656 0.0020504
25 0.527344 0.479688 0.297656 0.373437 0.00112438
1 0.53125 0.483594 0.303125 0.382812 0.819336
17 0.522656 0.483203 0.296875 0.377344 0.0120087
14 0.532031 0.477734 0.301563 0.371094 0.008255
22 0.532031 0.482812 0.304688 0.380469 0.00153637
21 0.532031 0.482812 0.304688 0.380469 0.00150681
1 0.53125 0.479297 0.295312 0.369531 0.84668
22 0.533203 0.480469 0.291406 0.370313 0.00591278
14 0.529688 0.478809 0.303125 0.370508 0.0026722
5 0.533203 0.480469 0.291406 0.370313 0.00230598
17 0.527734 0.479785 0.272656 0.366992 0.00228691
20 0.529688 0.478809 0.303125 0.370508 0.00157928
25 0.533203 0.480469 0.291406 0.370313 0.00123501
21 0.529688 0.478809 0.303125 0.370508 0.00101185
1 0.529688 0.481934 0.295312 0.37207 0.841309
14 0.527344 0.481348 0.289062 0.373242 0.00871277
17 0.522266 0.48125 0.292188 0.377344 0.00538635
14 0.551562 0.435547 0.253125 0.252344 0.00148964
13 0.527441 0.789258 0.460742 0.421484 0.00135612
21 0.529688 0.481641 0.295312 0.371094 0.00105667
1 0.530469 0.480371 0.290625 0.370508 0.89502
17 0.525391 0.480469 0.278906 0.367969 0.00419998
14 0.528125 0.48125 0.289062 0.372656 0.00407028
25 0.528125 0.48125 0.289062 0.372656 0.00181007
22 0.531641 0.481641 0.288281 0.371094 0.00150108
1 0.525391 0.482129 0.305469 0.37793 0.805176
17 0.520703 0.481641 0.297656 0.376563 0.00717545
22 0.52666 0.481348 0.304492 0.376367 0.00293541
14 0.526563 0.480566 0.298438 0.379492 0.00291252
25 0.526563 0.48125 0.295312 0.378125 0.00223351
1 0.530469 0.483984 0.291406 0.370313 0.777344
22 0.530469 0.484277 0.295312 0.367383 0.00600433
17 0.521484 0.484277 0.280469 0.36582 0.00518036
14 0.528906 0.48291 0.289062 0.374805 0.00342941
25 0.528906 0.48291 0.289062 0.374805 0.00340271
1 0.528125 0.484375 0.282813 0.371094 0.853027
14 0.528125 0.482812 0.282813 0.370313 0.00261116
17 0.522656 0.482715 0.267188 0.36582 0.00259018
22 0.529688 0.484473 0.282813 0.370117 0.00143242
25 0.528125 0.482812 0.282813 0.370313 0.00134087
1 0.528906 0.485254 0.29375 0.374805 0.768555
25 0.523438 0.483594 0.284375 0.376563 0.00337601
17 0.524219 0.485156 0.284375 0.371875 0.00333786
14 0.527344 0.485547 0.2875 0.372656 0.00251198
22 0.528906 0.485156 0.290625 0.370313 0.00226021
21 0.526563 0.485254 0.290625 0.374805 0.0015974
1 0.528125 0.481641 0.289062 0.371094 0.753418
17 0.520312 0.482031 0.276563 0.371875 0.00760651
22 0.529688 0.481641 0.289062 0.364844 0.00169373
14 0.528906 0.481641 0.285938 0.364844 0.00126457
1 0.532813 0.485547 0.282813 0.3625 0.84082
17 0.527344 0.486621 0.273438 0.358008 0.00468063
22 0.532813 0.485547 0.284375 0.359375 0.00269318
14 0.533984 0.486621 0.283594 0.364258 0.00156116
1 0.528125 0.485254 0.278125 0.360742 0.84082
17 0.524219 0.486328 0.270313 0.357031 0.00436401
14 0.527734 0.482812 0.283594 0.357812 0.00287819
25 0.527734 0.482812 0.283594 0.357812 0.00286674
1 0.530469 0.485938 0.284375 0.364063 0.741699
25 0.528125 0.484473 0.284375 0.368555 0.011734
14 0.530469 0.483691 0.2875 0.363867 0.00636292
17 0.527344 0.483984 0.279687 0.3625 0.00619125
22 0.53125 0.48584 0.289062 0.362695 0.00127411
1 0.526563 0.488184 0.29375 0.361133 0.790527
17 0.522656 0.488672 0.279687 0.357031 0.00948334
14 0.526953 0.486719 0.290625 0.363281 0.00312424
25 0.527344 0.4875 0.292969 0.358594 0.00302696
22 0.527344 0.4875 0.292969 0.358594 0.00117397
1 0.525391 0.490625 0.28125 0.367188 0.71875
17 0.521875 0.492285 0.271875 0.356055 0.00638962
25 0.527344 0.490527 0.28125 0.364258 0.0045929
14 0.522656 0.490625 0.282813 0.367188 0.00201035
1 0.522656 0.488281 0.2875 0.375781 0.871582
17 0.523828 0.487598 0.277344 0.373242 0.0068512
14 0.522656 0.487109 0.2875 0.382812 0.00150681
22 0.525 0.4875 0.285938 0.373437 0.00144958
25 0.522656 0.487109 0.2875 0.382812 0.00133038
21 0.523828 0.486719 0.286719 0.378125 0.00132465
1 0.528906 0.485547 0.295312 0.379688 0.799316
14 0.528125 0.483203 0.296875 0.372656 0.00305176
25 0.528125 0.485156 0.296875 0.382812 0.00226974
17 0.525781 0.485156 0.28125 0.375 0.00223351
1 0.533594 0.485938 0.299219 0.375 0.832031
14 0.529688 0.481641 0.296875 0.367969 0.00291252
25 0.528906 0.485156 0.298438 0.379688 0.00253105
17 0.528125 0.48584 0.2875 0.370508 0.00178909
1 0.528906 0.488281 0.295312 0.371094 0.803223
17 0.528906 0.487109 0.282813 0.364844 0.00227928
25 0.526563 0.486328 0.29375 0.377344 0.00191212
22 0.532031 0.487109 0.295312 0.367969 0.00166798
14 0.526563 0.486328 0.29375 0.377344 0.00143242
1 0.530859 0.485938 0.292969 0.373437 0.831055
25 0.527344 0.485938 0.289062 0.377344 0.00245285
14 0.530078 0.484766 0.288281 0.367969 0.00214958
1 0.530469 0.487891 0.298438 0.376563 0.842773
14 0.527344 0.485547 0.298438 0.380469 0.00200272
25 0.527344 0.48584 0.295312 0.37832 0.00167465
17 0.530469 0.485938 0.289062 0.374219 0.00158501
1 0.533594 0.487109 0.295312 0.369531 0.852051
22 0.534375 0.486328 0.295312 0.367969 0.00252151
17 0.529297 0.487109 0.282813 0.36875 0.00215721
14 0.53125 0.487109 0.294531 0.376563 0.00179577
25 0.530078 0.487891 0.292969 0.377344 0.00171375
1 0.53125 0.484375 0.292188 0.373437 0.858887
17 0.527734 0.485156 0.282031 0.369531 0.00269318
14 0.530469 0.483594 0.290625 0.379688 0.00194931
22 0.532813 0.486719 0.292188 0.371094 0.00168705
25 0.528906 0.485547 0.292188 0.378906 0.00124931
1 0.530469 0.488184 0.285938 0.368945 0.831055
17 0.527344 0.488184 0.275 0.362695 0.0042305
25 0.526563 0.487109 0.284375 0.375781 0.00273705
14 0.528125 0.48584 0.28125 0.37207 0.00185299
22 0.53125 0.487891 0.284375 0.366406 0.00131989
1 0.528906 0.486816 0.292188 0.370117 0.858887
17 0.525781 0.487402 0.278125 0.36582 0.00328636
14 0.527734 0.485059 0.289062 0.37832 0.00189686
25 0.527344 0.487109 0.285938 0.378906 0.00167465
22 0.530469 0.487109 0.290625 0.367969 0.00163555
1 0.530469 0.487109 0.290625 0.371094 0.869629
17 0.525781 0.487109 0.279687 0.363281 0.00299263
22 0.53125 0.487109 0.289062 0.367969 0.00178909
25 0.53125 0.487109 0.289062 0.367969 0.00168705
14 0.528125 0.486035 0.290625 0.376367 0.00167465
1 0.528906 0.488184 0.2875 0.373633 0.872559
17 0.526563 0.487402 0.278125 0.367383 0.00388527
25 0.53125 0.487402 0.290625 0.370508 0.00182438
14 0.528516 0.487402 0.288281 0.37832 0.00168705
22 0.53125 0.487402 0.290625 0.370508 0.00138855
1 0.530078 0.4875 0.288281 0.371875 0.892578
17 0.527734 0.486719 0.280469 0.365625 0.00265312
14 0.529688 0.485547 0.289844 0.376563 0.0020504
25 0.532813 0.48584 0.289062 0.367383 0.00188255
1 0.530078 0.487891 0.286719 0.371094 0.876465
14 0.530469 0.487109 0.2875 0.370313 0.00379562
25 0.528516 0.4875 0.286719 0.375781 0.00290108
17 0.527344 0.486328 0.279687 0.364844 0.00152493
1 0.529688 0.487109 0.289062 0.369531 0.863281
14 0.529297 0.486719 0.2875 0.370313 0.00486755
25 0.527344 0.487109 0.285938 0.376563 0.00301552
17 0.527344 0.487598 0.282813 0.366992 0.00119686
1 0.529688 0.485938 0.2875 0.376563 0.878418
14 0.530469 0.487402 0.290625 0.37207 0.00259018
25 0.528516 0.487402 0.289062 0.37832 0.0012846
17 0.528906 0.486816 0.282813 0.366992 0.00126934
1 0.528906 0.488281 0.2875 0.371875 0.86084
14 0.528906 0.487109 0.289062 0.371094 0.00275803
25 0.527344 0.488281 0.2875 0.378906 0.00235939
1 0.528125 0.4875 0.290625 0.373437 0.880859
14 0.528125 0.487402 0.29375 0.375195 0.0029583
25 0.526563 0.486621 0.292188 0.37832 0.00168133
17 0.528125 0.486328 0.284375 0.367969 0.0011692
1 0.529297 0.486328 0.288281 0.376563 0.891602
14 0.527344 0.486719 0.290625 0.378125 0.0020504
25 0.527344 0.486719 0.290625 0.378125 0.00134563
17 0.528125 0.487109 0.282813 0.367969 0.00106525
1 0.527734 0.487891 0.2875 0.371094 0.895508
14 0.525781 0.486719 0.289062 0.377344 0.00189686
25 0.525781 0.486719 0.289062 0.377344 0.00146103
1 0.528125 0.487891 0.285938 0.369531 0.893066
14 0.528125 0.487891 0.289844 0.371875 0.0024929
25 0.526563 0.486719 0.289062 0.376563 0.00194168
1 0.528906 0.487402 0.288281 0.370508 0.884277
14 0.526563 0.486328 0.289062 0.377344 0.00222588
25 0.526563 0.486328 0.289062 0.377344 0.00183868
1 0.528125 0.487891 0.285938 0.370313 0.887207
14 0.525781 0.487109 0.2875 0.377344 0.00228691
25 0.525781 0.487109 0.2875 0.377344 0.00192642
1 0.527344 0.487598 0.285938 0.370117 0.878906
14 0.525781 0.486719 0.2875 0.376563 0.00230598
25 0.525781 0.486719 0.2875 0.376563 0.0019722
1 0.528125 0.487891 0.286719 0.371094 0.878906
14 0.526563 0.486719 0.289062 0.376563 0.00245285
25 0.526563 0.486719 0.289062 0.376563 0.00198746
1 0.527734 0.488184 0.285156 0.368945 0.882324
14 0.525781 0.486719 0.2875 0.375 0.00221634
25 0.525781 0.486719 0.2875 0.375 0.00176811
1 0.527734 0.487598 0.285938 0.370117 0.888184
14 0.525781 0.486816 0.2875 0.376367 0.00221634
25 0.525781 0.486816 0.2875 0.376367 0.00183868
1 0.527344 0.487598 0.285938 0.370117 0.893066
14 0.525781 0.486719 0.2875 0.376563 0.00209999
25 0.525781 0.486719 0.2875 0.376563 0.00163555
1 0.527344 0.487891 0.285938 0.369531 0.89502
14 0.525781 0.486719 0.2875 0.376563 0.00206757
25 0.525781 0.486719 0.2875 0.376563 0.00167465
1 0.527734 0.487891 0.285156 0.369531 0.89502
14 0.525781 0.486719 0.2875 0.376563 0.00209999
25 0.525781 0.486719 0.2875 0.376563 0.00183868
1 0.528125 0.488281 0.285938 0.369531 0.893066
14 0.525781 0.486719 0.2875 0.376563 0.00222588
25 0.525781 0.486719 0.2875 0.376563 0.00188255
1 0.528125 0.488379 0.285938 0.370117 0.891113
14 0.525781 0.486816 0.2875 0.376367 0.00223351
25 0.525781 0.486816 0.2875 0.376367 0.00194931
1 0.527344 0.488184 0.285938 0.370508 0.887207
14 0.526172 0.486719 0.288281 0.376563 0.00225258
25 0.526172 0.486719 0.288281 0.376563 0.00194168
1 0.527344 0.487598 0.285938 0.370117 0.893066
14 0.525781 0.486719 0.2875 0.376563 0.00209999
25 0.525781 0.486719 0.2875 0.376563 0.00162315
