11 0.468066 0.535156 0.47168 0.453125 0.0149536
11 0.558496 0.551953 0.670508 0.488281 0.0138474
20 0.607031 0.537109 0.754687 0.45625 0.00734711
3 0.468066 0.535156 0.47168 0.453125 0.00731659
14 0.617285 0.552734 0.76543 0.478906 0.00712204
3 0.607031 0.537109 0.754687 0.45625 0.00616837
20 0.468066 0.535156 0.47168 0.453125 0.00584412
5 0.578809 0.609766 0.711133 0.608594 0.00542831
14 0.467871 0.51875 0.45332 0.421094 0.00471878
11 0.594141 0.609473 0.811719 0.712305 0.00468063
9 0.468066 0.535156 0.47168 0.453125 0.00383949
9 0.599609 0.563379 0.800781 0.50918 0.00337601
5 0.564941 0.584766 0.770117 0.830469 0.00291252
19 0.528125 0.500879 0.303125 0.348242 0.00212479
9 0.575 0.622656 0.85 0.754687 0.00203514
17 0.484473 0.514453 0.443555 0.416406 0.00194168
10 0.607031 0.537109 0.754687 0.45625 0.00194168
11 0.540625 0.5375 0.91875 0.85625 0.00188255
14 0.549219 0.600391 0.685938 0.582031 0.00175476
0 0.617285 0.552734 0.76543 0.478906 0.00174141
2 0.607031 0.537109 0.754687 0.45625 0.00174141
10 0.468066 0.535156 0.47168 0.453125 0.00163555
11 0.476172 0.705078 0.675781 0.589844 0.00163555
11 0.493848 0.785156 0.673242 0.429688 0.00162315
2 0.484473 0.514453 0.443555 0.416406 0.00159168
3 0.540625 0.5375 0.91875 0.85625 0.00157356
0 0.484473 0.514453 0.443555 0.416406 0.00152493
11 0.526172 0.67334 0.882031 0.65332 0.00144386
8 0.484473 0.514453 0.443555 0.416406 0.00135612
4 0.575 0.622656 0.85 0.754687 0.0012846
5 0.400684 0.758984 0.614258 0.482031 0.00127888
1 0.468066 0.535156 0.47168 0.453125 0.00126934
3 0.616406 0.577734 0.767188 0.666406 0.00126457
4 0.607031 0.537109 0.754687 0.45625 0.0012598
0 0.540625 0.5375 0.91875 0.85625 0.00124454
14 0.564941 0.584766 0.770117 0.830469 0.00116539
3 0.549219 0.600391 0.685938 0.582031 0.00116062
4 0.493848 0.785156 0.673242 0.429688 0.00115585
4 0.468066 0.535156 0.47168 0.453125 0.00114727
11 0.495313 0.648828 0.990625 0.702344 0.00114727
11 0.400684 0.758984 0.614258 0.482031 0.00111198
4 0.587891 0.711328 0.774219 0.577344 0.00103188
14 0.525781 0.714453 0.717188 0.571094 0.00102425
11 0.448047 0.557813 0.803906 0.884375 0.00100422
22 0.463672 0.574609 0.417188 0.558594 0.976074
20 0.482031 0.591797 0.5125 0.591406 0.950195
22 0.505371 0.637891 0.654883 0.724219 0.888672
17 0.463672 0.574609 0.417188 0.558594 0.884277
20 0.465625 0.550781 0.413281 0.496875 0.744629
22 0.406934 0.651465 0.69707 0.69707 0.672363
17 0.505371 0.637891 0.654883 0.724219 0.625977
20 0.505371 0.637891 0.654883 0.724219 0.624512
22 0.490527 0.614062 0.529883 0.584375 0.562012
22 0.500879 0.523047 0.387305 0.435937 0.550781
14 0.482031 0.591797 0.5125 0.591406 0.542969
17 0.406934 0.651465 0.69707 0.69707 0.492188
3 0.482031 0.591797 0.5125 0.591406 0.474609
3 0.465625 0.550781 0.413281 0.496875 0.462891
17 0.500879 0.523047 0.387305 0.435937 0.458984
11 0.482031 0.591797 0.5125 0.591406 0.386719
22 0.445703 0.648828 0.455469 0.702344 0.348633
17 0.364844 0.682813 0.729688 0.634375 0.327637
17 0.490527 0.614062 0.529883 0.584375 0.242188
25 0.482031 0.591797 0.5125 0.591406 0.242188
22 0.355469 0.686133 0.678125 0.627734 0.199951
17 0.445703 0.648828 0.455469 0.702344 0.194946
14 0.462891 0.558984 0.446094 0.466406 0.184814
11 0.505371 0.637891 0.654883 0.724219 0.182983
3 0.505371 0.637891 0.654883 0.724219 0.168335
20 0.406934 0.651465 0.69707 0.69707 0.165649
17 0.334375 0.599219 0.66875 0.801562 0.152588
14 0.505371 0.637891 0.654883 0.724219 0.145142
5 0.483203 0.599121 0.49375 0.58457 0.144653
25 0.465625 0.550781 0.413281 0.496875 0.129883
11 0.465625 0.550781 0.413281 0.496875 0.117981
24 0.482031 0.591797 0.5125 0.591406 0.117981
22 0.384961 0.633203 0.769922 0.733594 0.101929
9 0.482031 0.591797 0.5125 0.591406 0.0984497
24 0.505371 0.637891 0.654883 0.724219 0.0984497
5 0.473828 0.639941 0.583594 0.720117 0.0927124
22 0.334375 0.599219 0.66875 0.801562 0.0847778
22 0.634766 0.583203 0.730469 0.833594 0.0769653
8 0.465625 0.550781 0.413281 0.496875 0.069519
20 0.445703 0.648828 0.455469 0.702344 0.0648804
13 0.482031 0.591797 0.5125 0.591406 0.0609741
3 0.406934 0.651465 0.69707 0.69707 0.0607605
9 0.505371 0.637891 0.654883 0.724219 0.0598755
22 0.344727 0.74043 0.689453 0.519141 0.0528259
14 0.392188 0.646875 0.682031 0.70625 0.0499573
25 0.505371 0.637891 0.654883 0.724219 0.0467224
20 0.364844 0.682813 0.729688 0.634375 0.0458679
13 0.505371 0.637891 0.654883 0.724219 0.0453491
1 0.377734 0.651563 0.755469 0.696875 0.0417786
0 0.465625 0.550781 0.413281 0.496875 0.0408325
1 0.362305 0.710742 0.724609 0.578516 0.0370483
22 0.334375 0.745703 0.66875 0.508594 0.0362244
10 0.482031 0.591797 0.5125 0.591406 0.0359497
10 0.473828 0.639941 0.583594 0.720117 0.0343628
17 0.334375 0.745703 0.66875 0.508594 0.0343628
1 0.463672 0.574609 0.417188 0.558594 0.0332642
14 0.364844 0.682813 0.729688 0.634375 0.03125
17 0.39209 0.717188 0.612695 0.565625 0.0297546
17 0.336328 0.737109 0.672656 0.525781 0.0290833
21 0.452734 0.561719 0.438281 0.509375 0.0272675
11 0.406934 0.651465 0.69707 0.69707 0.0272675
3 0.364844 0.682813 0.729688 0.634375 0.0269623
2 0.465625 0.550781 0.413281 0.496875 0.0265503
13 0.406934 0.651465 0.69707 0.69707 0.0264587
17 0.634766 0.583203 0.730469 0.833594 0.0254669
17 0.345703 0.63125 0.691406 0.7375 0.0207977
14 0.445703 0.648828 0.455469 0.702344 0.0204163
17 0.636328 0.662109 0.727344 0.675781 0.0192719
22 0.59375 0.641016 0.8125 0.717969 0.0183411
22 0.483984 0.674219 0.586719 0.651563 0.0183411
22 0.614062 0.458984 0.6625 0.872656 0.0178528
9 0.420703 0.646094 0.625781 0.707812 0.0177765
9 0.465625 0.550781 0.413281 0.496875 0.0173798
20 0.334375 0.599219 0.66875 0.801562 0.0173798
11 0.445703 0.648828 0.455469 0.702344 0.0173035
19 0.389941 0.82793 0.335742 0.344141 0.016922
13 0.465625 0.550781 0.413281 0.496875 0.016922
18 0.462891 0.558984 0.446094 0.466406 0.0164032
3 0.445703 0.648828 0.455469 0.702344 0.0163422
10 0.358398 0.658203 0.716797 0.683594 0.016098
13 0.360547 0.707617 0.721094 0.584766 0.0158997
21 0.458594 0.560938 0.321094 0.407813 0.0156021
1 0.324609 0.610547 0.649219 0.778906 0.0149536
22 0.555469 0.713477 0.845313 0.573047 0.0141144
8 0.364844 0.682813 0.729688 0.634375 0.014061
1 0.473828 0.639941 0.583594 0.720117 0.0137939
13 0.384961 0.633203 0.769922 0.733594 0.0137405
16 0.460156 0.642969 0.435937 0.714063 0.0135345
24 0.420703 0.646094 0.625781 0.707812 0.0131226
17 0.404297 0.543359 0.371875 0.36875 0.01297
1 0.372852 0.695312 0.606641 0.609375 0.0129242
22 0.639063 0.683008 0.721875 0.633984 0.0123825
16 0.452734 0.561719 0.438281 0.509375 0.0123367
17 0.483984 0.674219 0.586719 0.651563 0.012146
3 0.334375 0.599219 0.66875 0.801562 0.0115967
11 0.362305 0.710742 0.724609 0.578516 0.0114212
3 0.334375 0.745703 0.66875 0.508594 0.0107803
5 0.455078 0.549121 0.450781 0.39082 0.0107346
13 0.445703 0.648828 0.455469 0.702344 0.0106506
25 0.420703 0.646094 0.625781 0.707812 0.0102921
8 0.482031 0.591797 0.5125 0.591406 0.0100937
14 0.324609 0.610547 0.649219 0.778906 0.0100555
10 0.465625 0.550781 0.413281 0.496875 0.00997162
4 0.462598 0.5625 0.44043 0.501563 0.00971222
16 0.505371 0.637891 0.654883 0.724219 0.00963593
5 0.392188 0.646875 0.682031 0.70625 0.00948334
20 0.336328 0.737109 0.672656 0.525781 0.00923157
8 0.505371 0.637891 0.654883 0.724219 0.00912476
19 0.431934 0.770312 0.311133 0.4 0.00898743
17 0.555469 0.713477 0.845313 0.573047 0.0088501
1 0.334375 0.745703 0.66875 0.508594 0.00878143
11 0.334375 0.745703 0.66875 0.508594 0.00878143
14 0.336328 0.737109 0.672656 0.525781 0.0086441
1 0.490527 0.614062 0.529883 0.584375 0.00844574
20 0.345703 0.63125 0.691406 0.7375 0.00844574
22 0.664062 0.475 0.671875 0.915625 0.008255
25 0.500781 0.500391 0.385938 0.389844 0.00800323
1 0.639063 0.683008 0.721875 0.633984 0.00796509
13 0.334375 0.745703 0.66875 0.508594 0.00793457
20 0.39209 0.717188 0.612695 0.565625 0.00790405
19 0.458594 0.560938 0.321094 0.407813 0.0077858
14 0.329102 0.542969 0.658203 0.807813 0.00763702
3 0.39209 0.717188 0.612695 0.565625 0.00740433
20 0.643262 0.517188 0.713477 0.853125 0.00723267
3 0.500781 0.500391 0.385938 0.389844 0.00712204
0 0.36875 0.651953 0.69375 0.667969 0.00695801
22 0.404297 0.543359 0.371875 0.36875 0.0069313
8 0.36875 0.651953 0.69375 0.667969 0.00682449
21 0.397656 0.80625 0.361719 0.3875 0.00679779
1 0.318359 0.781836 0.636719 0.436328 0.00679779
3 0.634766 0.583203 0.730469 0.833594 0.00677109
0 0.500781 0.500391 0.385938 0.389844 0.00674438
21 0.500879 0.523047 0.387305 0.435937 0.00674438
20 0.334375 0.745703 0.66875 0.508594 0.00666809
17 0.664062 0.475 0.671875 0.915625 0.00664139
1 0.326562 0.656055 0.653125 0.687891 0.00664139
11 0.384961 0.633203 0.769922 0.733594 0.00661469
8 0.334375 0.599219 0.66875 0.801562 0.0064888
3 0.336328 0.737109 0.672656 0.525781 0.0064888
24 0.465625 0.550781 0.413281 0.496875 0.00638962
17 0.305078 0.601465 0.596875 0.543945 0.00634003
14 0.334375 0.745703 0.66875 0.508594 0.00629044
14 0.500781 0.500391 0.385938 0.389844 0.00626373
2 0.482031 0.591797 0.5125 0.591406 0.00626373
1 0.356836 0.519531 0.713672 0.910937 0.00616837
14 0.404297 0.543359 0.371875 0.36875 0.00609589
17 0.614062 0.458984 0.6625 0.872656 0.00600433
22 0.31875 0.615234 0.6375 0.769531 0.00600433
10 0.362305 0.710742 0.724609 0.578516 0.00595856
4 0.505371 0.637891 0.654883 0.724219 0.00577545
14 0.614062 0.458984 0.6625 0.872656 0.00542831
19 0.384766 0.844922 0.427344 0.310156 0.00540543
20 0.625781 0.607813 0.748438 0.784375 0.00534439
8 0.336328 0.737109 0.672656 0.525781 0.00518036
1 0.432813 0.397656 0.511719 0.795313 0.00494385
1 0.664062 0.595703 0.671875 0.808594 0.00492477
0 0.364844 0.682813 0.729688 0.634375 0.00488663
14 0.634766 0.583203 0.730469 0.833594 0.00486755
13 0.324609 0.610547 0.649219 0.778906 0.00486755
22 0.305078 0.601465 0.596875 0.543945 0.00481033
14 0.39209 0.717188 0.612695 0.565625 0.00462723
3 0.404297 0.543359 0.371875 0.36875 0.00432968
8 0.334375 0.745703 0.66875 0.508594 0.00426483
13 0.330469 0.770312 0.660937 0.459375 0.00426483
13 0.39209 0.717188 0.612695 0.565625 0.00416565
13 0.618359 0.708594 0.763281 0.582812 0.00415039
13 0.634766 0.583203 0.730469 0.833594 0.00413513
0 0.334375 0.599219 0.66875 0.801562 0.0041008
3 0.345703 0.63125 0.691406 0.7375 0.0041008
20 0.639063 0.683008 0.721875 0.633984 0.00408554
22 0.327344 0.792578 0.575 0.414844 0.00403976
16 0.453906 0.520312 0.467187 0.355469 0.00400543
1 0.664062 0.475 0.671875 0.915625 0.00400543
0 0.404297 0.543359 0.371875 0.36875 0.00385475
22 0.685938 0.610156 0.628125 0.779688 0.00385475
7 0.462891 0.558984 0.446094 0.466406 0.00382423
11 0.327344 0.792578 0.575 0.414844 0.00379562
8 0.445703 0.648828 0.455469 0.702344 0.00376511
1 0.555469 0.713477 0.845313 0.573047 0.00374985
17 0.355859 0.471484 0.711719 0.908594 0.00369263
3 0.614062 0.458984 0.6625 0.872656 0.00369263
25 0.355469 0.686133 0.678125 0.627734 0.00369263
11 0.634766 0.583203 0.730469 0.833594 0.00359344
16 0.334375 0.745703 0.66875 0.508594 0.00348282
16 0.344727 0.74043 0.689453 0.519141 0.00342941
13 0.326562 0.656055 0.653125 0.687891 0.00340271
14 0.6125 0.685156 0.775 0.629687 0.00340271
13 0.614062 0.458984 0.6625 0.872656 0.00337601
13 0.404297 0.543359 0.371875 0.36875 0.00332451
17 0.685938 0.610156 0.628125 0.779688 0.00329781
3 0.636328 0.662109 0.727344 0.675781 0.00324821
14 0.664062 0.475 0.671875 0.915625 0.00319672
16 0.377734 0.651563 0.755469 0.696875 0.00317192
13 0.59375 0.641016 0.8125 0.717969 0.00316048
5 0.458984 0.507715 0.467187 0.54707 0.00314713
14 0.305078 0.601465 0.596875 0.543945 0.00314713
3 0.305078 0.601465 0.596875 0.543945 0.00309944
13 0.483984 0.674219 0.586719 0.651563 0.00309944
13 0.664062 0.475 0.671875 0.915625 0.00307465
13 0.305078 0.601465 0.596875 0.543945 0.0030632
11 0.614062 0.458984 0.6625 0.872656 0.00305176
21 0.490527 0.614062 0.529883 0.584375 0.00302696
1 0.59375 0.641016 0.8125 0.717969 0.00300407
14 0.432813 0.397656 0.511719 0.795313 0.00299263
11 0.318359 0.781836 0.636719 0.436328 0.0029583
17 0.327344 0.792578 0.575 0.414844 0.0029583
17 0.671875 0.707812 0.65625 0.584375 0.00292397
21 0.440625 0.760938 0.334375 0.4 0.00290108
14 0.326562 0.656055 0.653125 0.687891 0.00288963
16 0.500879 0.523047 0.387305 0.435937 0.00286674
11 0.324609 0.610547 0.649219 0.778906 0.0028553
1 0.424316 0.414062 0.773242 0.828125 0.00284576
13 0.432813 0.397656 0.511719 0.795313 0.00284576
14 0.483984 0.674219 0.586719 0.651563 0.00283432
25 0.334375 0.599219 0.66875 0.801562 0.00279045
20 0.59375 0.641016 0.8125 0.717969 0.00277901
22 0.355859 0.471484 0.711719 0.908594 0.00275803
20 0.483984 0.674219 0.586719 0.651563 0.00273705
13 0.665234 0.682813 0.669531 0.634375 0.00273705
14 0.355859 0.471484 0.711719 0.908594 0.0026722
14 0.327344 0.792578 0.575 0.414844 0.0026722
0 0.482031 0.591797 0.5125 0.591406 0.0026207
13 0.327344 0.792578 0.575 0.414844 0.00256157
2 0.377734 0.651563 0.755469 0.696875 0.00255013
4 0.420703 0.646094 0.625781 0.707812 0.00254059
1 0.471094 0.508984 0.407813 0.402344 0.00250244
20 0.555469 0.713477 0.845313 0.573047 0.00250244
16 0.490527 0.614062 0.529883 0.584375 0.00247192
21 0.505371 0.637891 0.654883 0.724219 0.00245285
12 0.445703 0.648828 0.455469 0.702344 0.0024147
3 0.483984 0.674219 0.586719 0.651563 0.00240517
1 0.614062 0.458984 0.6625 0.872656 0.00237846
9 0.375195 0.658594 0.750391 0.682813 0.00234985
3 0.555469 0.713477 0.845313 0.573047 0.00234985
3 0.664062 0.475 0.671875 0.915625 0.00234222
1 0.294141 0.557813 0.588281 0.884375 0.00234222
10 0.334375 0.745703 0.66875 0.508594 0.00234222
0 0.336328 0.737109 0.672656 0.525781 0.00230598
12 0.369336 0.651563 0.738672 0.696875 0.00227928
13 0.330664 0.521094 0.661328 0.914062 0.00226021
13 0.329102 0.542969 0.658203 0.807813 0.00226021
1 0.327344 0.792578 0.575 0.414844 0.00226021
2 0.344727 0.74043 0.689453 0.519141 0.00223351
13 0.535156 0.739062 0.842188 0.521875 0.00222588
1 0.305078 0.601465 0.596875 0.543945 0.00221634
11 0.432813 0.397656 0.511719 0.795313 0.00219917
12 0.471094 0.508984 0.407813 0.402344 0.00219917
2 0.334375 0.745703 0.66875 0.508594 0.00219917
13 0.531641 0.519531 0.439844 0.435937 0.00219154
1 0.696484 0.707812 0.607031 0.584375 0.00215721
12 0.372656 0.675781 0.615625 0.648438 0.00214005
11 0.372852 0.695312 0.606641 0.609375 0.00211525
18 0.482031 0.591797 0.5125 0.591406 0.00209999
8 0.345703 0.63125 0.691406 0.7375 0.00209999
17 0.413965 0.426172 0.664258 0.852344 0.00209045
25 0.643262 0.517188 0.713477 0.853125 0.00205803
2 0.453906 0.520312 0.467187 0.355469 0.0020504
25 0.404297 0.543359 0.371875 0.36875 0.0020504
10 0.329102 0.542969 0.658203 0.807813 0.00203514
13 0.304297 0.816602 0.608594 0.366797 0.00203514
3 0.327344 0.792578 0.575 0.414844 0.00200272
3 0.432813 0.397656 0.511719 0.795313 0.00198746
8 0.404297 0.543359 0.371875 0.36875 0.00198746
11 0.453906 0.520312 0.467187 0.355469 0.00195694
5 0.344727 0.74043 0.689453 0.519141 0.00195694
17 0.294727 0.582812 0.589453 0.834375 0.00194168
20 0.690234 0.525 0.619531 0.9125 0.00192642
12 0.555469 0.713477 0.845313 0.573047 0.00192642
14 0.659766 0.636719 0.680469 0.726562 0.00188255
12 0.357422 0.705469 0.714844 0.589063 0.00188255
4 0.364844 0.682813 0.729688 0.634375 0.00186729
16 0.327344 0.792578 0.575 0.414844 0.00186729
9 0.334375 0.745703 0.66875 0.508594 0.00186062
16 0.432813 0.397656 0.511719 0.795313 0.00185299
13 0.685938 0.610156 0.628125 0.779688 0.00184631
12 0.305078 0.601465 0.596875 0.543945 0.00183868
10 0.372656 0.675781 0.615625 0.648438 0.0018177
4 0.490527 0.614062 0.529883 0.584375 0.00181007
2 0.467578 0.64375 0.457813 0.7125 0.0018034
2 0.334375 0.599219 0.66875 0.801562 0.00179577
0 0.334375 0.745703 0.66875 0.508594 0.00177479
1 0.304297 0.816602 0.608594 0.366797 0.00177479
4 0.460156 0.642969 0.435937 0.714063 0.00174809
14 0.457031 0.456641 0.760938 0.913281 0.0017271
0 0.614062 0.458984 0.6625 0.872656 0.00172043
25 0.384961 0.633203 0.769922 0.733594 0.00172043
12 0.640625 0.707812 0.71875 0.584375 0.00172043
12 0.335156 0.453906 0.670313 0.907813 0.00169373
1 0.505469 0.334766 0.826563 0.669531 0.0016613
22 0.413965 0.426172 0.664258 0.852344 0.0016613
7 0.404297 0.543359 0.371875 0.36875 0.0016489
12 0.634766 0.583203 0.730469 0.833594 0.00164223
21 0.460156 0.642969 0.435937 0.714063 0.00164223
9 0.334375 0.599219 0.66875 0.801562 0.00163555
13 0.457031 0.456641 0.760938 0.913281 0.00162315
14 0.671875 0.707812 0.65625 0.584375 0.00162315
12 0.411621 0.421875 0.643945 0.84375 0.00161076
8 0.500781 0.500391 0.385938 0.389844 0.00161076
2 0.372852 0.695312 0.606641 0.609375 0.00161076
12 0.324609 0.63125 0.649219 0.7375 0.00160408
22 0.478516 0.585254 0.425 0.548242 0.0558167
21 0.501465 0.529785 0.342383 0.373242 0.0328369
17 0.478516 0.585254 0.425 0.548242 0.0289764
22 0.518848 0.581641 0.54668 0.703906 0.0212097
1 0.500391 0.587891 0.44375 0.549219 0.0207977
20 0.500391 0.587891 0.44375 0.549219 0.0147324
22 0.5375 0.554688 0.290625 0.490625 0.0136871
1 0.518848 0.581641 0.54668 0.703906 0.0120544
3 0.487109 0.563281 0.400781 0.49375 0.0102463
17 0.518848 0.581641 0.54668 0.703906 0.00952148
19 0.501465 0.529785 0.342383 0.373242 0.00775528
21 0.512891 0.470215 0.303125 0.323633 0.00682449
17 0.5375 0.554688 0.290625 0.490625 0.00643921
0 0.476562 0.558594 0.395313 0.49375 0.00614548
11 0.478516 0.585254 0.425 0.548242 0.00577545
18 0.276172 0.142676 0.552344 0.285352 0.00521851
9 0.487109 0.563281 0.400781 0.49375 0.00518036
2 0.476562 0.558594 0.395313 0.49375 0.0051384
2 0.276172 0.142676 0.552344 0.285352 0.00492477
8 0.476562 0.558594 0.395313 0.49375 0.00481033
7 0.301367 0.141797 0.599609 0.283594 0.00475693
18 0.349609 0.140332 0.600781 0.280664 0.00468063
2 0.220313 0.158398 0.440625 0.316797 0.00457382
2 0.349609 0.140332 0.600781 0.280664 0.00446701
24 0.267969 0.156836 0.535937 0.313672 0.00446701
7 0.250977 0.143164 0.501953 0.286328 0.00438309
20 0.496094 0.568066 0.58125 0.748242 0.00424957
1 0.473828 0.527441 0.386719 0.438867 0.0042305
16 0.405078 0.833984 0.399219 0.332031 0.00416565
7 0.401465 0.13877 0.598633 0.277539 0.00416565
18 0.244141 0.157715 0.488281 0.31543 0.00416565
2 0.451465 0.137402 0.592383 0.274805 0.0041008
4 0.487109 0.563281 0.400781 0.49375 0.00408554
7 0.503906 0.136621 0.585938 0.273242 0.00407028
2 0.556641 0.136523 0.586719 0.273047 0.00403976
18 0.451465 0.137402 0.592383 0.274805 0.00399017
1 0.472559 0.601953 0.698633 0.796094 0.00392914
24 0.220313 0.158398 0.440625 0.316797 0.00391388
18 0.556641 0.136523 0.586719 0.273047 0.00388527
7 0.607422 0.136914 0.592969 0.273828 0.00388527
2 0.705469 0.138281 0.589063 0.276563 0.00379562
24 0.341797 0.154102 0.582031 0.308203 0.00376511
12 0.544141 0.583203 0.669531 0.797656 0.00376511
18 0.705469 0.138281 0.589063 0.276563 0.00372124
4 0.267969 0.156836 0.535937 0.313672 0.00338936
18 0.201172 0.138574 0.402344 0.277148 0.00337601
7 0.729688 0.139453 0.540625 0.278906 0.00337601
12 0.550879 0.598828 0.549805 0.599219 0.00327301
4 0.220313 0.158398 0.440625 0.316797 0.00324821
7 0.196484 0.156836 0.392969 0.313672 0.00322342
2 0.759375 0.158789 0.48125 0.317578 0.00322342
11 0.518848 0.581641 0.54668 0.703906 0.00319672
19 0.405078 0.833984 0.399219 0.332031 0.00313568
19 0.501563 0.602734 0.3875 0.407031 0.00309944
24 0.7125 0.15166 0.570312 0.30332 0.0030632
19 0.457031 0.734375 0.386719 0.385938 0.0029583
4 0.301367 0.141797 0.599609 0.283594 0.0029583
24 0.401465 0.13877 0.598633 0.277539 0.0029583
24 0.503906 0.136621 0.585938 0.273242 0.00292397
14 0.500391 0.587891 0.44375 0.549219 0.00290108
24 0.607422 0.136914 0.592969 0.273828 0.00282288
12 0.478516 0.585254 0.425 0.548242 0.00277901
18 0.737891 0.155078 0.524219 0.310156 0.00275803
3 0.518848 0.581641 0.54668 0.703906 0.00275803
0 0.225977 0.142285 0.451953 0.28457 0.00273705
4 0.401465 0.13877 0.598633 0.277539 0.00273705
4 0.556641 0.136523 0.586719 0.273047 0.00273705
23 0.267969 0.156836 0.535937 0.313672 0.00273705
9 0.518848 0.581641 0.54668 0.703906 0.00273705
23 0.220313 0.158398 0.440625 0.316797 0.00271416
15 0.220313 0.158398 0.440625 0.316797 0.00268364
1 0.5375 0.554688 0.290625 0.490625 0.00264168
15 0.267969 0.156836 0.535937 0.313672 0.0026207
4 0.705469 0.138281 0.589063 0.276563 0.00261116
5 0.500391 0.587891 0.44375 0.549219 0.00260162
0 0.301367 0.141797 0.599609 0.283594 0.00259018
23 0.301367 0.141797 0.599609 0.283594 0.00259018
2 0.180273 0.133496 0.360547 0.266992 0.00255013
6 0.292773 0.155762 0.582422 0.311523 0.00255013
22 0.472559 0.601953 0.698633 0.796094 0.00246239
15 0.301367 0.141797 0.599609 0.283594 0.00245285
0 0.267969 0.156836 0.535937 0.313672 0.00245285
21 0.514063 0.590625 0.365625 0.389062 0.00244331
6 0.220313 0.158398 0.440625 0.316797 0.00237846
4 0.737891 0.155078 0.524219 0.310156 0.00237846
23 0.503906 0.136621 0.585938 0.273242 0.00234985
23 0.401465 0.13877 0.598633 0.277539 0.00233269
1 0.421973 0.669141 0.724805 0.661719 0.00233269
15 0.401465 0.13877 0.598633 0.277539 0.00229645
0 0.401465 0.13877 0.598633 0.277539 0.00228691
0 0.657031 0.137402 0.595313 0.274805 0.00227928
6 0.394922 0.15166 0.576563 0.30332 0.00227928
0 0.503906 0.136621 0.585938 0.273242 0.00226021
7 0.759375 0.158789 0.48125 0.317578 0.00225258
23 0.607422 0.136914 0.592969 0.273828 0.00221634
15 0.503906 0.136621 0.585938 0.273242 0.00219917
12 0.4 0.664844 0.78125 0.670313 0.00219917
15 0.607422 0.136914 0.592969 0.273828 0.00214958
6 0.503906 0.147266 0.554688 0.294531 0.00211525
14 0.276172 0.142676 0.552344 0.285352 0.00209999
13 0.501172 0.500391 0.330469 0.350781 0.00209045
11 0.301367 0.141797 0.599609 0.283594 0.00208282
25 0.476562 0.558594 0.395313 0.49375 0.00208282
4 0.550879 0.598828 0.549805 0.599219 0.00208282
4 0.496094 0.568066 0.58125 0.748242 0.0020504
11 0.4 0.664844 0.78125 0.670313 0.00203514
2 0.238086 0.173047 0.476172 0.316797 0.00202751
6 0.607422 0.147266 0.561719 0.294531 0.00201988
0 0.753516 0.141016 0.492969 0.282031 0.00199509
6 0.7125 0.15166 0.570312 0.30332 0.00199509
15 0.729688 0.139453 0.540625 0.278906 0.00198746
13 0.544141 0.583203 0.669531 0.797656 0.00193405
23 0.729688 0.139453 0.540625 0.278906 0.00192642
14 0.349609 0.140332 0.600781 0.280664 0.00188255
10 0.487109 0.563281 0.400781 0.49375 0.00188255
11 0.225977 0.142285 0.451953 0.28457 0.00187492
11 0.401465 0.13877 0.598633 0.277539 0.00184631
17 0.472559 0.601953 0.698633 0.796094 0.00182438
2 0.5375 0.554688 0.290625 0.490625 0.0018177
14 0.496094 0.568066 0.58125 0.748242 0.0018177
11 0.503906 0.136621 0.585938 0.273242 0.00178909
15 0.759375 0.158789 0.48125 0.317578 0.00178909
24 0.753516 0.141016 0.492969 0.282031 0.00178242
11 0.607422 0.136914 0.592969 0.273828 0.00175476
0 0.7125 0.15166 0.570312 0.30332 0.00171375
13 0.550879 0.598828 0.549805 0.599219 0.00171375
24 0.500391 0.587891 0.44375 0.549219 0.00171375
2 0.302734 0.161523 0.541406 0.296875 0.00168705
2 0.798242 0.188232 0.403516 0.343848 0.00168133
23 0.759375 0.158789 0.48125 0.317578 0.00167465
21 0.487109 0.563281 0.400781 0.49375 0.00167465
0 0.5375 0.554688 0.290625 0.490625 0.00166798
14 0.201172 0.138574 0.402344 0.277148 0.00163555
14 0.451465 0.137402 0.592383 0.274805 0.00162315
0 0.782227 0.161816 0.435547 0.323633 0.00161648
11 0.729688 0.139453 0.540625 0.278906 0.0015974
14 0.556641 0.136523 0.586719 0.273047 0.00158501
5 0.496094 0.568066 0.58125 0.748242 0.00156116
14 0.4 0.664844 0.78125 0.670313 0.00153637
0 0.191992 0.172754 0.383984 0.345508 0.00152493
18 0.778906 0.142773 0.442188 0.285547 0.00151253
14 0.244141 0.157715 0.488281 0.31543 0.00151253
4 0.4 0.664844 0.78125 0.670313 0.00151253
14 0.705469 0.138281 0.589063 0.276563 0.00150681
13 0.4 0.664844 0.78125 0.670313 0.00148964
19 0.43125 0.786719 0.391406 0.3875 0.00146675
4 0.778906 0.142773 0.442188 0.285547 0.00146675
7 0.238086 0.173047 0.476172 0.316797 0.00144958
13 0.478516 0.585254 0.425 0.548242 0.00144386
9 0.292773 0.155762 0.582422 0.311523 0.00143814
16 0.500391 0.623828 0.384375 0.385156 0.00140476
24 0.782227 0.161816 0.435547 0.323633 0.00139904
19 0.512891 0.470215 0.303125 0.323633 0.00138855
20 0.473828 0.527441 0.386719 0.438867 0.00137806
8 0.496094 0.568066 0.58125 0.748242 0.00135136
12 0.46084 0.62959 0.604883 0.74082 0.00132465
2 0.808594 0.143945 0.382812 0.287891 0.00131989
9 0.220313 0.158398 0.440625 0.316797 0.00131989
18 0.191992 0.172754 0.383984 0.345508 0.00131512
6 0.238086 0.173047 0.476172 0.316797 0.00130939
4 0.180273 0.133496 0.360547 0.266992 0.00130463
21 0.558203 0.502734 0.247656 0.382031 0.00129414
13 0.53125 0.542578 0.309375 0.388281 0.00127411
11 0.267969 0.156836 0.535937 0.313672 0.00127411
16 0.453809 0.757031 0.387695 0.38125 0.00126934
6 0.753516 0.141016 0.492969 0.282031 0.0012598
5 0.267969 0.156836 0.535937 0.313672 0.00125504
12 0.578906 0.567969 0.235938 0.526563 0.00124931
10 0.220313 0.158398 0.440625 0.316797 0.00123978
10 0.267969 0.156836 0.535937 0.313672 0.00121593
12 0.452734 0.500781 0.440625 0.405469 0.00120163
9 0.394922 0.15166 0.576563 0.30332 0.00118828
2 0.409375 0.140625 0.529688 0.276172 0.00117874
22 0.578906 0.567969 0.235938 0.526563 0.0011692
24 0.180273 0.133496 0.360547 0.266992 0.00116539
5 0.220313 0.158398 0.440625 0.316797 0.00116062
15 0.180273 0.133496 0.360547 0.266992 0.00113773
11 0.472559 0.601953 0.698633 0.796094 0.00113392
9 0.503906 0.147266 0.554688 0.294531 0.0011158
16 0.376563 0.867578 0.445312 0.264844 0.00111198
2 0.737109 0.147168 0.521094 0.294336 0.00111198
23 0.180273 0.133496 0.360547 0.266992 0.00110722
7 0.302734 0.161523 0.541406 0.296875 0.0011034
9 0.737891 0.155078 0.524219 0.310156 0.00109005
10 0.341797 0.154102 0.582031 0.308203 0.00108624
18 0.262109 0.169043 0.524219 0.307227 0.00108147
4 0.785156 0.178711 0.429688 0.335938 0.00108147
16 0.476562 0.558594 0.395313 0.49375 0.00107288
5 0.341797 0.154102 0.582031 0.308203 0.00106049
9 0.607422 0.147266 0.561719 0.294531 0.00105667
2 0.187305 0.183594 0.374609 0.336328 0.00105286
11 0.5375 0.554688 0.290625 0.490625 0.00105286
18 0.785156 0.178711 0.429688 0.335938 0.00104046
10 0.737891 0.155078 0.524219 0.310156 0.00100803
22 0.458203 0.552344 0.433594 0.453125 0.839844
11 0.455078 0.557422 0.425781 0.466406 0.457031
24 0.458203 0.552344 0.433594 0.453125 0.338867
5 0.458203 0.552344 0.433594 0.453125 0.329346
20 0.458203 0.552344 0.433594 0.453125 0.317383
19 0.458203 0.552344 0.433594 0.453125 0.201782
21 0.458203 0.552344 0.433594 0.453125 0.138428
3 0.458203 0.552344 0.433594 0.453125 0.0766602
17 0.455078 0.557422 0.425781 0.466406 0.0713501
19 0.516797 0.52041 0.310937 0.418555 0.0490417
9 0.458203 0.552344 0.433594 0.453125 0.0445251
21 0.516797 0.52041 0.310937 0.418555 0.0362244
25 0.458203 0.552344 0.433594 0.453125 0.0321045
14 0.458203 0.552344 0.433594 0.453125 0.0317383
1 0.457422 0.550879 0.419531 0.42793 0.0298157
8 0.457422 0.550879 0.419531 0.42793 0.0213623
13 0.458203 0.552344 0.433594 0.453125 0.0188293
0 0.457422 0.550879 0.419531 0.42793 0.014389
4 0.455078 0.557422 0.425781 0.466406 0.0117798
21 0.425 0.543359 0.289062 0.380469 0.0115051
12 0.458203 0.552344 0.433594 0.453125 0.00919342
19 0.467285 0.723047 0.306055 0.416406 0.00878143
22 0.549609 0.576465 0.688281 0.608008 0.00871277
16 0.458203 0.552344 0.433594 0.453125 0.00857544
11 0.549609 0.576465 0.688281 0.608008 0.00740433
10 0.455078 0.557422 0.425781 0.466406 0.0068512
22 0.652344 0.533984 0.415625 0.455469 0.00669098
13 0.516797 0.52041 0.310937 0.418555 0.00612259
1 0.652344 0.533984 0.415625 0.455469 0.006073
2 0.457422 0.550879 0.419531 0.42793 0.005867
22 0.553516 0.542188 0.561719 0.475 0.005867
19 0.441016 0.528809 0.308594 0.420508 0.00582123
1 0.470703 0.638281 0.403125 0.5625 0.00575256
1 0.553516 0.542188 0.561719 0.475 0.00551224
18 0.463281 0.530469 0.421094 0.409375 0.00481033
22 0.470703 0.638281 0.403125 0.5625 0.00448608
17 0.549609 0.576465 0.688281 0.608008 0.00395966
1 0.549609 0.576465 0.688281 0.608008 0.00388527
17 0.553516 0.542188 0.561719 0.475 0.00370789
6 0.458203 0.552344 0.433594 0.453125 0.00366402
19 0.444629 0.775 0.304492 0.409375 0.00365067
11 0.553516 0.542188 0.561719 0.475 0.00348282
4 0.553516 0.542188 0.561719 0.475 0.00333786
20 0.652344 0.533984 0.415625 0.455469 0.00317192
21 0.464844 0.538281 0.310937 0.43125 0.00296974
12 0.652344 0.533984 0.415625 0.455469 0.00292397
12 0.553516 0.542188 0.561719 0.475 0.00288963
12 0.549609 0.576465 0.688281 0.608008 0.00286674
4 0.549609 0.576465 0.688281 0.608008 0.00265312
0 0.672656 0.503516 0.364063 0.383594 0.0026207
17 0.652344 0.533984 0.415625 0.455469 0.00245285
3 0.553516 0.542188 0.561719 0.475 0.0024147
13 0.553516 0.542188 0.561719 0.475 0.0024147
15 0.459473 0.531641 0.40918 0.400781 0.00240517
17 0.470703 0.638281 0.403125 0.5625 0.00233269
11 0.470703 0.638281 0.403125 0.5625 0.00229645
13 0.549609 0.576465 0.688281 0.608008 0.00226974
3 0.652344 0.533984 0.415625 0.455469 0.00225258
14 0.652344 0.533984 0.415625 0.455469 0.00225258
13 0.471484 0.623047 0.388281 0.588281 0.00215721
4 0.652344 0.533984 0.415625 0.455469 0.00209999
12 0.470703 0.638281 0.403125 0.5625 0.00203514
3 0.470703 0.638281 0.403125 0.5625 0.00201035
0 0.553516 0.542188 0.561719 0.475 0.00191212
6 0.652344 0.533984 0.415625 0.455469 0.00190449
3 0.549609 0.576465 0.688281 0.608008 0.00189686
24 0.667188 0.520996 0.36875 0.429883 0.00188255
21 0.467285 0.723047 0.306055 0.416406 0.00186729
11 0.652344 0.533984 0.415625 0.455469 0.00182438
13 0.441016 0.528809 0.308594 0.420508 0.00179577
12 0.573438 0.619141 0.853125 0.761719 0.00178909
11 0.453027 0.742578 0.417383 0.514844 0.00177479
6 0.470703 0.638281 0.403125 0.5625 0.00176811
5 0.549609 0.576465 0.688281 0.608008 0.0017271
16 0.672656 0.503516 0.364063 0.383594 0.00171375
1 0.453027 0.742578 0.417383 0.514844 0.00171375
19 0.451562 0.581641 0.278125 0.369531 0.00169373
13 0.652344 0.533984 0.415625 0.455469 0.00167465
21 0.652344 0.533984 0.415625 0.455469 0.00167465
20 0.470703 0.638281 0.403125 0.5625 0.00166798
14 0.553516 0.542188 0.561719 0.475 0.00162888
4 0.470703 0.638281 0.403125 0.5625 0.00161648
16 0.409766 0.833984 0.419531 0.332031 0.00159168
13 0.484277 0.626953 0.475195 0.696094 0.00158501
14 0.470703 0.638281 0.403125 0.5625 0.00157356
11 0.573438 0.619141 0.853125 0.761719 0.00156116
16 0.430078 0.77793 0.421875 0.444141 0.00156116
16 0.470703 0.638281 0.403125 0.5625 0.00150681
2 0.672656 0.503516 0.364063 0.383594 0.00150108
6 0.549609 0.576465 0.688281 0.608008 0.00149536
12 0.484277 0.626953 0.475195 0.696094 0.00148964
6 0.453027 0.742578 0.417383 0.514844 0.00146675
6 0.409766 0.833984 0.419531 0.332031 0.00146103
19 0.419531 0.805664 0.310937 0.388672 0.00143242
24 0.549609 0.576465 0.688281 0.608008 0.00143242
5 0.652344 0.533984 0.415625 0.455469 0.00141621
6 0.553516 0.542188 0.561719 0.475 0.00136185
25 0.652344 0.533984 0.415625 0.455469 0.00127888
8 0.553516 0.542188 0.561719 0.475 0.00126457
14 0.549609 0.576465 0.688281 0.608008 0.00124454
22 0.573438 0.619141 0.853125 0.761719 0.00123501
16 0.553516 0.542188 0.561719 0.475 0.0012207
0 0.549609 0.576465 0.688281 0.608008 0.00121593
19 0.502441 0.447559 0.32168 0.439258 0.0012064
5 0.553516 0.542188 0.561719 0.475 0.00120163
21 0.470703 0.638281 0.403125 0.5625 0.00119686
5 0.470703 0.638281 0.403125 0.5625 0.00118828
25 0.470703 0.638281 0.403125 0.5625 0.0011692
10 0.549609 0.576465 0.688281 0.608008 0.00116539
21 0.553516 0.542188 0.561719 0.475 0.00116062
19 0.549609 0.576465 0.688281 0.608008 0.00115108
11 0.409766 0.833984 0.419531 0.332031 0.00114727
19 0.49541 0.587402 0.329492 0.442383 0.0011425
13 0.573438 0.619141 0.853125 0.761719 0.0011425
13 0.452441 0.748047 0.40293 0.503906 0.00112915
2 0.553516 0.542188 0.561719 0.475 0.00109863
12 0.66875 0.48125 0.35625 0.321094 0.00107765
25 0.549609 0.576465 0.688281 0.608008 0.00107288
1 0.573438 0.619141 0.853125 0.761719 0.00106525
2 0.409766 0.833984 0.419531 0.332031 0.00105667
20 0.553516 0.542188 0.561719 0.475 0.00103664
10 0.553516 0.542188 0.561719 0.475 0.00103188
22 0.475879 0.539844 0.42168 0.464063 0.0878906
24 0.475879 0.539844 0.42168 0.464063 0.0539856
20 0.473535 0.531641 0.420117 0.422656 0.0483093
5 0.475879 0.539844 0.42168 0.464063 0.0236969
21 0.473535 0.531641 0.420117 0.422656 0.0182648
19 0.505469 0.514063 0.334375 0.409375 0.0167236
22 0.480469 0.626465 0.528906 0.70957 0.0116882
3 0.473535 0.531641 0.420117 0.422656 0.00923157
17 0.475879 0.539844 0.42168 0.464063 0.008255
9 0.473535 0.531641 0.420117 0.422656 0.00793457
12 0.475879 0.539844 0.42168 0.464063 0.00790405
1 0.474219 0.526563 0.421875 0.41875 0.00787354
13 0.475879 0.539844 0.42168 0.464063 0.00709534
19 0.475879 0.539844 0.42168 0.464063 0.00626373
19 0.463672 0.741016 0.2875 0.344531 0.00538635
25 0.473535 0.531641 0.420117 0.422656 0.00494385
12 0.480469 0.626465 0.528906 0.70957 0.00479126
0 0.474219 0.526563 0.421875 0.41875 0.00469971
21 0.528223 0.527344 0.323242 0.389062 0.0045929
16 0.473535 0.531641 0.420117 0.422656 0.00429916
11 0.475879 0.539844 0.42168 0.464063 0.00397491
12 0.531152 0.687109 0.618945 0.625781 0.00365067
24 0.480469 0.626465 0.528906 0.70957 0.00362206
13 0.480469 0.626465 0.528906 0.70957 0.00335121
8 0.475781 0.537109 0.402344 0.446094 0.00333786
14 0.474219 0.526563 0.421875 0.41875 0.00325966
2 0.474219 0.526563 0.421875 0.41875 0.00322342
6 0.473535 0.531641 0.420117 0.422656 0.00305176
4 0.473535 0.531641 0.420117 0.422656 0.00284576
17 0.480469 0.626465 0.528906 0.70957 0.00273705
12 0.476172 0.725391 0.548438 0.549219 0.00255013
17 0.516406 0.514063 0.322656 0.401563 0.00253105
15 0.474316 0.536328 0.44668 0.421875 0.00251198
19 0.433203 0.766406 0.257812 0.33125 0.00239754
5 0.480469 0.626465 0.528906 0.70957 0.00234222
19 0.427441 0.541016 0.26543 0.335156 0.00216484
22 0.516406 0.514063 0.322656 0.401563 0.00209999
12 0.400391 0.509375 0.272656 0.309375 0.00203514
1 0.482812 0.637109 0.501563 0.686719 0.00186062
18 0.474219 0.526563 0.421875 0.41875 0.00171375
12 0.481348 0.59375 0.393555 0.632812 0.00161648
13 0.476172 0.725391 0.548438 0.549219 0.00156116
12 0.479688 0.625 0.828125 0.75 0.00148964
13 0.531152 0.687109 0.618945 0.625781 0.00145531
12 0.34375 0.497266 0.246875 0.264844 0.00143242
11 0.480469 0.626465 0.528906 0.70957 0.00136662
13 0.400391 0.509375 0.272656 0.309375 0.00136185
20 0.480469 0.626465 0.528906 0.70957 0.0012846
21 0.480469 0.626465 0.528906 0.70957 0.00124454
12 0.859961 0.505859 0.280078 0.532031 0.00121593
12 0.859375 0.408691 0.28125 0.529492 0.00119209
10 0.473535 0.531641 0.420117 0.422656 0.0011692
19 0.408984 0.829297 0.290625 0.341406 0.00114727
16 0.480469 0.626465 0.528906 0.70957 0.00114727
12 0.19082 0.155078 0.381641 0.310156 0.0011425
12 0.527441 0.463965 0.30918 0.308008 0.0011158
12 0.857813 0.600391 0.284375 0.530469 0.00107288
12 0.858984 0.315039 0.282031 0.512109 0.00104427
12 0.367383 0.541406 0.287109 0.341406 0.00104046
12 0.579688 0.44375 0.235938 0.254688 0.00102425
1 0.460938 0.573828 0.507812 0.435156 0.00102043
20 0.479688 0.551562 0.410938 0.503125 0.624512
21 0.441406 0.551953 0.309375 0.378906 0.517578
24 0.479688 0.551562 0.410938 0.503125 0.377441
11 0.45625 0.553906 0.422656 0.514063 0.24939
22 0.479688 0.551562 0.410938 0.503125 0.197388
21 0.479688 0.551562 0.410938 0.503125 0.184814
5 0.479688 0.551562 0.410938 0.503125 0.178955
21 0.50166 0.523535 0.341992 0.407617 0.150024
19 0.479688 0.551562 0.410938 0.503125 0.0891113
21 0.5375 0.502734 0.254688 0.369531 0.0753174
9 0.479688 0.551562 0.410938 0.503125 0.0663452
0 0.460059 0.546777 0.42832 0.475195 0.0384521
3 0.479688 0.551562 0.410938 0.503125 0.036499
8 0.45625 0.553906 0.422656 0.514063 0.0289764
19 0.441406 0.551953 0.309375 0.378906 0.0272675
19 0.50166 0.523535 0.341992 0.407617 0.0227966
2 0.460059 0.546777 0.42832 0.475195 0.0170441
14 0.476172 0.556641 0.413281 0.457031 0.0158386
13 0.479688 0.551562 0.410938 0.503125 0.0141754
17 0.45625 0.553906 0.422656 0.514063 0.014061
1 0.479688 0.551562 0.410938 0.503125 0.0123367
19 0.46875 0.738672 0.296094 0.360156 0.0118256
4 0.45625 0.553906 0.422656 0.514063 0.0106506
6 0.480078 0.549902 0.425781 0.48457 0.0101318
16 0.479688 0.551562 0.410938 0.503125 0.00948334
25 0.45625 0.553906 0.422656 0.514063 0.00857544
18 0.476172 0.556641 0.413281 0.457031 0.00638962
21 0.413672 0.563281 0.238281 0.315625 0.00566483
10 0.45625 0.553906 0.422656 0.514063 0.00468063
19 0.5375 0.502734 0.254688 0.369531 0.0042305
7 0.474219 0.529297 0.426563 0.390625 0.00328636
22 0.467187 0.625879 0.503906 0.704492 0.00327301
21 0.380469 0.552734 0.228125 0.346094 0.00296974
12 0.479688 0.551562 0.410938 0.503125 0.00296974
21 0.46875 0.738672 0.296094 0.360156 0.00276756
4 0.469141 0.493652 0.407031 0.348633 0.00259018
19 0.443359 0.780469 0.296875 0.35 0.00248146
15 0.474219 0.529297 0.426563 0.390625 0.00218201
13 0.485547 0.642188 0.552344 0.715625 0.00208282
12 0.469141 0.493652 0.407031 0.348633 0.00194168
14 0.452246 0.574316 0.450195 0.59043 0.00188923
6 0.485547 0.642188 0.552344 0.715625 0.00186062
1 0.485547 0.642188 0.552344 0.715625 0.00183105
23 0.460059 0.546777 0.42832 0.475195 0.00138855
16 0.485547 0.642188 0.552344 0.715625 0.00130463
11 0.469141 0.493652 0.407031 0.348633 0.00124454
12 0.485547 0.642188 0.552344 0.715625 0.00119686
1 0.469629 0.53584 0.418555 0.364258 0.00118828
5 0.485547 0.642188 0.552344 0.715625 0.00118828
0 0.469141 0.493652 0.407031 0.348633 0.00117397
11 0.485547 0.642188 0.552344 0.715625 0.00116062
6 0.469141 0.493652 0.407031 0.348633 0.00115108
20 0.485547 0.642188 0.552344 0.715625 0.00113392
17 0.467187 0.625879 0.503906 0.704492 0.00108147
24 0.485547 0.642188 0.552344 0.715625 0.00106525
14 0.461035 0.489453 0.43418 0.354688 0.00103664
20 0.470313 0.551172 0.433594 0.483594 0.407227
5 0.469141 0.550391 0.432031 0.467969 0.138428
24 0.469141 0.550391 0.432031 0.467969 0.128906
21 0.470313 0.551172 0.433594 0.483594 0.0927124
19 0.469141 0.550391 0.432031 0.467969 0.0560303
11 0.4625 0.544531 0.426563 0.490625 0.0520325
9 0.470313 0.551172 0.433594 0.483594 0.0441895
22 0.466797 0.573438 0.451562 0.604688 0.0310211
3 0.470313 0.551172 0.433594 0.483594 0.0223694
14 0.470313 0.551172 0.433594 0.483594 0.016922
8 0.4625 0.544531 0.426563 0.490625 0.0162201
25 0.469141 0.550391 0.432031 0.467969 0.0147324
0 0.4625 0.544531 0.426563 0.490625 0.0136337
4 0.467969 0.539062 0.434375 0.4375 0.0122375
10 0.469141 0.550391 0.432031 0.467969 0.0107346
1 0.478027 0.528906 0.436133 0.421875 0.01017
13 0.472266 0.556641 0.425781 0.458594 0.00993347
6 0.472266 0.556641 0.425781 0.458594 0.00971222
15 0.465625 0.548047 0.429688 0.424219 0.00751877
1 0.467187 0.571484 0.434375 0.597656 0.00751877
4 0.463184 0.471484 0.418945 0.296875 0.00717545
17 0.477734 0.534473 0.438281 0.473242 0.00712204
18 0.465625 0.548047 0.429688 0.424219 0.00671768
22 0.477344 0.530859 0.4375 0.442188 0.00605011
0 0.463184 0.471484 0.418945 0.296875 0.00494385
12 0.466797 0.573438 0.451562 0.604688 0.00486755
13 0.471191 0.608984 0.47168 0.616406 0.00484848
16 0.469141 0.550391 0.432031 0.467969 0.00436401
2 0.4625 0.544531 0.426563 0.490625 0.00428009
15 0.463184 0.471484 0.418945 0.296875 0.00416565
19 0.471191 0.608984 0.47168 0.616406 0.00397491
14 0.463184 0.471484 0.418945 0.296875 0.00369263
12 0.463184 0.471484 0.418945 0.296875 0.00363541
12 0.470313 0.597266 0.482812 0.805469 0.00362206
12 0.467969 0.539062 0.434375 0.4375 0.00345612
1 0.461328 0.716016 0.408594 0.567969 0.00327301
22 0.470313 0.597266 0.482812 0.805469 0.00322342
8 0.45 0.545313 0.394531 0.35 0.00316048
6 0.463184 0.471484 0.418945 0.296875 0.003088
7 0.463184 0.471484 0.418945 0.296875 0.00279045
1 0.463184 0.471484 0.418945 0.296875 0.00268364
11 0.468359 0.478125 0.417969 0.28125 0.00255013
0 0.45 0.545313 0.394531 0.35 0.00251198
5 0.471191 0.608984 0.47168 0.616406 0.00251198
2 0.463184 0.471484 0.418945 0.296875 0.00237846
7 0.465625 0.548047 0.429688 0.424219 0.00230598
14 0.45 0.545313 0.394531 0.35 0.00218201
12 0.461328 0.716016 0.408594 0.567969 0.00218201
1 0.470313 0.597266 0.482812 0.805469 0.00214958
17 0.461719 0.472266 0.426563 0.314844 0.00194168
13 0.461328 0.716016 0.408594 0.567969 0.00188923
17 0.45 0.545313 0.394531 0.35 0.00185299
22 0.461328 0.716016 0.408594 0.567969 0.00179577
18 0.463184 0.471484 0.418945 0.296875 0.00176811
21 0.45 0.545313 0.394531 0.35 0.00163555
11 0.461328 0.716016 0.408594 0.567969 0.0015974
23 0.470313 0.551172 0.433594 0.483594 0.00157928
6 0.45 0.545313 0.394531 0.35 0.00157356
2 0.45 0.545313 0.394531 0.35 0.00153637
10 0.471191 0.608984 0.47168 0.616406 0.0014782
4 0.466797 0.573438 0.451562 0.604688 0.00146103
1 0.349219 0.484277 0.207813 0.225195 0.00141048
3 0.45 0.545313 0.394531 0.35 0.00140476
3 0.463184 0.471484 0.418945 0.296875 0.00137806
19 0.403809 0.820703 0.293945 0.358594 0.00135612
19 0.502441 0.507129 0.345117 0.38418 0.00133514
17 0.349219 0.484277 0.207813 0.225195 0.00131512
17 0.55 0.464063 0.278125 0.290625 0.00128937
5 0.45 0.545313 0.394531 0.35 0.00127411
13 0.457813 0.612793 0.548438 0.774414 0.00127411
17 0.460156 0.602246 0.454688 0.786133 0.00124454
19 0.432715 0.777344 0.29707 0.376563 0.00122547
8 0.463184 0.471484 0.418945 0.296875 0.00122547
13 0.463184 0.471484 0.418945 0.296875 0.0012064
6 0.471191 0.608984 0.47168 0.616406 0.0012064
1 0.55 0.464063 0.278125 0.290625 0.00116539
11 0.460156 0.602246 0.454688 0.786133 0.00108624
16 0.468359 0.478125 0.417969 0.28125 0.00107288
0 0.360938 0.466406 0.208594 0.220313 0.00106907
17 0.461328 0.716016 0.408594 0.567969 0.00106525
20 0.482715 0.542969 0.418945 0.478125 0.977539
24 0.482715 0.542969 0.418945 0.478125 0.743164
22 0.484766 0.523535 0.425781 0.470117 0.560059
5 0.482715 0.542969 0.418945 0.478125 0.434082
9 0.482715 0.542969 0.418945 0.478125 0.247314
21 0.482715 0.542969 0.418945 0.478125 0.196167
19 0.484766 0.523535 0.425781 0.470117 0.134277
25 0.484766 0.523535 0.425781 0.470117 0.0558167
11 0.488281 0.550391 0.451562 0.492969 0.0549927
3 0.482715 0.542969 0.418945 0.478125 0.0514526
13 0.484766 0.523535 0.425781 0.470117 0.0278015
21 0.534375 0.507422 0.307031 0.395313 0.0275879
16 0.482715 0.542969 0.418945 0.478125 0.0271759
4 0.475781 0.486719 0.425781 0.367188 0.0257111
0 0.471973 0.453906 0.431055 0.284375 0.0235596
18 0.480078 0.476172 0.427344 0.344531 0.0228882
6 0.480078 0.476172 0.427344 0.344531 0.0174408
1 0.484766 0.523535 0.425781 0.470117 0.0170441
17 0.497266 0.530859 0.425781 0.478906 0.0155411
8 0.488281 0.547656 0.428125 0.4875 0.0133286
7 0.471973 0.453906 0.431055 0.284375 0.0132751
15 0.471973 0.453906 0.431055 0.284375 0.0127258
2 0.471973 0.453906 0.431055 0.284375 0.0124283
13 0.474609 0.561621 0.535156 0.589258 0.0124283
12 0.484766 0.523535 0.425781 0.470117 0.0115051
19 0.528516 0.519629 0.305469 0.398242 0.0109863
14 0.471973 0.453906 0.431055 0.284375 0.0109024
0 0.476562 0.528027 0.45 0.442383 0.0105667
22 0.533496 0.512891 0.508008 0.588281 0.0103302
11 0.480078 0.476172 0.427344 0.344531 0.0102463
14 0.476562 0.528027 0.45 0.442383 0.008255
4 0.449316 0.447656 0.385742 0.229687 0.00806427
6 0.484473 0.539844 0.460742 0.470313 0.00746155
15 0.476562 0.528027 0.45 0.442383 0.00664139
4 0.488281 0.550391 0.451562 0.492969 0.00651169
16 0.471973 0.453906 0.431055 0.284375 0.0064888
23 0.471973 0.453906 0.431055 0.284375 0.00582123
18 0.449316 0.447656 0.385742 0.229687 0.00498199
6 0.449316 0.447656 0.385742 0.229687 0.00468063
10 0.497266 0.530859 0.425781 0.478906 0.00450516
12 0.474609 0.561621 0.535156 0.589258 0.00439835
9 0.471973 0.453906 0.431055 0.284375 0.00429916
18 0.466406 0.539844 0.43125 0.414844 0.00415039
3 0.471973 0.453906 0.431055 0.284375 0.00391388
1 0.522656 0.543652 0.542188 0.668945 0.00358009
17 0.475781 0.482422 0.428125 0.357031 0.00356483
22 0.474609 0.561621 0.535156 0.589258 0.00345612
8 0.475781 0.482422 0.428125 0.357031 0.00327301
14 0.557031 0.424219 0.274219 0.226562 0.00316048
2 0.557031 0.424219 0.274219 0.226562 0.00302696
2 0.466406 0.539844 0.43125 0.414844 0.00279999
11 0.463965 0.432031 0.411133 0.260938 0.00263214
12 0.533496 0.512891 0.508008 0.588281 0.00261116
4 0.557031 0.424219 0.274219 0.226562 0.00260162
25 0.471973 0.453906 0.431055 0.284375 0.00255013
12 0.494434 0.610156 0.695508 0.779688 0.00255013
12 0.481641 0.439941 0.433594 0.274805 0.00247192
24 0.471973 0.453906 0.431055 0.284375 0.00245285
13 0.495313 0.597656 0.621875 0.804688 0.00242424
13 0.533496 0.512891 0.508008 0.588281 0.00237846
0 0.557031 0.424219 0.274219 0.226562 0.00236893
1 0.495313 0.597656 0.621875 0.804688 0.00226974
12 0.489453 0.665625 0.402344 0.482812 0.00221634
22 0.489453 0.665625 0.402344 0.482812 0.00206757
13 0.489453 0.665625 0.402344 0.482812 0.0020504
7 0.476562 0.528027 0.45 0.442383 0.00195694
1 0.489453 0.665625 0.402344 0.482812 0.00194168
17 0.522656 0.543652 0.542188 0.668945 0.00191879
20 0.471973 0.453906 0.431055 0.284375 0.00182438
19 0.442188 0.547266 0.286719 0.374219 0.00179577
21 0.442188 0.547266 0.286719 0.374219 0.00179577
2 0.436328 0.427441 0.361719 0.257617 0.0016489
10 0.471973 0.453906 0.431055 0.284375 0.0015974
23 0.557031 0.424219 0.274219 0.226562 0.00157356
11 0.471484 0.541309 0.565625 0.592383 0.00156116
19 0.474609 0.561621 0.535156 0.589258 0.0014267
5 0.474609 0.561621 0.535156 0.589258 0.00136662
22 0.495313 0.597656 0.621875 0.804688 0.00136662
14 0.436328 0.427441 0.361719 0.257617 0.00129414
3 0.474609 0.561621 0.535156 0.589258 0.00128937
12 0.577734 0.436719 0.242969 0.265625 0.00127888
11 0.495313 0.597656 0.621875 0.804688 0.00125504
25 0.557031 0.424219 0.274219 0.226562 0.00123501
23 0.476562 0.525 0.41875 0.448438 0.00123024
0 0.436328 0.427441 0.361719 0.257617 0.00121117
1 0.471973 0.453906 0.431055 0.284375 0.00117397
5 0.471973 0.453906 0.431055 0.284375 0.00113392
17 0.495313 0.597656 0.621875 0.804688 0.00113392
14 0.614062 0.406934 0.2 0.204883 0.00112438
20 0.533496 0.512891 0.508008 0.588281 0.00112057
5 0.533496 0.512891 0.508008 0.588281 0.00108147
21 0.533496 0.512891 0.508008 0.588281 0.00108147
2 0.614062 0.406934 0.2 0.204883 0.00106525
13 0.471973 0.453906 0.431055 0.284375 0.00104809
16 0.557031 0.424219 0.274219 0.226562 0.00100803
20 0.475 0.526465 0.4125 0.508008 0.949219
5 0.475 0.526465 0.4125 0.508008 0.550781
22 0.475 0.526465 0.4125 0.508008 0.457031
19 0.475 0.526465 0.4125 0.508008 0.390381
21 0.475 0.526465 0.4125 0.508008 0.233765
24 0.475 0.526465 0.4125 0.508008 0.196777
1 0.475 0.526465 0.4125 0.508008 0.0913696
8 0.462109 0.538965 0.4125 0.483008 0.0549927
3 0.475 0.526465 0.4125 0.508008 0.0526123
9 0.475 0.526465 0.4125 0.508008 0.0492249
22 0.462109 0.602441 0.508594 0.738867 0.0285492
21 0.43916 0.558594 0.301367 0.378125 0.0262604
11 0.462109 0.538965 0.4125 0.483008 0.0171051
16 0.474609 0.548438 0.40625 0.45625 0.0149536
17 0.470703 0.544141 0.435156 0.542969 0.0141754
11 0.406152 0.597266 0.61582 0.738281 0.0122375
13 0.470703 0.544141 0.435156 0.542969 0.0115509
1 0.399316 0.617188 0.643555 0.765625 0.0107346
0 0.466406 0.524609 0.413281 0.416406 0.00621796
10 0.472266 0.543848 0.444531 0.556055 0.00609589
6 0.472656 0.550781 0.421094 0.457813 0.00564194
5 0.406152 0.597266 0.61582 0.738281 0.00534439
19 0.43916 0.558594 0.301367 0.378125 0.00473785
4 0.466406 0.524609 0.413281 0.416406 0.00441742
14 0.466406 0.524609 0.413281 0.416406 0.00419998
25 0.475 0.526465 0.4125 0.508008 0.00413513
17 0.399316 0.617188 0.643555 0.765625 0.00367928
13 0.462109 0.602441 0.508594 0.738867 0.00367928
12 0.470703 0.544141 0.435156 0.542969 0.0036068
21 0.514746 0.501465 0.29707 0.36582 0.00333786
18 0.468359 0.526953 0.40625 0.43125 0.00328636
21 0.399316 0.617188 0.643555 0.765625 0.0029583
13 0.365625 0.610156 0.73125 0.779688 0.00253105
11 0.368359 0.624219 0.736719 0.751563 0.00242424
12 0.364648 0.65 0.729297 0.7 0.00242424
0 0.473828 0.554688 0.454688 0.58125 0.002388
20 0.462109 0.602441 0.508594 0.738867 0.00237846
19 0.406152 0.597266 0.61582 0.738281 0.00225258
10 0.406152 0.597266 0.61582 0.738281 0.00216484
19 0.507812 0.520703 0.316406 0.405469 0.00192642
0 0.365625 0.610156 0.73125 0.779688 0.00188255
3 0.406152 0.597266 0.61582 0.738281 0.00185299
12 0.462109 0.602441 0.508594 0.738867 0.00183868
22 0.365625 0.610156 0.73125 0.779688 0.00161076
2 0.460938 0.54541 0.410938 0.466992 0.00157356
4 0.473828 0.554688 0.454688 0.58125 0.00157356
12 0.216797 0.720313 0.433594 0.559375 0.00145531
15 0.466406 0.524609 0.413281 0.416406 0.00144386
14 0.365625 0.610156 0.73125 0.779688 0.00144386
1 0.364648 0.65 0.729297 0.7 0.00136185
4 0.463184 0.459473 0.408008 0.263867 0.00126457
8 0.406152 0.597266 0.61582 0.738281 0.00125504
15 0.368359 0.624219 0.736719 0.751563 0.00124454
24 0.406152 0.597266 0.61582 0.738281 0.00123501
14 0.473828 0.554688 0.454688 0.58125 0.00119686
16 0.406152 0.597266 0.61582 0.738281 0.00116062
14 0.463184 0.459473 0.408008 0.263867 0.00112915
15 0.463184 0.459473 0.408008 0.263867 0.00112057
4 0.406152 0.597266 0.61582 0.738281 0.00112057
2 0.365625 0.610156 0.73125 0.779688 0.00108147
6 0.406152 0.597266 0.61582 0.738281 0.00107765
12 0.458984 0.450391 0.407031 0.292969 0.00106525
7 0.466406 0.524609 0.413281 0.416406 0.00105667
20 0.469922 0.553125 0.402344 0.460938 0.760742
22 0.463281 0.551562 0.4 0.459375 0.321777
19 0.471094 0.551953 0.390625 0.453906 0.24939
5 0.469922 0.553125 0.402344 0.460938 0.186523
24 0.469922 0.553125 0.402344 0.460938 0.105591
21 0.463281 0.551562 0.4 0.459375 0.0917358
8 0.463672 0.551562 0.409375 0.471875 0.0465393
3 0.469922 0.553125 0.402344 0.460938 0.044342
1 0.471094 0.551953 0.390625 0.453906 0.0298767
17 0.462891 0.554297 0.397656 0.482031 0.026062
9 0.471094 0.551953 0.390625 0.453906 0.0222015
11 0.462891 0.554297 0.397656 0.482031 0.0112457
25 0.471094 0.551953 0.390625 0.453906 0.00674438
0 0.467969 0.534277 0.40625 0.442383 0.00530243
4 0.471191 0.536719 0.429492 0.429688 0.00521851
16 0.471094 0.551953 0.390625 0.453906 0.00426483
13 0.471094 0.551953 0.390625 0.453906 0.00407028
12 0.471094 0.551953 0.390625 0.453906 0.00397491
4 0.469141 0.462891 0.416406 0.260156 0.00336266
10 0.462891 0.554297 0.397656 0.482031 0.003088
6 0.471094 0.554297 0.414062 0.455469 0.00284576
15 0.469141 0.462891 0.416406 0.260156 0.0026722
15 0.471191 0.536719 0.429492 0.429688 0.00227928
14 0.471191 0.536719 0.429492 0.429688 0.00224304
18 0.467969 0.534277 0.40625 0.442383 0.00219917
12 0.467871 0.477441 0.40957 0.323242 0.00191212
14 0.469141 0.462891 0.416406 0.260156 0.00169373
0 0.469141 0.462891 0.416406 0.260156 0.00163555
19 0.453906 0.773438 0.26875 0.310937 0.00141621
11 0.550879 0.575 0.604492 0.573438 0.00139427
20 0.479688 0.556641 0.401563 0.453906 0.982422
5 0.479688 0.556641 0.401563 0.453906 0.517578
24 0.479688 0.556641 0.401563 0.453906 0.34082
22 0.477246 0.544141 0.406445 0.480469 0.328613
19 0.479688 0.556641 0.401563 0.453906 0.269043
3 0.480078 0.544922 0.407813 0.436719 0.161865
9 0.479688 0.556641 0.401563 0.453906 0.0859985
21 0.479688 0.556641 0.401563 0.453906 0.0700684
8 0.469141 0.551953 0.399219 0.455469 0.0490417
1 0.479688 0.556641 0.401563 0.453906 0.0246124
11 0.485254 0.540625 0.39668 0.44375 0.021698
17 0.477246 0.544141 0.406445 0.480469 0.0127258
16 0.479688 0.556641 0.401563 0.453906 0.0111618
13 0.477246 0.544141 0.406445 0.480469 0.00800323
25 0.479688 0.556641 0.401563 0.453906 0.00790405
12 0.479688 0.556641 0.401563 0.453906 0.00547028
10 0.477246 0.544141 0.406445 0.480469 0.00479126
4 0.485254 0.540625 0.39668 0.44375 0.00428009
6 0.474609 0.551172 0.408594 0.432031 0.00418091
22 0.4875 0.607813 0.457813 0.639063 0.00387001
18 0.474609 0.551172 0.408594 0.432031 0.00359344
0 0.485254 0.540625 0.39668 0.44375 0.00341606
19 0.470215 0.724219 0.329883 0.429688 0.00329781
15 0.474609 0.551172 0.408594 0.432031 0.00195694
14 0.478906 0.538379 0.417969 0.43418 0.00176811
21 0.475098 0.713672 0.335742 0.449219 0.00167465
12 0.534375 0.491309 0.295312 0.336133 0.00156116
17 0.557813 0.51084 0.250781 0.393945 0.00145531
21 0.422266 0.55459 0.285938 0.375195 0.00138855
1 0.557813 0.51084 0.250781 0.393945 0.00135612
13 0.557813 0.51084 0.250781 0.393945 0.00129414
22 0.557813 0.51084 0.250781 0.393945 0.00113392
13 0.4875 0.607813 0.457813 0.639063 0.00110722
20 0.478125 0.561621 0.390625 0.47207 0.824219
22 0.471191 0.554297 0.395117 0.466406 0.240723
5 0.479297 0.558594 0.405469 0.473438 0.0987549
3 0.478125 0.561621 0.390625 0.47207 0.0678101
21 0.438184 0.560938 0.300195 0.384375 0.0577087
1 0.475391 0.552441 0.400781 0.512305 0.0505066
21 0.471191 0.554297 0.395117 0.466406 0.0477905
19 0.478125 0.561621 0.390625 0.47207 0.0427246
9 0.473047 0.550098 0.4 0.46543 0.0367737
17 0.471094 0.539453 0.404687 0.453125 0.036499
24 0.478125 0.561621 0.390625 0.47207 0.0276947
8 0.476172 0.532813 0.398438 0.440625 0.0179138
12 0.475391 0.552441 0.400781 0.512305 0.014389
10 0.475391 0.552441 0.400781 0.512305 0.0119629
13 0.475391 0.552441 0.400781 0.512305 0.00948334
11 0.476172 0.532813 0.398438 0.440625 0.00898743
21 0.512891 0.530859 0.33125 0.408594 0.00731659
25 0.478125 0.561621 0.390625 0.47207 0.00674438
22 0.463672 0.597266 0.45625 0.617969 0.00666809
0 0.479688 0.542871 0.427344 0.461133 0.00496292
6 0.477344 0.560938 0.428125 0.46875 0.00345612
19 0.438184 0.560938 0.300195 0.384375 0.00299263
11 0.475781 0.601953 0.460938 0.552344 0.00273705
4 0.477344 0.560938 0.428125 0.46875 0.00232315
16 0.477344 0.560938 0.428125 0.46875 0.00217438
14 0.479688 0.542871 0.427344 0.461133 0.00206757
18 0.477344 0.560938 0.428125 0.46875 0.00194168
15 0.477344 0.560938 0.428125 0.46875 0.00192642
17 0.463672 0.597266 0.45625 0.617969 0.0018177
19 0.532813 0.522266 0.28125 0.374219 0.00123501
12 0.459766 0.620703 0.536719 0.758594 0.00121117
12 0.496094 0.497266 0.383594 0.357812 0.00110722
2 0.472754 0.527734 0.41543 0.435156 0.00103188
20 0.470215 0.548535 0.414258 0.45918 0.936523
22 0.464453 0.548438 0.417188 0.465625 0.594727
5 0.471875 0.545703 0.419531 0.460156 0.420654
24 0.470215 0.548535 0.414258 0.45918 0.240112
21 0.464453 0.548438 0.417188 0.465625 0.0715942
9 0.471875 0.545703 0.419531 0.460156 0.0675659
11 0.468066 0.535937 0.424805 0.478125 0.0516663
3 0.470215 0.548535 0.414258 0.45918 0.0470886
1 0.464453 0.548438 0.417188 0.465625 0.0470886
19 0.470215 0.548535 0.414258 0.45918 0.0310211
8 0.471191 0.542969 0.441992 0.4875 0.0234222
17 0.468066 0.535937 0.424805 0.478125 0.0175171
13 0.472559 0.533984 0.433008 0.472656 0.0134277
21 0.432422 0.55791 0.317188 0.407617 0.0118256
16 0.472559 0.533984 0.433008 0.472656 0.00717545
4 0.469141 0.538672 0.422656 0.4375 0.00468063
25 0.464453 0.548438 0.417188 0.465625 0.00450516
10 0.470215 0.548535 0.414258 0.45918 0.00421524
12 0.467969 0.536719 0.426563 0.492188 0.00397491
0 0.469141 0.538672 0.422656 0.4375 0.00351143
6 0.471973 0.547559 0.429492 0.451758 0.00276756
21 0.5375 0.508203 0.265625 0.383594 0.0024929
19 0.5375 0.508203 0.265625 0.383594 0.00188923
18 0.470703 0.53291 0.417188 0.451367 0.00164223
11 0.446094 0.639063 0.575781 0.721875 0.0014267
14 0.471973 0.547559 0.429492 0.451758 0.0011158
12 0.446875 0.736328 0.457031 0.527344 0.00101662
20 0.46875 0.541797 0.410938 0.469531 0.979004
5 0.46875 0.541797 0.410938 0.469531 0.237915
22 0.46084 0.532422 0.411133 0.46875 0.0841675
24 0.46875 0.541797 0.410938 0.469531 0.0618896
19 0.464941 0.5375 0.412305 0.475 0.0592041
9 0.46875 0.541797 0.410938 0.469531 0.055603
3 0.46875 0.541797 0.410938 0.469531 0.0488586
21 0.46084 0.532422 0.411133 0.46875 0.0467224
11 0.471875 0.525781 0.428906 0.457813 0.0396423
1 0.46084 0.532422 0.411133 0.46875 0.0242767
8 0.467578 0.523047 0.4375 0.472656 0.0171814
16 0.464941 0.5375 0.412305 0.475 0.0106125
10 0.464941 0.5375 0.412305 0.475 0.00737381
0 0.471875 0.539941 0.426563 0.47793 0.00479126
6 0.472656 0.544531 0.416406 0.45625 0.00450516
25 0.46875 0.541797 0.410938 0.469531 0.00428009
18 0.472656 0.544531 0.416406 0.45625 0.00426483
4 0.471875 0.525781 0.428906 0.457813 0.00403976
17 0.467578 0.523047 0.4375 0.472656 0.00400543
13 0.472559 0.53916 0.414258 0.47168 0.00317192
14 0.472656 0.544531 0.416406 0.45625 0.00214958
15 0.472656 0.544531 0.416406 0.45625 0.00195694
11 0.48291 0.483984 0.37168 0.35 0.00175476
4 0.0709961 0.9625 0.141992 0.075 0.00146675
13 0.48291 0.483984 0.37168 0.35 0.00146675
12 0.464941 0.5375 0.412305 0.475 0.0011425
20 0.465723 0.540625 0.398242 0.453906 0.973145
22 0.466016 0.538672 0.39375 0.461719 0.282227
5 0.471484 0.534375 0.41875 0.45625 0.253906
3 0.465723 0.540625 0.398242 0.453906 0.112
24 0.471484 0.534375 0.41875 0.45625 0.0844727
1 0.465723 0.540625 0.398242 0.453906 0.0607605
19 0.471484 0.534375 0.41875 0.45625 0.0566406
8 0.471484 0.519434 0.420312 0.42832 0.0524292
21 0.462891 0.535937 0.41875 0.465625 0.0328369
9 0.465723 0.540625 0.398242 0.453906 0.0151901
17 0.471484 0.519434 0.420312 0.42832 0.0112457
11 0.473438 0.523438 0.439063 0.520312 0.0108566
10 0.466016 0.538672 0.39375 0.461719 0.00912476
21 0.439453 0.53916 0.290625 0.35293 0.00740433
13 0.462402 0.532422 0.423633 0.441406 0.00566483
0 0.470313 0.541797 0.414844 0.446094 0.00536346
16 0.471484 0.534375 0.41875 0.45625 0.00502014
25 0.471484 0.534375 0.41875 0.45625 0.00439835
11 0.503223 0.495313 0.349805 0.367188 0.00411606
22 0.503223 0.495313 0.349805 0.367188 0.00388527
12 0.466016 0.538672 0.39375 0.461719 0.00388527
19 0.455859 0.775977 0.358594 0.448047 0.00246239
4 0.46875 0.551562 0.440625 0.448438 0.00227928
13 0.488965 0.489453 0.354883 0.357031 0.00220871
6 0.470313 0.541797 0.414844 0.446094 0.00203514
11 0.478223 0.572266 0.554492 0.539844 0.00187492
3 0.503223 0.495313 0.349805 0.367188 0.00166798
1 0.503223 0.495313 0.349805 0.367188 0.00143814
18 0.470313 0.541797 0.414844 0.446094 0.00143242
19 0.399902 0.828906 0.368945 0.342187 0.0014267
21 0.520996 0.524609 0.34082 0.428906 0.00141621
8 0.465527 0.535937 0.475195 0.56875 0.00136185
1 0.465527 0.535937 0.475195 0.56875 0.00132465
15 0.470313 0.541797 0.414844 0.446094 0.00121117
5 0.503223 0.495313 0.349805 0.367188 0.0012064
11 0.458594 0.539453 0.439844 0.375781 0.0012064
22 0.465527 0.535937 0.475195 0.56875 0.00120163
17 0.465527 0.535937 0.475195 0.56875 0.00112438
19 0.479688 0.726562 0.329688 0.384375 0.00109482
12 0.488965 0.489453 0.354883 0.357031 0.00107288
20 0.473047 0.536621 0.397656 0.462695 0.996094
3 0.485059 0.53916 0.381445 0.454492 0.103394
22 0.473047 0.536621 0.397656 0.462695 0.101257
24 0.473828 0.536328 0.395313 0.472656 0.0900879
5 0.473047 0.536621 0.397656 0.462695 0.0783691
19 0.485059 0.53916 0.381445 0.454492 0.0616455
21 0.44375 0.541406 0.295312 0.390625 0.0256653
1 0.478516 0.539844 0.389844 0.44375 0.0233307
9 0.465234 0.538672 0.411719 0.477344 0.0199432
21 0.473047 0.536621 0.397656 0.462695 0.0145035
0 0.473828 0.525684 0.397656 0.426758 0.00955963
25 0.485059 0.53916 0.381445 0.454492 0.00720596
16 0.485059 0.53916 0.381445 0.454492 0.00526047
11 0.471094 0.533203 0.416406 0.482812 0.0050621
12 0.466016 0.538281 0.403125 0.479688 0.00498199
10 0.473828 0.536328 0.395313 0.472656 0.00383949
8 0.471094 0.533203 0.416406 0.482812 0.00367928
6 0.485059 0.53916 0.381445 0.454492 0.00302696
17 0.488672 0.547266 0.425781 0.460156 0.00251198
13 0.467285 0.533203 0.424805 0.477344 0.00194168
4 0.471094 0.533203 0.416406 0.482812 0.00183868
18 0.473828 0.525684 0.397656 0.426758 0.00161648
14 0.473828 0.525684 0.397656 0.426758 0.00102425
20 0.474902 0.539844 0.439258 0.469531 0.998047
5 0.477734 0.539453 0.438281 0.452344 0.445557
24 0.477734 0.539453 0.438281 0.452344 0.388672
22 0.474902 0.539844 0.439258 0.469531 0.244385
3 0.477344 0.542285 0.435937 0.45293 0.210815
19 0.477734 0.539453 0.438281 0.452344 0.105225
0 0.473047 0.533691 0.435156 0.457617 0.0370483
9 0.477734 0.539453 0.438281 0.452344 0.0340881
8 0.475 0.525684 0.45625 0.479883 0.0240479
25 0.477734 0.539453 0.438281 0.452344 0.013588
4 0.0541016 0.967969 0.108203 0.0640625 0.0109863
1 0.47334 0.535254 0.437695 0.46543 0.0107803
4 0.0666992 0.958594 0.133398 0.0828125 0.00941467
21 0.474902 0.539844 0.439258 0.469531 0.00891876
4 0.172559 0.964453 0.159961 0.0710938 0.00634003
11 0.47334 0.538281 0.450195 0.482812 0.00591278
4 0.0794922 0.96875 0.144141 0.0625 0.00534439
4 0.106055 0.96875 0.148828 0.0625 0.00518036
4 0.0872559 0.957031 0.174512 0.0859375 0.0050621
17 0.476172 0.529297 0.453125 0.467969 0.00453949
4 0.130566 0.970313 0.141602 0.059375 0.00436401
13 0.47334 0.535254 0.437695 0.46543 0.0042305
4 0.120605 0.95625 0.201758 0.0875 0.00407028
4 0.423828 0.490625 0.189063 0.14375 0.00400543
4 0.47334 0.548047 0.442383 0.441406 0.00356483
4 0.191406 0.957031 0.203906 0.0859375 0.00327301
19 0.464941 0.591016 0.485742 0.599219 0.00288963
4 0.509375 0.964844 0.146094 0.0703125 0.00279045
16 0.477734 0.539453 0.438281 0.452344 0.00261116
10 0.477734 0.539453 0.438281 0.452344 0.00253105
4 0.477344 0.460547 0.125 0.153125 0.0024929
4 0.4875 0.466406 0.0546875 0.06875 0.00226974
4 0.79375 0.957812 0.198437 0.084375 0.00210762
4 0.796094 0.96875 0.145313 0.0625 0.00192642
4 0.910156 0.957812 0.179688 0.084375 0.00183868
4 0.605859 0.969141 0.146094 0.0617188 0.00178909
12 0.468359 0.532813 0.445312 0.476562 0.00176144
5 0.464941 0.591016 0.485742 0.599219 0.0017271
4 0.659766 0.956641 0.199219 0.0867188 0.00148392
4 0.608984 0.95625 0.198437 0.0875 0.00147247
4 0.921875 0.966406 0.15625 0.0671875 0.00139904
6 0.47334 0.548047 0.442383 0.441406 0.00138855
11 0.583984 0.743555 0.722656 0.512891 0.00135612
4 0.642188 0.969922 0.146875 0.0601563 0.00124454
4 0.936719 0.966797 0.126563 0.0664062 0.00123978
1 0.464941 0.591016 0.485742 0.599219 0.0012207
4 0.0503418 0.955469 0.100684 0.0890625 0.00117397
3 0.464941 0.591016 0.485742 0.599219 0.0011692
19 0.648828 0.824805 0.355469 0.350391 0.00115108
4 0.540625 0.96875 0.142188 0.0625 0.00113392
4 0.733594 0.957812 0.195312 0.084375 0.00109005
4 0.73125 0.969531 0.1375 0.0609375 0.00106907
4 0.0859375 0.933594 0.171875 0.132812 0.00102806
4 0.857813 0.967969 0.145313 0.0640625 0.00102425
20 0.468359 0.556934 0.425781 0.461133 0.925781
22 0.467578 0.550391 0.419531 0.446094 0.15979
3 0.467578 0.550391 0.419531 0.446094 0.0389099
19 0.467578 0.550391 0.419531 0.446094 0.0305634
5 0.472266 0.554297 0.430469 0.446094 0.021698
0 0.471484 0.539746 0.436719 0.414258 0.0170441
24 0.471191 0.558496 0.43418 0.450195 0.0158997
1 0.467578 0.550391 0.419531 0.446094 0.0127258
21 0.467285 0.554688 0.431055 0.476562 0.0103302
4 0.471484 0.539746 0.436719 0.414258 0.00701141
12 0.467578 0.550391 0.419531 0.446094 0.00577545
8 0.467285 0.554688 0.431055 0.476562 0.00551224
4 0.429688 0.47041 0.340625 0.25918 0.00345612
0 0.429688 0.47041 0.340625 0.25918 0.00300407
25 0.46875 0.552734 0.41875 0.446094 0.00293541
17 0.467578 0.550391 0.419531 0.446094 0.00273705
9 0.467285 0.554688 0.431055 0.476562 0.00243378
11 0.471484 0.539746 0.436719 0.414258 0.00215721
4 0.348047 0.445703 0.180469 0.172656 0.00193405
14 0.471484 0.539746 0.436719 0.414258 0.0018034
4 0.375 0.463672 0.242188 0.2125 0.00174809
16 0.472266 0.554297 0.430469 0.446094 0.00161076
0 0.348047 0.445703 0.180469 0.172656 0.0014267
23 0.348047 0.445703 0.180469 0.172656 0.00141048
6 0.471484 0.539746 0.436719 0.414258 0.00133038
14 0.429688 0.47041 0.340625 0.25918 0.00127411
10 0.472266 0.554297 0.430469 0.446094 0.00125504
18 0.471484 0.539746 0.436719 0.414258 0.0012064
14 0.348047 0.445703 0.180469 0.172656 0.00104046
13 0.45625 0.548828 0.321094 0.430469 0.00101662
20 0.482129 0.553516 0.413867 0.455469 0.968262
24 0.482129 0.553516 0.413867 0.455469 0.117554
3 0.482129 0.553516 0.413867 0.455469 0.0718384
5 0.478223 0.55459 0.41543 0.442383 0.0285492
0 0.474219 0.546094 0.420312 0.4625 0.0170441
9 0.474219 0.549121 0.424219 0.467383 0.013588
19 0.480566 0.552344 0.418555 0.448438 0.0110321
21 0.474219 0.549121 0.424219 0.467383 0.00901794
16 0.473535 0.539746 0.43418 0.450195 0.00775528
1 0.473535 0.539746 0.43418 0.450195 0.00582123
22 0.476953 0.541406 0.413281 0.4375 0.00547028
8 0.476953 0.533594 0.430469 0.470313 0.00481033
6 0.480566 0.552344 0.418555 0.448438 0.00439835
19 0.51875 0.528906 0.323438 0.421875 0.0042305
25 0.480566 0.552344 0.418555 0.448438 0.00353813
13 0.473535 0.539746 0.43418 0.450195 0.00318527
10 0.474219 0.549121 0.424219 0.467383 0.00302696
17 0.476953 0.533594 0.430469 0.470313 0.00245285
4 0.472656 0.541504 0.414062 0.418555 0.00186729
18 0.472656 0.541504 0.414062 0.418555 0.0017004
14 0.477734 0.495703 0.438281 0.377344 0.00129414
12 0.477734 0.495703 0.438281 0.377344 0.00127411
15 0.478223 0.55459 0.41543 0.442383 0.00121117
4 0.0661621 0.962891 0.132324 0.0742188 0.0011425
20 0.468359 0.548828 0.432031 0.469531 0.875
22 0.471875 0.542969 0.4375 0.470313 0.0891113
5 0.471875 0.551953 0.43125 0.455469 0.0501404
24 0.471875 0.551953 0.43125 0.455469 0.0391846
0 0.468359 0.5375 0.434375 0.451562 0.0163422
3 0.471875 0.551953 0.43125 0.455469 0.0149536
19 0.471875 0.551953 0.43125 0.455469 0.00717545
1 0.469531 0.530566 0.432031 0.454492 0.00677109
9 0.471875 0.551953 0.43125 0.455469 0.00669098
11 0.469141 0.543652 0.446875 0.47207 0.0050621
4 0.46416 0.543066 0.43418 0.435742 0.00316048
19 0.522559 0.525781 0.336133 0.435937 0.00211525
13 0.465625 0.494629 0.426563 0.387305 0.00204277
8 0.472656 0.541016 0.442188 0.480469 0.00196457
25 0.471875 0.551953 0.43125 0.455469 0.00188255
12 0.465625 0.494629 0.426563 0.387305 0.00158501
21 0.471875 0.542969 0.4375 0.470313 0.00141621
16 0.473047 0.542969 0.439063 0.470313 0.00111198
17 0.478906 0.517969 0.430469 0.4375 0.0011034
20 0.466309 0.541406 0.40332 0.460938 0.993652
5 0.466309 0.541406 0.40332 0.460938 0.113159
3 0.459473 0.553125 0.41543 0.465625 0.0668335
24 0.470996 0.54375 0.398633 0.448438 0.0544128
9 0.466309 0.541406 0.40332 0.460938 0.0505066
19 0.459473 0.553125 0.41543 0.465625 0.0325928
16 0.473047 0.546094 0.421094 0.471875 0.0174408
10 0.467578 0.554297 0.408594 0.463281 0.013588
1 0.460254 0.541504 0.413867 0.466992 0.00709534
22 0.460254 0.541504 0.413867 0.466992 0.00577545
6 0.473535 0.555371 0.406055 0.45957 0.00457382
0 0.470996 0.54375 0.398633 0.448438 0.00318527
25 0.473535 0.555371 0.406055 0.45957 0.00298119
11 0.461621 0.526953 0.418945 0.458594 0.00284576
18 0.473047 0.546094 0.421094 0.471875 0.00257111
19 0.519141 0.528516 0.296875 0.402344 0.00240517
4 0.467871 0.522656 0.401758 0.422656 0.00233269
15 0.473535 0.555371 0.406055 0.45957 0.00203514
13 0.461621 0.526953 0.418945 0.458594 0.00202751
21 0.460254 0.541504 0.413867 0.466992 0.00133514
12 0.463672 0.497656 0.407031 0.385938 0.00116062
20 0.471875 0.538379 0.4 0.416992 0.98291
24 0.471875 0.538379 0.4 0.416992 0.0869141
5 0.464844 0.535156 0.402344 0.432031 0.0632324
3 0.475098 0.543652 0.406055 0.425195 0.0483093
0 0.468359 0.535059 0.417969 0.392383 0.0263519
22 0.471875 0.538379 0.4 0.416992 0.0184784
19 0.465234 0.535547 0.421875 0.455469 0.0175171
19 0.521094 0.525 0.302344 0.414844 0.0136871
1 0.472266 0.548828 0.421875 0.430469 0.0100555
9 0.464844 0.535156 0.402344 0.432031 0.00993347
4 0.468359 0.535059 0.417969 0.392383 0.00598145
11 0.470313 0.532031 0.427344 0.482812 0.00502014
8 0.465234 0.535547 0.421875 0.455469 0.00424957
16 0.463281 0.532031 0.409375 0.435937 0.00379562
13 0.459766 0.528125 0.43125 0.448438 0.00235939
21 0.472266 0.548828 0.421875 0.430469 0.00232315
25 0.475098 0.543652 0.406055 0.425195 0.00225258
18 0.468359 0.525098 0.407031 0.398242 0.00203514
6 0.473047 0.545313 0.419531 0.415625 0.00186729
17 0.591406 0.432129 0.18125 0.24668 0.00185299
17 0.460938 0.510938 0.453125 0.428125 0.00176811
14 0.468359 0.535059 0.417969 0.392383 0.00130939
10 0.475098 0.543652 0.406055 0.425195 0.00130939
12 0.460547 0.528223 0.464063 0.45918 0.00105667
20 0.471875 0.536719 0.390625 0.4375 0.97998
19 0.505078 0.527344 0.339063 0.422656 0.0611877
5 0.471973 0.532422 0.381055 0.425781 0.0318604
24 0.479297 0.540723 0.36875 0.418555 0.0318604
3 0.472266 0.532813 0.378125 0.420312 0.0255585
8 0.479688 0.523535 0.3875 0.43418 0.0118256
22 0.472266 0.532813 0.378125 0.420312 0.0107346
9 0.479297 0.540723 0.36875 0.418555 0.0086441
25 0.479297 0.540723 0.36875 0.418555 0.00800323
4 0.411328 0.501953 0.196094 0.149219 0.00564194
10 0.479297 0.540723 0.36875 0.418555 0.00526047
1 0.470313 0.532422 0.409375 0.449219 0.0041008
11 0.590625 0.694531 0.81875 0.610938 0.00383949
4 0.0717285 0.962109 0.143457 0.0757812 0.00356483
2 0.590625 0.694531 0.81875 0.610938 0.00351143
0 0.469922 0.529004 0.399219 0.449805 0.00323486
19 0.440234 0.541406 0.310156 0.292969 0.00294685
11 0.479688 0.523535 0.3875 0.43418 0.00211525
15 0.45166 0.514453 0.42793 0.382031 0.00194168
21 0.444629 0.551562 0.298242 0.340625 0.00191879
6 0.590625 0.694531 0.81875 0.610938 0.00184631
16 0.473828 0.526172 0.386719 0.463281 0.00172043
21 0.479688 0.523535 0.3875 0.43418 0.00162888
6 0.479297 0.540723 0.36875 0.418555 0.00157928
12 0.45166 0.514453 0.42793 0.382031 0.00117397
19 0.545313 0.508984 0.259375 0.382812 0.00107288
15 0.60625 0.7125 0.7875 0.575 0.00107288
20 0.477441 0.546094 0.410742 0.464063 0.984863
3 0.480859 0.556152 0.397656 0.47207 0.0900879
22 0.474902 0.543652 0.412695 0.476758 0.0399475
5 0.477441 0.546094 0.410742 0.464063 0.0270691
24 0.480859 0.556152 0.397656 0.47207 0.0208893
19 0.481152 0.543652 0.395508 0.47832 0.0162201
25 0.480859 0.556152 0.397656 0.47207 0.0102921
1 0.485059 0.562402 0.418945 0.461133 0.00955963
21 0.485059 0.562402 0.418945 0.461133 0.00674438
0 0.476953 0.537891 0.429688 0.455469 0.00619125
10 0.477441 0.546094 0.410742 0.464063 0.00486755
9 0.480859 0.556152 0.397656 0.47207 0.00351143
15 0.476953 0.537891 0.429688 0.455469 0.00298119
17 0.480078 0.520703 0.416406 0.449219 0.00254059
12 0.478516 0.546094 0.414844 0.489063 0.0016613
8 0.480078 0.520703 0.416406 0.449219 0.00155449
13 0.472266 0.535156 0.433594 0.475 0.00146675
21 0.431641 0.550391 0.264844 0.378906 0.00139427
6 0.472266 0.535156 0.433594 0.475 0.00137234
4 0.481152 0.552734 0.431445 0.447656 0.00115108
20 0.474609 0.554297 0.433594 0.480469 0.946777
3 0.47666 0.557031 0.429492 0.495313 0.0419312
22 0.471973 0.551562 0.432617 0.484375 0.0372009
19 0.469141 0.553516 0.423438 0.500781 0.0175171
5 0.474609 0.554297 0.433594 0.480469 0.008255
0 0.474121 0.538184 0.436133 0.458008 0.00701141
24 0.474609 0.554297 0.433594 0.480469 0.00643921
25 0.47666 0.557031 0.429492 0.495313 0.00494385
1 0.478809 0.551172 0.423633 0.499219 0.00494385
21 0.471973 0.551562 0.432617 0.484375 0.00353813
10 0.47666 0.557031 0.429492 0.495313 0.00181007
9 0.471973 0.551562 0.432617 0.484375 0.00121593
6 0.473438 0.530859 0.432813 0.460938 0.0011158
19 0.521777 0.530859 0.318945 0.422656 0.00110722
20 0.470703 0.539941 0.411719 0.456055 0.998047
5 0.47334 0.539453 0.417383 0.464844 0.0618896
3 0.472266 0.54375 0.407813 0.45625 0.0526123
19 0.475 0.530469 0.410938 0.45 0.0360718
24 0.472266 0.54375 0.407813 0.45625 0.0292053
22 0.47334 0.539453 0.417383 0.464844 0.0276947
9 0.470703 0.536816 0.417969 0.456055 0.0177155
1 0.47334 0.539453 0.417383 0.464844 0.0103302
10 0.470703 0.536816 0.417969 0.456055 0.00542831
0 0.47041 0.543848 0.416992 0.454492 0.0051384
25 0.474219 0.541797 0.40625 0.460156 0.00348282
16 0.473828 0.522656 0.413281 0.467969 0.00259018
11 0.462402 0.55791 0.429883 0.470117 0.00211525
21 0.466504 0.551172 0.423242 0.460156 0.00201035
19 0.514453 0.518652 0.309375 0.40332 0.00178909
6 0.462402 0.55791 0.429883 0.470117 0.00130463
20 0.471484 0.533594 0.385938 0.426563 0.995605
19 0.506152 0.524902 0.348633 0.431445 0.0483093
5 0.469922 0.538672 0.388281 0.410156 0.0423889
24 0.471484 0.533594 0.385938 0.426563 0.0292053
3 0.475391 0.534375 0.391406 0.442969 0.0181885
22 0.469922 0.538672 0.388281 0.410156 0.0171051
1 0.466016 0.539844 0.397656 0.40625 0.00800323
0 0.466016 0.539844 0.397656 0.40625 0.00486755
9 0.469922 0.538672 0.388281 0.410156 0.00388527
21 0.438184 0.540234 0.311133 0.392969 0.00279045
4 0.466016 0.539844 0.397656 0.40625 0.0027256
14 0.466797 0.491406 0.405469 0.38125 0.00236893
25 0.475391 0.534375 0.391406 0.442969 0.00181007
12 0.466016 0.539844 0.397656 0.40625 0.00161076
19 0.45 0.54209 0.365625 0.39082 0.00141048
10 0.464063 0.519141 0.403125 0.438281 0.00131989
8 0.441406 0.533496 0.359375 0.358008 0.00123501
6 0.471875 0.5375 0.3875 0.421875 0.00115585
20 0.46875 0.541797 0.41875 0.458594 0.992676
3 0.46875 0.541797 0.41875 0.458594 0.108582
5 0.46709 0.533203 0.418945 0.438281 0.028656
24 0.46875 0.541797 0.41875 0.458594 0.0241394
0 0.46709 0.533203 0.418945 0.438281 0.0203705
19 0.507129 0.521094 0.35918 0.447656 0.0199432
10 0.465723 0.541016 0.432617 0.464844 0.0149536
25 0.469531 0.548047 0.422656 0.469531 0.0111618
9 0.464844 0.540723 0.435937 0.463867 0.00482941
6 0.464063 0.532422 0.435937 0.453906 0.00329781
1 0.464844 0.540723 0.435937 0.463867 0.0024929
18 0.46709 0.533203 0.418945 0.438281 0.00247192
22 0.461621 0.548438 0.429883 0.473438 0.00184631
16 0.46709 0.533203 0.418945 0.438281 0.00151253
15 0.464063 0.532422 0.435937 0.453906 0.00146103
17 0.467969 0.545996 0.419531 0.473633 0.00142097
15 0.464844 0.477344 0.410156 0.332813 0.00103664
20 0.473828 0.555078 0.416406 0.471094 0.925293
3 0.477344 0.528516 0.43125 0.449219 0.0510864
9 0.475391 0.54375 0.422656 0.464063 0.0173798
6 0.477344 0.528516 0.43125 0.449219 0.0157776
0 0.470215 0.54541 0.420508 0.45918 0.0155411
10 0.475391 0.54375 0.422656 0.464063 0.0134811
19 0.478516 0.551172 0.407813 0.472656 0.01297
24 0.474609 0.555078 0.407031 0.475781 0.0127258
5 0.475 0.544531 0.415625 0.464063 0.00959778
16 0.474219 0.532031 0.419531 0.45 0.00728989
11 0.477344 0.528516 0.43125 0.449219 0.00561905
25 0.473047 0.550098 0.416406 0.474805 0.00426483
18 0.477344 0.528516 0.43125 0.449219 0.0041008
21 0.4125 0.555566 0.301563 0.395117 0.00365067
22 0.471484 0.553906 0.419531 0.470313 0.00216484
8 0.477344 0.528516 0.43125 0.449219 0.00142097
4 0.0694336 0.964844 0.138867 0.0703125 0.00112438
23 0.477344 0.528516 0.43125 0.449219 0.00112438
21 0.473828 0.555078 0.416406 0.471094 0.00112438
1 0.475391 0.54375 0.422656 0.464063 0.00104809
20 0.472266 0.540234 0.421094 0.458594 0.972656
19 0.505469 0.526953 0.360938 0.452344 0.0568542
4 0.0695313 0.961719 0.139063 0.0765625 0.0390625
3 0.472266 0.540234 0.421094 0.458594 0.0380249
0 0.472266 0.540234 0.421094 0.458594 0.0118256
5 0.473047 0.538672 0.432031 0.458594 0.0104904
24 0.472266 0.540234 0.421094 0.458594 0.00919342
25 0.472754 0.543359 0.42168 0.467969 0.00482941
6 0.472754 0.543359 0.42168 0.467969 0.00382423
21 0.432422 0.539941 0.313281 0.412305 0.00329781
1 0.473828 0.533203 0.427344 0.458594 0.00322342
22 0.472656 0.536719 0.421875 0.460938 0.00319672
9 0.473828 0.539453 0.422656 0.474219 0.00299263
10 0.472754 0.543359 0.42168 0.467969 0.00218201
19 0.465234 0.727344 0.328906 0.432813 0.00212479
8 0.470703 0.529004 0.430469 0.45918 0.00168705
20 0.473438 0.541797 0.402344 0.441406 0.834473
19 0.521484 0.52959 0.3 0.404883 0.0579224
3 0.471484 0.539941 0.400781 0.460742 0.0171051
22 0.468359 0.536719 0.4 0.45625 0.00955963
0 0.471875 0.533594 0.4125 0.432813 0.00844574
5 0.467187 0.527246 0.403906 0.442383 0.00600433
21 0.41875 0.551953 0.271094 0.380469 0.0051384
19 0.477344 0.524219 0.404687 0.452344 0.00471878
24 0.475 0.54375 0.399219 0.442969 0.00426483
1 0.471484 0.533691 0.401563 0.456055 0.00126457
15 0.46084 0.49834 0.40957 0.348633 0.00105286
20 0.463965 0.520703 0.408008 0.407031 0.958496
19 0.503516 0.520996 0.377344 0.442383 0.0335999
9 0.463281 0.530371 0.410938 0.411133 0.03125
5 0.467187 0.52041 0.398438 0.407617 0.0215302
21 0.409375 0.553906 0.298438 0.3875 0.0208893
3 0.463281 0.530371 0.410938 0.411133 0.0205688
24 0.4625 0.536621 0.409375 0.41582 0.00912476
16 0.464941 0.538281 0.404492 0.425 0.00653839
0 0.469141 0.534375 0.400781 0.420312 0.00605011
22 0.467187 0.52041 0.398438 0.407617 0.00307465
6 0.468066 0.540625 0.406055 0.419531 0.00223351
10 0.463965 0.520703 0.408008 0.407031 0.00198746
20 0.474121 0.539746 0.417383 0.456445 0.95166
21 0.41875 0.545313 0.292188 0.3875 0.0820923
19 0.514746 0.516406 0.323633 0.4125 0.0783691
3 0.476953 0.541016 0.415625 0.467969 0.0745239
19 0.482031 0.526172 0.417969 0.465625 0.0420837
9 0.474219 0.547656 0.422656 0.467187 0.0176392
24 0.474219 0.547656 0.422656 0.467187 0.0112915
10 0.480469 0.533984 0.413281 0.463281 0.0105667
5 0.476562 0.528223 0.420312 0.449805 0.00787354
0 0.474121 0.539746 0.417383 0.456445 0.00591278
16 0.477344 0.544922 0.430469 0.472656 0.00270462
6 0.476172 0.542969 0.425781 0.471875 0.0026722
25 0.474121 0.539746 0.417383 0.456445 0.00182438
8 0.478906 0.535937 0.41875 0.464063 0.00118351
18 0.475391 0.546484 0.424219 0.467969 0.00107765
20 0.472656 0.541309 0.414062 0.448633 0.984375
19 0.488965 0.533691 0.461133 0.462305 0.119202
3 0.471973 0.53916 0.418555 0.466992 0.0692749
19 0.521094 0.527246 0.324219 0.418945 0.0520325
24 0.478906 0.54375 0.43125 0.46875 0.0170441
0 0.480469 0.540527 0.416406 0.456445 0.00837708
9 0.480078 0.541016 0.421094 0.469531 0.0077858
5 0.478516 0.535254 0.419531 0.443555 0.00671768
22 0.471191 0.541406 0.437305 0.451562 0.00475693
25 0.472656 0.541309 0.414062 0.448633 0.00342941
1 0.471191 0.541406 0.437305 0.451562 0.00242424
8 0.48125 0.536719 0.445312 0.464063 0.00214005
10 0.485059 0.538965 0.420508 0.456445 0.00147247
11 0.478906 0.54375 0.43125 0.46875 0.00130463
6 0.471973 0.53916 0.418555 0.466992 0.00108147
20 0.475391 0.540625 0.432031 0.473438 0.970215
0 0.475098 0.533594 0.43418 0.475 0.0512695
5 0.474902 0.545996 0.445508 0.468945 0.0301056
19 0.530566 0.521875 0.349805 0.446875 0.0147858
3 0.477344 0.541504 0.457813 0.48418 0.0139542
24 0.476562 0.538672 0.460156 0.492969 0.0104904
22 0.474902 0.545996 0.445508 0.468945 0.00757599
11 0.476562 0.538672 0.460156 0.492969 0.00477219
9 0.472656 0.539844 0.453125 0.485938 0.00395966
25 0.474902 0.545996 0.445508 0.468945 0.0026207
1 0.475391 0.540625 0.432031 0.473438 0.00225258
8 0.487891 0.532031 0.464063 0.478125 0.00176144
16 0.472656 0.539844 0.453125 0.485938 0.00153065
14 0.475098 0.533594 0.43418 0.475 0.00135612
19 0.482422 0.537109 0.461719 0.488281 0.00132465
13 0.472266 0.542188 0.458594 0.482812 0.00102806
20 0.474902 0.545313 0.439258 0.471875 0.912598
22 0.471191 0.553223 0.462305 0.46543 0.0211182
24 0.481641 0.547754 0.451562 0.482617 0.0172424
0 0.477734 0.542969 0.438281 0.479688 0.0149536
3 0.473438 0.544922 0.464063 0.478906 0.00959778
5 0.474609 0.546875 0.457813 0.476562 0.00717545
1 0.482812 0.542578 0.448438 0.486719 0.00293541
19 0.482715 0.532422 0.44707 0.460156 0.0026722
9 0.473047 0.545703 0.45625 0.480469 0.00225258
8 0.488184 0.542578 0.44707 0.491406 0.00104809
20 0.471094 0.54209 0.414844 0.450195 0.958008
22 0.471094 0.54209 0.414844 0.450195 0.00871277
3 0.471484 0.535937 0.427344 0.4625 0.00818634
5 0.471191 0.538965 0.418555 0.456445 0.00695801
0 0.471484 0.542969 0.414844 0.451562 0.00593567
24 0.471094 0.54375 0.414062 0.454688 0.00510025
19 0.477734 0.531641 0.430469 0.459375 0.00356483
8 0.474902 0.529004 0.445508 0.463867 0.00225258
25 0.472266 0.54375 0.421094 0.457031 0.00218201
1 0.470313 0.547266 0.435937 0.442969 0.00208282
16 0.439844 0.835938 0.365625 0.296875 0.00168705
9 0.471094 0.54375 0.414062 0.454688 0.00168133
12 0.470703 0.516406 0.415625 0.389062 0.00116062
20 0.476953 0.545703 0.420312 0.485156 0.901855
9 0.476953 0.543848 0.419531 0.479492 0.0152512
0 0.478223 0.544922 0.418555 0.474219 0.0105286
3 0.475781 0.546094 0.421875 0.46875 0.00766754
19 0.476953 0.543848 0.419531 0.479492 0.00638962
5 0.479004 0.540625 0.423242 0.460938 0.00542831
19 0.524609 0.530078 0.303906 0.416406 0.00250244
24 0.477734 0.55 0.416406 0.4875 0.00194168
22 0.47959 0.546777 0.417383 0.475195 0.00176144
25 0.475781 0.546094 0.421875 0.46875 0.00123024
20 0.470703 0.545313 0.425781 0.471875 0.800781
0 0.472266 0.536328 0.435156 0.496094 0.0419312
24 0.471973 0.539844 0.44043 0.489063 0.00643921
5 0.471973 0.539844 0.44043 0.489063 0.00540543
22 0.471484 0.546094 0.447656 0.464063 0.0051384
3 0.471973 0.539844 0.44043 0.489063 0.00468063
4 0.473047 0.543359 0.438281 0.489844 0.00309944
9 0.471973 0.539844 0.44043 0.489063 0.00156689
8 0.472266 0.536328 0.435156 0.496094 0.00152493
20 0.474316 0.541797 0.423242 0.452344 0.936523
0 0.474609 0.542285 0.427344 0.454492 0.0153046
3 0.475781 0.54209 0.428906 0.47207 0.00828552
24 0.476465 0.546875 0.420508 0.465625 0.00486755
22 0.474316 0.541797 0.423242 0.452344 0.00291252
5 0.474609 0.542285 0.427344 0.454492 0.00259018
19 0.482812 0.530859 0.417188 0.460156 0.00246239
19 0.523535 0.531152 0.307617 0.41582 0.00185299
8 0.480078 0.536816 0.417188 0.470117 0.00119686
9 0.474121 0.545703 0.423633 0.469531 0.00102806
20 0.476562 0.53916 0.430469 0.462305 0.966797
3 0.478516 0.540234 0.432813 0.460938 0.0181885
19 0.479785 0.532422 0.437305 0.458594 0.012146
24 0.477344 0.550684 0.428125 0.454883 0.00834656
0 0.47334 0.544531 0.42207 0.451562 0.00728989
5 0.473438 0.547656 0.428125 0.45625 0.0037365
9 0.477344 0.550684 0.428125 0.454883 0.00319672
25 0.473438 0.552344 0.428125 0.45625 0.0017004
19 0.524609 0.517871 0.339844 0.395508 0.00115108
22 0.46875 0.55 0.432813 0.45 0.00106907
20 0.469922 0.539844 0.430469 0.460938 0.862305
9 0.474121 0.534375 0.437695 0.45625 0.0191193
0 0.469531 0.533594 0.429688 0.446875 0.0116882
5 0.469531 0.533594 0.429688 0.446875 0.0104065
3 0.470215 0.541309 0.44082 0.45957 0.00775528
19 0.475879 0.527344 0.432617 0.452344 0.00391388
22 0.473047 0.532813 0.433594 0.454688 0.0014267
24 0.474121 0.534375 0.437695 0.45625 0.00123978
6 0.470215 0.541309 0.44082 0.45957 0.00112915
19 0.525879 0.521777 0.318555 0.40957 0.00104809
20 0.470996 0.542578 0.431445 0.469531 0.94873
9 0.471777 0.542969 0.439258 0.465625 0.00857544
0 0.472559 0.549219 0.443945 0.489063 0.008255
3 0.473828 0.545313 0.439063 0.489063 0.0069313
22 0.467969 0.55 0.436719 0.45625 0.0045929
19 0.469141 0.546484 0.428906 0.455469 0.00413513
5 0.473828 0.545313 0.439063 0.489063 0.00407028
1 0.467969 0.55 0.436719 0.45625 0.00255013
25 0.469141 0.546484 0.428906 0.455469 0.00243378
14 0.472559 0.549219 0.443945 0.489063 0.00228691
24 0.471777 0.542969 0.439258 0.465625 0.00205803
6 0.473438 0.546973 0.433594 0.456055 0.00149536
19 0.521875 0.523828 0.322656 0.410156 0.00148392
10 0.473438 0.546973 0.433594 0.456055 0.0012064
20 0.471484 0.537402 0.425781 0.45957 0.938477
9 0.475391 0.533203 0.430469 0.461719 0.0184784
3 0.474121 0.531934 0.429883 0.458008 0.011467
5 0.474121 0.531934 0.429883 0.458008 0.0109024
19 0.474121 0.531934 0.429883 0.458008 0.00725937
0 0.474121 0.532813 0.42832 0.450781 0.00709534
19 0.52666 0.519531 0.33418 0.413281 0.00269318
22 0.470313 0.542969 0.435937 0.447656 0.00181007
12 0.479004 0.501465 0.44668 0.404883 0.0015192
25 0.472266 0.541797 0.433594 0.463281 0.00131989
10 0.475391 0.533203 0.430469 0.461719 0.0012598
12 0.532031 0.466504 0.333594 0.313867 0.00119209
24 0.474609 0.538672 0.435156 0.467187 0.00113392
4 0.473828 0.540723 0.438281 0.468555 0.00111198
20 0.475098 0.531934 0.445117 0.47207 0.773438
0 0.475781 0.527344 0.444531 0.471094 0.0125732
9 0.475781 0.525391 0.449219 0.464063 0.00878143
3 0.475098 0.531934 0.445117 0.47207 0.00706482
5 0.478125 0.522656 0.447656 0.451562 0.00307465
24 0.475781 0.525391 0.449219 0.464063 0.00201988
19 0.476562 0.522559 0.4375 0.451758 0.00118828
22 0.477344 0.539844 0.455469 0.459375 0.00106525
4 0.475781 0.527344 0.444531 0.471094 0.00105667
20 0.469434 0.528906 0.426758 0.460938 0.713867
0 0.469141 0.524609 0.41875 0.447656 0.019989
9 0.469922 0.519922 0.441406 0.471094 0.0091629
3 0.469922 0.519922 0.441406 0.471094 0.00698471
24 0.469922 0.519922 0.441406 0.471094 0.00534439
5 0.471777 0.519531 0.43457 0.454688 0.00216484
19 0.471094 0.521875 0.425 0.453125 0.0017271
25 0.469434 0.528906 0.426758 0.460938 0.00112915
4 0.471875 0.524316 0.433594 0.466992 0.00110722
20 0.471484 0.525781 0.415625 0.46875 0.944824
0 0.469531 0.518652 0.415625 0.442383 0.0177155
19 0.50459 0.528125 0.358008 0.45625 0.00275803
24 0.469629 0.524316 0.410742 0.463867 0.0026722
5 0.469531 0.518652 0.415625 0.442383 0.00259018
9 0.469629 0.524316 0.410742 0.463867 0.00232315
3 0.471484 0.525781 0.415625 0.46875 0.00177479
22 0.477246 0.528516 0.44082 0.471094 0.0012598
20 0.470703 0.531641 0.424219 0.447656 0.919434
0 0.469434 0.519531 0.417383 0.426563 0.0288696
9 0.464063 0.520703 0.410156 0.441406 0.0139542
3 0.470703 0.531641 0.424219 0.447656 0.0039444
5 0.469434 0.519531 0.417383 0.426563 0.00342941
25 0.470703 0.531641 0.424219 0.447656 0.00162315
24 0.463672 0.524902 0.414844 0.448633 0.00162315
19 0.466406 0.528516 0.410938 0.452344 0.00144386
22 0.471875 0.535156 0.430469 0.441406 0.00104427
10 0.464063 0.520703 0.410156 0.441406 0.00100803
20 0.476465 0.535937 0.454883 0.495313 0.905762
0 0.472656 0.525098 0.430469 0.460742 0.0259552
5 0.472656 0.525098 0.430469 0.460742 0.00658798
1 0.486328 0.534766 0.452344 0.486719 0.00443268
3 0.483496 0.535547 0.456445 0.494531 0.00438309
22 0.471484 0.541016 0.458594 0.491406 0.00353813
24 0.476465 0.535937 0.454883 0.495313 0.00240517
20 0.475391 0.532422 0.435937 0.486719 0.907227
0 0.471875 0.541406 0.434375 0.48125 0.00424957
5 0.477734 0.5375 0.436719 0.49375 0.00245285
22 0.475391 0.532422 0.435937 0.486719 0.00234222
3 0.472266 0.530859 0.449219 0.492969 0.00201988
24 0.475781 0.527734 0.439063 0.492188 0.0017004
1 0.475391 0.532422 0.435937 0.486719 0.00137806
20 0.47334 0.536035 0.43457 0.46543 0.91748
0 0.471973 0.525391 0.431055 0.44375 0.012825
5 0.471973 0.525391 0.431055 0.44375 0.00748825
9 0.474902 0.533594 0.42832 0.470313 0.00471878
22 0.474609 0.537891 0.447656 0.463281 0.00337601
3 0.474609 0.537891 0.447656 0.463281 0.0029583
1 0.474609 0.537891 0.447656 0.463281 0.00235939
24 0.475 0.540234 0.432031 0.466406 0.00121593
20 0.467285 0.524609 0.410742 0.450781 0.9375
0 0.467578 0.532715 0.417969 0.45957 0.00963593
3 0.469531 0.536328 0.421875 0.460938 0.00450516
5 0.467969 0.53584 0.417188 0.456445 0.0029583
19 0.465723 0.502246 0.41543 0.411133 0.00290108
22 0.475684 0.539941 0.431445 0.457617 0.00220871
9 0.466797 0.527734 0.416406 0.449219 0.00159168
20 0.473828 0.529004 0.453906 0.488867 0.856934
0 0.473828 0.528516 0.449219 0.483594 0.00621796
3 0.473828 0.529004 0.453906 0.488867 0.00518036
5 0.473047 0.533984 0.441406 0.48125 0.00317192
9 0.472656 0.529297 0.442188 0.485156 0.00275803
24 0.472656 0.529297 0.442188 0.485156 0.00106907
20 0.469922 0.531934 0.423438 0.462695 0.905762
0 0.469922 0.528809 0.425781 0.443945 0.0157166
3 0.470703 0.53916 0.428906 0.462305 0.00432968
5 0.469922 0.528809 0.425781 0.443945 0.00118828
20 0.475 0.52041 0.426563 0.431055 0.96582
3 0.474316 0.519141 0.426367 0.43125 0.0106964
9 0.474902 0.523438 0.42832 0.428906 0.00397491
0 0.474316 0.530078 0.426367 0.441406 0.00359344
5 0.475 0.52041 0.426563 0.431055 0.00319672
24 0.473828 0.528125 0.428906 0.435937 0.00135136
22 0.478027 0.531152 0.44082 0.431445 0.00118828
19 0.472559 0.516406 0.437695 0.432813 0.00109863
20 0.472656 0.535937 0.442188 0.470313 0.932617
0 0.473828 0.527344 0.435156 0.454688 0.0139542
3 0.472656 0.535937 0.442188 0.470313 0.00530243
5 0.473828 0.527344 0.435156 0.454688 0.0020504
24 0.471484 0.532422 0.442188 0.470313 0.0017271
9 0.471484 0.532422 0.442188 0.470313 0.00167465
16 0.4375 0.842383 0.403906 0.315234 0.00140476
25 0.472656 0.535937 0.442188 0.470313 0.00101662
20 0.472656 0.527246 0.408594 0.450195 0.879883
3 0.473047 0.539453 0.421094 0.461719 0.0051384
0 0.472656 0.532422 0.413281 0.458594 0.00340271
25 0.473047 0.539453 0.421094 0.461719 0.00119686
19 0.473438 0.536719 0.420312 0.4625 0.00101662
20 0.476562 0.532813 0.432813 0.473438 0.877441
0 0.474609 0.532422 0.436719 0.46875 0.00651169
3 0.474609 0.540234 0.458594 0.485156 0.0039444
5 0.473438 0.532129 0.435156 0.47168 0.00168705
22 0.474609 0.540234 0.458594 0.485156 0.00127411
16 0.431641 0.845703 0.414062 0.308594 0.00107765
20 0.475391 0.532031 0.41875 0.451562 0.936035
3 0.472754 0.542969 0.438867 0.457813 0.00572968
5 0.472559 0.529688 0.418945 0.45 0.00342941
0 0.473047 0.530859 0.417969 0.442969 0.00327301
9 0.475391 0.532031 0.41875 0.451562 0.0030632
16 0.43125 0.862305 0.374219 0.275391 0.00152493
22 0.472754 0.542969 0.438867 0.457813 0.0012846
19 0.473438 0.537109 0.430469 0.460156 0.0012064
20 0.471875 0.540625 0.417188 0.4625 0.905273
3 0.471875 0.540625 0.417188 0.4625 0.0108185
0 0.473535 0.526172 0.413867 0.439063 0.00793457
5 0.473535 0.526172 0.413867 0.439063 0.00129414
19 0.470313 0.537891 0.409375 0.465625 0.00123501
25 0.471875 0.540625 0.417188 0.4625 0.0011692
20 0.472266 0.542578 0.419531 0.463281 0.915039
0 0.472754 0.531152 0.416992 0.451758 0.00669098
3 0.473828 0.543359 0.435156 0.463281 0.00471878
5 0.473828 0.530859 0.408594 0.453906 0.00385475
9 0.474316 0.537109 0.410742 0.464844 0.00226021
22 0.473828 0.543359 0.435156 0.463281 0.00153065
24 0.472266 0.542578 0.419531 0.463281 0.00108147
20 0.471875 0.530469 0.430469 0.471875 0.890137
0 0.471777 0.526172 0.42832 0.460938 0.00564194
3 0.474219 0.534473 0.438281 0.468555 0.00210762
5 0.473047 0.530078 0.43125 0.463281 0.00131989
24 0.475 0.526953 0.420312 0.471094 0.0011425
22 0.473047 0.530078 0.43125 0.463281 0.00102806
20 0.479297 0.542969 0.435156 0.464063 0.92041
0 0.480469 0.532422 0.433594 0.454688 0.00302696
3 0.479297 0.542969 0.435156 0.464063 0.0026722
5 0.478906 0.5375 0.426563 0.460938 0.00157928
9 0.478906 0.5375 0.426563 0.460938 0.0012598
24 0.478516 0.541504 0.43125 0.470117 0.00109005
20 0.470313 0.533984 0.414844 0.4625 0.90918
0 0.474316 0.53125 0.42793 0.4625 0.00479126
3 0.469141 0.531348 0.423438 0.46543 0.00293541
5 0.470313 0.533984 0.414844 0.4625 0.00123501
19 0.471484 0.535547 0.417969 0.474219 0.00112438
20 0.474609 0.533496 0.400781 0.420508 0.898438
0 0.474609 0.533496 0.400781 0.420508 0.00362206
5 0.473438 0.521777 0.392188 0.411133 0.00259018
9 0.474219 0.531348 0.39375 0.423242 0.00230598
3 0.474316 0.540723 0.406055 0.431055 0.00221634
19 0.472266 0.536621 0.396094 0.429883 0.0012846
20 0.468359 0.53125 0.39375 0.432813 0.800781
0 0.467578 0.541016 0.405469 0.449219 0.00388527
3 0.465723 0.533496 0.40293 0.442383 0.00258064
22 0.470996 0.543359 0.425195 0.461719 0.00140476
5 0.468359 0.53125 0.39375 0.432813 0.00131512
20 0.463184 0.533594 0.401758 0.4375 0.813965
0 0.467578 0.542871 0.413281 0.448633 0.00582123
3 0.469141 0.54834 0.426563 0.454883 0.00226021
5 0.463184 0.533594 0.401758 0.4375 0.00183868
9 0.463184 0.533594 0.401758 0.4375 0.00133514
22 0.469141 0.54834 0.426563 0.454883 0.0012064
20 0.471094 0.543848 0.423438 0.47168 0.856934
0 0.471191 0.541016 0.42168 0.472656 0.00234985
3 0.471094 0.543848 0.423438 0.47168 0.00191212
22 0.472656 0.545313 0.434375 0.471875 0.00173378
5 0.469531 0.538672 0.414844 0.467969 0.0014267
19 0.469531 0.542285 0.414844 0.473242 0.00124454
9 0.469531 0.538672 0.414844 0.467969 0.00102806
20 0.474219 0.539062 0.428125 0.465625 0.835449
0 0.473828 0.5375 0.424219 0.467187 0.00379562
3 0.474219 0.539062 0.428125 0.465625 0.00327301
19 0.473828 0.5375 0.424219 0.467187 0.00223351
9 0.474219 0.534766 0.421875 0.464844 0.0019722
5 0.474219 0.534766 0.421875 0.464844 0.00142097
20 0.477246 0.538281 0.433008 0.465625 0.852051
0 0.476562 0.531348 0.432813 0.460742 0.00443268
3 0.475781 0.532031 0.432813 0.464063 0.00439835
9 0.475781 0.534473 0.432031 0.46543 0.00293541
5 0.475781 0.534473 0.432031 0.46543 0.00181007
19 0.477344 0.536328 0.432031 0.467969 0.00153637
20 0.475781 0.539844 0.432813 0.467187 0.834473
0 0.476562 0.538672 0.429688 0.469531 0.0037365
3 0.475781 0.539844 0.432813 0.467187 0.00286674
9 0.474609 0.536621 0.428906 0.467383 0.00233269
19 0.476562 0.538672 0.429688 0.469531 0.00183868
5 0.474609 0.536621 0.428906 0.467383 0.00146675
20 0.467578 0.540723 0.407031 0.44043 0.836426
3 0.470313 0.541797 0.414062 0.442969 0.00453949
0 0.465625 0.5375 0.402344 0.447656 0.00263214
20 0.471875 0.543066 0.426563 0.445117 0.871582
0 0.468066 0.538281 0.42168 0.447656 0.00530243
3 0.469141 0.536035 0.421094 0.449805 0.00291252
22 0.474219 0.543652 0.4375 0.44707 0.00112057
20 0.472656 0.539453 0.419531 0.424219 0.839844
0 0.473047 0.533984 0.414844 0.428906 0.00376511
3 0.471875 0.529297 0.414062 0.435156 0.00298119
9 0.471191 0.526465 0.412305 0.426758 0.00150108
20 0.471777 0.541016 0.41582 0.439844 0.844727
0 0.471875 0.537598 0.413281 0.443555 0.00321007
3 0.469531 0.532031 0.411719 0.444531 0.00237846
19 0.469922 0.538965 0.407031 0.44082 0.00163555
9 0.46875 0.536621 0.407813 0.442383 0.00148964
20 0.470996 0.542188 0.420508 0.44375 0.862305
3 0.471875 0.541406 0.428906 0.446875 0.00358009
0 0.471191 0.536328 0.418555 0.444531 0.00340271
9 0.468359 0.540625 0.4125 0.442188 0.00188255
20 0.470313 0.522266 0.403906 0.416406 0.878418
3 0.471973 0.532129 0.413867 0.413867 0.0046463
0 0.471484 0.530078 0.407813 0.415625 0.00348282
9 0.471484 0.530078 0.407813 0.415625 0.00191879
20 0.469531 0.524609 0.402344 0.417969 0.876465
3 0.473828 0.534375 0.423438 0.417969 0.00566483
0 0.470996 0.531152 0.408008 0.417383 0.00298119
9 0.469434 0.532813 0.404883 0.417969 0.00213242
20 0.470703 0.531934 0.408594 0.42207 0.837402
3 0.474316 0.535059 0.42793 0.423633 0.0039444
0 0.471973 0.530859 0.412305 0.425781 0.00362206
9 0.470996 0.533203 0.406445 0.421094 0.00170708
20 0.471191 0.525391 0.404492 0.417969 0.872559
3 0.474316 0.532422 0.426367 0.415625 0.00411606
0 0.471875 0.529688 0.410156 0.414062 0.00257111
9 0.471484 0.531641 0.407031 0.4125 0.0014782
20 0.471875 0.530078 0.404687 0.424219 0.884277
3 0.474609 0.534766 0.427344 0.414844 0.00298119
0 0.471484 0.535156 0.404687 0.415625 0.0020752
9 0.471875 0.530078 0.404687 0.424219 0.0019722
5 0.471875 0.530566 0.40625 0.426367 0.00106049
20 0.469531 0.526953 0.407031 0.421094 0.896973
3 0.469629 0.528125 0.407617 0.425 0.00391388
0 0.469531 0.532422 0.408594 0.41875 0.00253105
9 0.469531 0.526953 0.407031 0.421094 0.00135136
20 0.470703 0.524902 0.407031 0.417383 0.870605
3 0.470703 0.527344 0.405469 0.41875 0.00436401
0 0.471973 0.526563 0.40918 0.409375 0.00293541
9 0.470703 0.527344 0.405469 0.41875 0.0024147
20 0.470703 0.532422 0.413281 0.411719 0.890137
3 0.469434 0.526172 0.40332 0.41875 0.00482941
0 0.471484 0.525879 0.407813 0.40918 0.00294685
9 0.469434 0.526172 0.40332 0.41875 0.0027256
5 0.471484 0.525879 0.407813 0.40918 0.00109005
20 0.46875 0.531348 0.407813 0.429492 0.893066
3 0.469141 0.532422 0.410156 0.432031 0.00388527
0 0.471094 0.531641 0.4125 0.421875 0.0024147
9 0.469141 0.532422 0.410156 0.432031 0.00216484
20 0.467969 0.531348 0.398438 0.424805 0.888184
3 0.472656 0.535937 0.421875 0.41875 0.00329781
0 0.468359 0.536719 0.408594 0.417188 0.00219917
9 0.467969 0.531152 0.400781 0.425195 0.00198746
5 0.470313 0.531348 0.40625 0.41543 0.00109005
20 0.468359 0.532129 0.396875 0.42793 0.892578
3 0.468359 0.531152 0.399219 0.426758 0.00298119
0 0.469141 0.537109 0.407813 0.421875 0.00196457
9 0.468359 0.531152 0.399219 0.426758 0.00191212
5 0.471094 0.530859 0.404687 0.419531 0.00108624
20 0.469141 0.532031 0.396875 0.426563 0.885742
3 0.469531 0.531934 0.399219 0.425195 0.00340271
9 0.469531 0.531934 0.399219 0.425195 0.00228691
0 0.469629 0.537891 0.407617 0.419531 0.00228691
19 0.468652 0.537109 0.39707 0.422656 0.00113392
5 0.471875 0.531641 0.403906 0.416406 0.00100803
20 0.469141 0.528906 0.399219 0.420312 0.892578
3 0.469531 0.528125 0.4 0.417188 0.0029583
0 0.469141 0.534766 0.409375 0.4125 0.00220871
9 0.469531 0.528125 0.4 0.417188 0.00203514
5 0.471094 0.528125 0.404687 0.407813 0.00106525
20 0.46875 0.530859 0.398438 0.425781 0.908691
3 0.46875 0.530469 0.4 0.421875 0.00322342
0 0.468848 0.537402 0.40918 0.417383 0.00251198
9 0.46875 0.530469 0.4 0.421875 0.00196457
20 0.467187 0.530566 0.395313 0.42168 0.90332
3 0.467578 0.529785 0.396875 0.418555 0.00345612
0 0.468066 0.536719 0.406055 0.415625 0.00261116
9 0.467578 0.529785 0.396875 0.418555 0.00235939
20 0.467871 0.531348 0.39707 0.426367 0.899902
3 0.468359 0.531152 0.4 0.425195 0.00299263
0 0.46875 0.538281 0.407813 0.421094 0.0028553
9 0.468359 0.531152 0.4 0.425195 0.00178242
20 0.46875 0.531641 0.395313 0.426563 0.888672
0 0.46875 0.538281 0.405469 0.420312 0.00305176
3 0.46875 0.53125 0.398438 0.425 0.00279999
9 0.46875 0.53125 0.398438 0.425 0.00162888
20 0.46875 0.53125 0.395313 0.425 0.885742
0 0.468652 0.5375 0.404883 0.41875 0.00299263
3 0.468359 0.53125 0.397656 0.423438 0.00282288
9 0.468359 0.53125 0.397656 0.423438 0.00162888
20 0.467871 0.536328 0.400195 0.414844 0.895508
3 0.467969 0.530469 0.39375 0.419531 0.00291252
0 0.467969 0.530469 0.39375 0.419531 0.0026207
9 0.467969 0.530469 0.39375 0.419531 0.00154877
20 0.467578 0.536328 0.400781 0.414062 0.898438
3 0.467578 0.530371 0.394531 0.418945 0.00276756
0 0.467578 0.536328 0.400781 0.414062 0.00254059
9 0.467578 0.530371 0.394531 0.418945 0.00156689
20 0.467578 0.535937 0.401563 0.414062 0.897461
3 0.468066 0.530469 0.395117 0.41875 0.00283432
0 0.467578 0.535937 0.401563 0.414062 0.00257111
9 0.468066 0.530469 0.395117 0.41875 0.00164223
20 0.467285 0.530469 0.393555 0.421875 0.898926
3 0.467578 0.531348 0.396875 0.42168 0.0028553
0 0.467871 0.536328 0.40332 0.415625 0.00251198
9 0.467578 0.531348 0.396875 0.42168 0.00156116
20 0.468066 0.536328 0.40293 0.414844 0.899902
3 0.467969 0.531152 0.396875 0.420508 0.00271416
0 0.467187 0.535937 0.392188 0.417188 0.0024147
9 0.467969 0.531152 0.396875 0.420508 0.00142097
20 0.467578 0.536328 0.403906 0.416406 0.893066
3 0.467578 0.53125 0.397656 0.423438 0.00274658
0 0.467187 0.535547 0.392969 0.41875 0.00268364
9 0.467578 0.53125 0.397656 0.423438 0.00145531
20 0.467578 0.536328 0.400781 0.414844 0.895508
3 0.467969 0.530469 0.39375 0.419531 0.00291252
0 0.467969 0.530469 0.39375 0.419531 0.00263214
9 0.467969 0.530469 0.39375 0.419531 0.00153637
