11 0.548438 0.500684 0.408594 0.36582 0.0146179
14 0.548438 0.500684 0.408594 0.36582 0.0125732
3 0.547656 0.498828 0.411719 0.344531 0.00989532
5 0.547656 0.51084 0.425 0.418945 0.00919342
20 0.545313 0.499219 0.415625 0.3625 0.00815582
5 0.638281 0.485156 0.634375 0.429688 0.00775528
11 0.555566 0.502344 0.463867 0.6 0.00728989
11 0.391406 0.105957 0.464063 0.211914 0.00564194
5 0.590723 0.516406 0.53418 0.553125 0.00457382
5 0.391406 0.105957 0.464063 0.211914 0.00399017
14 0.394141 0.110937 0.45 0.221875 0.00395966
10 0.546973 0.530859 0.416992 0.450781 0.00382423
9 0.547656 0.51084 0.425 0.418945 0.0037365
19 0.6 0.457031 0.317969 0.371094 0.00342941
7 0.391406 0.105957 0.464063 0.211914 0.00316048
0 0.547656 0.498828 0.411719 0.344531 0.00314713
14 0.634375 0.496191 0.625 0.356055 0.00312424
4 0.547656 0.51084 0.425 0.418945 0.00302696
19 0.504297 0.462109 0.328906 0.317969 0.0029583
5 0.644629 0.476172 0.660742 0.661719 0.00288963
11 0.635156 0.541016 0.603125 0.539844 0.00279045
10 0.379688 0.105078 0.479688 0.210156 0.00277901
11 0.634375 0.496191 0.625 0.356055 0.00245285
9 0.575879 0.513672 0.491992 0.574219 0.00244331
4 0.391797 0.101953 0.453906 0.203906 0.00232315
2 0.545313 0.499219 0.415625 0.3625 0.00223351
14 0.575879 0.513672 0.491992 0.574219 0.00221634
19 0.555469 0.480078 0.354688 0.339063 0.00205803
20 0.634375 0.496191 0.625 0.356055 0.00202751
17 0.547656 0.498828 0.411719 0.344531 0.00201988
23 0.548438 0.500684 0.408594 0.36582 0.00192642
3 0.394141 0.110937 0.45 0.221875 0.00186729
25 0.547656 0.498828 0.411719 0.344531 0.00185299
9 0.379688 0.105078 0.479688 0.210156 0.00182438
3 0.634375 0.496191 0.625 0.356055 0.00178909
11 0.656836 0.463672 0.686328 0.703906 0.00178909
3 0.541797 0.535156 0.429688 0.482812 0.00168133
8 0.547656 0.498828 0.411719 0.344531 0.00167465
4 0.590723 0.516406 0.53418 0.553125 0.00164223
19 0.498437 0.446777 0.292969 0.248633 0.00161076
0 0.392578 0.110645 0.457813 0.221289 0.00160408
11 0.627344 0.428516 0.745313 0.857031 0.00154877
2 0.392578 0.110645 0.457813 0.221289 0.00149536
20 0.575879 0.513672 0.491992 0.574219 0.00146675
18 0.545313 0.499219 0.415625 0.3625 0.00143242
2 0.634375 0.496191 0.625 0.356055 0.00121117
23 0.391797 0.101953 0.453906 0.203906 0.00119686
4 0.662891 0.553906 0.674219 0.5125 0.0011034
18 0.391406 0.105957 0.464063 0.211914 0.00108147
11 0.60625 0.483984 0.66875 0.697656 0.00107765
11 0.571875 0.358984 0.5 0.717969 0.00106907
7 0.634375 0.496191 0.625 0.356055 0.00105667
7 0.590723 0.516406 0.53418 0.553125 0.00104046
10 0.590723 0.516406 0.53418 0.553125 0.00104046
6 0.385547 0.107129 0.489844 0.214258 0.00103664
22 0.567187 0.597656 0.5125 0.739062 0.975586
20 0.542285 0.556348 0.47793 0.69043 0.965332
22 0.564844 0.577344 0.428125 0.557813 0.962891
22 0.597266 0.594531 0.717969 0.801562 0.959961
17 0.567187 0.597656 0.5125 0.739062 0.932617
17 0.564844 0.577344 0.428125 0.557813 0.911621
17 0.597266 0.594531 0.717969 0.801562 0.878418
20 0.5375 0.552344 0.438281 0.478125 0.834473
20 0.597266 0.594531 0.717969 0.801562 0.81543
14 0.5375 0.552344 0.438281 0.478125 0.682617
20 0.546094 0.606641 0.60625 0.633594 0.592773
3 0.542285 0.556348 0.47793 0.69043 0.466797
25 0.546094 0.547656 0.440625 0.46875 0.439697
3 0.5375 0.552344 0.438281 0.478125 0.424316
14 0.585938 0.573828 0.614062 0.667969 0.414062
11 0.585938 0.573828 0.614062 0.667969 0.388672
17 0.436719 0.654688 0.817187 0.690625 0.378418
17 0.404687 0.582422 0.809375 0.835156 0.355713
25 0.542285 0.556348 0.47793 0.69043 0.310791
22 0.565723 0.646875 0.58418 0.70625 0.276611
22 0.436719 0.654688 0.817187 0.690625 0.276611
22 0.432129 0.591797 0.776367 0.816406 0.265137
11 0.5375 0.552344 0.438281 0.478125 0.259033
9 0.585938 0.573828 0.614062 0.667969 0.224731
3 0.597266 0.594531 0.717969 0.801562 0.223999
17 0.565723 0.646875 0.58418 0.70625 0.217285
5 0.585938 0.573828 0.614062 0.667969 0.194336
17 0.43916 0.691992 0.641992 0.616016 0.192505
14 0.542969 0.585547 0.742188 0.828906 0.178345
22 0.379297 0.606641 0.758594 0.786719 0.175537
3 0.546094 0.606641 0.60625 0.633594 0.15979
11 0.542969 0.585547 0.742188 0.828906 0.151001
22 0.659668 0.522656 0.680664 0.9 0.150513
17 0.461328 0.574219 0.677344 0.634375 0.143188
22 0.43916 0.691992 0.641992 0.616016 0.133423
5 0.542969 0.585547 0.742188 0.828906 0.131592
25 0.597266 0.594531 0.717969 0.801562 0.130249
17 0.357812 0.604688 0.715625 0.790625 0.125488
24 0.542285 0.556348 0.47793 0.69043 0.113586
24 0.597266 0.594531 0.717969 0.801562 0.113159
17 0.736328 0.576563 0.527344 0.846875 0.11084
17 0.646484 0.321484 0.707031 0.642969 0.10968
17 0.552344 0.632031 0.857813 0.735938 0.105225
17 0.53291 0.509766 0.424805 0.377344 0.0897827
10 0.550391 0.558594 0.463281 0.4875 0.0878906
10 0.585938 0.573828 0.614062 0.667969 0.0875854
9 0.542969 0.585547 0.742188 0.828906 0.078064
22 0.386133 0.525 0.772266 0.920313 0.0778198
13 0.585938 0.573828 0.614062 0.667969 0.0747681
20 0.438379 0.526563 0.748242 0.88125 0.0736694
22 0.688672 0.589844 0.622656 0.820312 0.0734253
5 0.5375 0.552344 0.438281 0.478125 0.0731812
20 0.396875 0.653906 0.79375 0.692187 0.0718384
22 0.546875 0.511816 0.43125 0.387305 0.0700684
17 0.659668 0.522656 0.680664 0.9 0.0661011
17 0.719531 0.560938 0.560938 0.878125 0.0658569
22 0.552344 0.632031 0.857813 0.735938 0.0643921
16 0.546094 0.547656 0.440625 0.46875 0.064209
13 0.5375 0.552344 0.438281 0.478125 0.0621033
20 0.477441 0.602734 0.79668 0.794531 0.0607605
22 0.66875 0.31875 0.6625 0.6375 0.0596619
14 0.461328 0.574219 0.677344 0.634375 0.0570679
20 0.461328 0.574219 0.677344 0.634375 0.0564575
22 0.736328 0.576563 0.527344 0.846875 0.0564575
13 0.542969 0.585547 0.742188 0.828906 0.0514526
14 0.564453 0.650879 0.524219 0.698242 0.0514526
1 0.569141 0.637891 0.657031 0.724219 0.0501404
22 0.216797 0.327148 0.433594 0.654297 0.0469055
17 0.392188 0.703906 0.784375 0.592188 0.0458679
0 0.564453 0.533594 0.413281 0.446875 0.0448608
2 0.546094 0.547656 0.440625 0.46875 0.0445251
20 0.374609 0.571094 0.749219 0.857813 0.0423889
14 0.396875 0.653906 0.79375 0.692187 0.0414734
22 0.461328 0.574219 0.677344 0.634375 0.0413208
16 0.542285 0.556348 0.47793 0.69043 0.0391846
1 0.379297 0.606641 0.758594 0.786719 0.0375977
14 0.438379 0.526563 0.748242 0.88125 0.0359497
17 0.216797 0.327148 0.433594 0.654297 0.0354004
1 0.398438 0.678125 0.796875 0.64375 0.0354004
17 0.499609 0.554785 0.500781 0.47168 0.0351562
3 0.614062 0.634375 0.51875 0.73125 0.0346069
20 0.614062 0.634375 0.51875 0.73125 0.0335999
17 0.495313 0.732813 0.83125 0.534375 0.0328369
10 0.542969 0.585547 0.742188 0.828906 0.0321045
17 0.336719 0.522656 0.673438 0.929688 0.0319824
14 0.375977 0.6 0.751953 0.8 0.0316162
1 0.477441 0.602734 0.79668 0.794531 0.0302734
22 0.392188 0.703906 0.784375 0.592188 0.0302124
17 0.289062 0.379102 0.578125 0.758203 0.0301056
17 0.720508 0.289453 0.558984 0.578906 0.0296478
22 0.289062 0.379102 0.578125 0.758203 0.0294189
10 0.534375 0.510059 0.41875 0.373633 0.0290833
20 0.480469 0.705859 0.807813 0.588281 0.0283356
3 0.4375 0.678516 0.815625 0.642969 0.0279083
21 0.5375 0.552344 0.438281 0.478125 0.0274811
8 0.542285 0.556348 0.47793 0.69043 0.0273743
18 0.546094 0.547656 0.440625 0.46875 0.0272675
17 0.774805 0.508594 0.450391 0.66875 0.0269623
14 0.536328 0.373047 0.441406 0.746094 0.0264587
10 0.461328 0.574219 0.677344 0.634375 0.0263519
24 0.546094 0.547656 0.440625 0.46875 0.0262604
13 0.438379 0.526563 0.748242 0.88125 0.0262604
3 0.438379 0.526563 0.748242 0.88125 0.026062
9 0.5375 0.552344 0.438281 0.478125 0.0257568
17 0.693555 0.379297 0.612891 0.758594 0.0253754
17 0.591406 0.387109 0.817187 0.774219 0.0244293
14 0.591406 0.629687 0.742188 0.740625 0.0243378
22 0.621484 0.380859 0.757031 0.761719 0.0239563
22 0.774805 0.508594 0.450391 0.66875 0.0236053
22 0.495313 0.732813 0.83125 0.534375 0.0227203
8 0.5375 0.552344 0.438281 0.478125 0.0223694
3 0.407422 0.607031 0.814844 0.785937 0.0223694
8 0.569141 0.637891 0.657031 0.724219 0.021698
13 0.591406 0.629687 0.742188 0.740625 0.0215302
11 0.564453 0.650879 0.524219 0.698242 0.021286
1 0.567187 0.597656 0.5125 0.739062 0.0207214
1 0.484766 0.71543 0.730469 0.569141 0.0206909
22 0.717969 0.486719 0.564063 0.910937 0.02034
25 0.546094 0.606641 0.60625 0.633594 0.0200958
20 0.646484 0.321484 0.707031 0.642969 0.0199432
1 0.407813 0.521875 0.78125 0.915625 0.0198364
22 0.563672 0.430859 0.469531 0.861719 0.0196381
10 0.438379 0.526563 0.748242 0.88125 0.0194244
1 0.66875 0.31875 0.6625 0.6375 0.0192719
1 0.736328 0.576563 0.527344 0.846875 0.0192413
22 0.693555 0.379297 0.612891 0.758594 0.0185394
11 0.591406 0.629687 0.742188 0.740625 0.0183411
17 0.408203 0.448438 0.816406 0.896875 0.0179138
13 0.446094 0.703125 0.826563 0.59375 0.0175171
14 0.360938 0.188281 0.513281 0.376563 0.0171051
20 0.552344 0.632031 0.857813 0.735938 0.016983
1 0.552344 0.632031 0.857813 0.735938 0.0164032
17 0.742969 0.295703 0.514063 0.591406 0.0163422
11 0.536328 0.373047 0.441406 0.746094 0.0158386
14 0.480469 0.705859 0.807813 0.588281 0.0157166
1 0.333594 0.552734 0.667188 0.894531 0.0156708
5 0.438379 0.526563 0.748242 0.88125 0.0150146
1 0.621484 0.380859 0.757031 0.761719 0.0147324
1 0.719531 0.560938 0.560938 0.878125 0.0146179
22 0.499609 0.554785 0.500781 0.47168 0.014389
22 0.619141 0.713867 0.761719 0.572266 0.0141144
11 0.360938 0.188281 0.513281 0.376563 0.014061
3 0.461328 0.574219 0.677344 0.634375 0.0139542
14 0.646484 0.321484 0.707031 0.642969 0.0139008
1 0.564844 0.577344 0.428125 0.557813 0.0139008
11 0.438379 0.526563 0.748242 0.88125 0.0138474
17 0.617969 0.684961 0.764063 0.630078 0.0138474
13 0.380469 0.653516 0.760938 0.692969 0.0136871
13 0.564453 0.650879 0.524219 0.698242 0.0135345
20 0.340039 0.603906 0.680078 0.792188 0.0135345
22 0.199609 0.279297 0.399219 0.536719 0.0134811
13 0.439844 0.610938 0.81875 0.778125 0.0133286
8 0.438379 0.526563 0.748242 0.88125 0.0130692
14 0.368359 0.138477 0.49375 0.276953 0.01297
17 0.199609 0.279297 0.399219 0.536719 0.0127716
3 0.736328 0.576563 0.527344 0.846875 0.0127258
7 0.53291 0.509766 0.424805 0.377344 0.0126724
20 0.736328 0.576563 0.527344 0.846875 0.0125732
14 0.373242 0.227344 0.612891 0.454688 0.0122375
13 0.461328 0.574219 0.677344 0.634375 0.0122375
14 0.333594 0.552734 0.667188 0.894531 0.0122375
22 0.725 0.254102 0.55 0.508203 0.012146
20 0.719531 0.560938 0.560938 0.878125 0.0120087
2 0.542285 0.556348 0.47793 0.69043 0.0118713
14 0.477734 0.444141 0.527344 0.811719 0.0115967
17 0.563672 0.430859 0.469531 0.861719 0.0115051
3 0.346484 0.557813 0.692969 0.884375 0.0114212
8 0.461328 0.574219 0.677344 0.634375 0.0112915
16 0.534766 0.478125 0.428125 0.429688 0.011116
13 0.351562 0.585156 0.703125 0.829688 0.0104904
8 0.4375 0.678516 0.815625 0.642969 0.0104904
21 0.542285 0.556348 0.47793 0.69043 0.0104065
11 0.391309 0.105762 0.458008 0.211523 0.0103302
1 0.308789 0.417969 0.617578 0.835938 0.0102921
1 0.344922 0.653906 0.689844 0.692187 0.01017
22 0.344922 0.653906 0.689844 0.692187 0.0100098
8 0.379297 0.606641 0.758594 0.786719 0.00971222
17 0.694531 0.647656 0.610938 0.704688 0.00948334
24 0.546094 0.606641 0.60625 0.633594 0.00930023
3 0.66875 0.31875 0.6625 0.6375 0.00919342
1 0.504687 0.41875 0.571875 0.8375 0.00905609
8 0.576172 0.6125 0.805469 0.775 0.00901794
13 0.688672 0.589844 0.622656 0.820312 0.00888062
1 0.719531 0.352344 0.560938 0.704688 0.0088501
22 0.419629 0.440625 0.75293 0.88125 0.00878143
17 0.707812 0.204883 0.584375 0.409766 0.00861359
13 0.644141 0.348438 0.711719 0.696875 0.0085144
5 0.461328 0.574219 0.677344 0.634375 0.0085144
17 0.626953 0.439844 0.746094 0.879687 0.00847626
22 0.564844 0.30957 0.810938 0.619141 0.00844574
1 0.379102 0.447656 0.758203 0.895312 0.00844574
3 0.659668 0.522656 0.680664 0.9 0.00844574
4 0.585938 0.573828 0.614062 0.667969 0.00841522
22 0.627734 0.6875 0.585156 0.625 0.00841522
3 0.536328 0.373047 0.441406 0.746094 0.00828552
20 0.221094 0.31875 0.442188 0.6375 0.008255
22 0.316016 0.553516 0.632031 0.892969 0.008255
16 0.391309 0.105762 0.458008 0.211523 0.00806427
14 0.719531 0.560938 0.560938 0.878125 0.00806427
16 0.597266 0.594531 0.717969 0.801562 0.00803375
3 0.552344 0.632031 0.857813 0.735938 0.00800323
1 0.696875 0.432031 0.60625 0.864062 0.00787354
20 0.480371 0.692187 0.601758 0.615625 0.00775528
16 0.536328 0.373047 0.441406 0.746094 0.00772476
23 0.5375 0.552344 0.438281 0.478125 0.00772476
16 0.360938 0.188281 0.513281 0.376563 0.00746155
20 0.289062 0.379102 0.578125 0.758203 0.00743103
14 0.736328 0.576563 0.527344 0.846875 0.00737381
3 0.719531 0.560938 0.560938 0.878125 0.00723267
17 0.627734 0.6875 0.585156 0.625 0.00717545
14 0.607031 0.414844 0.785937 0.829688 0.00712204
22 0.477734 0.444141 0.527344 0.811719 0.00712204
11 0.403125 0.629687 0.80625 0.740625 0.00712204
20 0.373828 0.703906 0.747656 0.592188 0.00709534
17 0.737891 0.420312 0.524219 0.840625 0.00701141
22 0.692969 0.676172 0.614062 0.647656 0.00701141
22 0.742969 0.343945 0.514063 0.687891 0.0069046
1 0.507812 0.405078 0.8375 0.810156 0.0069046
20 0.591406 0.387109 0.817187 0.774219 0.0068512
1 0.461328 0.574219 0.677344 0.634375 0.00679779
14 0.659668 0.522656 0.680664 0.9 0.00679779
3 0.3625 0.653516 0.725 0.692969 0.00679779
3 0.465625 0.722852 0.575 0.554297 0.00679779
1 0.221094 0.31875 0.442188 0.6375 0.00671768
21 0.851562 0.542871 0.296875 0.40957 0.00661469
25 0.614062 0.634375 0.51875 0.73125 0.00658798
17 0.25332 0.34375 0.506641 0.6875 0.0064888
18 0.534766 0.478125 0.428125 0.429688 0.00643921
0 0.578516 0.593359 0.471094 0.639844 0.00643921
13 0.736328 0.576563 0.527344 0.846875 0.00641251
16 0.461328 0.574219 0.677344 0.634375 0.00634003
10 0.564453 0.650879 0.524219 0.698242 0.00634003
20 0.659668 0.522656 0.680664 0.9 0.00631332
0 0.391309 0.105762 0.458008 0.211523 0.00629044
13 0.591406 0.387109 0.817187 0.774219 0.00629044
22 0.243945 0.301953 0.487891 0.603906 0.00614548
14 0.720508 0.289453 0.558984 0.578906 0.00612259
16 0.546094 0.606641 0.60625 0.633594 0.00612259
11 0.446094 0.703125 0.826563 0.59375 0.00605011
14 0.281641 0.377148 0.563281 0.754297 0.00600433
22 0.737891 0.420312 0.524219 0.840625 0.00600433
22 0.25332 0.34375 0.506641 0.6875 0.00593567
9 0.438379 0.526563 0.748242 0.88125 0.00591278
20 0.693555 0.379297 0.612891 0.758594 0.00588989
17 0.744141 0.189063 0.511719 0.378125 0.005867
16 0.373242 0.227344 0.612891 0.454688 0.00582123
20 0.720508 0.289453 0.558984 0.578906 0.00582123
14 0.373828 0.703906 0.747656 0.592188 0.00582123
0 0.534766 0.478125 0.428125 0.429688 0.00577545
13 0.636719 0.476562 0.726562 0.925 0.00577545
2 0.564453 0.650879 0.524219 0.698242 0.00577545
3 0.221094 0.31875 0.442188 0.6375 0.00568771
22 0.381641 0.366406 0.763281 0.732813 0.00568771
0 0.499609 0.554785 0.500781 0.47168 0.00566483
17 0.510938 0.346484 0.81875 0.692969 0.00564194
1 0.742969 0.343945 0.514063 0.687891 0.00564194
13 0.693945 0.291016 0.612109 0.582031 0.00561905
11 0.373242 0.227344 0.612891 0.454688 0.00559998
4 0.5375 0.552344 0.438281 0.478125 0.00559998
0 0.360938 0.188281 0.513281 0.376563 0.00557709
3 0.360938 0.188281 0.513281 0.376563 0.00557709
13 0.333984 0.258008 0.667969 0.516016 0.0055542
13 0.477734 0.444141 0.527344 0.811719 0.00551224
0 0.461328 0.574219 0.677344 0.634375 0.00551224
3 0.495313 0.732813 0.83125 0.534375 0.00547028
17 0.243945 0.301953 0.487891 0.603906 0.00544739
20 0.341797 0.471875 0.683594 0.928125 0.00534439
3 0.774805 0.508594 0.450391 0.66875 0.00526047
14 0.693555 0.379297 0.612891 0.758594 0.00519943
25 0.461328 0.574219 0.677344 0.634375 0.00518036
14 0.480371 0.692187 0.601758 0.615625 0.00516129
4 0.542969 0.585547 0.742188 0.828906 0.0051384
13 0.536328 0.373047 0.441406 0.746094 0.00511932
3 0.621484 0.380859 0.757031 0.761719 0.0050621
1 0.725 0.254102 0.55 0.508203 0.00502014
20 0.203516 0.278906 0.366406 0.492188 0.00498199
13 0.615527 0.662891 0.55957 0.674219 0.00498199
20 0.536328 0.373047 0.441406 0.746094 0.00496292
1 0.737891 0.420312 0.524219 0.840625 0.00494385
11 0.374609 0.571094 0.749219 0.857813 0.00494385
10 0.408984 0.6125 0.817969 0.775 0.00494385
10 0.4375 0.678516 0.815625 0.642969 0.00492477
10 0.591406 0.629687 0.742188 0.740625 0.0049057
1 0.617969 0.684961 0.764063 0.630078 0.0049057
1 0.377344 0.732031 0.754687 0.535937 0.0049057
14 0.404297 0.0936523 0.424219 0.187305 0.00482941
14 0.56875 0.348242 0.8375 0.696484 0.00482941
14 0.221094 0.31875 0.442188 0.6375 0.00479126
3 0.504687 0.41875 0.571875 0.8375 0.00475693
3 0.281641 0.377148 0.563281 0.754297 0.00471878
1 0.546875 0.511816 0.43125 0.387305 0.00471878
13 0.308789 0.417969 0.617578 0.835938 0.0046463
1 0.774805 0.508594 0.450391 0.66875 0.0046463
25 0.438379 0.526563 0.748242 0.88125 0.0045929
14 0.379102 0.447656 0.758203 0.895312 0.00457382
2 0.461328 0.574219 0.677344 0.634375 0.00453949
13 0.378125 0.476562 0.75625 0.928125 0.00448608
16 0.477734 0.444141 0.527344 0.811719 0.00446701
25 0.659668 0.522656 0.680664 0.9 0.00443268
22 0.507812 0.405078 0.8375 0.810156 0.00441742
19 0.588281 0.454004 0.364063 0.356055 0.0450134
16 0.585547 0.468359 0.408594 0.350781 0.0427246
19 0.455078 0.0862305 0.429688 0.172461 0.0161591
16 0.455078 0.0862305 0.429688 0.172461 0.0138474
16 0.657031 0.614062 0.364063 0.309375 0.01297
2 0.54541 0.489063 0.407617 0.334375 0.0119629
4 0.550879 0.486328 0.398242 0.328125 0.00933838
16 0.423828 0.0996094 0.451562 0.199219 0.00905609
19 0.656641 0.596094 0.353906 0.31875 0.00894928
4 0.538281 0.552344 0.421094 0.425 0.00844574
16 0.534473 0.467969 0.331055 0.307813 0.00790405
17 0.550879 0.486328 0.398242 0.328125 0.00757599
3 0.550879 0.486328 0.398242 0.328125 0.00740433
0 0.54541 0.489063 0.407617 0.334375 0.00682449
16 0.384375 0.0927734 0.420312 0.185547 0.00674438
19 0.529785 0.45791 0.331055 0.345117 0.00653839
1 0.54541 0.489063 0.407617 0.334375 0.00634003
20 0.558984 0.48584 0.385156 0.326758 0.00621796
14 0.54541 0.489063 0.407617 0.334375 0.00609589
21 0.588281 0.454004 0.364063 0.356055 0.00598145
25 0.54541 0.489063 0.407617 0.334375 0.00582123
19 0.384375 0.0927734 0.420312 0.185547 0.0055542
20 0.538281 0.552344 0.421094 0.425 0.00547028
12 0.550879 0.486328 0.398242 0.328125 0.00538635
22 0.550879 0.486328 0.398242 0.328125 0.00508118
4 0.410059 0.128027 0.518945 0.256055 0.00486755
11 0.410059 0.128027 0.518945 0.256055 0.00477219
17 0.539062 0.573047 0.424219 0.450781 0.00471878
22 0.539062 0.573047 0.424219 0.450781 0.00455475
12 0.538281 0.552344 0.421094 0.425 0.00426483
9 0.538281 0.552344 0.421094 0.425 0.00407028
11 0.558984 0.48584 0.385156 0.326758 0.00403976
16 0.538281 0.552344 0.421094 0.425 0.00400543
21 0.74375 0.874023 0.2625 0.251953 0.00376511
8 0.550879 0.486328 0.398242 0.328125 0.00345612
2 0.410059 0.128027 0.518945 0.256055 0.00327301
16 0.410059 0.128027 0.518945 0.256055 0.00327301
3 0.538281 0.552344 0.421094 0.425 0.00323486
1 0.538281 0.552344 0.421094 0.425 0.00319672
16 0.322607 0.0715332 0.315723 0.143066 0.00312424
6 0.399609 0.129492 0.500781 0.258984 0.00291252
5 0.552344 0.497266 0.40625 0.338281 0.00288963
2 0.538281 0.552344 0.421094 0.425 0.00286674
13 0.558984 0.48584 0.385156 0.326758 0.00277901
14 0.400781 0.127344 0.507812 0.254688 0.00271416
7 0.40459 0.122559 0.517383 0.245117 0.00271416
12 0.533984 0.419141 0.566406 0.49375 0.00269318
0 0.400781 0.127344 0.507812 0.254688 0.00266266
24 0.40459 0.122559 0.517383 0.245117 0.00261116
11 0.538281 0.552344 0.421094 0.425 0.00259018
9 0.399609 0.129492 0.500781 0.258984 0.0024147
0 0.539062 0.573047 0.424219 0.450781 0.00236893
14 0.538281 0.552344 0.421094 0.425 0.00234222
12 0.519922 0.503027 0.655469 0.62207 0.00216484
8 0.538281 0.552344 0.421094 0.425 0.00214958
18 0.558984 0.48584 0.385156 0.326758 0.00213242
9 0.558984 0.48584 0.385156 0.326758 0.00209999
23 0.558984 0.48584 0.385156 0.326758 0.00209999
24 0.538281 0.552344 0.421094 0.425 0.0020752
18 0.410059 0.128027 0.518945 0.256055 0.00205803
2 0.490234 0.466016 0.552344 0.384375 0.00204277
7 0.548047 0.487109 0.411719 0.339844 0.0019722
20 0.410059 0.128027 0.518945 0.256055 0.00196457
19 0.335889 0.0791016 0.343848 0.158203 0.00188923
10 0.558984 0.48584 0.385156 0.326758 0.00187492
12 0.543359 0.520312 0.472656 0.642188 0.00183105
1 0.504297 0.378516 0.622656 0.622656 0.00181007
6 0.538281 0.552344 0.421094 0.425 0.0018034
11 0.533984 0.419141 0.566406 0.49375 0.00178242
1 0.400781 0.127344 0.507812 0.254688 0.00175476
25 0.538281 0.552344 0.421094 0.425 0.00175476
1 0.490234 0.466016 0.552344 0.384375 0.00174141
0 0.395313 0.139063 0.501563 0.278125 0.00168133
24 0.558984 0.48584 0.385156 0.326758 0.0016613
5 0.546875 0.561328 0.410156 0.486719 0.0016613
16 0.335547 0.0852539 0.401563 0.170508 0.0016489
23 0.410059 0.128027 0.518945 0.256055 0.00162315
13 0.533984 0.419141 0.566406 0.49375 0.00162315
1 0.669531 0.745313 0.423438 0.509375 0.00154305
15 0.410059 0.128027 0.518945 0.256055 0.00152493
10 0.538281 0.552344 0.421094 0.425 0.00150681
12 0.445312 0.452344 0.875 0.901563 0.00150108
4 0.533984 0.419141 0.566406 0.49375 0.00149536
12 0.683594 0.711719 0.615625 0.576563 0.0014782
13 0.557422 0.542285 0.438281 0.557617 0.00144958
16 0.601562 0.494531 0.329688 0.295312 0.00143242
23 0.538281 0.552344 0.421094 0.425 0.00143242
12 0.593359 0.571973 0.597656 0.673242 0.00143242
3 0.410059 0.128027 0.518945 0.256055 0.00139904
10 0.410059 0.128027 0.518945 0.256055 0.00135136
13 0.410059 0.128027 0.518945 0.256055 0.00134563
12 0.507031 0.584375 0.776563 0.8 0.00133514
13 0.519922 0.503027 0.655469 0.62207 0.00132465
14 0.490234 0.466016 0.552344 0.384375 0.00130939
14 0.504297 0.378516 0.622656 0.622656 0.00126934
13 0.605859 0.465234 0.325 0.311719 0.00126457
1 0.543359 0.520312 0.472656 0.642188 0.00124931
1 0.725781 0.71582 0.548438 0.568359 0.00124454
16 0.858398 0.547656 0.283203 0.386719 0.0012207
0 0.490234 0.466016 0.552344 0.384375 0.00121117
12 0.410059 0.128027 0.518945 0.256055 0.00119686
5 0.40459 0.122559 0.517383 0.245117 0.00117397
12 0.555859 0.720117 0.399219 0.559766 0.00116539
4 0.519922 0.503027 0.655469 0.62207 0.00112438
22 0.553125 0.491797 0.41875 0.536719 0.00112438
1 0.519922 0.503027 0.655469 0.62207 0.0011034
12 0.616797 0.696875 0.432031 0.575 0.00109005
12 0.669531 0.745313 0.423438 0.509375 0.00109005
17 0.490234 0.466016 0.552344 0.384375 0.00108624
12 0.557813 0.678613 0.453125 0.642773 0.00108147
2 0.277344 0.954688 0.554688 0.090625 0.00107288
2 0.504297 0.378516 0.622656 0.622656 0.00104809
6 0.550879 0.486328 0.398242 0.328125 0.00104809
1 0.395313 0.139063 0.501563 0.278125 0.00104427
11 0.519922 0.503027 0.655469 0.62207 0.00104046
15 0.558984 0.48584 0.385156 0.326758 0.00103664
7 0.538281 0.552344 0.421094 0.425 0.00102043
21 0.529785 0.45791 0.331055 0.345117 0.00100422
17 0.553125 0.491797 0.41875 0.536719 0.00100422
24 0.543359 0.510938 0.401563 0.351562 0.0794678
16 0.543359 0.510938 0.401563 0.351562 0.0570679
20 0.549316 0.498535 0.39043 0.34668 0.0414734
9 0.549121 0.549219 0.412695 0.446094 0.028656
18 0.542188 0.489746 0.401563 0.336133 0.0236969
19 0.613281 0.469141 0.28125 0.392969 0.0215302
21 0.543359 0.510938 0.401563 0.351562 0.0215302
11 0.543359 0.510938 0.401563 0.351562 0.0181274
6 0.543359 0.510938 0.401563 0.351562 0.0162811
5 0.549121 0.549219 0.412695 0.446094 0.0137939
4 0.541406 0.497266 0.409375 0.328906 0.012825
25 0.543359 0.510938 0.401563 0.351562 0.012825
13 0.546094 0.488672 0.400781 0.327344 0.0118713
1 0.541406 0.497266 0.409375 0.328906 0.0116882
23 0.543359 0.510938 0.401563 0.351562 0.0110321
14 0.542188 0.489746 0.401563 0.336133 0.0109024
3 0.545313 0.488965 0.397656 0.333008 0.00905609
0 0.548828 0.521777 0.396094 0.36582 0.00861359
2 0.545313 0.488965 0.397656 0.333008 0.00857544
12 0.542188 0.489746 0.401563 0.336133 0.00769424
19 0.549316 0.498535 0.39043 0.34668 0.00629044
1 0.535937 0.42666 0.432031 0.476367 0.00624084
22 0.549121 0.549219 0.412695 0.446094 0.00605011
21 0.613281 0.469141 0.28125 0.392969 0.00557709
15 0.543359 0.510938 0.401563 0.351562 0.00548935
24 0.552734 0.569434 0.434375 0.483008 0.00518036
17 0.542188 0.489746 0.401563 0.336133 0.00443268
14 0.535937 0.42666 0.432031 0.476367 0.00436401
1 0.819336 0.516797 0.361328 0.450781 0.00431442
0 0.563965 0.388672 0.51582 0.578125 0.00400543
7 0.545313 0.488965 0.397656 0.333008 0.0037365
4 0.535937 0.42666 0.432031 0.476367 0.00372124
6 0.552734 0.569434 0.434375 0.483008 0.00349617
13 0.551953 0.366602 0.482031 0.626953 0.00332451
1 0.563965 0.388672 0.51582 0.578125 0.00331116
0 0.535937 0.42666 0.432031 0.476367 0.00317192
1 0.191992 0.266797 0.383984 0.463281 0.00314713
11 0.563965 0.388672 0.51582 0.578125 0.00313568
1 0.658203 0.387402 0.683594 0.60332 0.00312424
11 0.535937 0.42666 0.432031 0.476367 0.00300407
20 0.552734 0.569434 0.434375 0.483008 0.00300407
14 0.563965 0.388672 0.51582 0.578125 0.00273705
10 0.549121 0.549219 0.412695 0.446094 0.00273705
14 0.658203 0.387402 0.683594 0.60332 0.00269318
16 0.535937 0.42666 0.432031 0.476367 0.00261116
12 0.563965 0.388672 0.51582 0.578125 0.00261116
22 0.819336 0.516797 0.361328 0.450781 0.00261116
1 0.5 0.753906 0.367188 0.492188 0.00255013
12 0.535937 0.42666 0.432031 0.476367 0.00247192
0 0.658203 0.387402 0.683594 0.60332 0.00243378
0 0.64502 0.603223 0.709961 0.581055 0.00237846
8 0.541406 0.497266 0.409375 0.328906 0.00236893
12 0.612891 0.471875 0.774219 0.896875 0.00230598
4 0.563965 0.388672 0.51582 0.578125 0.00225258
17 0.535937 0.42666 0.432031 0.476367 0.00219917
2 0.535937 0.42666 0.432031 0.476367 0.00218201
22 0.191992 0.266797 0.383984 0.463281 0.00216484
1 0.425 0.734766 0.550781 0.530469 0.00211525
13 0.535937 0.42666 0.432031 0.476367 0.00210762
5 0.537598 0.486719 0.398242 0.332813 0.00209999
16 0.563965 0.388672 0.51582 0.578125 0.00209045
11 0.658203 0.387402 0.683594 0.60332 0.0020752
2 0.563965 0.388672 0.51582 0.578125 0.0020752
25 0.552734 0.569434 0.434375 0.483008 0.00206757
11 0.561328 0.565625 0.422656 0.473438 0.00206757
11 0.826563 0.514844 0.346875 0.446875 0.0020504
3 0.535937 0.42666 0.432031 0.476367 0.00198746
21 0.552734 0.569434 0.434375 0.483008 0.00194168
12 0.658203 0.387402 0.683594 0.60332 0.00191212
6 0.535937 0.42666 0.432031 0.476367 0.00185299
3 0.563965 0.388672 0.51582 0.578125 0.00185299
4 0.552734 0.569434 0.434375 0.483008 0.00184631
17 0.819336 0.516797 0.361328 0.450781 0.00175476
16 0.552734 0.569434 0.434375 0.483008 0.00174809
16 0.64502 0.603223 0.709961 0.581055 0.00174141
4 0.658203 0.387402 0.683594 0.60332 0.0017271
6 0.64502 0.603223 0.709961 0.581055 0.0017004
13 0.552734 0.569434 0.434375 0.483008 0.0017004
25 0.563965 0.388672 0.51582 0.578125 0.00169373
1 0.64502 0.603223 0.709961 0.581055 0.00169373
1 0.612891 0.471875 0.774219 0.896875 0.00168705
2 0.658203 0.387402 0.683594 0.60332 0.00167465
12 0.819336 0.516797 0.361328 0.450781 0.0016613
11 0.64502 0.603223 0.709961 0.581055 0.00165462
17 0.563965 0.388672 0.51582 0.578125 0.00162315
20 0.535937 0.42666 0.432031 0.476367 0.00159168
10 0.537598 0.486719 0.398242 0.332813 0.00153637
4 0.64502 0.603223 0.709961 0.581055 0.00153637
12 0.513379 0.466406 0.741992 0.898438 0.00152493
13 0.658203 0.387402 0.683594 0.60332 0.00149536
2 0.64502 0.603223 0.709961 0.581055 0.00148392
22 0.5 0.753906 0.367188 0.492188 0.00146675
22 0.537598 0.486719 0.398242 0.332813 0.00146103
15 0.563965 0.388672 0.51582 0.578125 0.00146103
25 0.535937 0.42666 0.432031 0.476367 0.00145531
18 0.563965 0.388672 0.51582 0.578125 0.00145531
14 0.64502 0.603223 0.709961 0.581055 0.00143242
22 0.535937 0.42666 0.432031 0.476367 0.00141048
11 0.200391 0.280273 0.400781 0.481641 0.00138855
17 0.191992 0.266797 0.383984 0.463281 0.00137806
17 0.658203 0.387402 0.683594 0.60332 0.00137806
14 0.552734 0.569434 0.434375 0.483008 0.00137806
16 0.658203 0.387402 0.683594 0.60332 0.00136662
12 0.425 0.734766 0.550781 0.530469 0.00136662
6 0.563965 0.388672 0.51582 0.578125 0.00136185
19 0.552734 0.569434 0.434375 0.483008 0.00135612
13 0.617969 0.476172 0.290625 0.383594 0.00129986
0 0.612891 0.471875 0.774219 0.896875 0.00129414
12 0.558594 0.613184 0.49375 0.633008 0.0012846
15 0.535937 0.42666 0.432031 0.476367 0.00127888
12 0.191992 0.266797 0.383984 0.463281 0.00127411
12 0.494531 0.626953 0.748438 0.746094 0.00126934
21 0.535937 0.42666 0.432031 0.476367 0.00126457
12 0.64502 0.603223 0.709961 0.581055 0.00126457
11 0.612891 0.471875 0.774219 0.896875 0.00119209
17 0.5 0.753906 0.367188 0.492188 0.00119209
15 0.658203 0.387402 0.683594 0.60332 0.00118828
22 0.425 0.734766 0.550781 0.530469 0.00118828
19 0.496777 0.408203 0.312695 0.413281 0.00118351
13 0.612891 0.471875 0.774219 0.896875 0.00117874
14 0.819336 0.516797 0.361328 0.450781 0.00117874
2 0.188281 0.242969 0.376563 0.40625 0.00116062
25 0.658203 0.387402 0.683594 0.60332 0.00116062
6 0.658203 0.387402 0.683594 0.60332 0.00115585
1 0.552344 0.567285 0.425 0.498242 0.00114727
0 0.188281 0.242969 0.376563 0.40625 0.00113773
3 0.819336 0.516797 0.361328 0.450781 0.00113392
0 0.819336 0.516797 0.361328 0.450781 0.00112915
12 0.5 0.753906 0.367188 0.492188 0.00112438
16 0.612891 0.471875 0.774219 0.896875 0.00112057
12 0.552344 0.567285 0.425 0.498242 0.0011034
14 0.612891 0.471875 0.774219 0.896875 0.00109863
17 0.552734 0.569434 0.434375 0.483008 0.00108147
13 0.814844 0.532422 0.370313 0.486719 0.00107765
2 0.819336 0.516797 0.361328 0.450781 0.00107288
9 0.537598 0.486719 0.398242 0.332813 0.00106907
12 0.213086 0.306445 0.426172 0.582422 0.00105667
10 0.535937 0.42666 0.432031 0.476367 0.00105667
11 0.432422 0.764063 0.535156 0.471875 0.00104809
12 0.654785 0.365234 0.69043 0.730469 0.00103188
4 0.826563 0.514844 0.346875 0.446875 0.00103188
15 0.64502 0.603223 0.709961 0.581055 0.00102425
8 0.535937 0.42666 0.432031 0.476367 0.00100422
24 0.396484 0.126172 0.597656 0.252344 0.0206451
24 0.59375 0.498047 0.53125 0.326562 0.0200195
7 0.396484 0.126172 0.597656 0.252344 0.0160217
12 0.548047 0.488379 0.388281 0.324805 0.0147324
6 0.396484 0.126172 0.597656 0.252344 0.0122375
11 0.376563 0.124902 0.611719 0.249805 0.00978088
6 0.557422 0.4875 0.40625 0.317969 0.00878143
16 0.547656 0.490234 0.392188 0.314063 0.00831604
18 0.396484 0.126172 0.597656 0.252344 0.00818634
13 0.554297 0.486035 0.397656 0.32168 0.00763702
12 0.601562 0.499316 0.65 0.668555 0.0068512
16 0.613379 0.522559 0.545117 0.564258 0.00653839
9 0.390234 0.12207 0.473438 0.244141 0.00614548
11 0.547656 0.490234 0.392188 0.314063 0.00595856
13 0.600781 0.519629 0.635938 0.64668 0.00542831
1 0.554297 0.486035 0.397656 0.32168 0.00530243
19 0.738281 0.860547 0.2375 0.278906 0.00500107
16 0.390234 0.12207 0.473438 0.244141 0.00498199
23 0.390234 0.12207 0.473438 0.244141 0.00486755
24 0.617188 0.561719 0.534375 0.460938 0.00462723
14 0.376563 0.124902 0.611719 0.249805 0.00457382
24 0.387891 0.09375 0.503906 0.1875 0.00439835
15 0.396484 0.126172 0.597656 0.252344 0.00434875
11 0.32832 0.0830566 0.414453 0.166113 0.00429916
7 0.547656 0.490234 0.392188 0.314063 0.00426483
14 0.543652 0.493359 0.381445 0.330469 0.00419998
2 0.390234 0.12207 0.473438 0.244141 0.00413513
13 0.376563 0.124902 0.611719 0.249805 0.00388527
11 0.613379 0.522559 0.545117 0.564258 0.00382423
6 0.387891 0.09375 0.503906 0.1875 0.00379562
17 0.554297 0.486035 0.397656 0.32168 0.00356483
24 0.556152 0.486328 0.395508 0.316406 0.00356483
19 0.5875 0.438965 0.31875 0.376758 0.00355148
12 0.569141 0.390625 0.558594 0.585938 0.00348282
12 0.49375 0.430371 0.517188 0.500195 0.00345612
6 0.617188 0.561719 0.534375 0.460938 0.00340271
4 0.548047 0.488379 0.388281 0.324805 0.00304031
3 0.548047 0.488379 0.388281 0.324805 0.00298119
11 0.399219 0.131836 0.449219 0.263672 0.00294685
12 0.776563 0.397656 0.440625 0.310937 0.00294685
15 0.543652 0.493359 0.381445 0.330469 0.00291252
7 0.32832 0.0830566 0.414453 0.166113 0.00288963
16 0.32832 0.0830566 0.414453 0.166113 0.00288963
0 0.385254 0.110059 0.570117 0.220117 0.0028553
6 0.320312 0.0770508 0.374219 0.154102 0.00279999
12 0.632422 0.372266 0.735156 0.744531 0.00264168
2 0.543652 0.493359 0.381445 0.330469 0.0026207
12 0.602734 0.6 0.589844 0.582812 0.00259018
9 0.559473 0.493652 0.410742 0.320508 0.00253105
21 0.738281 0.860547 0.2375 0.278906 0.00237846
20 0.543652 0.493359 0.381445 0.330469 0.00237846
4 0.396484 0.126172 0.597656 0.252344 0.00232315
12 0.821875 0.405469 0.320312 0.25625 0.00230598
0 0.543652 0.493359 0.381445 0.330469 0.00224304
11 0.250781 0.0850586 0.501563 0.170117 0.00221634
12 0.385547 0.120898 0.488281 0.241797 0.00216484
24 0.320312 0.0770508 0.374219 0.154102 0.00206757
1 0.576563 0.358789 0.5875 0.649609 0.00200272
16 0.675781 0.645703 0.359375 0.267969 0.00195694
15 0.617188 0.561719 0.534375 0.460938 0.00194168
12 0.591406 0.583594 0.775 0.734375 0.00193405
18 0.543652 0.493359 0.381445 0.330469 0.00191212
12 0.639453 0.526465 0.489844 0.556445 0.00188255
0 0.399219 0.131836 0.449219 0.263672 0.00183868
12 0.0863281 0.100879 0.172656 0.201758 0.00183105
7 0.613379 0.522559 0.545117 0.564258 0.00181007
6 0.675781 0.645703 0.359375 0.267969 0.00179577
13 0.32832 0.0830566 0.414453 0.166113 0.00174809
13 0.617188 0.561719 0.534375 0.460938 0.00174141
12 0.250781 0.0850586 0.501563 0.170117 0.0017271
23 0.557422 0.4875 0.40625 0.317969 0.0017271
19 0.556152 0.486328 0.395508 0.316406 0.00168133
12 0.32832 0.0830566 0.414453 0.166113 0.00167465
1 0.385547 0.120898 0.488281 0.241797 0.00167465
13 0.569141 0.390625 0.558594 0.585938 0.0015974
12 0.386719 0.380078 0.773438 0.760156 0.00158501
0 0.32832 0.0830566 0.414453 0.166113 0.00154877
16 0.613672 0.560156 0.692969 0.671875 0.00154305
16 0.250781 0.0850586 0.501563 0.170117 0.00153637
12 0.59375 0.498047 0.53125 0.326562 0.00153065
20 0.390234 0.12207 0.473438 0.244141 0.00152493
24 0.590625 0.524316 0.614062 0.582617 0.00152493
7 0.387891 0.09375 0.503906 0.1875 0.0015192
13 0.776563 0.397656 0.440625 0.310937 0.00151253
25 0.548047 0.488379 0.388281 0.324805 0.00146675
12 0.277344 0.118164 0.554688 0.236328 0.00146103
13 0.821875 0.405469 0.320312 0.25625 0.00144386
2 0.320312 0.0770508 0.374219 0.154102 0.00143814
13 0.0863281 0.100879 0.172656 0.201758 0.00143242
5 0.556152 0.486328 0.395508 0.316406 0.00141621
19 0.396484 0.126172 0.597656 0.252344 0.00141048
19 0.463281 0.409766 0.23125 0.189844 0.00137806
13 0.250781 0.0850586 0.501563 0.170117 0.00135612
14 0.576563 0.358789 0.5875 0.649609 0.00134563
18 0.387891 0.09375 0.503906 0.1875 0.00129986
12 0.670996 0.709766 0.658008 0.580469 0.00127888
23 0.320312 0.0770508 0.374219 0.154102 0.00126457
18 0.32832 0.0830566 0.414453 0.166113 0.00124454
24 0.675781 0.645703 0.359375 0.267969 0.00121593
1 0.601562 0.499316 0.65 0.668555 0.00121117
6 0.590625 0.524316 0.614062 0.582617 0.00118828
22 0.554297 0.486035 0.397656 0.32168 0.00116062
13 0.632422 0.372266 0.735156 0.744531 0.00115108
19 0.613379 0.522559 0.545117 0.564258 0.00114727
13 0.399219 0.131836 0.449219 0.263672 0.00113773
11 0.576563 0.358789 0.5875 0.649609 0.00113773
19 0.50625 0.437402 0.277344 0.30957 0.00113392
15 0.387891 0.09375 0.503906 0.1875 0.00113392
13 0.591406 0.583594 0.775 0.734375 0.00112915
12 0.674902 0.316406 0.650195 0.632812 0.00112438
14 0.399219 0.131836 0.449219 0.263672 0.00111198
12 0.129102 0.113379 0.258203 0.226758 0.00108624
14 0.32832 0.0830566 0.414453 0.166113 0.00108624
17 0.601562 0.499316 0.65 0.668555 0.00108624
3 0.385254 0.110059 0.570117 0.220117 0.00107288
11 0.0863281 0.100879 0.172656 0.201758 0.00106049
25 0.399219 0.131836 0.449219 0.263672 0.00105667
4 0.59375 0.498047 0.53125 0.326562 0.00105667
15 0.600781 0.519629 0.635938 0.64668 0.00105667
16 0.65 0.578125 0.409375 0.421875 0.00105286
12 0.495703 0.535547 0.624219 0.503906 0.00104809
2 0.576563 0.358789 0.5875 0.649609 0.00104427
8 0.554297 0.486035 0.397656 0.32168 0.00104046
16 0.263867 0.077002 0.348828 0.154004 0.00100803
24 0.552441 0.494531 0.376367 0.330469 0.0499573
6 0.549609 0.502344 0.385938 0.317969 0.0437012
16 0.547266 0.508496 0.3875 0.333008 0.0396423
23 0.547266 0.508496 0.3875 0.333008 0.0325928
4 0.535547 0.525 0.400781 0.358594 0.0318604
14 0.545703 0.503906 0.3875 0.353125 0.0297546
11 0.549609 0.502344 0.385938 0.317969 0.0271759
0 0.534277 0.506641 0.386133 0.348438 0.0224152
24 0.543848 0.547266 0.406055 0.439844 0.0223694
9 0.552441 0.494531 0.376367 0.330469 0.0211182
6 0.543848 0.547266 0.406055 0.439844 0.0201416
7 0.546973 0.500781 0.39043 0.338281 0.0143356
2 0.545703 0.503906 0.3875 0.353125 0.0135345
18 0.546973 0.500781 0.39043 0.338281 0.0129242
11 0.543848 0.547266 0.406055 0.439844 0.0124817
19 0.560938 0.475391 0.360938 0.398438 0.0116882
16 0.557422 0.567578 0.430469 0.461719 0.0108185
9 0.543848 0.547266 0.406055 0.439844 0.0106125
12 0.545703 0.503906 0.3875 0.353125 0.00766754
20 0.547266 0.508496 0.3875 0.333008 0.00669098
3 0.545703 0.503906 0.3875 0.353125 0.00634003
25 0.534277 0.506641 0.386133 0.348438 0.00542831
15 0.545703 0.503906 0.3875 0.353125 0.00503922
11 0.546484 0.539453 0.471094 0.582031 0.00431442
5 0.549609 0.502344 0.385938 0.317969 0.00407028
0 0.546484 0.539453 0.471094 0.582031 0.00318527
23 0.557422 0.567578 0.430469 0.461719 0.00307465
21 0.580469 0.469434 0.323438 0.37207 0.00276756
13 0.546973 0.500781 0.39043 0.338281 0.00265312
4 0.529688 0.491016 0.4875 0.627344 0.00257111
6 0.587109 0.595313 0.402344 0.382812 0.00246239
1 0.541797 0.503516 0.395313 0.349219 0.00243378
18 0.557422 0.567578 0.430469 0.461719 0.00243378
7 0.557422 0.567578 0.430469 0.461719 0.00234222
2 0.557422 0.567578 0.430469 0.461719 0.00231361
0 0.587109 0.595313 0.402344 0.382812 0.00225258
10 0.546973 0.500781 0.39043 0.338281 0.0020752
17 0.541797 0.503516 0.395313 0.349219 0.00199509
6 0.546484 0.539453 0.471094 0.582031 0.00199509
7 0.381934 0.105273 0.393945 0.210547 0.00195694
14 0.546484 0.539453 0.471094 0.582031 0.00193405
8 0.556641 0.496191 0.407031 0.31543 0.00190449
4 0.561035 0.570312 0.463867 0.503125 0.00184631
24 0.587109 0.595313 0.402344 0.382812 0.00175476
11 0.587109 0.595313 0.402344 0.382812 0.00171375
5 0.543848 0.547266 0.406055 0.439844 0.00158501
21 0.516309 0.448438 0.306445 0.372656 0.00157928
16 0.385059 0.10166 0.404883 0.20332 0.00156116
24 0.381934 0.105273 0.393945 0.210547 0.00153637
2 0.529688 0.491016 0.4875 0.627344 0.00150108
15 0.546484 0.539453 0.471094 0.582031 0.0014782
20 0.557422 0.567578 0.430469 0.461719 0.00144386
12 0.511621 0.493066 0.487695 0.432617 0.00141048
6 0.385059 0.10166 0.404883 0.20332 0.00121593
4 0.587109 0.595313 0.402344 0.382812 0.0011692
19 0.516309 0.448438 0.306445 0.372656 0.00113773
12 0.529688 0.491016 0.4875 0.627344 0.00112438
2 0.381934 0.105273 0.393945 0.210547 0.00107765
16 0.601953 0.617188 0.355469 0.326562 0.00104046
6 0.551953 0.479688 0.403906 0.325 0.0786133
9 0.543066 0.475 0.399805 0.33125 0.0726318
24 0.543066 0.475 0.399805 0.33125 0.0390625
23 0.553223 0.482812 0.398242 0.327344 0.036499
0 0.543848 0.489063 0.399805 0.339063 0.0352783
14 0.551172 0.4875 0.403125 0.33125 0.0328369
4 0.544922 0.479785 0.398438 0.329492 0.0280609
2 0.544922 0.479785 0.398438 0.329492 0.0250854
16 0.553223 0.482812 0.398242 0.327344 0.0183411
25 0.544922 0.479785 0.398438 0.329492 0.0176392
18 0.551172 0.4875 0.403125 0.33125 0.0165863
15 0.544922 0.479785 0.398438 0.329492 0.0129242
7 0.551172 0.4875 0.403125 0.33125 0.0125275
20 0.543066 0.475 0.399805 0.33125 0.0112457
5 0.543066 0.475 0.399805 0.33125 0.00905609
12 0.551172 0.4875 0.403125 0.33125 0.0069046
3 0.551172 0.4875 0.403125 0.33125 0.00658798
10 0.543066 0.475 0.399805 0.33125 0.00643921
11 0.551953 0.479688 0.403906 0.325 0.00516129
13 0.547266 0.487109 0.397656 0.320312 0.00503922
17 0.548438 0.482422 0.4 0.316406 0.0045929
8 0.548438 0.482422 0.4 0.316406 0.00434875
1 0.548438 0.482422 0.4 0.316406 0.00342941
19 0.549609 0.476953 0.403906 0.333594 0.00265312
7 0.390625 0.0935547 0.473438 0.187109 0.00194168
21 0.542188 0.472266 0.415625 0.332031 0.00139904
12 0.871094 0.903906 0.257812 0.192188 0.00129414
6 0.390625 0.0935547 0.473438 0.187109 0.00104427
0 0.390625 0.0935547 0.473438 0.187109 0.00100803
23 0.549219 0.474609 0.382031 0.325781 0.0544128
6 0.547754 0.474609 0.387305 0.322656 0.0522461
16 0.554688 0.475879 0.377344 0.32793 0.0470886
14 0.549219 0.474609 0.382031 0.325781 0.0437012
0 0.557422 0.478516 0.379688 0.336719 0.042572
20 0.554688 0.475879 0.377344 0.32793 0.041626
18 0.549219 0.474609 0.382031 0.325781 0.0409851
2 0.549219 0.474609 0.382031 0.325781 0.0403748
25 0.554688 0.475879 0.377344 0.32793 0.0344849
9 0.555078 0.481641 0.378906 0.323438 0.0316162
4 0.553906 0.475781 0.378125 0.332031 0.023819
24 0.555078 0.481641 0.378906 0.323438 0.0235138
5 0.555078 0.481641 0.378906 0.323438 0.0197906
3 0.549219 0.474609 0.382031 0.325781 0.0131683
7 0.549219 0.474609 0.382031 0.325781 0.0120087
15 0.549219 0.474609 0.382031 0.325781 0.00912476
10 0.553906 0.475781 0.378125 0.332031 0.00643921
11 0.547754 0.481152 0.395117 0.326758 0.00570679
21 0.563281 0.485547 0.370313 0.317188 0.00511932
2 0.562109 0.480469 0.488281 0.40625 0.00428009
25 0.571094 0.540625 0.401563 0.475 0.00304031
19 0.547754 0.474609 0.387305 0.322656 0.0029583
1 0.557422 0.47959 0.410938 0.361133 0.00293541
12 0.549219 0.474609 0.382031 0.325781 0.00291252
14 0.562109 0.480469 0.488281 0.40625 0.00279999
0 0.571094 0.540625 0.401563 0.475 0.00279999
22 0.566406 0.483203 0.370313 0.349219 0.0026207
13 0.549219 0.478516 0.396094 0.328125 0.00248146
0 0.562109 0.480469 0.488281 0.40625 0.00243378
17 0.571094 0.540625 0.401563 0.475 0.0024147
4 0.571094 0.540625 0.401563 0.475 0.00201035
4 0.558984 0.455859 0.428906 0.422656 0.00174141
7 0.562109 0.480469 0.488281 0.40625 0.00169373
12 0.558984 0.455859 0.428906 0.422656 0.00156689
6 0.571094 0.540625 0.401563 0.475 0.00155449
17 0.566406 0.483203 0.370313 0.349219 0.00153637
13 0.579297 0.527734 0.411719 0.45 0.0015192
12 0.579297 0.527734 0.411719 0.45 0.0014782
21 0.571094 0.540625 0.401563 0.475 0.00146675
6 0.558984 0.455859 0.428906 0.422656 0.00146103
7 0.403906 0.0969727 0.428125 0.193945 0.00145531
22 0.571094 0.540625 0.401563 0.475 0.00141048
2 0.571094 0.540625 0.401563 0.475 0.00137234
23 0.562109 0.480469 0.488281 0.40625 0.00134563
16 0.562109 0.480469 0.488281 0.40625 0.00127888
18 0.562109 0.480469 0.488281 0.40625 0.00125504
14 0.571094 0.540625 0.401563 0.475 0.00122547
15 0.571094 0.540625 0.401563 0.475 0.0012207
15 0.558984 0.455859 0.428906 0.422656 0.0011425
8 0.559766 0.505566 0.389062 0.373242 0.0011425
16 0.403906 0.0969727 0.428125 0.193945 0.00112057
11 0.562109 0.480469 0.488281 0.40625 0.00108147
11 0.571094 0.540625 0.401563 0.475 0.00105286
16 0.542578 0.490723 0.385938 0.320117 0.0758667
20 0.542578 0.490723 0.385938 0.320117 0.0739746
24 0.542578 0.490723 0.385938 0.320117 0.0204926
3 0.547559 0.490527 0.381445 0.33457 0.0195007
5 0.542578 0.490723 0.385938 0.320117 0.0195007
6 0.551562 0.489453 0.386719 0.321094 0.0180511
0 0.547559 0.490527 0.381445 0.33457 0.00971222
14 0.546484 0.496484 0.372656 0.327344 0.00878143
9 0.542578 0.490723 0.385938 0.320117 0.00857544
1 0.543359 0.490723 0.385156 0.332617 0.00844574
11 0.551562 0.489453 0.386719 0.321094 0.00793457
2 0.547559 0.490527 0.381445 0.33457 0.00769424
19 0.551562 0.489453 0.386719 0.321094 0.00695801
23 0.547559 0.490527 0.381445 0.33457 0.00564194
22 0.542578 0.490723 0.385938 0.320117 0.0055542
25 0.543066 0.49541 0.388867 0.338867 0.00548935
18 0.547559 0.490527 0.381445 0.33457 0.00471878
4 0.543066 0.49541 0.388867 0.338867 0.00431442
21 0.543359 0.490723 0.385156 0.332617 0.00416565
13 0.543359 0.490723 0.385156 0.332617 0.00302696
12 0.543066 0.49541 0.388867 0.338867 0.00300407
8 0.543359 0.490723 0.385156 0.332617 0.00290108
15 0.540234 0.480566 0.416406 0.382617 0.00282288
10 0.547559 0.490527 0.381445 0.33457 0.00282288
7 0.547559 0.490527 0.381445 0.33457 0.00243378
15 0.351172 0.682715 0.702344 0.63457 0.00210762
17 0.540234 0.480566 0.416406 0.382617 0.00209999
14 0.351172 0.682715 0.702344 0.63457 0.0018034
11 0.351172 0.682715 0.702344 0.63457 0.00168133
12 0.347461 0.723828 0.694922 0.552344 0.0012598
4 0.351172 0.682715 0.702344 0.63457 0.00111198
12 0.193359 0.260156 0.386719 0.520312 0.00106525
12 0.662012 0.368359 0.675977 0.674219 0.00103664
1 0.347461 0.723828 0.694922 0.552344 0.00102425
16 0.546094 0.488672 0.380469 0.310156 0.0318604
20 0.546094 0.488672 0.380469 0.310156 0.0280151
24 0.546094 0.488672 0.380469 0.310156 0.0276947
0 0.549219 0.484375 0.378125 0.335938 0.0228882
4 0.549609 0.483594 0.377344 0.338281 0.0205994
14 0.549609 0.483594 0.377344 0.338281 0.0137405
6 0.546094 0.488672 0.380469 0.310156 0.0114212
15 0.549609 0.483594 0.377344 0.338281 0.0100098
23 0.549609 0.483594 0.377344 0.338281 0.0085144
3 0.549219 0.484375 0.378125 0.335938 0.00831604
2 0.549609 0.483594 0.377344 0.338281 0.00793457
25 0.549609 0.483594 0.377344 0.338281 0.00790405
18 0.549609 0.483594 0.377344 0.338281 0.00775528
9 0.549219 0.485938 0.365625 0.317969 0.00731659
11 0.549219 0.485938 0.365625 0.317969 0.00624084
5 0.547754 0.484766 0.374805 0.336719 0.00566483
12 0.549609 0.483594 0.377344 0.338281 0.00502014
19 0.549219 0.485938 0.365625 0.317969 0.00383949
7 0.549609 0.483594 0.377344 0.338281 0.00253105
8 0.549219 0.484375 0.378125 0.335938 0.00208282
22 0.546094 0.488672 0.380469 0.310156 0.00200272
1 0.546094 0.486719 0.386719 0.308594 0.00183105
21 0.549219 0.484375 0.378125 0.335938 0.00176811
13 0.546094 0.488672 0.380469 0.310156 0.00146675
17 0.544629 0.484766 0.39043 0.333594 0.00137234
10 0.547754 0.484766 0.374805 0.336719 0.00131512
0 0.550781 0.489746 0.363281 0.31582 0.0495911
4 0.55 0.490625 0.361719 0.304688 0.0298767
9 0.55 0.490625 0.361719 0.304688 0.02211
6 0.554785 0.488672 0.368555 0.308594 0.019455
23 0.550781 0.489746 0.363281 0.31582 0.0182648
3 0.553027 0.481934 0.368945 0.329883 0.0130692
14 0.550879 0.49375 0.36543 0.310937 0.0120087
20 0.554785 0.488672 0.368555 0.308594 0.0115967
25 0.55 0.490625 0.361719 0.304688 0.0110703
2 0.552734 0.490234 0.365625 0.305469 0.0106506
16 0.554785 0.488672 0.368555 0.308594 0.0103302
24 0.55 0.490625 0.361719 0.304688 0.00948334
5 0.554785 0.488672 0.368555 0.308594 0.00706482
18 0.553027 0.481934 0.368945 0.329883 0.00631332
15 0.550391 0.490625 0.360156 0.315625 0.00518036
10 0.550781 0.489746 0.363281 0.31582 0.00317192
7 0.550391 0.490625 0.360156 0.315625 0.00290108
11 0.550879 0.49375 0.36543 0.310937 0.00214958
1 0.544922 0.482812 0.355469 0.319531 0.00191879
12 0.553027 0.481934 0.368945 0.329883 0.00142097
8 0.544922 0.477344 0.359375 0.330469 0.00133514
13 0.544922 0.482812 0.355469 0.319531 0.00129986
17 0.550879 0.49375 0.36543 0.310937 0.00122547
19 0.544922 0.477344 0.359375 0.330469 0.00103188
22 0.544922 0.482812 0.355469 0.319531 0.00100422
0 0.550098 0.487598 0.388867 0.348242 0.123779
20 0.552441 0.487109 0.381055 0.321875 0.0806274
3 0.550098 0.487598 0.388867 0.348242 0.064209
4 0.551953 0.486621 0.386719 0.336133 0.0564575
24 0.554297 0.490234 0.379688 0.314063 0.0440063
6 0.55625 0.496094 0.370313 0.323438 0.0389099
9 0.554297 0.490234 0.379688 0.314063 0.0265503
25 0.548047 0.491016 0.394531 0.313281 0.026062
15 0.551953 0.486621 0.386719 0.336133 0.0243378
23 0.550098 0.487598 0.388867 0.348242 0.0220337
11 0.553516 0.486328 0.395313 0.347656 0.0196381
7 0.410156 0.0949219 0.4125 0.189844 0.0170441
5 0.552441 0.487109 0.381055 0.321875 0.0158997
14 0.550781 0.487891 0.392969 0.342187 0.0151901
18 0.410156 0.0949219 0.4125 0.189844 0.0148392
6 0.410156 0.0949219 0.4125 0.189844 0.0135345
18 0.550098 0.487598 0.388867 0.348242 0.01297
12 0.551953 0.486621 0.386719 0.336133 0.0115967
16 0.552441 0.487109 0.381055 0.321875 0.00878143
19 0.553906 0.483203 0.396875 0.339844 0.00837708
8 0.553516 0.486328 0.395313 0.347656 0.00723267
2 0.548047 0.491016 0.394531 0.313281 0.00658798
10 0.552441 0.487109 0.381055 0.321875 0.006073
17 0.544434 0.496191 0.398633 0.306055 0.00486755
15 0.410156 0.0949219 0.4125 0.189844 0.00403976
1 0.553906 0.483203 0.396875 0.339844 0.00395966
24 0.410156 0.0949219 0.4125 0.189844 0.00385475
0 0.410156 0.0949219 0.4125 0.189844 0.00316048
11 0.410156 0.0949219 0.4125 0.189844 0.00261116
13 0.553906 0.483203 0.396875 0.339844 0.00257111
6 0.373828 0.102637 0.491406 0.205273 0.00255013
22 0.553906 0.483203 0.396875 0.339844 0.00239754
9 0.410156 0.0949219 0.4125 0.189844 0.00236893
2 0.410156 0.0949219 0.4125 0.189844 0.00219154
7 0.373828 0.102637 0.491406 0.205273 0.00219154
4 0.410156 0.0949219 0.4125 0.189844 0.00218201
16 0.410156 0.0949219 0.4125 0.189844 0.00208282
23 0.410156 0.0949219 0.4125 0.189844 0.00188255
7 0.55625 0.496094 0.370313 0.323438 0.00187492
7 0.342187 0.105469 0.591406 0.210938 0.0017271
18 0.373828 0.102637 0.491406 0.205273 0.00168133
18 0.342187 0.105469 0.591406 0.210938 0.0014782
6 0.342187 0.105469 0.591406 0.210938 0.00141621
0 0.373828 0.102637 0.491406 0.205273 0.00138283
24 0.373828 0.102637 0.491406 0.205273 0.00135612
15 0.342187 0.105469 0.591406 0.210938 0.00133038
3 0.410156 0.0949219 0.4125 0.189844 0.00133038
9 0.373828 0.102637 0.491406 0.205273 0.00116062
0 0.342187 0.123145 0.610938 0.246289 0.00107765
21 0.553906 0.483203 0.396875 0.339844 0.00104427
20 0.546973 0.481641 0.382617 0.336719 0.201172
24 0.549316 0.488672 0.38418 0.328906 0.127686
0 0.54541 0.485156 0.379492 0.339063 0.11438
6 0.549219 0.492188 0.385156 0.31875 0.0483093
4 0.539453 0.485059 0.375781 0.337695 0.0476074
3 0.546973 0.481641 0.382617 0.336719 0.0472412
9 0.549316 0.488672 0.38418 0.328906 0.0451965
25 0.546875 0.491309 0.401563 0.326758 0.0409851
5 0.544141 0.47959 0.382031 0.33457 0.0273743
16 0.549316 0.488672 0.38418 0.328906 0.0171814
11 0.54834 0.484473 0.389258 0.337305 0.0141754
23 0.546973 0.481641 0.382617 0.336719 0.0130234
14 0.54541 0.485156 0.379492 0.339063 0.0110703
15 0.54541 0.485156 0.379492 0.339063 0.0091629
10 0.544141 0.47959 0.382031 0.33457 0.00908661
18 0.54541 0.485156 0.379492 0.339063 0.00669098
2 0.544141 0.483594 0.409375 0.349219 0.0053215
19 0.54834 0.484473 0.389258 0.337305 0.00370789
17 0.546191 0.487598 0.387305 0.341992 0.00284576
7 0.549219 0.492188 0.385156 0.31875 0.00273705
12 0.545996 0.491016 0.393945 0.326562 0.00234222
21 0.546973 0.482129 0.39043 0.338867 0.00230598
8 0.539453 0.485059 0.375781 0.337695 0.00214958
22 0.546875 0.491309 0.401563 0.326758 0.0019722
1 0.546191 0.487598 0.387305 0.341992 0.00174809
13 0.54834 0.484473 0.389258 0.337305 0.00103188
0 0.542871 0.492188 0.381445 0.332813 0.131592
4 0.542871 0.492188 0.381445 0.332813 0.0282745
20 0.549609 0.491797 0.385156 0.338281 0.0173035
14 0.546875 0.49209 0.400781 0.337695 0.0110703
3 0.546094 0.485938 0.39375 0.35 0.00861359
25 0.545703 0.49541 0.374219 0.32168 0.00793457
6 0.549609 0.491797 0.385156 0.338281 0.00547028
24 0.545703 0.49541 0.374219 0.32168 0.00534439
9 0.545703 0.49541 0.374219 0.32168 0.0046463
15 0.546875 0.49209 0.400781 0.337695 0.00429916
11 0.55 0.485254 0.401563 0.351367 0.00328636
2 0.545313 0.496973 0.39375 0.320117 0.00323486
5 0.549609 0.491797 0.385156 0.338281 0.00279045
17 0.542969 0.492188 0.389844 0.328125 0.00273705
23 0.546094 0.485938 0.39375 0.35 0.00230598
8 0.542871 0.492188 0.381445 0.332813 0.00206757
10 0.542871 0.492188 0.381445 0.332813 0.00203514
18 0.546875 0.49209 0.400781 0.337695 0.00188255
12 0.545703 0.49541 0.374219 0.32168 0.00160408
7 0.398535 0.103613 0.437305 0.207227 0.00144386
21 0.55 0.485254 0.401563 0.351367 0.00137234
1 0.55 0.485254 0.401563 0.351367 0.00125504
13 0.604688 0.585938 0.365625 0.429688 0.00115585
0 0.552734 0.492578 0.383594 0.335156 0.0560303
4 0.559766 0.506152 0.371094 0.314258 0.0205994
20 0.552734 0.492578 0.383594 0.335156 0.016922
24 0.559766 0.506152 0.371094 0.314258 0.00800323
3 0.552734 0.492578 0.383594 0.335156 0.00728989
16 0.552734 0.492578 0.383594 0.335156 0.00712204
9 0.559766 0.506152 0.371094 0.314258 0.00709534
15 0.550781 0.496973 0.390625 0.326367 0.00679779
23 0.554297 0.499902 0.378906 0.325195 0.00582123
25 0.563281 0.509473 0.367188 0.30918 0.00548935
6 0.552734 0.492578 0.383594 0.335156 0.00438309
2 0.557031 0.505469 0.378906 0.317969 0.00421524
14 0.557031 0.505469 0.378906 0.317969 0.00419998
11 0.551562 0.4875 0.4125 0.334375 0.00407028
18 0.550391 0.492188 0.395313 0.335938 0.00259018
5 0.559766 0.506152 0.371094 0.314258 0.00191879
10 0.551562 0.4875 0.4125 0.334375 0.0015974
8 0.554297 0.499902 0.378906 0.325195 0.00136662
17 0.550781 0.496973 0.390625 0.326367 0.00112438
7 0.550391 0.492188 0.395313 0.335938 0.00107765
12 0.550781 0.496973 0.390625 0.326367 0.00107765
0 0.551953 0.489746 0.386719 0.345508 0.177856
20 0.557813 0.487109 0.373437 0.349219 0.153076
3 0.557813 0.487109 0.373437 0.349219 0.0401001
25 0.560156 0.488184 0.375 0.345508 0.0124817
4 0.544434 0.490234 0.404883 0.342187 0.0106506
24 0.549219 0.490625 0.392969 0.336719 0.00919342
9 0.553027 0.484766 0.39082 0.358594 0.00834656
10 0.557031 0.488672 0.379688 0.350781 0.00821686
8 0.557031 0.488672 0.379688 0.350781 0.00712204
5 0.557031 0.488672 0.379688 0.350781 0.0069046
19 0.560156 0.488184 0.375 0.345508 0.00605011
1 0.557031 0.488672 0.379688 0.350781 0.005867
21 0.557031 0.488672 0.379688 0.350781 0.00530243
16 0.553027 0.484766 0.39082 0.358594 0.00511932
12 0.560156 0.488184 0.375 0.345508 0.00498199
17 0.557031 0.488672 0.379688 0.350781 0.00473785
18 0.55625 0.486719 0.375781 0.353125 0.00471878
6 0.560156 0.488184 0.375 0.345508 0.00399017
22 0.557031 0.488672 0.379688 0.350781 0.0036068
15 0.560156 0.488184 0.375 0.345508 0.00321007
11 0.557031 0.488672 0.379688 0.350781 0.00314713
23 0.549219 0.490625 0.392969 0.336719 0.00279999
14 0.55625 0.486719 0.375781 0.353125 0.00259018
2 0.544434 0.490234 0.404883 0.342187 0.00183105
0 0.551953 0.48584 0.389844 0.34082 0.865723
20 0.552734 0.494434 0.385156 0.34082 0.16394
4 0.551953 0.48584 0.389844 0.34082 0.0897827
24 0.552734 0.494434 0.385156 0.34082 0.0414734
25 0.551953 0.48584 0.389844 0.34082 0.0405273
3 0.549121 0.484375 0.39082 0.345313 0.02034
5 0.550391 0.490234 0.394531 0.353125 0.0195618
10 0.55 0.488184 0.392188 0.342383 0.0152512
9 0.55 0.488184 0.392188 0.342383 0.0131683
23 0.552734 0.494434 0.385156 0.34082 0.0121918
15 0.552734 0.494434 0.385156 0.34082 0.00997162
8 0.549121 0.484375 0.39082 0.345313 0.00861359
14 0.55 0.488184 0.392188 0.342383 0.00763702
17 0.549609 0.491016 0.392188 0.341406 0.00353813
19 0.550391 0.490234 0.394531 0.353125 0.00244331
12 0.550391 0.490234 0.394531 0.353125 0.00228691
6 0.549609 0.491016 0.392188 0.341406 0.00219154
2 0.545313 0.490527 0.396875 0.337695 0.00190449
4 0.741406 0.889063 0.209375 0.153125 0.00183105
11 0.550391 0.490234 0.394531 0.353125 0.0018177
18 0.55 0.488184 0.392188 0.342383 0.00161076
22 0.550391 0.490234 0.394531 0.353125 0.00160408
16 0.550391 0.490234 0.394531 0.353125 0.00119686
0 0.547266 0.485938 0.3875 0.340625 0.399902
4 0.549609 0.492871 0.389844 0.348633 0.0236053
20 0.548828 0.485254 0.384375 0.34043 0.0156021
25 0.549609 0.492871 0.389844 0.348633 0.0103302
10 0.549609 0.492871 0.389844 0.348633 0.00766754
15 0.549609 0.492871 0.389844 0.348633 0.0064888
3 0.548828 0.485254 0.384375 0.34043 0.00641251
23 0.549609 0.492871 0.389844 0.348633 0.00636292
8 0.549609 0.492871 0.389844 0.348633 0.00564194
17 0.547266 0.49209 0.389844 0.34707 0.0053215
14 0.549609 0.492871 0.389844 0.348633 0.00477219
6 0.547266 0.49209 0.389844 0.34707 0.00318527
24 0.550781 0.492969 0.385938 0.333594 0.00259018
9 0.549609 0.492871 0.389844 0.348633 0.00195694
11 0.546777 0.485156 0.39707 0.340625 0.00162315
5 0.546777 0.485156 0.39707 0.340625 0.00141621
16 0.547266 0.49209 0.389844 0.34707 0.0011034
13 0.125977 0.108203 0.251953 0.216406 0.00109005
2 0.547266 0.49209 0.389844 0.34707 0.00102425
0 0.553906 0.483594 0.376563 0.328125 0.543945
4 0.555371 0.492285 0.367383 0.304492 0.0205994
20 0.553906 0.483594 0.376563 0.328125 0.00717545
14 0.553516 0.484766 0.373437 0.319531 0.0068512
25 0.555566 0.486621 0.370117 0.323633 0.0051384
8 0.555566 0.486621 0.370117 0.323633 0.00453949
3 0.553906 0.483594 0.376563 0.328125 0.00342941
10 0.555469 0.482129 0.380469 0.32168 0.00335121
23 0.555469 0.482129 0.380469 0.32168 0.00209999
9 0.555469 0.482129 0.380469 0.32168 0.00178909
2 0.557129 0.493066 0.373242 0.29043 0.00178242
17 0.553516 0.484766 0.373437 0.319531 0.00170708
6 0.555371 0.492285 0.367383 0.304492 0.00149536
12 0.555371 0.492285 0.367383 0.304492 0.0011425
0 0.549219 0.481934 0.4 0.350195 0.505859
4 0.545313 0.486621 0.410156 0.34082 0.0526123
17 0.550781 0.479004 0.396094 0.357617 0.0125275
8 0.549219 0.481934 0.4 0.350195 0.0116882
24 0.54541 0.487109 0.40293 0.342969 0.0113754
20 0.547266 0.488379 0.410156 0.35293 0.00905609
3 0.550879 0.482031 0.404492 0.348438 0.00793457
11 0.547266 0.488379 0.410156 0.35293 0.00669098
9 0.547266 0.488379 0.410156 0.35293 0.00572968
25 0.553027 0.489844 0.395508 0.326562 0.00527954
5 0.547266 0.488379 0.410156 0.35293 0.00521851
15 0.547266 0.488379 0.410156 0.35293 0.00322342
23 0.54541 0.487109 0.40293 0.342969 0.00290108
6 0.547266 0.488379 0.410156 0.35293 0.00210762
10 0.547266 0.488379 0.410156 0.35293 0.0018177
12 0.553027 0.489844 0.395508 0.326562 0.00133514
16 0.547266 0.488379 0.410156 0.35293 0.00129986
14 0.549316 0.483594 0.40293 0.351562 0.00122547
19 0.547266 0.488379 0.410156 0.35293 0.00111198
0 0.549902 0.488281 0.387695 0.366406 0.324219
20 0.550391 0.494629 0.392969 0.363867 0.0830078
4 0.544922 0.488281 0.400781 0.370313 0.0700684
3 0.549316 0.494531 0.404492 0.36875 0.0305634
8 0.549902 0.490625 0.395508 0.36875 0.0178528
23 0.550391 0.494629 0.392969 0.363867 0.0174408
5 0.549316 0.494531 0.404492 0.36875 0.0160217
10 0.549316 0.494531 0.404492 0.36875 0.0122375
15 0.549316 0.494531 0.404492 0.36875 0.0069313
25 0.550391 0.494629 0.392969 0.363867 0.00561905
24 0.550391 0.494629 0.392969 0.363867 0.0055542
11 0.549316 0.494531 0.404492 0.36875 0.00457382
6 0.541016 0.495215 0.407031 0.367383 0.0039444
17 0.549902 0.490625 0.395508 0.36875 0.00383949
16 0.549316 0.494531 0.404492 0.36875 0.00365067
14 0.549121 0.488281 0.392383 0.35 0.00329781
9 0.549316 0.494531 0.404492 0.36875 0.00277901
12 0.541016 0.495215 0.407031 0.367383 0.00192642
19 0.549316 0.494531 0.404492 0.36875 0.00127411
1 0.549316 0.494531 0.404492 0.36875 0.0011692
18 0.549316 0.494531 0.404492 0.36875 0.00107288
18 0.385156 0.114258 0.514063 0.228516 0.00103188
0 0.551953 0.473828 0.378906 0.33125 0.800781
20 0.550098 0.482031 0.387305 0.33125 0.0878906
3 0.550098 0.482031 0.387305 0.33125 0.0609741
8 0.545313 0.473047 0.401563 0.325 0.055603
4 0.546973 0.476172 0.381055 0.336719 0.0240479
5 0.550098 0.482031 0.387305 0.33125 0.0156021
24 0.546094 0.487598 0.389844 0.338867 0.0121002
17 0.548438 0.473828 0.384375 0.33125 0.01017
25 0.546973 0.476172 0.381055 0.336719 0.0101318
10 0.550098 0.477246 0.385742 0.329883 0.00926971
6 0.548047 0.491016 0.394531 0.3375 0.00818634
23 0.550098 0.477246 0.385742 0.329883 0.00784302
19 0.550098 0.482031 0.387305 0.33125 0.00725937
15 0.550098 0.477246 0.385742 0.329883 0.00572968
14 0.545996 0.482715 0.393945 0.342383 0.00329781
9 0.550098 0.482031 0.387305 0.33125 0.00301552
22 0.550098 0.482031 0.387305 0.33125 0.00204277
2 0.545996 0.482715 0.393945 0.342383 0.0016489
1 0.545313 0.473047 0.401563 0.325 0.00162888
21 0.545313 0.473047 0.401563 0.325 0.00143242
12 0.550098 0.482031 0.387305 0.33125 0.00141621
11 0.545313 0.473047 0.401563 0.325 0.00132465
16 0.550098 0.482031 0.387305 0.33125 0.00115108
0 0.553516 0.49541 0.364844 0.331055 0.853027
4 0.558984 0.500781 0.361719 0.316406 0.0321045
8 0.553516 0.49541 0.364844 0.331055 0.026062
15 0.553906 0.483594 0.377344 0.353125 0.0177765
3 0.553516 0.49541 0.364844 0.331055 0.00963593
20 0.55459 0.492188 0.37207 0.341406 0.00760651
17 0.553516 0.49541 0.364844 0.331055 0.00706482
24 0.5625 0.508203 0.359375 0.335938 0.00614548
25 0.558984 0.500781 0.361719 0.316406 0.00526047
5 0.55459 0.492188 0.37207 0.341406 0.00337601
23 0.558984 0.500781 0.361719 0.316406 0.00219917
6 0.553906 0.483594 0.377344 0.353125 0.00212479
10 0.554688 0.493848 0.365625 0.349805 0.00145531
4 0.730469 0.889844 0.214062 0.157813 0.00144958
22 0.555078 0.505859 0.365625 0.342969 0.00144386
11 0.55459 0.492188 0.37207 0.341406 0.00126457
0 0.549121 0.478906 0.362695 0.335938 0.78125
20 0.551465 0.487891 0.368945 0.339844 0.148071
3 0.551465 0.487891 0.368945 0.339844 0.0440063
8 0.55166 0.478125 0.37168 0.333594 0.0266571
4 0.551465 0.487891 0.368945 0.339844 0.0265045
5 0.551465 0.487891 0.368945 0.339844 0.0222015
10 0.55166 0.478125 0.37168 0.333594 0.0205688
15 0.549609 0.483203 0.370313 0.330469 0.0162811
25 0.55166 0.478125 0.37168 0.333594 0.0103683
23 0.551465 0.487891 0.368945 0.339844 0.0100937
17 0.55166 0.478125 0.37168 0.333594 0.00551224
14 0.551465 0.487891 0.368945 0.339844 0.00284576
24 0.551562 0.489844 0.375781 0.339063 0.00268364
16 0.545703 0.476172 0.367188 0.329688 0.00247192
9 0.551465 0.487891 0.368945 0.339844 0.0024147
6 0.551465 0.487891 0.368945 0.339844 0.00225258
19 0.551465 0.487891 0.368945 0.339844 0.0016489
11 0.551465 0.487891 0.368945 0.339844 0.0015974
21 0.546191 0.485938 0.36543 0.335156 0.00106525
0 0.540527 0.494531 0.401758 0.355469 0.668945
8 0.549219 0.496875 0.410156 0.367188 0.0183411
20 0.549219 0.496875 0.410156 0.367188 0.0172424
3 0.549219 0.496875 0.410156 0.367188 0.0171051
4 0.540527 0.494531 0.401758 0.355469 0.0142822
17 0.540527 0.494531 0.401758 0.355469 0.0142822
25 0.55 0.494922 0.390625 0.357031 0.00450516
10 0.549219 0.496875 0.410156 0.367188 0.00419998
15 0.550684 0.489844 0.401758 0.370313 0.00367928
5 0.549219 0.496875 0.410156 0.367188 0.00290108
6 0.549219 0.496875 0.410156 0.367188 0.00257111
23 0.55 0.494922 0.390625 0.357031 0.00199509
11 0.549219 0.496875 0.410156 0.367188 0.00176144
24 0.544141 0.495313 0.396094 0.344531 0.00135612
1 0.549219 0.496875 0.410156 0.367188 0.00131512
0 0.551172 0.489746 0.375 0.358008 0.459961
3 0.551953 0.494531 0.374219 0.339844 0.0913696
20 0.547559 0.49209 0.383008 0.348633 0.0639648
8 0.551953 0.494531 0.374219 0.339844 0.0200195
19 0.547559 0.49209 0.383008 0.348633 0.0171814
5 0.547559 0.49209 0.383008 0.348633 0.0116425
23 0.54209 0.495996 0.387695 0.339258 0.00728989
4 0.54209 0.495996 0.387695 0.339258 0.00674438
25 0.539062 0.496094 0.3875 0.33125 0.00591278
10 0.54209 0.495996 0.387695 0.339258 0.00588989
24 0.539062 0.496094 0.3875 0.33125 0.00559998
11 0.538672 0.490234 0.397656 0.35625 0.00400543
16 0.538672 0.490234 0.397656 0.35625 0.00344276
17 0.54209 0.495996 0.387695 0.339258 0.00223351
9 0.547559 0.49209 0.383008 0.348633 0.00197983
6 0.547656 0.488672 0.385938 0.360156 0.00141048
15 0.543066 0.49375 0.39043 0.336719 0.0011692
0 0.542578 0.486719 0.389062 0.354688 0.598145
20 0.553223 0.489941 0.38418 0.356055 0.0448608
3 0.553223 0.489941 0.38418 0.356055 0.0360718
8 0.552246 0.48125 0.38457 0.366406 0.0103302
4 0.542578 0.486719 0.389062 0.354688 0.0086441
17 0.542578 0.486719 0.389062 0.354688 0.00416565
25 0.553223 0.489941 0.38418 0.356055 0.00370789
5 0.553223 0.489941 0.38418 0.356055 0.00359344
19 0.553223 0.489941 0.38418 0.356055 0.00353813
24 0.542578 0.486719 0.389062 0.354688 0.00288963
23 0.542578 0.486719 0.389062 0.354688 0.00234222
6 0.553223 0.489941 0.38418 0.356055 0.0015974
10 0.553223 0.489941 0.38418 0.356055 0.00146675
0 0.545703 0.492188 0.392188 0.325 0.777344
15 0.544922 0.489453 0.392188 0.323438 0.0316162
4 0.539453 0.494531 0.402344 0.320312 0.0278473
23 0.539941 0.492578 0.398242 0.332031 0.0239563
3 0.545703 0.492188 0.392188 0.325 0.0102921
18 0.544922 0.489453 0.392188 0.323438 0.00679779
6 0.543848 0.486035 0.39043 0.33418 0.00551224
8 0.539453 0.494531 0.402344 0.320312 0.00376511
25 0.539941 0.492578 0.398242 0.332031 0.00312424
17 0.539453 0.494531 0.402344 0.320312 0.00293541
11 0.543848 0.486035 0.39043 0.33418 0.00161076
24 0.539453 0.494531 0.402344 0.320312 0.00154877
2 0.542188 0.496094 0.390625 0.328125 0.00142097
10 0.539941 0.492578 0.398242 0.332031 0.00129414
20 0.545703 0.492188 0.392188 0.325 0.00108624
15 0.396484 0.107227 0.484375 0.214453 0.00105286
0 0.541406 0.48916 0.360156 0.34043 0.793945
4 0.540234 0.490625 0.357031 0.339063 0.00959778
20 0.543066 0.488184 0.35918 0.337695 0.00806427
3 0.541406 0.48916 0.360156 0.34043 0.00482941
8 0.541406 0.48916 0.360156 0.34043 0.00446701
17 0.541406 0.48916 0.360156 0.34043 0.00353813
6 0.541406 0.48916 0.360156 0.34043 0.00178242
24 0.541406 0.48916 0.360156 0.34043 0.00112057
0 0.556934 0.500391 0.375195 0.34375 0.647949
4 0.55166 0.486328 0.37793 0.341406 0.00734711
4 0.730078 0.885938 0.221094 0.1625 0.00362206
8 0.55166 0.486328 0.37793 0.341406 0.00302696
11 0.55166 0.486328 0.37793 0.341406 0.00208282
3 0.549902 0.489063 0.375195 0.326562 0.00197983
17 0.549902 0.489063 0.375195 0.326562 0.00168705
15 0.549902 0.489063 0.375195 0.326562 0.00118828
0 0.55 0.490723 0.378125 0.348242 0.932617
8 0.551172 0.490723 0.374219 0.343555 0.0113297
4 0.55 0.490723 0.378125 0.348242 0.0109863
15 0.545703 0.488672 0.383594 0.353906 0.0103302
3 0.548828 0.478906 0.377344 0.34375 0.00800323
17 0.548828 0.478906 0.377344 0.34375 0.00471878
23 0.548047 0.485059 0.380469 0.348633 0.00399017
20 0.548828 0.478906 0.377344 0.34375 0.00225258
6 0.545703 0.488672 0.383594 0.353906 0.00203514
10 0.548047 0.485059 0.380469 0.348633 0.0017004
24 0.548047 0.485059 0.380469 0.348633 0.00139904
11 0.548828 0.478906 0.377344 0.34375 0.00127411
18 0.548047 0.485059 0.380469 0.348633 0.00118828
16 0.548047 0.485059 0.380469 0.348633 0.00105667
0 0.548047 0.488184 0.354688 0.323633 0.943359
4 0.546094 0.490527 0.364063 0.314258 0.0233307
20 0.547754 0.496094 0.362305 0.33125 0.00978088
3 0.547754 0.496094 0.362305 0.33125 0.00948334
8 0.548047 0.488184 0.354688 0.323633 0.0077858
24 0.544922 0.496094 0.357812 0.323438 0.00416565
10 0.546484 0.486816 0.363281 0.31543 0.00356483
17 0.548047 0.488184 0.354688 0.323633 0.00329781
23 0.546094 0.490527 0.364063 0.314258 0.00324821
15 0.544922 0.496094 0.357812 0.323438 0.00229645
25 0.547754 0.496094 0.362305 0.33125 0.00173378
6 0.550684 0.488672 0.351758 0.33125 0.0017271
11 0.546484 0.486816 0.363281 0.31543 0.00125504
9 0.546484 0.486816 0.363281 0.31543 0.00106525
0 0.547266 0.490625 0.345313 0.317188 0.942383
4 0.55 0.489746 0.342187 0.30957 0.0283813
3 0.544531 0.482129 0.349219 0.326367 0.0268555
8 0.547266 0.497754 0.348438 0.324805 0.0140076
23 0.544531 0.482129 0.349219 0.326367 0.0118256
10 0.543066 0.484473 0.348242 0.32168 0.00831604
17 0.547266 0.497754 0.348438 0.324805 0.00547028
6 0.543066 0.484473 0.348242 0.32168 0.00314713
20 0.54541 0.489063 0.351367 0.332813 0.00305176
25 0.547266 0.497754 0.348438 0.324805 0.00305176
14 0.54541 0.489063 0.351367 0.332813 0.00258064
15 0.544531 0.482129 0.349219 0.326367 0.00243378
11 0.549609 0.488281 0.339844 0.3125 0.00228691
18 0.544531 0.482129 0.349219 0.326367 0.00174809
16 0.543066 0.484473 0.348242 0.32168 0.00155449
9 0.543066 0.484473 0.348242 0.32168 0.00104809
0 0.558203 0.500879 0.361719 0.34043 0.870605
4 0.560938 0.501172 0.367188 0.338281 0.0220795
8 0.558203 0.500879 0.361719 0.34043 0.00679779
11 0.557813 0.499316 0.36875 0.335742 0.00335121
17 0.558203 0.500879 0.361719 0.34043 0.00165462
20 0.554688 0.498828 0.369531 0.342187 0.00162315
10 0.560938 0.501172 0.367188 0.338281 0.00136662
0 0.555371 0.487891 0.389258 0.344531 0.930176
23 0.554785 0.487109 0.38418 0.339844 0.0186157
8 0.554785 0.487109 0.38418 0.339844 0.0115509
4 0.557813 0.487402 0.39375 0.354883 0.0115051
17 0.554785 0.487109 0.38418 0.339844 0.0104065
3 0.554785 0.487109 0.38418 0.339844 0.00679779
15 0.554785 0.487109 0.38418 0.339844 0.00219154
20 0.557813 0.487402 0.39375 0.354883 0.00162888
10 0.554785 0.487109 0.38418 0.339844 0.00139904
25 0.553906 0.482031 0.389062 0.349219 0.00117874
0 0.547559 0.491309 0.400195 0.35332 0.960938
4 0.548047 0.499316 0.402344 0.349805 0.0897827
8 0.547266 0.49209 0.408594 0.36582 0.00746155
17 0.551562 0.495703 0.396875 0.339844 0.00400543
15 0.549121 0.499219 0.393945 0.342187 0.00380898
23 0.551562 0.495703 0.396875 0.339844 0.00275803
11 0.548047 0.499316 0.402344 0.349805 0.00186729
3 0.551562 0.495703 0.396875 0.339844 0.00168705
20 0.547266 0.49209 0.408594 0.36582 0.00104046
0 0.547656 0.490234 0.374219 0.310937 0.946777
4 0.547754 0.491504 0.374805 0.304492 0.0297546
4 0.740234 0.890625 0.216406 0.15625 0.00629044
8 0.552246 0.485254 0.381445 0.32168 0.00534439
20 0.552246 0.485254 0.381445 0.32168 0.00259018
15 0.545703 0.485254 0.371094 0.306055 0.00205803
23 0.547754 0.491504 0.374805 0.304492 0.00192642
3 0.552246 0.485254 0.381445 0.32168 0.00168705
17 0.552246 0.485254 0.381445 0.32168 0.00131989
11 0.547754 0.491504 0.374805 0.304492 0.00118351
0 0.552734 0.5 0.377344 0.345313 0.908203
20 0.552441 0.495703 0.38418 0.358594 0.0140076
4 0.551562 0.49375 0.377344 0.348438 0.0137939
8 0.550391 0.487402 0.382031 0.358008 0.00609589
3 0.551465 0.495996 0.383008 0.354883 0.0024929
17 0.551465 0.495996 0.383008 0.354883 0.00208282
23 0.551465 0.495996 0.383008 0.354883 0.0011692
11 0.551465 0.495996 0.383008 0.354883 0.00109482
15 0.551465 0.495996 0.383008 0.354883 0.00106525
0 0.551465 0.493652 0.36582 0.314258 0.960449
4 0.55625 0.499609 0.353125 0.3 0.0637207
11 0.556641 0.505469 0.353125 0.3 0.00275803
23 0.549902 0.497266 0.354883 0.305469 0.0026722
3 0.549902 0.497266 0.354883 0.305469 0.00232315
8 0.550781 0.495996 0.364063 0.30957 0.00209999
17 0.549609 0.500781 0.355469 0.304688 0.00146675
10 0.556641 0.505469 0.353125 0.3 0.00145531
9 0.556641 0.505469 0.353125 0.3 0.00138283
0 0.550879 0.494629 0.354492 0.313867 0.880371
4 0.552344 0.493652 0.353125 0.306445 0.0170441
20 0.552441 0.488672 0.36543 0.322656 0.0064888
8 0.553906 0.494922 0.348438 0.305469 0.00309944
3 0.549121 0.484473 0.36582 0.318555 0.00213242
17 0.548047 0.491406 0.357031 0.30625 0.00177479
23 0.553906 0.494922 0.348438 0.305469 0.00116062
0 0.552734 0.489063 0.378906 0.329688 0.860352
4 0.551465 0.490625 0.364258 0.310937 0.0155411
8 0.55 0.490625 0.370313 0.320312 0.00209999
11 0.551465 0.490625 0.364258 0.310937 0.00203514
3 0.549316 0.480566 0.37793 0.32793 0.0018177
15 0.548438 0.486816 0.3625 0.310742 0.00153065
20 0.550098 0.487891 0.379492 0.335938 0.00141621
17 0.548438 0.486816 0.3625 0.310742 0.00130463
0 0.544531 0.473047 0.379688 0.347656 0.861816
4 0.551562 0.482812 0.364844 0.323438 0.023468
23 0.542871 0.479297 0.37832 0.315625 0.00479126
15 0.538965 0.471973 0.37832 0.341992 0.00436401
17 0.544141 0.482422 0.372656 0.316406 0.00312424
8 0.544434 0.478125 0.37207 0.332813 0.00251198
3 0.542871 0.479297 0.37832 0.315625 0.00206757
20 0.538965 0.471973 0.37832 0.341992 0.00137234
25 0.538965 0.471973 0.37832 0.341992 0.00118828
4 0.741406 0.889063 0.209375 0.15 0.00115108
0 0.549609 0.481934 0.369531 0.318945 0.919434
4 0.553125 0.485547 0.360938 0.310156 0.0236053
23 0.550098 0.476562 0.370117 0.308594 0.00305176
8 0.553125 0.485547 0.360938 0.310156 0.00158501
20 0.548828 0.478906 0.365625 0.31875 0.0015192
3 0.549609 0.481934 0.369531 0.318945 0.00128937
0 0.554785 0.471191 0.37168 0.320117 0.796387
4 0.551562 0.474219 0.367188 0.3 0.0175781
3 0.554785 0.471191 0.37168 0.320117 0.005867
23 0.551562 0.474219 0.367188 0.3 0.00382423
17 0.552344 0.474609 0.370313 0.316406 0.00362206
8 0.551562 0.474219 0.367188 0.3 0.00219917
15 0.552344 0.474609 0.370313 0.316406 0.00213242
14 0.551172 0.47041 0.364844 0.316992 0.00106525
0 0.549219 0.469531 0.3875 0.336719 0.827148
4 0.549609 0.469531 0.384375 0.322656 0.0157776
3 0.55 0.46709 0.379688 0.33457 0.00460815
23 0.548828 0.471875 0.382812 0.317969 0.00263214
20 0.55 0.46709 0.379688 0.33457 0.0024929
15 0.550684 0.471484 0.386133 0.321875 0.00214958
17 0.549219 0.469531 0.3875 0.336719 0.00188255
8 0.549609 0.470215 0.383594 0.329883 0.00171375
6 0.55 0.46709 0.379688 0.33457 0.00135612
11 0.549609 0.469531 0.384375 0.322656 0.00103188
0 0.552734 0.470996 0.365625 0.312695 0.744141
4 0.547656 0.476562 0.374219 0.299219 0.0219421
3 0.54834 0.464844 0.35957 0.315625 0.00160408
23 0.547656 0.476562 0.374219 0.299219 0.00126457
0 0.552734 0.475781 0.357031 0.308594 0.905762
4 0.545313 0.477734 0.3625 0.294531 0.0236969
23 0.55 0.469922 0.364063 0.299219 0.00282288
8 0.551562 0.477344 0.35625 0.304688 0.00130463
15 0.55 0.469922 0.364063 0.299219 0.00114727
3 0.552734 0.47041 0.3625 0.31543 0.00111198
6 0.262109 0.510547 0.524219 0.872656 0.00102425
0 0.550684 0.479004 0.373633 0.324805 0.777832
23 0.548047 0.478906 0.374219 0.315625 0.00439835
3 0.550684 0.479004 0.373633 0.324805 0.0041008
4 0.548047 0.478906 0.374219 0.315625 0.00311089
20 0.550879 0.473438 0.374805 0.328906 0.00126934
8 0.548535 0.477344 0.376367 0.323438 0.00109863
15 0.548047 0.478906 0.374219 0.315625 0.00100803
0 0.550391 0.478809 0.378125 0.320508 0.734863
4 0.55 0.486328 0.379688 0.294531 0.0189819
23 0.548047 0.478223 0.377344 0.306055 0.00656509
8 0.548535 0.475391 0.376367 0.31875 0.00450516
15 0.548047 0.478223 0.377344 0.306055 0.0036068
3 0.548535 0.475391 0.376367 0.31875 0.00340271
20 0.54834 0.473535 0.375195 0.329492 0.00273705
17 0.547656 0.479688 0.375 0.3 0.00135612
0 0.550781 0.481348 0.375781 0.331055 0.865723
3 0.54834 0.480469 0.376758 0.330469 0.0172424
4 0.55166 0.489453 0.373242 0.310156 0.012825
20 0.54834 0.480469 0.376758 0.330469 0.008255
8 0.54834 0.480469 0.376758 0.330469 0.00356483
23 0.55166 0.489453 0.373242 0.310156 0.00317192
17 0.54834 0.480469 0.376758 0.330469 0.00205803
0 0.553223 0.485938 0.370117 0.3125 0.639648
23 0.552344 0.490625 0.364844 0.298438 0.0222015
4 0.552344 0.490625 0.364844 0.298438 0.0118713
15 0.551953 0.484375 0.375781 0.3125 0.0105286
3 0.553223 0.485938 0.370117 0.3125 0.00227928
20 0.553223 0.485938 0.370117 0.3125 0.00197983
14 0.547656 0.482422 0.371875 0.31875 0.0017271
8 0.551562 0.484375 0.375781 0.3125 0.00105667
6 0.547656 0.482422 0.371875 0.31875 0.00102806
0 0.550781 0.475781 0.3625 0.326562 0.815918
23 0.546094 0.477344 0.371094 0.317188 0.0116425
4 0.546484 0.480371 0.370313 0.31582 0.00818634
8 0.546875 0.476953 0.367188 0.321094 0.00787354
3 0.550781 0.475781 0.3625 0.326562 0.00508118
17 0.545313 0.480469 0.367188 0.3125 0.00235939
14 0.549219 0.474902 0.365625 0.325195 0.00171375
20 0.550781 0.475781 0.3625 0.326562 0.0012846
10 0.546094 0.477344 0.371094 0.317188 0.00127411
0 0.555469 0.487109 0.357812 0.308594 0.648926
4 0.552734 0.487109 0.364063 0.300781 0.0130234
23 0.55 0.480078 0.369531 0.302344 0.00468063
17 0.547656 0.482031 0.36875 0.296875 0.00328636
8 0.55 0.480078 0.369531 0.302344 0.00325966
15 0.55 0.480078 0.369531 0.302344 0.00200272
3 0.55 0.480078 0.369531 0.302344 0.00158501
0 0.549609 0.477734 0.364844 0.328125 0.890137
4 0.546875 0.482715 0.36875 0.314258 0.0133286
3 0.547266 0.476465 0.367969 0.325195 0.0110321
23 0.544141 0.482812 0.372656 0.316406 0.00674438
8 0.548438 0.480566 0.364063 0.323242 0.00510025
15 0.547656 0.480859 0.376563 0.319531 0.00317192
17 0.544141 0.482812 0.372656 0.316406 0.00305176
20 0.547266 0.476465 0.367969 0.325195 0.00293541
6 0.547266 0.476465 0.367969 0.325195 0.00185299
10 0.544141 0.482812 0.372656 0.316406 0.00113392
11 0.545313 0.482812 0.373437 0.315625 0.00111198
0 0.553125 0.485547 0.364063 0.3125 0.838379
4 0.550781 0.488672 0.367969 0.296875 0.0383301
23 0.552344 0.484473 0.364844 0.310742 0.0118256
8 0.551172 0.486816 0.364063 0.304492 0.00460815
3 0.551953 0.484473 0.363281 0.316992 0.00431442
17 0.551172 0.486816 0.364063 0.304492 0.00144958
14 0.550781 0.488672 0.367969 0.296875 0.00136185
15 0.552344 0.484473 0.364844 0.310742 0.00134563
20 0.551953 0.484473 0.363281 0.316992 0.00118828
0 0.552344 0.486719 0.357031 0.309375 0.922363
4 0.549219 0.486621 0.358594 0.30332 0.00993347
17 0.548828 0.484766 0.361719 0.30625 0.00296974
3 0.550391 0.48291 0.358594 0.318555 0.00287819
23 0.55 0.482812 0.3625 0.309375 0.00215721
8 0.552441 0.483203 0.362305 0.311719 0.00162315
0 0.55625 0.485156 0.342187 0.301563 0.793945
4 0.554688 0.485547 0.335938 0.283594 0.00828552
23 0.554688 0.485547 0.335938 0.283594 0.00591278
3 0.550781 0.481152 0.346875 0.308008 0.0026722
20 0.550781 0.481152 0.346875 0.308008 0.00137806
15 0.55 0.482129 0.346875 0.293555 0.00106525
8 0.555469 0.487109 0.332813 0.286719 0.00103188
0 0.552344 0.484766 0.369531 0.320312 0.76123
4 0.550781 0.488184 0.373437 0.311133 0.00653839
23 0.546875 0.482031 0.374219 0.311719 0.00481033
3 0.549219 0.481641 0.371094 0.321094 0.00312424
20 0.549219 0.481641 0.371094 0.321094 0.00232315
17 0.546875 0.482031 0.374219 0.311719 0.00161648
15 0.546875 0.482031 0.374219 0.311719 0.00121117
8 0.546875 0.482031 0.374219 0.311719 0.00117874
0 0.55625 0.486719 0.346875 0.310156 0.712891
23 0.554688 0.485938 0.34375 0.294531 0.0363464
4 0.554688 0.485938 0.34375 0.294531 0.0113297
15 0.550781 0.482715 0.353125 0.308008 0.01017
3 0.550391 0.481152 0.353906 0.31582 0.00626373
20 0.550391 0.481152 0.353906 0.31582 0.00407028
8 0.553906 0.481934 0.351562 0.308008 0.00171375
6 0.554688 0.485938 0.34375 0.294531 0.00137806
17 0.548535 0.48584 0.348242 0.298633 0.0012064
25 0.554688 0.485938 0.34375 0.294531 0.00117874
0 0.555078 0.4875 0.341406 0.308594 0.751465
23 0.548828 0.488379 0.342969 0.306055 0.0115509
15 0.551172 0.485547 0.346875 0.310156 0.00701141
4 0.552344 0.491309 0.339063 0.300195 0.00600433
17 0.548828 0.488379 0.342969 0.306055 0.00496292
3 0.553516 0.483984 0.348438 0.314844 0.00432968
8 0.548828 0.488379 0.342969 0.306055 0.00214005
20 0.553516 0.483984 0.348438 0.314844 0.00201988
6 0.553516 0.483984 0.348438 0.314844 0.00108147
0 0.557031 0.494531 0.342187 0.314063 0.847656
4 0.557031 0.494531 0.342187 0.30625 0.0117798
23 0.557031 0.494531 0.342187 0.30625 0.00757599
15 0.553125 0.490723 0.345313 0.30918 0.00421524
17 0.552344 0.492969 0.345313 0.305469 0.0036068
3 0.555469 0.491406 0.345313 0.3125 0.00256157
8 0.555078 0.494434 0.341406 0.308008 0.00162315
6 0.552344 0.489844 0.346875 0.315625 0.00126457
20 0.555469 0.494141 0.342187 0.317969 0.00112438
0 0.552344 0.486328 0.342187 0.308594 0.816895
4 0.554688 0.485254 0.342187 0.295117 0.0122375
23 0.546484 0.47666 0.353125 0.298242 0.00800323
3 0.546484 0.480469 0.349219 0.310156 0.00416565
15 0.546484 0.47666 0.353125 0.298242 0.00353813
8 0.546875 0.479297 0.351562 0.292969 0.00298119
17 0.546875 0.479297 0.351562 0.292969 0.00232315
20 0.546484 0.480469 0.349219 0.310156 0.0019722
0 0.557422 0.488672 0.336719 0.3 0.814453
4 0.560156 0.488281 0.3375 0.289844 0.0100098
23 0.553906 0.482812 0.342187 0.295312 0.00769424
3 0.553125 0.484277 0.34375 0.308008 0.00551224
15 0.553906 0.482812 0.342187 0.295312 0.00383949
8 0.555469 0.48584 0.335938 0.286133 0.00255013
17 0.555469 0.48584 0.335938 0.286133 0.00243378
20 0.553125 0.484277 0.34375 0.308008 0.00220871
6 0.553125 0.484277 0.34375 0.308008 0.00119686
0 0.554688 0.488672 0.325 0.286719 0.691895
15 0.550781 0.483594 0.335938 0.285938 0.0618896
23 0.550781 0.483594 0.335938 0.285938 0.0455322
4 0.553906 0.487891 0.328125 0.277344 0.0133743
17 0.550781 0.486328 0.329688 0.277344 0.00937653
3 0.553125 0.484766 0.33125 0.292188 0.0029583
8 0.550781 0.486328 0.329688 0.277344 0.00235939
6 0.551953 0.483496 0.332031 0.298633 0.00171375
0 0.554688 0.489453 0.335938 0.299219 0.793945
4 0.551953 0.488672 0.339063 0.282031 0.0251312
23 0.55 0.483496 0.346875 0.289258 0.0200195
15 0.55 0.483496 0.346875 0.289258 0.0195618
3 0.55 0.483203 0.346875 0.302344 0.0108185
6 0.55 0.483203 0.346875 0.302344 0.00403976
8 0.551562 0.488281 0.339063 0.289062 0.00335121
17 0.55 0.483203 0.346875 0.302344 0.00327301
11 0.55 0.483203 0.346875 0.302344 0.00124454
20 0.554297 0.488281 0.336719 0.301563 0.00118828
14 0.551953 0.488672 0.339063 0.282031 0.00106907
0 0.548828 0.494922 0.341406 0.303125 0.791016
23 0.543848 0.489063 0.348242 0.285938 0.033844
4 0.551172 0.497266 0.342187 0.285156 0.0313721
15 0.543848 0.489063 0.348242 0.285938 0.00800323
3 0.543066 0.490625 0.345117 0.30625 0.0068512
14 0.547656 0.494629 0.335938 0.307617 0.00245285
20 0.547656 0.494629 0.335938 0.307617 0.00239754
8 0.545703 0.49209 0.347656 0.300195 0.00234985
6 0.543066 0.490625 0.345117 0.30625 0.00226974
17 0.543066 0.490625 0.345117 0.30625 0.00174809
25 0.547656 0.494629 0.335938 0.307617 0.00113392
0 0.549609 0.495703 0.338281 0.302344 0.864746
4 0.547656 0.497266 0.3375 0.283594 0.0125275
23 0.545215 0.490625 0.34707 0.289844 0.0118713
3 0.546094 0.491797 0.348438 0.307813 0.003088
15 0.545215 0.490625 0.34707 0.289844 0.00293541
11 0.546094 0.491797 0.348438 0.307813 0.00164223
8 0.546094 0.491797 0.348438 0.307813 0.00135136
6 0.546094 0.491797 0.348438 0.307813 0.00126457
17 0.546094 0.491797 0.348438 0.307813 0.00109005
0 0.549316 0.491797 0.349805 0.317969 0.821777
4 0.548047 0.495313 0.349219 0.30625 0.0116425
23 0.54541 0.491016 0.356055 0.301563 0.00717545
3 0.546973 0.488965 0.360742 0.32207 0.00457382
8 0.546973 0.488965 0.360742 0.32207 0.00251198
11 0.546973 0.488965 0.360742 0.32207 0.00188255
17 0.546973 0.488965 0.360742 0.32207 0.00161648
20 0.550098 0.492285 0.35293 0.320117 0.00161076
15 0.546484 0.488281 0.35625 0.3125 0.00146675
0 0.55625 0.487891 0.351562 0.313281 0.888184
4 0.556641 0.491016 0.348438 0.299219 0.0128708
23 0.551953 0.486719 0.357812 0.3 0.00775528
3 0.55166 0.485938 0.35918 0.316406 0.00195694
11 0.55166 0.485938 0.35918 0.316406 0.00174141
8 0.552441 0.484766 0.360742 0.305469 0.00154877
15 0.552441 0.484766 0.360742 0.305469 0.00130463
17 0.551953 0.486719 0.357812 0.3 0.00123501
6 0.55166 0.485938 0.35918 0.316406 0.0011158
0 0.559375 0.487891 0.346875 0.305469 0.788574
23 0.554688 0.485156 0.354688 0.288281 0.0656128
15 0.555078 0.481934 0.357031 0.295508 0.0103302
4 0.558984 0.489063 0.346875 0.292188 0.00993347
17 0.553027 0.482812 0.356445 0.309375 0.00283432
3 0.553027 0.482812 0.356445 0.309375 0.00254059
6 0.553027 0.482812 0.356445 0.309375 0.0019722
11 0.553027 0.482812 0.356445 0.309375 0.0012207
0 0.554688 0.488672 0.351562 0.299219 0.799316
23 0.551172 0.487109 0.350781 0.277344 0.0432129
4 0.555859 0.489746 0.346094 0.27832 0.0110703
15 0.551562 0.483594 0.353906 0.290625 0.00526047
3 0.550781 0.48584 0.354688 0.306445 0.00453949
20 0.554688 0.488379 0.346875 0.30293 0.00186062
17 0.550781 0.48584 0.354688 0.306445 0.00174809
8 0.550781 0.48584 0.354688 0.306445 0.0017271
11 0.550781 0.48584 0.354688 0.306445 0.00140476
6 0.550781 0.48584 0.354688 0.306445 0.00106525
0 0.557422 0.48916 0.344531 0.306055 0.813965
23 0.551172 0.488379 0.346094 0.29668 0.024704
4 0.555469 0.490625 0.340625 0.292188 0.0151901
15 0.552734 0.485547 0.350781 0.302344 0.00763702
3 0.552734 0.48584 0.349219 0.30957 0.0049057
17 0.551172 0.488379 0.346094 0.29668 0.00206757
20 0.552734 0.48584 0.349219 0.30957 0.00188255
14 0.555469 0.490625 0.340625 0.292188 0.00143242
6 0.552734 0.48584 0.349219 0.30957 0.00135136
8 0.555469 0.485938 0.348438 0.305469 0.00129414
0 0.555469 0.489746 0.35 0.30957 0.654785
23 0.554688 0.491016 0.348438 0.297656 0.0275879
15 0.551465 0.486719 0.358008 0.30625 0.0200958
4 0.554688 0.491016 0.348438 0.297656 0.0121002
17 0.55 0.489746 0.35625 0.301758 0.00455475
14 0.55166 0.485938 0.357617 0.310156 0.00157356
3 0.55166 0.485938 0.357617 0.310156 0.00148964
6 0.55166 0.485938 0.357617 0.310156 0.00143242
25 0.55166 0.485938 0.357617 0.310156 0.00110722
8 0.552344 0.489844 0.351562 0.303125 0.0011034
0 0.55625 0.4875 0.346875 0.300781 0.801758
23 0.552344 0.484277 0.348438 0.28457 0.0168457
4 0.556641 0.488184 0.344531 0.289258 0.00952148
15 0.552344 0.481152 0.35 0.289258 0.00775528
20 0.553516 0.486621 0.345313 0.301758 0.00226974
3 0.550391 0.483594 0.351562 0.303125 0.00206757
8 0.552344 0.484277 0.348438 0.28457 0.00185299
17 0.552344 0.484277 0.348438 0.28457 0.00127888
0 0.554688 0.489063 0.346875 0.301563 0.835449
4 0.554297 0.490625 0.345313 0.290625 0.0120087
23 0.549219 0.487891 0.347656 0.290625 0.0119171
15 0.549609 0.483984 0.35 0.296094 0.00643921
3 0.549121 0.485547 0.35332 0.305469 0.0041008
20 0.552344 0.488965 0.346875 0.30332 0.00192642
8 0.549219 0.487891 0.347656 0.290625 0.00185299
17 0.549219 0.487891 0.347656 0.290625 0.00147247
6 0.549121 0.485547 0.35332 0.305469 0.0011158
0 0.554688 0.486719 0.345313 0.296875 0.823242
23 0.549609 0.484766 0.35 0.282813 0.0204926
4 0.553516 0.486621 0.344531 0.286133 0.0175171
15 0.550781 0.48125 0.35 0.289844 0.0088501
3 0.550098 0.482715 0.351367 0.300195 0.00503922
20 0.553516 0.486035 0.344531 0.29668 0.00337601
8 0.549609 0.484766 0.35 0.282813 0.00240517
6 0.550098 0.482715 0.351367 0.300195 0.00131989
14 0.553516 0.486035 0.344531 0.29668 0.00113392
17 0.549609 0.484766 0.35 0.282813 0.00104809
0 0.553906 0.488672 0.352344 0.30625 0.84375
4 0.555078 0.48916 0.347656 0.291992 0.0119629
23 0.549609 0.487109 0.353906 0.289844 0.00723267
3 0.548438 0.484473 0.357812 0.30918 0.00403976
15 0.550879 0.483594 0.356055 0.296875 0.00359344
8 0.549609 0.487109 0.353906 0.289844 0.00293541
20 0.550391 0.488379 0.352344 0.30918 0.00257111
17 0.549609 0.487109 0.353906 0.289844 0.00157928
0 0.553906 0.488281 0.35 0.303906 0.850098
4 0.553906 0.4875 0.346875 0.292188 0.0108185
23 0.549609 0.484766 0.353906 0.288281 0.00905609
3 0.550098 0.483691 0.356055 0.307617 0.00486755
15 0.550098 0.482031 0.354492 0.295312 0.00388527
8 0.549609 0.484766 0.353906 0.288281 0.00319672
20 0.551562 0.487598 0.35 0.306055 0.00302696
17 0.549609 0.484766 0.353906 0.288281 0.00153637
0 0.554688 0.489941 0.345313 0.310742 0.832031
4 0.554688 0.489941 0.345313 0.301367 0.0111618
23 0.55 0.488281 0.35 0.298438 0.005867
3 0.550098 0.486328 0.35293 0.314844 0.00376511
15 0.551562 0.485059 0.35 0.304883 0.0037365
17 0.55 0.488281 0.35 0.298438 0.00257111
8 0.55 0.488281 0.35 0.298438 0.00239754
20 0.550098 0.486328 0.35293 0.314844 0.00235939
0 0.554688 0.489063 0.35 0.304688 0.848145
4 0.55625 0.489453 0.345313 0.292969 0.00831604
23 0.550098 0.487109 0.35293 0.291406 0.00502014
3 0.550684 0.486328 0.354883 0.309375 0.00402451
15 0.551562 0.484375 0.351562 0.298438 0.00307465
8 0.550098 0.487109 0.35293 0.291406 0.00283432
20 0.550684 0.486328 0.354883 0.309375 0.00192642
17 0.550098 0.487109 0.35293 0.291406 0.00152493
0 0.553906 0.486621 0.346875 0.30332 0.855957
4 0.555469 0.486328 0.34375 0.292969 0.00679779
23 0.55 0.483691 0.35 0.291992 0.00564194
3 0.549902 0.48291 0.354883 0.307617 0.00466537
8 0.55 0.483691 0.35 0.291992 0.00314713
15 0.549902 0.48125 0.350195 0.296875 0.00305176
20 0.549902 0.48291 0.354883 0.307617 0.00191212
17 0.55 0.483691 0.35 0.291992 0.00167465
11 0.549902 0.48291 0.354883 0.307617 0.00119209
6 0.549902 0.48291 0.354883 0.307617 0.00108624
0 0.553125 0.488281 0.346875 0.304688 0.842773
4 0.553906 0.488672 0.34375 0.297656 0.00926971
23 0.548047 0.485547 0.349219 0.297656 0.00754929
3 0.548047 0.485059 0.353906 0.30957 0.00619125
15 0.549219 0.482812 0.349219 0.301563 0.00568771
17 0.548047 0.485547 0.349219 0.297656 0.00345612
8 0.548047 0.485547 0.349219 0.297656 0.0030632
20 0.548047 0.485059 0.353906 0.30957 0.00251198
6 0.548047 0.485059 0.353906 0.30957 0.00135612
0 0.553906 0.487598 0.345313 0.299805 0.838867
23 0.549609 0.484766 0.349219 0.290625 0.0138474
4 0.554688 0.488184 0.34375 0.29082 0.0100937
15 0.55 0.481641 0.348438 0.294531 0.00937653
3 0.549609 0.483496 0.351562 0.30332 0.00387001
8 0.549609 0.484766 0.349219 0.290625 0.00309944
17 0.549609 0.484766 0.349219 0.290625 0.00294685
20 0.549609 0.483496 0.351562 0.30332 0.00153637
6 0.549609 0.483496 0.351562 0.30332 0.00133514
0 0.553125 0.488281 0.34375 0.296094 0.839844
23 0.548438 0.485547 0.345313 0.282813 0.0259552
4 0.554297 0.488281 0.339063 0.285938 0.0154877
15 0.55 0.482715 0.346875 0.287695 0.0151291
3 0.550391 0.483691 0.349219 0.299805 0.00363541
17 0.548438 0.485547 0.345313 0.282813 0.00282288
8 0.548438 0.485547 0.345313 0.282813 0.00261116
6 0.550391 0.483691 0.349219 0.299805 0.00216484
20 0.550391 0.483691 0.349219 0.299805 0.00135612
0 0.553906 0.488281 0.348438 0.299219 0.858887
23 0.549219 0.485547 0.349219 0.288281 0.0118713
4 0.553906 0.488184 0.34375 0.29082 0.0112915
15 0.550391 0.482422 0.35 0.29375 0.00740433
3 0.55 0.484375 0.353125 0.303125 0.00329781
17 0.549219 0.485547 0.349219 0.288281 0.00311089
8 0.549219 0.485547 0.349219 0.288281 0.00298119
6 0.55 0.484375 0.353125 0.303125 0.00171375
20 0.55 0.484375 0.353125 0.303125 0.0015974
0 0.553516 0.487891 0.344531 0.3 0.853027
23 0.549609 0.484473 0.346094 0.288867 0.0116425
15 0.550391 0.482129 0.347656 0.293555 0.0112
4 0.554688 0.487402 0.342187 0.29082 0.00993347
17 0.549609 0.484473 0.346094 0.288867 0.00358009
3 0.550098 0.484375 0.351367 0.303906 0.00342941
8 0.549609 0.484473 0.346094 0.288867 0.00333786
6 0.550098 0.484375 0.351367 0.303906 0.00188923
20 0.550098 0.484375 0.351367 0.303906 0.00178242
11 0.550098 0.484375 0.351367 0.303906 0.00106049
0 0.552734 0.487891 0.342969 0.296094 0.848145
15 0.55 0.481934 0.345313 0.29082 0.0111618
4 0.554297 0.487109 0.339844 0.288281 0.00978088
23 0.549219 0.484473 0.345313 0.287305 0.00959778
17 0.549219 0.484473 0.345313 0.287305 0.00421524
8 0.549219 0.484473 0.345313 0.287305 0.00322342
3 0.549316 0.484375 0.349805 0.3 0.00274658
6 0.549316 0.484375 0.349805 0.3 0.00176811
11 0.549316 0.484375 0.349805 0.3 0.0011425
20 0.549316 0.484375 0.349805 0.3 0.00109005
0 0.553125 0.489746 0.345313 0.298633 0.863281
4 0.553125 0.489746 0.340625 0.289258 0.0116882
23 0.54834 0.4875 0.34707 0.2875 0.0091629
15 0.55 0.484375 0.346875 0.292188 0.00837708
8 0.54834 0.4875 0.34707 0.2875 0.00376511
17 0.54834 0.4875 0.34707 0.2875 0.00362206
3 0.549316 0.486328 0.351367 0.303125 0.00281143
6 0.549316 0.486328 0.351367 0.303125 0.00139904
20 0.549316 0.486328 0.351367 0.303125 0.0011034
0 0.552344 0.488672 0.346875 0.298438 0.861328
4 0.553906 0.488184 0.34375 0.289258 0.00963593
23 0.548535 0.48584 0.348242 0.286133 0.0078125
15 0.55 0.482812 0.348438 0.290625 0.00605011
8 0.548535 0.48584 0.348242 0.286133 0.00356483
17 0.548535 0.48584 0.348242 0.286133 0.00300407
3 0.549902 0.484766 0.351758 0.302344 0.00268364
6 0.549902 0.484766 0.351758 0.302344 0.00126457
20 0.549902 0.484766 0.351758 0.302344 0.0011692
11 0.549902 0.484766 0.351758 0.302344 0.00100803
0 0.553125 0.489941 0.345313 0.301367 0.862305
4 0.553906 0.489453 0.342187 0.291406 0.0107803
23 0.548438 0.487109 0.346875 0.289844 0.00997162
15 0.55 0.483984 0.346875 0.294531 0.00800323
17 0.548438 0.487109 0.346875 0.289844 0.00329781
8 0.548438 0.487109 0.346875 0.289844 0.00322342
3 0.549609 0.486328 0.350781 0.305469 0.00265312
6 0.549609 0.486328 0.350781 0.305469 0.00159168
20 0.549609 0.486328 0.350781 0.305469 0.00121593
0 0.552344 0.489941 0.345313 0.301367 0.870605
23 0.547266 0.487109 0.347656 0.289844 0.0117798
4 0.552344 0.489844 0.342187 0.290625 0.0115967
15 0.549219 0.483984 0.346875 0.294531 0.00743103
8 0.547266 0.487109 0.347656 0.289844 0.00353813
17 0.547266 0.487109 0.347656 0.289844 0.00302696
3 0.549121 0.486035 0.351758 0.306055 0.00277901
6 0.549121 0.486035 0.351758 0.306055 0.00157356
20 0.549121 0.486035 0.351758 0.306055 0.00129414
11 0.549121 0.486035 0.351758 0.306055 0.00108147
0 0.552344 0.489453 0.348438 0.301563 0.872559
23 0.547754 0.486719 0.349805 0.290625 0.0107346
4 0.552344 0.489453 0.34375 0.291406 0.0106964
15 0.549316 0.483594 0.349805 0.295312 0.00723267
8 0.547754 0.486719 0.349805 0.290625 0.00351143
17 0.547754 0.486719 0.349805 0.290625 0.0028553
3 0.549121 0.485547 0.35332 0.307031 0.00284576
6 0.549121 0.485547 0.35332 0.307031 0.00143814
20 0.549121 0.485547 0.35332 0.307031 0.00125504
11 0.549121 0.485547 0.35332 0.307031 0.00104046
0 0.552344 0.488965 0.345313 0.29707 0.874023
4 0.553125 0.488379 0.342187 0.287305 0.0107346
23 0.548438 0.485938 0.348438 0.285938 0.0100098
15 0.549219 0.482812 0.348438 0.290625 0.00769424
8 0.548438 0.485938 0.348438 0.285938 0.00345612
17 0.548438 0.485938 0.348438 0.285938 0.00271416
3 0.549219 0.484766 0.352344 0.302344 0.00243378
6 0.549219 0.484766 0.352344 0.302344 0.00150108
20 0.549219 0.484766 0.352344 0.302344 0.00103188
0 0.552344 0.488184 0.346875 0.29707 0.868652
23 0.548535 0.485156 0.349805 0.2875 0.0122375
4 0.553125 0.487891 0.34375 0.2875 0.0109024
15 0.549316 0.482129 0.349805 0.291992 0.00963593
8 0.548535 0.485156 0.349805 0.2875 0.00332451
17 0.548535 0.485156 0.349805 0.2875 0.00290108
3 0.549121 0.484277 0.35332 0.301758 0.0024929
6 0.549121 0.484277 0.35332 0.301758 0.00171375
0 0.552344 0.488379 0.346875 0.298242 0.866211
23 0.548047 0.485547 0.349219 0.288281 0.0116425
4 0.553125 0.488379 0.34375 0.288867 0.0109024
15 0.549316 0.481934 0.349805 0.292383 0.00912476
8 0.548047 0.485547 0.349219 0.288281 0.00353813
17 0.548047 0.485547 0.349219 0.288281 0.00328636
3 0.549121 0.484473 0.35332 0.30293 0.00261116
6 0.549121 0.484473 0.35332 0.30293 0.00162888
20 0.549121 0.484473 0.35332 0.30293 0.00109005
0 0.552344 0.488965 0.346875 0.298633 0.868652
4 0.553125 0.488379 0.34375 0.29043 0.01017
23 0.548047 0.48584 0.349219 0.289258 0.0100937
15 0.548828 0.48291 0.349219 0.293555 0.00831604
8 0.548047 0.48584 0.349219 0.289258 0.00365067
17 0.548047 0.48584 0.349219 0.289258 0.00345612
3 0.549219 0.484766 0.353125 0.303125 0.0027256
6 0.549219 0.484766 0.353125 0.303125 0.00156689
20 0.549219 0.484766 0.353125 0.303125 0.00117874
0 0.552344 0.488672 0.346875 0.298438 0.866211
23 0.548047 0.485938 0.348438 0.289062 0.0103683
4 0.553516 0.488379 0.342969 0.29043 0.0102921
15 0.549121 0.48291 0.348633 0.293555 0.00837708
8 0.548047 0.485938 0.348438 0.289062 0.0039444
17 0.548047 0.485938 0.348438 0.289062 0.00332451
3 0.549219 0.484766 0.352344 0.303125 0.00291252
6 0.549219 0.484766 0.352344 0.303125 0.00156689
20 0.549219 0.484766 0.352344 0.303125 0.00123501
11 0.549219 0.484766 0.352344 0.303125 0.00104046
0 0.552344 0.488672 0.346875 0.299219 0.863281
23 0.548438 0.48584 0.348438 0.29082 0.0103683
4 0.553516 0.488184 0.342969 0.29082 0.00981903
15 0.549219 0.483203 0.349219 0.294531 0.00891876
8 0.548438 0.48584 0.348438 0.29082 0.00378036
17 0.548438 0.48584 0.348438 0.29082 0.00356483
3 0.549609 0.484766 0.352344 0.303906 0.00300407
6 0.549609 0.484766 0.352344 0.303906 0.00163555
20 0.549609 0.484766 0.352344 0.303906 0.0012846
11 0.549609 0.484766 0.352344 0.303906 0.00104809
0 0.552734 0.48916 0.346875 0.299805 0.862305
23 0.54834 0.486621 0.348633 0.29082 0.0109482
4 0.553516 0.488184 0.342969 0.29082 0.00963593
15 0.549121 0.483594 0.348633 0.295312 0.00930023
8 0.54834 0.486621 0.348633 0.29082 0.00385475
17 0.54834 0.486621 0.348633 0.29082 0.00353813
3 0.549609 0.485156 0.352344 0.303906 0.00294685
6 0.549609 0.485156 0.352344 0.303906 0.00162315
20 0.549609 0.485156 0.352344 0.303906 0.00126457
0 0.552734 0.489063 0.346875 0.3 0.868652
4 0.553516 0.488672 0.342969 0.292188 0.00948334
23 0.548438 0.486719 0.348438 0.292188 0.00923157
15 0.549609 0.483496 0.349219 0.295508 0.00751877
8 0.548438 0.486719 0.348438 0.292188 0.00403976
17 0.548438 0.486719 0.348438 0.292188 0.00356483
3 0.549902 0.485156 0.35332 0.304688 0.00275803
6 0.549902 0.485156 0.35332 0.304688 0.00151253
20 0.549902 0.485156 0.35332 0.304688 0.00123501
0 0.552344 0.488379 0.346875 0.298242 0.866211
23 0.548047 0.485547 0.349219 0.288281 0.0115051
4 0.553125 0.488379 0.34375 0.288867 0.0108566
15 0.549316 0.481934 0.349805 0.292383 0.00905609
8 0.548047 0.485547 0.349219 0.288281 0.00356483
17 0.548047 0.485547 0.349219 0.288281 0.00329781
3 0.549121 0.484473 0.35332 0.30293 0.00260162
6 0.549121 0.484473 0.35332 0.30293 0.00161648
20 0.549121 0.484473 0.35332 0.30293 0.00109482
