14 0.439453 0.50625 0.432031 0.364063 0.0069313
11 0.439453 0.50625 0.432031 0.364063 0.00677109
5 0.446875 0.500781 0.461719 0.385938 0.00482941
3 0.44209 0.505859 0.42207 0.340625 0.00416565
11 0.416504 0.702734 0.77168 0.594531 0.00355148
5 0.416504 0.702734 0.77168 0.594531 0.00286674
11 0.492188 0.437891 0.604688 0.499219 0.00273705
11 0.540234 0.499121 0.644531 0.345508 0.00265312
11 0.420215 0.738281 0.579883 0.523438 0.00247192
4 0.439453 0.50625 0.432031 0.364063 0.00230598
10 0.439453 0.50625 0.432031 0.364063 0.00223351
20 0.439453 0.50625 0.432031 0.364063 0.00206757
11 0.612109 0.383203 0.775781 0.639063 0.00198746
5 0.534375 0.491016 0.646875 0.408594 0.00195694
11 0.463281 0.671777 0.889063 0.656445 0.00186729
9 0.44375 0.502344 0.442969 0.38125 0.00182438
2 0.439453 0.50625 0.432031 0.364063 0.00176811
14 0.416504 0.702734 0.77168 0.594531 0.00171375
5 0.420215 0.738281 0.579883 0.523438 0.00169373
5 0.564453 0.473438 0.721094 0.538281 0.0016613
7 0.416504 0.702734 0.77168 0.594531 0.00158501
14 0.453516 0.708203 0.525 0.583594 0.00156116
9 0.530078 0.466016 0.641406 0.44375 0.00150108
23 0.439453 0.50625 0.432031 0.364063 0.00146675
4 0.420215 0.738281 0.579883 0.523438 0.00141621
14 0.532813 0.492578 0.6375 0.350781 0.00141048
11 0.489063 0.766797 0.45 0.466406 0.00141048
0 0.44209 0.505859 0.42207 0.340625 0.00139904
9 0.4 0.776953 0.607813 0.446094 0.00136662
2 0.532813 0.492578 0.6375 0.350781 0.00125504
7 0.532813 0.492578 0.6375 0.350781 0.00121117
4 0.530078 0.466016 0.641406 0.44375 0.00115108
10 0.4 0.776953 0.607813 0.446094 0.00115108
17 0.44209 0.505859 0.42207 0.340625 0.00112438
11 0.543848 0.386328 0.65918 0.772656 0.00105667
5 0.539062 0.550781 0.70625 0.873438 0.00104809
11 0.576953 0.619531 0.846094 0.760938 0.00104809
7 0.438281 0.504004 0.429688 0.360742 0.00104427
14 0.489063 0.766797 0.45 0.466406 0.00104046
7 0.564453 0.473438 0.721094 0.538281 0.00103664
8 0.44209 0.505859 0.42207 0.340625 0.00102806
4 0.489063 0.766797 0.45 0.466406 0.00102806
4 0.416504 0.702734 0.77168 0.594531 0.00101185
9 0.453516 0.708203 0.525 0.583594 0.00100422
11 0.597559 0.707422 0.689258 0.585156 0.00100422
22 0.457813 0.607422 0.524219 0.785156 0.830078
17 0.421973 0.657813 0.791992 0.684375 0.796875
17 0.549219 0.322656 0.814063 0.645312 0.782715
17 0.411816 0.582715 0.531055 0.737695 0.767578
17 0.406641 0.324023 0.813281 0.648047 0.682617
22 0.421973 0.657813 0.791992 0.684375 0.675781
22 0.549219 0.322656 0.814063 0.645312 0.672363
17 0.644141 0.349023 0.711719 0.698047 0.631836
22 0.434375 0.520312 0.629687 0.875 0.613281
17 0.715039 0.423438 0.569922 0.846875 0.604004
17 0.440625 0.627734 0.639063 0.744531 0.577637
22 0.406641 0.324023 0.813281 0.648047 0.565918
22 0.617969 0.577344 0.764063 0.845313 0.546875
22 0.416504 0.596094 0.51543 0.565625 0.544922
22 0.644141 0.349023 0.711719 0.698047 0.513672
17 0.364844 0.375391 0.729688 0.750781 0.496094
22 0.715039 0.423438 0.569922 0.846875 0.490234
17 0.328711 0.601562 0.657422 0.796875 0.482422
20 0.434375 0.520312 0.629687 0.875 0.445557
17 0.374609 0.461328 0.682031 0.910156 0.434082
22 0.350195 0.625391 0.700391 0.749219 0.411133
14 0.374609 0.461328 0.682031 0.910156 0.407227
22 0.364844 0.375391 0.729688 0.750781 0.396973
17 0.46416 0.516016 0.47793 0.789844 0.394287
17 0.464063 0.383594 0.857813 0.767188 0.346924
17 0.617969 0.577344 0.764063 0.845313 0.338135
22 0.484766 0.604688 0.783594 0.790625 0.32251
17 0.316797 0.420312 0.633594 0.840625 0.308105
17 0.383594 0.707812 0.767188 0.584375 0.301514
20 0.394141 0.598437 0.563281 0.59375 0.289307
20 0.549219 0.322656 0.814063 0.645312 0.282959
17 0.735938 0.53125 0.528125 0.925 0.264404
20 0.386523 0.679688 0.773047 0.640625 0.264404
17 0.738477 0.63125 0.523047 0.7375 0.253906
14 0.394141 0.598437 0.563281 0.59375 0.251709
22 0.581348 0.625781 0.688867 0.748438 0.250977
17 0.335547 0.292969 0.671094 0.585938 0.247314
22 0.383594 0.707812 0.767188 0.584375 0.240112
20 0.406641 0.324023 0.813281 0.648047 0.233765
22 0.464063 0.383594 0.857813 0.767188 0.230225
22 0.316797 0.420312 0.633594 0.840625 0.217285
20 0.440625 0.627734 0.639063 0.744531 0.216064
17 0.735156 0.369531 0.529688 0.739062 0.196777
22 0.375391 0.428125 0.750781 0.85625 0.186523
22 0.335547 0.292969 0.671094 0.585938 0.185303
17 0.754687 0.448047 0.490625 0.863281 0.178345
17 0.59375 0.417188 0.8125 0.834375 0.174927
17 0.310937 0.704492 0.621875 0.591016 0.168335
22 0.735938 0.53125 0.528125 0.925 0.16394
22 0.754687 0.448047 0.490625 0.863281 0.162964
17 0.43584 0.564063 0.77832 0.871875 0.15564
3 0.411816 0.582715 0.531055 0.737695 0.154541
22 0.735156 0.369531 0.529688 0.739062 0.150024
20 0.644141 0.349023 0.711719 0.698047 0.149048
22 0.714844 0.628125 0.570312 0.74375 0.147583
20 0.364844 0.375391 0.729688 0.750781 0.147095
14 0.549219 0.322656 0.814063 0.645312 0.146118
22 0.59375 0.417188 0.8125 0.834375 0.139404
17 0.581348 0.625781 0.688867 0.748438 0.136108
17 0.623047 0.267188 0.753906 0.534375 0.133911
20 0.372266 0.446094 0.744531 0.892188 0.128906
22 0.310937 0.704492 0.621875 0.591016 0.125488
20 0.692187 0.398828 0.615625 0.797656 0.124207
14 0.406641 0.324023 0.813281 0.648047 0.120422
14 0.421973 0.657813 0.791992 0.684375 0.115173
3 0.374609 0.461328 0.682031 0.910156 0.113953
14 0.43584 0.564063 0.77832 0.871875 0.113953
22 0.446777 0.677344 0.551758 0.645312 0.109314
20 0.464063 0.383594 0.857813 0.767188 0.107056
3 0.549219 0.322656 0.814063 0.645312 0.106689
17 0.446777 0.677344 0.551758 0.645312 0.105957
17 0.363672 0.530859 0.727344 0.938281 0.105591
20 0.462891 0.601953 0.4875 0.717969 0.101929
17 0.646094 0.45625 0.707812 0.9125 0.101562
3 0.423828 0.680469 0.792969 0.639063 0.101257
20 0.44375 0.608594 0.826563 0.782813 0.100159
17 0.533594 0.711523 0.804688 0.576953 0.0933228
11 0.374609 0.461328 0.682031 0.910156 0.0900879
17 0.694531 0.291406 0.610938 0.582812 0.0894775
17 0.768164 0.641016 0.463672 0.717969 0.0869141
14 0.644141 0.349023 0.711719 0.698047 0.0866089
22 0.647656 0.489453 0.704688 0.942969 0.0847778
22 0.363672 0.530859 0.727344 0.938281 0.0812378
22 0.533594 0.711523 0.804688 0.576953 0.0794678
13 0.374609 0.461328 0.682031 0.910156 0.0783691
1 0.5 0.323438 0.815625 0.646875 0.0778198
20 0.316797 0.420312 0.633594 0.840625 0.0766602
3 0.406641 0.324023 0.813281 0.648047 0.076416
20 0.360156 0.646875 0.720313 0.70625 0.0761108
14 0.339063 0.348047 0.678125 0.696094 0.0758667
17 0.672656 0.657031 0.654688 0.685938 0.0747681
1 0.423828 0.680469 0.792969 0.639063 0.0734253
20 0.335547 0.292969 0.671094 0.585938 0.0713501
14 0.692383 0.425 0.615234 0.85 0.0692749
17 0.281641 0.347656 0.563281 0.695312 0.0682983
1 0.61875 0.349219 0.7625 0.698438 0.0675659
3 0.491016 0.573828 0.757031 0.852344 0.0668335
22 0.768164 0.641016 0.463672 0.717969 0.0658569
20 0.326172 0.726172 0.652344 0.547656 0.0656128
3 0.644141 0.349023 0.711719 0.698047 0.0651245
22 0.623047 0.267188 0.753906 0.534375 0.062561
1 0.440625 0.627734 0.639063 0.744531 0.0616455
1 0.383203 0.323828 0.766406 0.647656 0.0609741
22 0.694531 0.291406 0.610938 0.582812 0.0585632
3 0.715039 0.423438 0.569922 0.846875 0.0585632
25 0.394141 0.598437 0.563281 0.59375 0.0585632
14 0.42334 0.602734 0.593945 0.794531 0.0585632
20 0.717578 0.48125 0.564844 0.94375 0.0583496
11 0.491016 0.573828 0.757031 0.852344 0.0572815
8 0.374609 0.461328 0.682031 0.910156 0.0560303
19 0.850391 0.753516 0.299219 0.385156 0.0549927
1 0.692383 0.425 0.615234 0.85 0.0549927
14 0.383594 0.707812 0.767188 0.584375 0.0548096
3 0.448438 0.637109 0.551562 0.725781 0.0528259
1 0.366211 0.401563 0.732422 0.803125 0.0499573
3 0.350195 0.625391 0.700391 0.749219 0.0499573
8 0.394141 0.598437 0.563281 0.59375 0.0492249
14 0.316797 0.420312 0.633594 0.840625 0.0483093
14 0.464063 0.383594 0.857813 0.767188 0.0467224
1 0.411816 0.582715 0.531055 0.737695 0.0455322
17 0.211719 0.690625 0.423438 0.61875 0.0453491
22 0.281641 0.347656 0.563281 0.695312 0.0451965
13 0.391016 0.705859 0.782031 0.588281 0.0441895
20 0.59375 0.417188 0.8125 0.834375 0.0428772
20 0.714258 0.653516 0.571484 0.692969 0.0422363
20 0.496875 0.705469 0.834375 0.589063 0.0420837
13 0.553906 0.349805 0.829688 0.699609 0.0406799
1 0.714258 0.653516 0.571484 0.692969 0.0401001
1 0.314453 0.370117 0.628906 0.740234 0.0396423
3 0.364844 0.375391 0.729688 0.750781 0.0394897
11 0.394141 0.598437 0.563281 0.59375 0.0386047
20 0.349609 0.5875 0.699219 0.825 0.0379028
3 0.46416 0.516016 0.47793 0.789844 0.037323
13 0.394141 0.598437 0.563281 0.59375 0.0370483
5 0.421875 0.5125 0.759375 0.903125 0.0351562
14 0.310937 0.704492 0.621875 0.591016 0.0350037
8 0.553906 0.349805 0.829688 0.699609 0.0347595
14 0.360156 0.646875 0.720313 0.70625 0.0344849
20 0.617969 0.577344 0.764063 0.845313 0.0335999
0 0.394141 0.598437 0.563281 0.59375 0.0333252
3 0.617969 0.577344 0.764063 0.845313 0.0328369
1 0.717969 0.529688 0.564063 0.940625 0.0324097
1 0.444531 0.41875 0.835938 0.8375 0.0323486
17 0.472559 0.233008 0.751758 0.466016 0.0322266
8 0.423828 0.680469 0.792969 0.639063 0.0322266
1 0.283203 0.440625 0.566406 0.88125 0.0320435
13 0.4125 0.350586 0.825 0.701172 0.0316162
1 0.35293 0.71875 0.705859 0.5625 0.0315552
14 0.46416 0.516016 0.47793 0.789844 0.03125
22 0.248242 0.754883 0.496484 0.490234 0.0310211
1 0.377344 0.424219 0.596875 0.848437 0.0304413
13 0.43584 0.564063 0.77832 0.871875 0.0303345
14 0.35 0.267578 0.7 0.535156 0.0299835
1 0.328711 0.601562 0.657422 0.796875 0.0293732
1 0.382422 0.472266 0.764063 0.924219 0.0291443
3 0.35293 0.71875 0.705859 0.5625 0.0289764
25 0.434375 0.520312 0.629687 0.875 0.0287628
8 0.406641 0.324023 0.813281 0.648047 0.0284424
17 0.472754 0.757812 0.585742 0.484375 0.0284424
22 0.631641 0.658594 0.736719 0.682813 0.0276947
22 0.472754 0.757812 0.585742 0.484375 0.0276947
3 0.464063 0.383594 0.857813 0.767188 0.0275879
3 0.316797 0.420312 0.633594 0.840625 0.0274811
10 0.374609 0.461328 0.682031 0.910156 0.0261536
22 0.211719 0.690625 0.423438 0.61875 0.0261536
17 0.248242 0.754883 0.496484 0.490234 0.0258636
17 0.260938 0.475781 0.521875 0.926562 0.0257568
17 0.193555 0.759766 0.387109 0.480469 0.0257568
14 0.714258 0.653516 0.571484 0.692969 0.0244293
20 0.646094 0.45625 0.707812 0.9125 0.0240479
13 0.644141 0.349023 0.711719 0.698047 0.0238647
14 0.59375 0.417188 0.8125 0.834375 0.0237732
16 0.374609 0.461328 0.682031 0.910156 0.0237732
14 0.717969 0.529688 0.564063 0.940625 0.0237732
13 0.692383 0.425 0.615234 0.85 0.0231476
11 0.423828 0.680469 0.792969 0.639063 0.0229797
11 0.553906 0.349805 0.829688 0.699609 0.0225372
8 0.42334 0.602734 0.593945 0.794531 0.0223694
1 0.312695 0.289062 0.625391 0.578125 0.0223236
22 0.193555 0.759766 0.387109 0.480469 0.0219421
9 0.491016 0.573828 0.757031 0.852344 0.0218658
17 0.505078 0.758594 0.504687 0.482812 0.0216217
25 0.462891 0.601953 0.4875 0.717969 0.0215302
8 0.644141 0.349023 0.711719 0.698047 0.0213623
3 0.335547 0.292969 0.671094 0.585938 0.0210419
22 0.505078 0.758594 0.504687 0.482812 0.0210419
13 0.695117 0.68125 0.609766 0.6375 0.0208893
10 0.394141 0.598437 0.563281 0.59375 0.0207977
3 0.735938 0.53125 0.528125 0.925 0.0207977
14 0.211719 0.690625 0.423438 0.61875 0.0206451
3 0.714258 0.653516 0.571484 0.692969 0.0205688
14 0.339844 0.571094 0.679688 0.857813 0.02034
8 0.692383 0.425 0.615234 0.85 0.0201721
0 0.374609 0.461328 0.682031 0.910156 0.0201721
13 0.339063 0.348047 0.678125 0.696094 0.0200195
13 0.370703 0.429688 0.741406 0.859375 0.0193481
3 0.754687 0.448047 0.490625 0.863281 0.0189819
20 0.736328 0.582422 0.527344 0.835156 0.0189819
22 0.775391 0.315234 0.449219 0.630469 0.0183411
3 0.581348 0.625781 0.688867 0.748438 0.0182648
20 0.281641 0.347656 0.563281 0.695312 0.0181274
1 0.693555 0.320703 0.612891 0.641406 0.0180969
22 0.260938 0.475781 0.521875 0.926562 0.0180511
22 0.786719 0.567578 0.426563 0.780469 0.0180511
11 0.360156 0.646875 0.720313 0.70625 0.0177765
10 0.423828 0.680469 0.792969 0.639063 0.0176392
20 0.754687 0.448047 0.490625 0.863281 0.0175781
13 0.44541 0.638672 0.745117 0.722656 0.0173798
11 0.406641 0.324023 0.813281 0.648047 0.0173035
21 0.848828 0.757812 0.302344 0.378125 0.0171814
8 0.328711 0.601562 0.657422 0.796875 0.016983
20 0.446777 0.677344 0.551758 0.645312 0.0168457
20 0.581348 0.625781 0.688867 0.748438 0.0167236
3 0.735156 0.369531 0.529688 0.739062 0.0163422
3 0.53125 0.434375 0.8 0.86875 0.0162811
13 0.338086 0.635547 0.676172 0.728906 0.0162201
1 0.446777 0.677344 0.551758 0.645312 0.0161591
1 0.533594 0.711523 0.804688 0.576953 0.0160217
25 0.362109 0.430859 0.634375 0.861719 0.0158997
13 0.59375 0.417188 0.8125 0.834375 0.0158386
20 0.33125 0.527344 0.6625 0.935938 0.0158386
1 0.673438 0.583594 0.653125 0.832812 0.0157166
13 0.326172 0.726172 0.652344 0.547656 0.0156708
1 0.592578 0.439063 0.814844 0.878125 0.0154266
14 0.623047 0.267188 0.753906 0.534375 0.0153046
8 0.364844 0.375391 0.729688 0.750781 0.0153046
1 0.754687 0.448047 0.490625 0.863281 0.0150146
16 0.394141 0.598437 0.563281 0.59375 0.0148392
1 0.44375 0.608594 0.826563 0.782813 0.0142822
13 0.42334 0.602734 0.593945 0.794531 0.014061
14 0.443652 0.654688 0.55332 0.690625 0.014061
0 0.46416 0.516016 0.47793 0.789844 0.0140076
14 0.647656 0.489453 0.704688 0.942969 0.0140076
11 0.644141 0.349023 0.711719 0.698047 0.0138474
3 0.285156 0.71582 0.570312 0.568359 0.013588
1 0.647656 0.489453 0.704688 0.942969 0.0133286
1 0.33125 0.527344 0.6625 0.935938 0.0132217
17 0.751172 0.270508 0.497656 0.541016 0.012825
21 0.811719 0.574219 0.292188 0.379688 0.0126724
20 0.211719 0.690625 0.423438 0.61875 0.0126724
11 0.442578 0.623047 0.647656 0.753906 0.0126266
22 0.676367 0.710156 0.647266 0.579688 0.0125275
14 0.694531 0.291406 0.610938 0.582812 0.0124283
17 0.786719 0.567578 0.426563 0.780469 0.0122375
1 0.735156 0.369531 0.529688 0.739062 0.0119629
11 0.716602 0.45 0.566797 0.9 0.0119629
14 0.617969 0.577344 0.764063 0.845313 0.0119629
2 0.411816 0.582715 0.531055 0.737695 0.0118713
19 0.124805 0.285156 0.249609 0.423438 0.0118256
25 0.421973 0.657813 0.791992 0.684375 0.0118256
21 0.124805 0.285156 0.249609 0.423438 0.0116882
13 0.717969 0.529688 0.564063 0.940625 0.0114212
1 0.77168 0.669824 0.456641 0.660352 0.0114212
3 0.533594 0.711523 0.804688 0.576953 0.0113754
11 0.326172 0.726172 0.652344 0.547656 0.0112457
11 0.405469 0.410156 0.810938 0.820312 0.011116
13 0.281055 0.417969 0.562109 0.835938 0.0109863
17 0.59209 0.227148 0.687695 0.454297 0.0107803
25 0.595313 0.322266 0.809375 0.644531 0.0107803
14 0.248242 0.754883 0.496484 0.490234 0.0107346
11 0.339063 0.348047 0.678125 0.696094 0.0106964
25 0.389844 0.614453 0.760938 0.771094 0.0106125
13 0.484766 0.446875 0.545313 0.89375 0.0105667
22 0.472559 0.233008 0.751758 0.466016 0.0104904
11 0.457813 0.607422 0.524219 0.785156 0.0104904
3 0.623047 0.267188 0.753906 0.534375 0.0104523
10 0.549219 0.322656 0.814063 0.645312 0.0102921
14 0.533594 0.711523 0.804688 0.576953 0.0100937
17 0.482812 0.800195 0.507031 0.399609 0.0100555
3 0.619531 0.435156 0.760938 0.870313 0.0100098
13 0.327344 0.478125 0.654688 0.934375 0.00997162
1 0.59209 0.267969 0.789258 0.535937 0.00993347
20 0.623047 0.267188 0.753906 0.534375 0.00993347
21 0.141211 0.216797 0.282422 0.425781 0.00989532
14 0.735156 0.369531 0.529688 0.739062 0.00985718
1 0.484766 0.446875 0.545313 0.89375 0.00981903
8 0.735938 0.484375 0.528125 0.923438 0.00978088
24 0.43584 0.564063 0.77832 0.871875 0.00978088
13 0.510156 0.733594 0.851562 0.532813 0.00971222
17 0.2875 0.218164 0.575 0.436328 0.00963593
20 0.768164 0.641016 0.463672 0.717969 0.00955963
25 0.351367 0.685156 0.702734 0.629687 0.00952148
17 0.169531 0.771875 0.339063 0.45625 0.00948334
1 0.633594 0.685156 0.732813 0.629687 0.00948334
17 0.642969 0.741406 0.714063 0.517188 0.00948334
20 0.260938 0.475781 0.521875 0.926562 0.00945282
14 0.193555 0.759766 0.387109 0.480469 0.00933838
0 0.547656 0.294922 0.801562 0.589844 0.00926971
20 0.694531 0.291406 0.610938 0.582812 0.00926971
13 0.647656 0.489453 0.704688 0.942969 0.00926971
22 0.325 0.582812 0.65 0.834375 0.00926971
1 0.616797 0.610156 0.766406 0.779688 0.00926971
8 0.43584 0.564063 0.77832 0.871875 0.00912476
10 0.328711 0.601562 0.657422 0.796875 0.00908661
10 0.491016 0.573828 0.757031 0.852344 0.00905609
2 0.374609 0.461328 0.682031 0.910156 0.00891876
20 0.248242 0.754883 0.496484 0.490234 0.00891876
3 0.694531 0.291406 0.610938 0.582812 0.0088501
3 0.281641 0.347656 0.563281 0.695312 0.00878143
1 0.265234 0.724219 0.530469 0.551562 0.00874329
19 0.491797 0.501172 0.391406 0.332813 0.00674438
21 0.498535 0.505469 0.343555 0.317969 0.00638962
19 0.528906 0.7625 0.396094 0.364063 0.00602722
1 0.562109 0.641797 0.825781 0.716406 0.00593567
19 0.269531 0.829297 0.3375 0.341406 0.00466537
17 0.566016 0.629785 0.727344 0.74043 0.00399017
12 0.562109 0.641797 0.825781 0.716406 0.00383949
22 0.566016 0.629785 0.727344 0.74043 0.00370789
1 0.461328 0.616504 0.557813 0.64043 0.00352478
22 0.461328 0.616504 0.557813 0.64043 0.00293541
12 0.430469 0.666016 0.825 0.667969 0.00291252
12 0.311328 0.705469 0.622656 0.589063 0.00271416
21 0.269531 0.829297 0.3375 0.341406 0.00268364
1 0.425781 0.643359 0.832812 0.713281 0.0026722
4 0.441797 0.533203 0.428125 0.386719 0.00257111
17 0.461328 0.616504 0.557813 0.64043 0.00257111
2 0.439453 0.511328 0.426563 0.367188 0.00253105
1 0.323438 0.681641 0.646875 0.636719 0.00247192
16 0.485938 0.830078 0.4 0.339844 0.00235939
11 0.458691 0.66709 0.785742 0.66582 0.00220871
16 0.527734 0.784375 0.395313 0.359375 0.00213242
12 0.323633 0.67666 0.647266 0.64668 0.00202751
1 0.441797 0.533203 0.428125 0.386719 0.00186729
4 0.458691 0.66709 0.785742 0.66582 0.00184631
13 0.458691 0.66709 0.785742 0.66582 0.00184631
20 0.562109 0.641797 0.825781 0.716406 0.00181007
0 0.439453 0.511328 0.426563 0.367188 0.00178242
12 0.242969 0.732617 0.485938 0.534766 0.00174809
12 0.441797 0.533203 0.428125 0.386719 0.0017271
12 0.446875 0.575 0.7875 0.825 0.0017271
3 0.562109 0.641797 0.825781 0.716406 0.00171375
17 0.458691 0.66709 0.785742 0.66582 0.00169373
11 0.563281 0.61875 0.829688 0.7625 0.00168133
22 0.458691 0.66709 0.785742 0.66582 0.00163555
16 0.416797 0.469922 0.408594 0.310156 0.00162315
14 0.4875 0.642188 0.835938 0.715625 0.00161076
21 0.533984 0.762891 0.364844 0.338281 0.00160408
13 0.563281 0.61875 0.829688 0.7625 0.00156116
4 0.563281 0.61875 0.829688 0.7625 0.00154305
13 0.311328 0.705469 0.622656 0.589063 0.00151253
17 0.431641 0.542578 0.447656 0.408594 0.0014782
12 0.491016 0.701172 0.650781 0.597656 0.00147247
12 0.422266 0.589453 0.560156 0.575781 0.00143242
17 0.323438 0.681641 0.646875 0.636719 0.00140476
19 0.483203 0.81543 0.397656 0.369141 0.00138855
19 0.436719 0.471484 0.414062 0.304688 0.00129414
16 0.483984 0.494922 0.425781 0.335156 0.00128937
22 0.431641 0.542578 0.447656 0.408594 0.00128937
3 0.441797 0.533203 0.428125 0.386719 0.0012598
16 0.531641 0.669922 0.753906 0.660156 0.0012598
1 0.242969 0.732617 0.485938 0.534766 0.00121593
2 0.562109 0.641797 0.825781 0.716406 0.00119209
13 0.400781 0.695508 0.801562 0.608984 0.00118828
12 0.297266 0.561621 0.594531 0.667383 0.00117397
19 0.158398 0.833594 0.316797 0.332813 0.00116539
14 0.439453 0.511328 0.426563 0.367188 0.00115108
1 0.446875 0.575 0.7875 0.825 0.0011425
20 0.441797 0.533203 0.428125 0.386719 0.00113392
11 0.441797 0.533203 0.428125 0.386719 0.0011158
13 0.498535 0.505469 0.343555 0.317969 0.0011034
16 0.441797 0.533203 0.428125 0.386719 0.00109863
4 0.450391 0.601562 0.482812 0.5625 0.00109863
20 0.450391 0.601562 0.482812 0.5625 0.00105667
17 0.4625 0.612109 0.426563 0.535156 0.00105286
14 0.553516 0.606641 0.782031 0.786719 0.00104809
1 0.4625 0.612109 0.426563 0.535156 0.00100803
20 0.430469 0.558984 0.467969 0.460156 0.0497742
11 0.430469 0.558984 0.467969 0.460156 0.0470886
22 0.433594 0.566016 0.450781 0.477344 0.0377502
21 0.433594 0.551172 0.446094 0.439844 0.0306702
5 0.430469 0.558984 0.467969 0.460156 0.0305634
24 0.430469 0.558984 0.467969 0.460156 0.0287628
9 0.430469 0.558984 0.467969 0.460156 0.024231
25 0.430469 0.558984 0.467969 0.460156 0.0207214
14 0.430469 0.558984 0.467969 0.460156 0.0206451
22 0.808594 0.663672 0.382812 0.571094 0.0154877
19 0.430469 0.558984 0.467969 0.460156 0.0146179
18 0.431641 0.508984 0.430469 0.332813 0.0139542
4 0.429785 0.507812 0.435742 0.349219 0.0129242
16 0.430859 0.542578 0.435937 0.394531 0.0129242
6 0.430469 0.558984 0.467969 0.460156 0.0117798
22 0.825781 0.573438 0.348438 0.525 0.0115509
2 0.432031 0.553027 0.448438 0.41582 0.0109024
1 0.808594 0.663672 0.382812 0.571094 0.00985718
1 0.437891 0.551562 0.430469 0.415625 0.00905609
1 0.83418 0.531641 0.331641 0.474219 0.00878143
3 0.432031 0.553027 0.448438 0.41582 0.00861359
0 0.432031 0.553027 0.448438 0.41582 0.00837708
22 0.505371 0.632812 0.620508 0.654688 0.0078125
10 0.433594 0.551172 0.446094 0.439844 0.00769424
12 0.429785 0.507812 0.435742 0.349219 0.00723267
17 0.447754 0.613184 0.507617 0.570508 0.00666809
1 0.447754 0.613184 0.507617 0.570508 0.00656509
19 0.5 0.471777 0.307031 0.42207 0.00621796
14 0.431641 0.508984 0.430469 0.332813 0.00614548
17 0.437891 0.551562 0.430469 0.415625 0.00609589
22 0.837891 0.483984 0.324219 0.514844 0.005867
19 0.19707 0.550684 0.269141 0.368945 0.00572968
1 0.838672 0.442188 0.322656 0.55 0.00547028
23 0.429785 0.507812 0.435742 0.349219 0.00542831
11 0.825781 0.573438 0.348438 0.525 0.00498199
13 0.432031 0.553027 0.448438 0.41582 0.00492477
17 0.808594 0.663672 0.382812 0.571094 0.0049057
1 0.471191 0.642969 0.606055 0.714063 0.00469971
20 0.816016 0.624902 0.367969 0.575195 0.00460815
15 0.430859 0.542578 0.435937 0.394531 0.00453949
11 0.808594 0.663672 0.382812 0.571094 0.00453949
1 0.834375 0.323438 0.33125 0.536719 0.00448608
13 0.434375 0.60625 0.485938 0.548438 0.00439835
11 0.431641 0.508984 0.430469 0.332813 0.00424957
3 0.808594 0.663672 0.382812 0.571094 0.00413513
4 0.4375 0.580859 0.479688 0.505469 0.00400543
3 0.83418 0.531641 0.331641 0.474219 0.00388527
8 0.432031 0.553027 0.448438 0.41582 0.00382423
3 0.434375 0.60625 0.485938 0.548438 0.00376511
7 0.431641 0.508984 0.430469 0.332813 0.00348282
11 0.508594 0.733594 0.39375 0.532813 0.00344276
20 0.83418 0.531641 0.331641 0.474219 0.00337601
9 0.431641 0.508984 0.430469 0.332813 0.00335121
17 0.83418 0.531641 0.331641 0.474219 0.00332451
11 0.434277 0.648438 0.604883 0.703125 0.00329781
13 0.434277 0.648438 0.604883 0.703125 0.00324821
12 0.434277 0.648438 0.604883 0.703125 0.00319672
17 0.471191 0.642969 0.606055 0.714063 0.00319672
21 0.5 0.471777 0.307031 0.42207 0.0030632
11 0.837891 0.483984 0.324219 0.514844 0.00298119
5 0.431641 0.508984 0.430469 0.332813 0.0029583
14 0.816016 0.624902 0.367969 0.575195 0.00286674
14 0.83418 0.531641 0.331641 0.474219 0.00275803
21 0.447754 0.613184 0.507617 0.570508 0.00275803
12 0.460156 0.384277 0.564844 0.60332 0.00263214
4 0.83418 0.531641 0.331641 0.474219 0.00256157
6 0.825977 0.580469 0.348047 0.51875 0.00255013
1 0.548438 0.482422 0.835938 0.916406 0.0024929
12 0.4375 0.580859 0.479688 0.505469 0.0024929
21 0.810156 0.614844 0.379688 0.5875 0.00244331
1 0.460156 0.384277 0.564844 0.60332 0.00242424
12 0.83418 0.531641 0.331641 0.474219 0.00237846
12 0.808984 0.66875 0.382031 0.546875 0.00237846
5 0.825977 0.580469 0.348047 0.51875 0.00234985
17 0.838672 0.442188 0.322656 0.55 0.00232315
16 0.434375 0.60625 0.485938 0.548438 0.00229645
12 0.555469 0.44375 0.889063 0.8875 0.00226974
1 0.800781 0.573047 0.398438 0.575781 0.00226021
20 0.431641 0.508984 0.430469 0.332813 0.00222588
13 0.479688 0.709375 0.459375 0.58125 0.00219917
4 0.816016 0.624902 0.367969 0.575195 0.00216484
25 0.431641 0.508984 0.430469 0.332813 0.00215721
19 0.825781 0.573438 0.348438 0.525 0.00213242
2 0.837891 0.483984 0.324219 0.514844 0.00212479
0 0.837891 0.483984 0.324219 0.514844 0.00209045
6 0.431641 0.508984 0.430469 0.332813 0.00205803
13 0.808594 0.663672 0.382812 0.571094 0.00202751
6 0.808984 0.66875 0.382031 0.546875 0.00202751
13 0.415625 0.341016 0.499219 0.675781 0.00201988
19 0.363672 0.586328 0.229687 0.333594 0.00201035
22 0.838477 0.374609 0.323047 0.532031 0.00198746
12 0.382812 0.35625 0.615625 0.7125 0.00197983
13 0.825781 0.573438 0.348438 0.525 0.00197983
11 0.415625 0.341016 0.499219 0.675781 0.00191879
12 0.385938 0.633984 0.771875 0.732031 0.00191879
17 0.834375 0.323438 0.33125 0.536719 0.00190449
6 0.837891 0.483984 0.324219 0.514844 0.00185299
16 0.83418 0.531641 0.331641 0.474219 0.00178242
24 0.825977 0.580469 0.348047 0.51875 0.00178242
5 0.808594 0.663672 0.382812 0.571094 0.00178242
12 0.834375 0.323438 0.33125 0.536719 0.00176811
21 0.83418 0.531641 0.331641 0.474219 0.0017004
1 0.180078 0.854102 0.360156 0.291797 0.0017004
0 0.825977 0.580469 0.348047 0.51875 0.00168133
1 0.475 0.366016 0.68125 0.732031 0.00166798
12 0.508594 0.733594 0.39375 0.532813 0.00163555
3 0.838672 0.442188 0.322656 0.55 0.00162315
19 0.808594 0.663672 0.382812 0.571094 0.00161648
24 0.808984 0.66875 0.382031 0.546875 0.00161076
25 0.816016 0.624902 0.367969 0.575195 0.00157356
12 0.385156 0.269141 0.582812 0.538281 0.00156689
13 0.837891 0.483984 0.324219 0.514844 0.00154877
11 0.838477 0.374609 0.323047 0.532031 0.00153637
24 0.431641 0.508984 0.430469 0.332813 0.00152493
12 0.838672 0.442188 0.322656 0.55 0.00152493
2 0.816016 0.624902 0.367969 0.575195 0.00152493
14 0.838672 0.442188 0.322656 0.55 0.00151253
12 0.503516 0.374609 0.747656 0.749219 0.00150681
4 0.838672 0.442188 0.322656 0.55 0.00148964
21 0.200391 0.560059 0.291797 0.370508 0.00148392
17 0.548438 0.482422 0.835938 0.916406 0.00148392
8 0.83418 0.531641 0.331641 0.474219 0.00148392
25 0.83418 0.531641 0.331641 0.474219 0.00147247
17 0.460156 0.384277 0.564844 0.60332 0.00146103
11 0.17207 0.857617 0.344141 0.284766 0.00144386
19 0.148828 0.238867 0.290625 0.370703 0.00143814
19 0.853906 0.344727 0.292188 0.449609 0.00143242
1 0.508594 0.733594 0.39375 0.532813 0.00143242
4 0.508594 0.733594 0.39375 0.532813 0.0014267
15 0.479688 0.709375 0.459375 0.58125 0.00139904
14 0.450781 0.671777 0.540625 0.656445 0.00138283
16 0.508594 0.733594 0.39375 0.532813 0.00138283
19 0.434277 0.648438 0.604883 0.703125 0.00135612
16 0.816016 0.624902 0.367969 0.575195 0.00135612
4 0.450781 0.671777 0.540625 0.656445 0.00134087
0 0.460156 0.384277 0.564844 0.60332 0.00132465
14 0.460156 0.384277 0.564844 0.60332 0.00132465
22 0.828516 0.288281 0.342969 0.539062 0.00131512
13 0.548438 0.482422 0.835938 0.916406 0.00130939
16 0.415625 0.341016 0.499219 0.675781 0.0012846
17 0.800781 0.573047 0.398438 0.575781 0.0012846
12 0.596484 0.616016 0.807031 0.767969 0.00127888
0 0.548438 0.482422 0.835938 0.916406 0.00127411
8 0.816016 0.624902 0.367969 0.575195 0.00127411
5 0.434277 0.648438 0.604883 0.703125 0.00126457
13 0.475 0.366016 0.68125 0.732031 0.00124931
22 0.405566 0.643359 0.679492 0.713281 0.00124931
20 0.505371 0.632812 0.620508 0.654688 0.00124454
9 0.816016 0.624902 0.367969 0.575195 0.00124454
12 0.800781 0.573047 0.398438 0.575781 0.00123501
14 0.508594 0.733594 0.39375 0.532813 0.00123501
22 0.431641 0.508984 0.430469 0.332813 0.0012207
22 0.488965 0.677246 0.49707 0.645508 0.00121593
12 0.322656 0.291211 0.645312 0.582422 0.0012064
1 0.376953 0.660156 0.741406 0.679688 0.00118828
3 0.434277 0.648438 0.604883 0.703125 0.00118351
21 0.375098 0.56875 0.279492 0.367188 0.00117874
13 0.363477 0.345898 0.666016 0.691797 0.00117874
19 0.431641 0.508984 0.430469 0.332813 0.00116539
12 0.516309 0.280273 0.664258 0.560547 0.00116062
20 0.838672 0.442188 0.322656 0.55 0.00115108
13 0.838477 0.374609 0.323047 0.532031 0.00114727
4 0.460156 0.384277 0.564844 0.60332 0.0011425
10 0.447754 0.613184 0.507617 0.570508 0.0011425
6 0.460156 0.384277 0.564844 0.60332 0.00113392
16 0.450781 0.671777 0.540625 0.656445 0.00113392
19 0.500781 0.662109 0.276563 0.346094 0.00112438
6 0.434277 0.648438 0.604883 0.703125 0.0011158
0 0.808594 0.663672 0.382812 0.571094 0.0011158
13 0.385938 0.633984 0.771875 0.732031 0.00110722
2 0.450781 0.671777 0.540625 0.656445 0.0011034
10 0.808594 0.663672 0.382812 0.571094 0.00109863
12 0.244141 0.267578 0.488281 0.535156 0.00108147
12 0.796289 0.290234 0.407422 0.580469 0.00106525
12 0.269922 0.685547 0.539844 0.628906 0.00106525
22 0.189648 0.841406 0.379297 0.317188 0.00106525
8 0.434375 0.60625 0.485938 0.548438 0.00106049
10 0.825781 0.573438 0.348438 0.525 0.00105667
5 0.837891 0.483984 0.324219 0.514844 0.00105286
0 0.450781 0.671777 0.540625 0.656445 0.00104046
24 0.434277 0.648438 0.604883 0.703125 0.00103188
9 0.83418 0.531641 0.331641 0.474219 0.00102806
18 0.430469 0.558984 0.467969 0.460156 0.00102425
12 0.675391 0.408594 0.649219 0.817187 0.00100422
11 0.548438 0.482422 0.835938 0.916406 0.00100422
12 0.413281 0.689453 0.776563 0.621094 0.0151291
24 0.436328 0.478027 0.45625 0.308008 0.0143356
12 0.280078 0.845313 0.411719 0.309375 0.0137405
12 0.376953 0.852734 0.486719 0.294531 0.0115051
6 0.436328 0.478027 0.45625 0.308008 0.0106506
12 0.432422 0.471191 0.419531 0.29668 0.0104523
12 0.310937 0.71875 0.621875 0.5625 0.00878143
11 0.390625 0.699219 0.78125 0.601562 0.00800323
7 0.436328 0.478027 0.45625 0.308008 0.00790405
13 0.413281 0.689453 0.776563 0.621094 0.0078125
13 0.43584 0.468359 0.467383 0.297656 0.00728989
24 0.390625 0.699219 0.78125 0.601562 0.00706482
13 0.280078 0.845313 0.411719 0.309375 0.00674438
13 0.376953 0.852734 0.486719 0.294531 0.00653839
11 0.432422 0.471191 0.419531 0.29668 0.00494385
12 0.339063 0.445215 0.678125 0.736133 0.00494385
16 0.376953 0.852734 0.486719 0.294531 0.00482941
15 0.390625 0.699219 0.78125 0.601562 0.0046463
12 0.39375 0.444141 0.576563 0.388281 0.00416565
6 0.390625 0.699219 0.78125 0.601562 0.00391388
16 0.362305 0.702344 0.724609 0.595313 0.00351143
16 0.432422 0.471191 0.419531 0.29668 0.00335121
15 0.436328 0.478027 0.45625 0.308008 0.00329781
24 0.364844 0.738281 0.644531 0.523438 0.00305176
13 0.39375 0.444141 0.576563 0.388281 0.00298119
12 0.344336 0.338281 0.688672 0.676562 0.0029583
16 0.244922 0.840039 0.446875 0.319922 0.00279999
9 0.436328 0.478027 0.45625 0.308008 0.00265312
11 0.376953 0.852734 0.486719 0.294531 0.00259018
1 0.345313 0.814844 0.43125 0.370313 0.00255013
24 0.319727 0.85625 0.377734 0.2875 0.00253105
6 0.319727 0.85625 0.377734 0.2875 0.00251198
14 0.413281 0.689453 0.776563 0.621094 0.00242424
7 0.390625 0.699219 0.78125 0.601562 0.00227928
23 0.436328 0.478027 0.45625 0.308008 0.00226974
12 0.238672 0.815039 0.477344 0.369922 0.00223351
18 0.432422 0.471191 0.419531 0.29668 0.00219917
19 0.390625 0.699219 0.78125 0.601562 0.00211525
1 0.280078 0.845313 0.411719 0.309375 0.00205803
4 0.390625 0.699219 0.78125 0.601562 0.00204277
4 0.436328 0.478027 0.45625 0.308008 0.00201035
13 0.310937 0.71875 0.621875 0.5625 0.00201035
14 0.432422 0.471191 0.419531 0.29668 0.00198746
13 0.344336 0.338281 0.688672 0.676562 0.00191212
2 0.436328 0.478027 0.45625 0.308008 0.00189686
1 0.418652 0.469922 0.470508 0.332031 0.00182438
17 0.376953 0.852734 0.486719 0.294531 0.00175476
11 0.280078 0.845313 0.411719 0.309375 0.00173378
6 0.364844 0.738281 0.644531 0.523438 0.00167465
12 0.463672 0.328125 0.617969 0.65625 0.00161076
19 0.504297 0.694531 0.2875 0.396875 0.00156116
1 0.370898 0.683691 0.741797 0.632617 0.00154305
12 0.356641 0.751563 0.689844 0.496875 0.00148964
19 0.250391 0.786719 0.260156 0.359375 0.00144386
19 0.242236 0.814063 0.243652 0.251563 0.00143242
11 0.39375 0.444141 0.576563 0.388281 0.00139427
9 0.3625 0.730469 0.725 0.539062 0.00137806
16 0.401563 0.493359 0.570312 0.360156 0.00132465
24 0.401563 0.493359 0.570312 0.360156 0.00132465
12 0.473438 0.632129 0.609375 0.735742 0.00127411
19 0.376953 0.852734 0.486719 0.294531 0.00126934
24 0.244922 0.840039 0.446875 0.319922 0.00123501
17 0.280078 0.845313 0.411719 0.309375 0.00123024
15 0.376953 0.852734 0.486719 0.294531 0.00122547
6 0.401563 0.493359 0.570312 0.360156 0.0012207
14 0.402734 0.465723 0.525781 0.348242 0.00121593
12 0.280469 0.421094 0.560938 0.829688 0.00119686
13 0.339063 0.445215 0.678125 0.736133 0.00116539
11 0.364844 0.738281 0.644531 0.523438 0.00114727
19 0.446777 0.422754 0.262695 0.373242 0.0011425
19 0.498828 0.456152 0.296094 0.336133 0.00112438
1 0.39375 0.444141 0.576563 0.388281 0.00112438
7 0.319727 0.85625 0.377734 0.2875 0.00112057
4 0.376953 0.852734 0.486719 0.294531 0.00109005
19 0.444531 0.47666 0.511719 0.312305 0.00108624
14 0.345313 0.814844 0.43125 0.370313 0.00107765
13 0.356641 0.751563 0.689844 0.496875 0.00106525
20 0.376953 0.852734 0.486719 0.294531 0.00106049
3 0.432422 0.471191 0.419531 0.29668 0.00104046
13 0.318359 0.503516 0.570312 0.471094 0.00102806
24 0.446973 0.501563 0.407617 0.30625 0.0427246
4 0.444531 0.4875 0.41875 0.316406 0.0342407
6 0.446973 0.501563 0.407617 0.30625 0.0281677
7 0.444922 0.487109 0.414062 0.301563 0.0259552
9 0.446973 0.501563 0.407617 0.30625 0.0231476
18 0.446973 0.501563 0.407617 0.30625 0.0181885
23 0.446973 0.501563 0.407617 0.30625 0.016922
14 0.444531 0.4875 0.41875 0.316406 0.0142822
11 0.446973 0.501563 0.407617 0.30625 0.0112457
0 0.442578 0.491504 0.429688 0.313867 0.00955963
16 0.446875 0.491016 0.410156 0.3 0.00754929
15 0.444531 0.4875 0.41875 0.316406 0.0068512
21 0.388379 0.558203 0.301367 0.342187 0.00619125
2 0.446973 0.501563 0.407617 0.30625 0.00588989
21 0.486328 0.496973 0.352344 0.324805 0.00455475
12 0.442578 0.491504 0.429688 0.313867 0.00376511
5 0.446973 0.501563 0.407617 0.30625 0.00325966
19 0.481152 0.78125 0.33457 0.423438 0.00293541
19 0.158887 0.261719 0.317773 0.402344 0.00273705
20 0.446875 0.491016 0.410156 0.3 0.00235939
21 0.345898 0.583594 0.252734 0.348438 0.00209999
25 0.442578 0.491504 0.429688 0.313867 0.00161648
21 0.160742 0.240674 0.303906 0.39209 0.00150681
11 0.472754 0.787109 0.48418 0.425781 0.00148392
19 0.446973 0.501563 0.407617 0.30625 0.0014782
3 0.442578 0.491504 0.429688 0.313867 0.00133514
12 0.439063 0.674219 0.523438 0.601562 0.00106525
11 0.407031 0.758008 0.65 0.483984 0.00100422
9 0.445703 0.475879 0.432031 0.298242 0.0997925
6 0.445703 0.475879 0.432031 0.298242 0.0970459
23 0.445312 0.473438 0.425 0.291406 0.0866089
4 0.442188 0.475781 0.425 0.302344 0.0656128
14 0.442188 0.475781 0.425 0.302344 0.0653687
0 0.445312 0.473438 0.425 0.291406 0.0402527
2 0.442188 0.475781 0.425 0.302344 0.0397949
24 0.445703 0.475879 0.432031 0.298242 0.0324707
7 0.445312 0.473438 0.425 0.291406 0.0305634
18 0.445312 0.473438 0.425 0.291406 0.0225372
15 0.445312 0.473438 0.425 0.291406 0.021286
25 0.445703 0.475879 0.432031 0.298242 0.0163422
10 0.445703 0.475879 0.432031 0.298242 0.0150757
16 0.445312 0.473438 0.425 0.291406 0.0119629
5 0.445703 0.475879 0.432031 0.298242 0.0111618
20 0.444531 0.478906 0.438281 0.31875 0.0086441
11 0.445312 0.473438 0.425 0.291406 0.00812531
3 0.444531 0.47666 0.421875 0.291992 0.00591278
11 0.389941 0.737109 0.712305 0.525781 0.00553513
11 0.456934 0.77793 0.52207 0.444141 0.00538635
12 0.444531 0.47666 0.421875 0.291992 0.00519943
12 0.507422 0.665234 0.410156 0.650781 0.00382423
1 0.498828 0.650879 0.425781 0.662305 0.00382423
21 0.441309 0.488672 0.439258 0.35625 0.00356483
12 0.453516 0.603906 0.533594 0.751563 0.00337601
13 0.445703 0.46875 0.410938 0.279687 0.00331116
1 0.449316 0.584375 0.466992 0.5375 0.00283432
12 0.478516 0.760938 0.480469 0.478125 0.00277901
14 0.507129 0.786914 0.404492 0.426172 0.00273705
15 0.389941 0.737109 0.712305 0.525781 0.00270462
11 0.507129 0.786914 0.404492 0.426172 0.00269318
1 0.453516 0.603906 0.533594 0.751563 0.00265312
13 0.478516 0.760938 0.480469 0.478125 0.00259018
4 0.478516 0.760938 0.480469 0.478125 0.00258064
1 0.478516 0.760938 0.480469 0.478125 0.00250244
14 0.456934 0.77793 0.52207 0.444141 0.00243378
15 0.478516 0.760938 0.480469 0.478125 0.00239754
13 0.453516 0.603906 0.533594 0.751563 0.00232315
17 0.441406 0.474609 0.421875 0.296094 0.00223351
1 0.439941 0.469141 0.423242 0.241406 0.00218201
0 0.478516 0.760938 0.480469 0.478125 0.00208282
14 0.389941 0.737109 0.712305 0.525781 0.00208282
12 0.399219 0.663672 0.754687 0.672656 0.0020504
11 0.507422 0.665234 0.410156 0.650781 0.00199509
13 0.389941 0.737109 0.712305 0.525781 0.00196457
13 0.507422 0.665234 0.410156 0.650781 0.00191212
8 0.438281 0.479785 0.426563 0.29668 0.00184631
19 0.445215 0.466406 0.41582 0.257812 0.00176144
21 0.449316 0.584375 0.466992 0.5375 0.0017271
0 0.389941 0.737109 0.712305 0.525781 0.0017271
24 0.456934 0.77793 0.52207 0.444141 0.00167465
22 0.467969 0.608203 0.5 0.642969 0.00165462
2 0.478516 0.760938 0.480469 0.478125 0.00150108
4 0.389941 0.737109 0.712305 0.525781 0.00150108
12 0.478027 0.478223 0.55957 0.318555 0.00144386
17 0.484766 0.613965 0.48125 0.73457 0.00141048
14 0.507422 0.665234 0.410156 0.650781 0.00140476
13 0.342773 0.788281 0.606641 0.423438 0.00140476
20 0.449316 0.584375 0.466992 0.5375 0.00139427
24 0.385156 0.7625 0.6875 0.475 0.00136662
1 0.399219 0.663672 0.754687 0.672656 0.00136185
1 0.449219 0.496973 0.457813 0.354492 0.00134563
12 0.352734 0.76875 0.621875 0.4625 0.00132465
6 0.456934 0.77793 0.52207 0.444141 0.00132465
11 0.453516 0.603906 0.533594 0.751563 0.0012846
6 0.507129 0.786914 0.404492 0.426172 0.00121593
1 0.500781 0.767969 0.402344 0.432813 0.00111198
4 0.507422 0.665234 0.410156 0.650781 0.00105286
12 0.500781 0.767969 0.402344 0.432813 0.00105286
17 0.478516 0.760938 0.480469 0.478125 0.00103664
13 0.373828 0.605469 0.747656 0.789062 0.00101662
2 0.507422 0.665234 0.410156 0.650781 0.00101662
23 0.441406 0.464844 0.400781 0.314063 0.149048
2 0.441406 0.464844 0.400781 0.314063 0.0933228
14 0.444629 0.467578 0.398242 0.321094 0.0897827
9 0.44375 0.461328 0.403125 0.310156 0.0755615
0 0.441406 0.464844 0.400781 0.314063 0.0564575
4 0.444629 0.467578 0.398242 0.321094 0.0456848
6 0.44375 0.461328 0.403125 0.310156 0.0402527
18 0.441406 0.464844 0.400781 0.314063 0.0366211
25 0.447266 0.465723 0.4 0.31543 0.0321045
16 0.441406 0.464844 0.400781 0.314063 0.0303345
7 0.441504 0.458496 0.41543 0.29707 0.0235138
10 0.44375 0.461328 0.403125 0.310156 0.0138474
15 0.441504 0.458496 0.41543 0.29707 0.0105667
3 0.441406 0.464844 0.400781 0.314063 0.00948334
12 0.494922 0.651465 0.465625 0.69707 0.0091629
11 0.447266 0.465723 0.4 0.31543 0.00815582
5 0.448828 0.475391 0.407813 0.315625 0.00806427
20 0.44375 0.461328 0.403125 0.310156 0.00734711
12 0.466016 0.601953 0.617188 0.777344 0.00714874
12 0.414551 0.404687 0.522461 0.373437 0.00674438
1 0.466016 0.601953 0.617188 0.777344 0.00621796
12 0.425098 0.364453 0.632617 0.664844 0.00614548
24 0.441504 0.457422 0.41543 0.300781 0.00591278
1 0.494922 0.651465 0.465625 0.69707 0.00536346
13 0.466016 0.601953 0.617188 0.777344 0.00510025
13 0.494922 0.651465 0.465625 0.69707 0.00475693
11 0.394531 0.684863 0.704688 0.630273 0.00466537
12 0.423438 0.591406 0.80625 0.817187 0.0046463
15 0.394531 0.684863 0.704688 0.630273 0.00457382
21 0.447266 0.481934 0.410938 0.31582 0.00455475
2 0.42666 0.427734 0.488867 0.371094 0.0042305
13 0.43291 0.442969 0.441992 0.283594 0.00399017
6 0.379785 0.460156 0.324805 0.307031 0.00392914
13 0.42666 0.427734 0.488867 0.371094 0.00353813
4 0.394531 0.684863 0.704688 0.630273 0.00341606
12 0.43291 0.442969 0.441992 0.283594 0.00337601
1 0.452734 0.486719 0.432031 0.364063 0.00319672
22 0.483594 0.614746 0.560938 0.693945 0.00312424
4 0.379785 0.460156 0.324805 0.307031 0.00282288
13 0.423438 0.591406 0.80625 0.817187 0.00282288
14 0.394531 0.684863 0.704688 0.630273 0.00279045
12 0.394531 0.684863 0.704688 0.630273 0.00274658
0 0.394531 0.684863 0.704688 0.630273 0.0027256
11 0.42666 0.427734 0.488867 0.371094 0.00271416
16 0.379785 0.460156 0.324805 0.307031 0.00269318
16 0.42666 0.427734 0.488867 0.371094 0.00264168
12 0.36582 0.407813 0.731641 0.815625 0.00263214
17 0.466016 0.601953 0.617188 0.777344 0.00263214
14 0.42666 0.427734 0.488867 0.371094 0.00245285
22 0.452734 0.486719 0.432031 0.364063 0.00245285
0 0.379785 0.460156 0.324805 0.307031 0.00239754
11 0.391406 0.622266 0.782813 0.755469 0.00236893
1 0.423438 0.591406 0.80625 0.817187 0.00235939
2 0.379785 0.460156 0.324805 0.307031 0.00234222
15 0.428125 0.747656 0.603125 0.504687 0.00232315
15 0.498437 0.708984 0.45 0.582031 0.00218201
15 0.42666 0.427734 0.488867 0.371094 0.00214958
11 0.428125 0.747656 0.603125 0.504687 0.00211525
13 0.425098 0.364453 0.632617 0.664844 0.0020504
15 0.387891 0.642969 0.775781 0.714063 0.00203514
17 0.47959 0.608691 0.49707 0.674805 0.00200272
6 0.42666 0.427734 0.488867 0.371094 0.0019722
0 0.42666 0.427734 0.488867 0.371094 0.00191879
6 0.394531 0.684863 0.704688 0.630273 0.00191879
14 0.498437 0.708984 0.45 0.582031 0.00191212
7 0.42666 0.427734 0.488867 0.371094 0.00183868
11 0.498437 0.708984 0.45 0.582031 0.00183868
18 0.42666 0.427734 0.488867 0.371094 0.00181007
12 0.479688 0.757031 0.482031 0.485938 0.00179577
17 0.449316 0.490234 0.423242 0.341406 0.00171375
2 0.394531 0.684863 0.704688 0.630273 0.00169373
9 0.379785 0.460156 0.324805 0.307031 0.00167465
0 0.387891 0.642969 0.775781 0.714063 0.00164223
12 0.514941 0.740625 0.373242 0.439063 0.00164223
8 0.448047 0.471094 0.405469 0.315625 0.00162315
4 0.498437 0.708984 0.45 0.582031 0.00162315
6 0.498437 0.708984 0.45 0.582031 0.00162315
4 0.42666 0.427734 0.488867 0.371094 0.0015974
3 0.42666 0.427734 0.488867 0.371094 0.00135612
14 0.387891 0.642969 0.775781 0.714063 0.00134563
20 0.498437 0.708984 0.45 0.582031 0.00127411
13 0.394531 0.684863 0.704688 0.630273 0.00125504
23 0.42666 0.427734 0.488867 0.371094 0.00123501
19 0.441504 0.457422 0.41543 0.300781 0.00123501
1 0.394531 0.684863 0.704688 0.630273 0.00123024
17 0.43291 0.442969 0.441992 0.283594 0.0012064
2 0.498437 0.708984 0.45 0.582031 0.00117874
1 0.379785 0.460156 0.324805 0.307031 0.00115585
5 0.379785 0.460156 0.324805 0.307031 0.00114727
23 0.379785 0.460156 0.324805 0.307031 0.00112915
12 0.412891 0.416113 0.497656 0.520898 0.00111198
14 0.428125 0.747656 0.603125 0.504687 0.00110722
16 0.498437 0.708984 0.45 0.582031 0.00109863
4 0.387891 0.642969 0.775781 0.714063 0.00109482
11 0.466016 0.601953 0.617188 0.777344 0.00108147
15 0.379785 0.460156 0.324805 0.307031 0.00106907
17 0.423438 0.591406 0.80625 0.817187 0.00105286
19 0.514844 0.471094 0.271875 0.271875 0.00104046
2 0.391406 0.622266 0.782813 0.755469 0.00103664
4 0.428125 0.747656 0.603125 0.504687 0.00103188
1 0.42666 0.427734 0.488867 0.371094 0.00101662
13 0.514941 0.740625 0.373242 0.439063 0.00101662
14 0.435937 0.481348 0.40625 0.306055 0.0675659
9 0.442578 0.477734 0.414062 0.292188 0.064209
4 0.439746 0.478516 0.411133 0.308594 0.0396423
2 0.435937 0.481348 0.40625 0.306055 0.0216217
6 0.442578 0.477734 0.414062 0.292188 0.0189056
23 0.435937 0.481348 0.40625 0.306055 0.0165863
0 0.435937 0.481348 0.40625 0.306055 0.0155411
15 0.387109 0.685547 0.694531 0.628906 0.012825
5 0.442578 0.477734 0.414062 0.292188 0.0115967
25 0.435937 0.481348 0.40625 0.306055 0.0107803
11 0.387109 0.685547 0.694531 0.628906 0.0106125
20 0.442578 0.477734 0.414062 0.292188 0.00963593
24 0.442578 0.477734 0.414062 0.292188 0.0085144
14 0.387109 0.685547 0.694531 0.628906 0.0078125
4 0.387109 0.685547 0.694531 0.628906 0.00598145
24 0.383203 0.719141 0.666406 0.561719 0.00521851
12 0.393359 0.683105 0.664844 0.633789 0.00457382
3 0.435937 0.481348 0.40625 0.306055 0.00416565
10 0.435937 0.481348 0.40625 0.306055 0.00416565
18 0.449609 0.475391 0.404687 0.304688 0.00416565
0 0.387109 0.685547 0.694531 0.628906 0.00407028
6 0.383203 0.719141 0.666406 0.561719 0.00405502
11 0.439746 0.478516 0.411133 0.308594 0.00380898
16 0.442578 0.477734 0.414062 0.292188 0.00378036
1 0.393359 0.683105 0.664844 0.633789 0.00293541
7 0.449609 0.475391 0.404687 0.304688 0.00271416
15 0.449609 0.475391 0.404687 0.304688 0.00259018
13 0.387109 0.685547 0.694531 0.628906 0.0024929
2 0.387109 0.685547 0.694531 0.628906 0.00248146
12 0.435937 0.481348 0.40625 0.306055 0.00243378
8 0.439746 0.478516 0.411133 0.308594 0.00239754
12 0.449902 0.629687 0.568945 0.740625 0.00208282
17 0.435937 0.481348 0.40625 0.306055 0.00195694
7 0.383203 0.719141 0.666406 0.561719 0.00181007
18 0.387109 0.685547 0.694531 0.628906 0.0016489
1 0.449609 0.475391 0.404687 0.304688 0.00126457
5 0.383203 0.719141 0.666406 0.561719 0.00126457
9 0.383203 0.719141 0.666406 0.561719 0.00119209
19 0.442578 0.477734 0.414062 0.292188 0.00114727
25 0.387109 0.685547 0.694531 0.628906 0.00107288
24 0.43584 0.474121 0.38457 0.283008 0.118774
9 0.43584 0.474121 0.38457 0.283008 0.0772095
4 0.439844 0.473438 0.401563 0.310937 0.0653687
0 0.436719 0.475 0.386719 0.307813 0.0648804
23 0.446777 0.469141 0.395508 0.297656 0.0445251
6 0.43584 0.474121 0.38457 0.283008 0.0337219
11 0.439746 0.482812 0.408008 0.292188 0.0292053
5 0.439746 0.482812 0.408008 0.292188 0.0226288
14 0.439844 0.473438 0.401563 0.310937 0.0213623
20 0.43584 0.474121 0.38457 0.283008 0.0202484
15 0.439844 0.473438 0.401563 0.310937 0.0198669
8 0.439746 0.501172 0.412695 0.33125 0.0196381
3 0.436719 0.475 0.386719 0.307813 0.0151901
18 0.439844 0.473438 0.401563 0.310937 0.0120544
2 0.446777 0.469141 0.395508 0.297656 0.0115967
16 0.43584 0.474121 0.38457 0.283008 0.0115051
16 0.402246 0.452344 0.30957 0.26875 0.0104065
25 0.446777 0.469141 0.395508 0.297656 0.0100098
3 0.402246 0.452344 0.30957 0.26875 0.00844574
21 0.439746 0.501172 0.412695 0.33125 0.00723267
22 0.439746 0.501172 0.412695 0.33125 0.00706482
19 0.439746 0.482812 0.408008 0.292188 0.0069313
12 0.446777 0.469141 0.395508 0.297656 0.00674438
20 0.402246 0.452344 0.30957 0.26875 0.00638962
7 0.439844 0.473438 0.401563 0.310937 0.00572968
2 0.402246 0.452344 0.30957 0.26875 0.00553513
23 0.402246 0.452344 0.30957 0.26875 0.00551224
24 0.402246 0.452344 0.30957 0.26875 0.00521851
1 0.439746 0.501172 0.412695 0.33125 0.00496292
6 0.402246 0.452344 0.30957 0.26875 0.00453949
0 0.402246 0.452344 0.30957 0.26875 0.00441742
4 0.402246 0.452344 0.30957 0.26875 0.00391388
5 0.402246 0.452344 0.30957 0.26875 0.00374985
1 0.402246 0.452344 0.30957 0.26875 0.00346947
8 0.402246 0.452344 0.30957 0.26875 0.00322342
22 0.523047 0.644922 0.642969 0.657031 0.00318527
17 0.439063 0.497559 0.4125 0.35332 0.00309944
12 0.412402 0.429297 0.417383 0.355469 0.00299263
17 0.406641 0.459277 0.321875 0.27832 0.00291252
1 0.523047 0.644922 0.642969 0.657031 0.00275803
17 0.523047 0.644922 0.642969 0.657031 0.00269318
18 0.402246 0.452344 0.30957 0.26875 0.00233269
19 0.402246 0.452344 0.30957 0.26875 0.00226021
13 0.406641 0.459277 0.321875 0.27832 0.00206757
9 0.402246 0.452344 0.30957 0.26875 0.0020504
12 0.4 0.663184 0.604688 0.664258 0.00203514
17 0.446094 0.57334 0.426563 0.495508 0.00189686
11 0.523047 0.644922 0.642969 0.657031 0.00183105
8 0.446094 0.57334 0.426563 0.495508 0.00179577
14 0.360938 0.596094 0.721875 0.807813 0.00179577
21 0.523047 0.644922 0.642969 0.657031 0.00174141
22 0.446094 0.57334 0.426563 0.495508 0.00163555
12 0.360938 0.596094 0.721875 0.807813 0.00155449
10 0.441797 0.496484 0.417969 0.319531 0.00151253
13 0.5125 0.599219 0.6875 0.785937 0.00150108
12 0.342187 0.354492 0.684375 0.587891 0.00144386
14 0.4 0.663184 0.604688 0.664258 0.00143242
21 0.402246 0.452344 0.30957 0.26875 0.0014267
12 0.5125 0.599219 0.6875 0.785937 0.00137806
12 0.402246 0.452344 0.30957 0.26875 0.00136185
15 0.402246 0.452344 0.30957 0.26875 0.00134563
14 0.358984 0.780469 0.660156 0.439063 0.00133038
21 0.446094 0.57334 0.426563 0.495508 0.00131512
11 0.446094 0.57334 0.426563 0.495508 0.00127411
15 0.355078 0.653906 0.710156 0.692187 0.00125504
22 0.402246 0.452344 0.30957 0.26875 0.0012064
1 0.590625 0.622656 0.81875 0.754687 0.00116539
4 0.355078 0.653906 0.710156 0.692187 0.00113392
12 0.358984 0.780469 0.660156 0.439063 0.00104427
4 0.358984 0.780469 0.660156 0.439063 0.00104046
13 0.412402 0.429297 0.417383 0.355469 0.00101185
13 0.44375 0.476562 0.421094 0.310156 0.00100422
4 0.447656 0.495313 0.424219 0.304688 0.118774
9 0.447656 0.495313 0.424219 0.304688 0.117981
23 0.440234 0.49209 0.408594 0.308008 0.0809326
14 0.439844 0.493848 0.421875 0.30918 0.076416
0 0.439844 0.493848 0.421875 0.30918 0.0463867
2 0.443066 0.485547 0.424805 0.316406 0.0339661
6 0.44834 0.491016 0.41582 0.294531 0.016983
18 0.445215 0.478125 0.418945 0.3 0.0110321
7 0.439844 0.493848 0.421875 0.30918 0.0104904
5 0.447656 0.495313 0.424219 0.304688 0.00790405
15 0.445215 0.478125 0.418945 0.3 0.00746155
24 0.449121 0.488672 0.423633 0.278906 0.00559998
25 0.440234 0.49209 0.408594 0.308008 0.00479126
20 0.450684 0.490234 0.42832 0.296094 0.00340271
3 0.445312 0.483203 0.414062 0.308594 0.00332451
10 0.447656 0.495313 0.424219 0.304688 0.00332451
8 0.443066 0.485547 0.424805 0.316406 0.00266266
16 0.445312 0.483203 0.414062 0.308594 0.00263214
11 0.447656 0.495313 0.424219 0.304688 0.00234222
12 0.433594 0.477344 0.404687 0.273438 0.00176811
13 0.433594 0.477344 0.404687 0.273438 0.00129986
12 0.839648 0.759766 0.320703 0.422656 0.00113773
4 0.450098 0.488281 0.41543 0.329688 0.458008
9 0.451953 0.495215 0.413281 0.312695 0.196167
14 0.449219 0.500781 0.419531 0.320312 0.130737
23 0.452344 0.495703 0.417188 0.310156 0.0761108
0 0.449219 0.500781 0.419531 0.320312 0.0409851
15 0.421875 0.707812 0.646875 0.584375 0.0352783
5 0.457422 0.486328 0.4125 0.298438 0.0217743
25 0.446777 0.5 0.412695 0.321875 0.0207214
15 0.417578 0.79043 0.585156 0.419141 0.0157776
2 0.452344 0.495703 0.417188 0.310156 0.0153046
11 0.451953 0.495215 0.413281 0.312695 0.0112457
11 0.421875 0.707812 0.646875 0.584375 0.0109024
15 0.451953 0.495215 0.413281 0.312695 0.0102081
4 0.421875 0.707812 0.646875 0.584375 0.00955963
12 0.408984 0.588281 0.730469 0.823438 0.00878143
6 0.454297 0.500391 0.419531 0.33125 0.00831604
17 0.452246 0.507422 0.41582 0.333594 0.00734711
12 0.450098 0.488281 0.41543 0.329688 0.00669098
24 0.457422 0.486328 0.4125 0.298438 0.00664139
12 0.417578 0.79043 0.585156 0.419141 0.00661469
20 0.461719 0.494434 0.424219 0.320508 0.00634003
14 0.421875 0.707812 0.646875 0.584375 0.00626373
8 0.450098 0.488281 0.41543 0.329688 0.00609589
10 0.451953 0.495215 0.413281 0.312695 0.00460815
21 0.761328 0.795313 0.314844 0.403125 0.00434875
24 0.421875 0.707812 0.646875 0.584375 0.00431442
2 0.382812 0.654004 0.7375 0.691992 0.00399017
12 0.379688 0.688281 0.628906 0.623438 0.00397491
3 0.453516 0.47959 0.411719 0.295508 0.00385475
11 0.381641 0.594922 0.763281 0.810156 0.00379562
0 0.382812 0.654004 0.7375 0.691992 0.00351143
13 0.452246 0.507422 0.41582 0.333594 0.00329781
6 0.421875 0.707812 0.646875 0.584375 0.00304031
18 0.457422 0.486328 0.4125 0.298438 0.00299263
1 0.453125 0.607813 0.515625 0.635938 0.00293541
13 0.408984 0.588281 0.730469 0.823438 0.00284576
1 0.451465 0.503906 0.425195 0.342187 0.00273705
1 0.489844 0.585938 0.679688 0.828125 0.00261116
11 0.412891 0.796094 0.585156 0.407813 0.00261116
15 0.381445 0.626563 0.762891 0.746875 0.00253105
24 0.412891 0.796094 0.585156 0.407813 0.002388
9 0.427734 0.778125 0.610156 0.44375 0.0020504
22 0.452441 0.47959 0.410742 0.293945 0.00196457
19 0.761328 0.795313 0.314844 0.403125 0.00194931
14 0.381641 0.594922 0.763281 0.810156 0.00193405
18 0.421875 0.707812 0.646875 0.584375 0.00192642
0 0.409473 0.746875 0.624805 0.50625 0.00191212
22 0.453125 0.607813 0.515625 0.635938 0.00185299
17 0.489844 0.585938 0.679688 0.828125 0.00179577
1 0.381641 0.594922 0.763281 0.810156 0.00161076
22 0.489844 0.585938 0.679688 0.828125 0.00158501
13 0.417578 0.79043 0.585156 0.419141 0.00156689
12 0.513379 0.604688 0.648242 0.790625 0.00154877
17 0.453125 0.607813 0.515625 0.635938 0.00145531
12 0.779492 0.644141 0.441016 0.711719 0.00141048
13 0.513379 0.604688 0.648242 0.790625 0.00139427
14 0.417578 0.79043 0.585156 0.419141 0.00127888
4 0.417578 0.79043 0.585156 0.419141 0.0012598
2 0.409473 0.746875 0.624805 0.50625 0.00116539
12 0.370703 0.473047 0.257031 0.277344 0.00108624
6 0.412891 0.796094 0.585156 0.407813 0.00108147
4 0.370703 0.473047 0.257031 0.277344 0.00107288
13 0.421875 0.707812 0.646875 0.584375 0.00106525
17 0.370703 0.473047 0.257031 0.277344 0.00105286
12 0.453125 0.607813 0.515625 0.635938 0.00102043
9 0.442969 0.474609 0.414062 0.307813 0.577637
4 0.439941 0.472266 0.406055 0.311719 0.525391
14 0.442969 0.474609 0.414062 0.307813 0.391357
0 0.437109 0.476562 0.395313 0.311719 0.118774
5 0.442969 0.474609 0.414062 0.307813 0.0564575
23 0.437109 0.476562 0.395313 0.311719 0.0391846
25 0.442969 0.474609 0.414062 0.307813 0.0249939
12 0.810938 0.723047 0.378125 0.519531 0.0229797
6 0.442188 0.478125 0.421875 0.310937 0.0211639
2 0.438965 0.474609 0.42207 0.327344 0.018692
24 0.444922 0.472754 0.405469 0.30293 0.00997162
13 0.804688 0.732813 0.390625 0.520312 0.00948334
10 0.442969 0.474609 0.414062 0.307813 0.00725937
15 0.403516 0.720703 0.6125 0.558594 0.00634003
15 0.443066 0.470703 0.401367 0.304688 0.00518036
11 0.388184 0.658984 0.689258 0.682031 0.00460815
20 0.444922 0.472754 0.405469 0.30293 0.00446701
18 0.444922 0.472754 0.405469 0.30293 0.00445175
12 0.815039 0.638672 0.369922 0.707031 0.00413513
14 0.406641 0.708203 0.622656 0.583594 0.00348282
3 0.443066 0.470703 0.401367 0.304688 0.00337601
11 0.443066 0.470703 0.401367 0.304688 0.00322342
4 0.406641 0.708203 0.622656 0.583594 0.00266266
2 0.388184 0.658984 0.689258 0.682031 0.00259018
8 0.438281 0.476953 0.396094 0.313281 0.00239754
0 0.403516 0.720703 0.6125 0.558594 0.00213242
24 0.415723 0.780469 0.59668 0.439063 0.00201035
12 0.437109 0.476562 0.395313 0.311719 0.00189686
12 0.833008 0.5125 0.333984 0.559375 0.00183105
12 0.385156 0.615723 0.695312 0.768555 0.00175476
12 0.798633 0.572266 0.402734 0.855469 0.00142097
17 0.438281 0.476953 0.396094 0.313281 0.00141621
1 0.388184 0.658984 0.689258 0.682031 0.00124931
16 0.448828 0.477344 0.432031 0.296094 0.00119686
7 0.442188 0.478125 0.421875 0.310937 0.00115585
15 0.810938 0.723047 0.378125 0.519531 0.0011158
4 0.438281 0.476562 0.409375 0.309375 0.379395
0 0.440625 0.475781 0.416406 0.321875 0.227417
9 0.438281 0.476562 0.409375 0.309375 0.0844727
14 0.438281 0.476562 0.409375 0.309375 0.0772095
23 0.441797 0.474902 0.419531 0.311133 0.0184021
5 0.442969 0.474316 0.423438 0.310742 0.0152512
25 0.442969 0.474316 0.423438 0.310742 0.00821686
8 0.440625 0.475781 0.416406 0.321875 0.00793457
11 0.440625 0.475781 0.416406 0.321875 0.00600433
2 0.440625 0.476172 0.422656 0.321094 0.00547028
24 0.438281 0.476562 0.409375 0.309375 0.00446701
6 0.438281 0.476562 0.409375 0.309375 0.0041008
3 0.440625 0.475781 0.416406 0.321875 0.0020504
10 0.438281 0.476562 0.409375 0.309375 0.00179577
15 0.438281 0.476562 0.409375 0.309375 0.00157928
22 0.442969 0.474316 0.423438 0.310742 0.00148392
18 0.439941 0.475781 0.429492 0.314063 0.00139904
7 0.439941 0.475781 0.429492 0.314063 0.00138283
20 0.442969 0.474316 0.423438 0.310742 0.00138283
12 0.801367 0.771094 0.391016 0.45625 0.00137234
4 0.442969 0.493848 0.429688 0.331055 0.540039
23 0.444434 0.490234 0.431445 0.342969 0.188354
14 0.442969 0.493848 0.429688 0.331055 0.158691
9 0.442969 0.493848 0.429688 0.331055 0.0778198
0 0.443359 0.486719 0.430469 0.328125 0.0309143
25 0.442969 0.493848 0.429688 0.331055 0.0219421
2 0.442578 0.490625 0.427344 0.34375 0.0106506
15 0.444434 0.490234 0.431445 0.342969 0.00754929
5 0.447656 0.487598 0.428125 0.320117 0.00666809
6 0.444434 0.490234 0.431445 0.342969 0.00348282
24 0.442969 0.493848 0.429688 0.331055 0.00284576
8 0.443359 0.486719 0.430469 0.328125 0.00273705
18 0.444434 0.490234 0.431445 0.342969 0.00227928
7 0.442578 0.490625 0.427344 0.34375 0.00211525
11 0.455859 0.48125 0.454688 0.314844 0.00190449
10 0.442578 0.490625 0.427344 0.34375 0.00179577
12 0.444434 0.490234 0.431445 0.342969 0.00143814
22 0.447656 0.487598 0.428125 0.320117 0.0012207
4 0.441797 0.487109 0.417188 0.327344 0.49707
0 0.442578 0.48291 0.413281 0.312305 0.2854
5 0.443359 0.475781 0.404687 0.311719 0.0700684
9 0.442578 0.48291 0.413281 0.312305 0.0339661
14 0.443359 0.475781 0.404687 0.311719 0.0332031
23 0.442578 0.48291 0.413281 0.312305 0.0174408
22 0.443359 0.475781 0.404687 0.311719 0.0112
25 0.446777 0.483594 0.40957 0.320312 0.0106506
8 0.441797 0.487109 0.417188 0.327344 0.00919342
0 0.391406 0.472754 0.297656 0.276367 0.00723267
11 0.444141 0.480078 0.419531 0.316406 0.00547028
20 0.425391 0.474219 0.361719 0.301563 0.00475693
2 0.439063 0.471191 0.392188 0.279492 0.00407028
4 0.391406 0.472754 0.297656 0.276367 0.00260162
17 0.391406 0.472754 0.297656 0.276367 0.00235939
23 0.457422 0.444141 0.370313 0.246094 0.00219917
10 0.450879 0.470703 0.398242 0.286719 0.00218201
0 0.513281 0.471973 0.278125 0.285742 0.00214005
8 0.391406 0.472754 0.297656 0.276367 0.00212479
4 0.457422 0.444141 0.370313 0.246094 0.00202751
1 0.425391 0.474219 0.361719 0.301563 0.00191879
24 0.443359 0.475781 0.404687 0.311719 0.00182438
3 0.425391 0.474219 0.361719 0.301563 0.00179577
14 0.391406 0.472754 0.297656 0.276367 0.00171375
11 0.385938 0.670313 0.705469 0.659375 0.00148964
25 0.391406 0.472754 0.297656 0.276367 0.00144386
2 0.390234 0.460547 0.305469 0.254688 0.00141048
15 0.446484 0.479785 0.4125 0.30293 0.00126457
12 0.425391 0.474219 0.361719 0.301563 0.00121593
9 0.457422 0.444141 0.370313 0.246094 0.00112915
4 0.51875 0.435156 0.270313 0.214844 0.00106907
17 0.446777 0.483594 0.40957 0.320312 0.00106525
4 0.442188 0.477734 0.421875 0.314844 0.922852
0 0.441504 0.475391 0.424805 0.311719 0.822754
9 0.443652 0.483594 0.420508 0.303906 0.325195
25 0.443652 0.483594 0.420508 0.303906 0.175537
14 0.443652 0.483594 0.420508 0.303906 0.0830078
5 0.443652 0.483594 0.420508 0.303906 0.0734253
23 0.441504 0.475391 0.424805 0.311719 0.0399475
20 0.445312 0.479785 0.420312 0.30293 0.0110321
24 0.443652 0.483594 0.420508 0.303906 0.0106506
15 0.440625 0.472266 0.428125 0.321094 0.00834656
11 0.384375 0.667578 0.745313 0.664844 0.00588989
11 0.440625 0.472266 0.428125 0.321094 0.00582123
17 0.440625 0.461719 0.424219 0.336719 0.0055542
22 0.446484 0.48125 0.424219 0.307031 0.0039444
8 0.44209 0.473047 0.418945 0.315625 0.00270462
3 0.440625 0.472266 0.428125 0.321094 0.00247192
2 0.384375 0.667578 0.745313 0.664844 0.00235939
2 0.440625 0.461719 0.424219 0.336719 0.00219917
10 0.441309 0.479297 0.417383 0.321875 0.0020504
6 0.440625 0.461719 0.424219 0.336719 0.00176811
14 0.384375 0.667578 0.745313 0.664844 0.00159168
0 0.384375 0.667578 0.745313 0.664844 0.00143814
1 0.384375 0.667578 0.745313 0.664844 0.0012207
12 0.442188 0.477734 0.421875 0.314844 0.00118351
12 0.410547 0.631152 0.733594 0.737695 0.00117397
4 0.446484 0.482422 0.421094 0.322656 0.955566
0 0.447266 0.486621 0.417969 0.32207 0.438721
23 0.447266 0.486621 0.417969 0.32207 0.132935
14 0.448535 0.481641 0.429492 0.303125 0.128052
9 0.446484 0.482422 0.421094 0.322656 0.0632324
25 0.448535 0.481641 0.429492 0.303125 0.0267639
8 0.446484 0.482422 0.421094 0.322656 0.0142822
5 0.448535 0.481641 0.429492 0.303125 0.0123825
13 0.751563 0.812695 0.329688 0.321484 0.00760651
2 0.445996 0.483594 0.414258 0.320312 0.00695801
10 0.445996 0.483594 0.414258 0.320312 0.00479126
11 0.443848 0.475 0.424805 0.29375 0.00457382
12 0.802344 0.721484 0.395313 0.557031 0.00311089
3 0.443848 0.475 0.424805 0.29375 0.00302696
6 0.443848 0.475 0.424805 0.29375 0.00300407
13 0.845117 0.776367 0.309766 0.422266 0.00247192
12 0.707812 0.678711 0.584375 0.642578 0.00206757
17 0.443848 0.475 0.424805 0.29375 0.0018177
13 0.802344 0.721484 0.395313 0.557031 0.00174141
24 0.448535 0.481641 0.429492 0.303125 0.0017004
12 0.829492 0.769531 0.341016 0.439063 0.0017004
0 0.33125 0.44834 0.205469 0.24082 0.00144386
15 0.443848 0.475 0.424805 0.29375 0.00132465
12 0.607813 0.653906 0.784375 0.692187 0.00116062
13 0.707812 0.678711 0.584375 0.642578 0.00102425
11 0.398047 0.661328 0.711719 0.677344 0.00101662
4 0.444531 0.478516 0.407813 0.317188 0.851562
9 0.444531 0.478516 0.407813 0.317188 0.189575
0 0.445703 0.474609 0.4 0.3125 0.108582
14 0.444531 0.478516 0.407813 0.317188 0.102661
23 0.447656 0.479004 0.414844 0.310742 0.0305634
25 0.446484 0.476953 0.403125 0.313281 0.00963593
2 0.444531 0.479688 0.417188 0.313281 0.00734711
5 0.445312 0.478516 0.399219 0.284375 0.00564194
8 0.446484 0.476953 0.403125 0.313281 0.00405502
6 0.44541 0.477734 0.395117 0.286719 0.00345612
11 0.445703 0.475781 0.408594 0.308594 0.00219154
17 0.44375 0.48125 0.439063 0.334375 0.00173378
22 0.445312 0.481934 0.415625 0.283008 0.00136662
24 0.44541 0.477734 0.395117 0.286719 0.00133514
3 0.445703 0.475781 0.408594 0.308594 0.00118828
4 0.434766 0.469434 0.420312 0.29082 0.98291
9 0.434766 0.469434 0.420312 0.29082 0.892578
14 0.442188 0.473047 0.420312 0.292969 0.29834
5 0.434766 0.469434 0.420312 0.29082 0.0747681
25 0.434766 0.469434 0.420312 0.29082 0.0354004
0 0.444531 0.478809 0.419531 0.323633 0.0351562
23 0.435937 0.472559 0.422656 0.31582 0.0252686
11 0.439453 0.474121 0.428906 0.333008 0.00763702
24 0.435937 0.483203 0.427344 0.3 0.00460815
17 0.436719 0.483691 0.435937 0.345117 0.00413513
12 0.436719 0.483691 0.435937 0.345117 0.00370789
2 0.428125 0.467578 0.410938 0.307813 0.00365067
1 0.436719 0.483691 0.435937 0.345117 0.00216484
6 0.428125 0.467578 0.410938 0.307813 0.00188255
8 0.439453 0.474121 0.428906 0.333008 0.00179577
3 0.428125 0.467578 0.410938 0.307813 0.00154877
22 0.445703 0.475684 0.41875 0.293945 0.00123501
4 0.445703 0.485156 0.433594 0.355469 0.997559
9 0.442969 0.485547 0.432813 0.357031 0.773438
14 0.442969 0.485547 0.432813 0.357031 0.550781
23 0.442969 0.485547 0.432813 0.357031 0.23938
5 0.446094 0.489063 0.432813 0.352344 0.0698242
25 0.446094 0.489063 0.432813 0.352344 0.0448608
0 0.442871 0.480566 0.426758 0.34668 0.0160217
2 0.444141 0.487109 0.433594 0.347656 0.00316048
24 0.447656 0.492188 0.440625 0.328906 0.00296974
12 0.446094 0.489063 0.432813 0.352344 0.00237846
15 0.447656 0.492188 0.440625 0.328906 0.0018177
12 0.355664 0.297656 0.711328 0.595313 0.00153637
11 0.390723 0.661816 0.762305 0.676367 0.00134563
8 0.444141 0.485059 0.421094 0.351758 0.00130939
11 0.442871 0.480566 0.426758 0.34668 0.00130463
6 0.442871 0.480566 0.426758 0.34668 0.00103188
4 0.448828 0.474219 0.421094 0.292969 0.967285
9 0.448828 0.474219 0.421094 0.292969 0.46875
14 0.442969 0.473535 0.413281 0.30918 0.244385
0 0.445703 0.480371 0.413281 0.306445 0.167236
23 0.450391 0.478516 0.428906 0.302344 0.15918
6 0.441797 0.466406 0.414844 0.29375 0.0236969
5 0.448828 0.474219 0.421094 0.292969 0.0183411
2 0.446875 0.48125 0.410938 0.310937 0.0116882
11 0.441797 0.466406 0.414844 0.29375 0.00963593
24 0.445703 0.480469 0.420312 0.299219 0.00757599
25 0.448828 0.474219 0.421094 0.292969 0.00658798
3 0.441797 0.466406 0.414844 0.29375 0.00564194
15 0.445703 0.474609 0.425781 0.303906 0.00327301
8 0.451172 0.470313 0.421875 0.30625 0.00174809
10 0.446875 0.48125 0.410938 0.310937 0.00139904
17 0.441797 0.466406 0.414844 0.29375 0.00139427
18 0.445703 0.474609 0.425781 0.303906 0.00129986
7 0.441797 0.466406 0.414844 0.29375 0.00109863
4 0.440527 0.482422 0.411133 0.314844 0.910645
0 0.445312 0.478027 0.403125 0.317383 0.309814
9 0.441016 0.483594 0.421094 0.314844 0.0211182
8 0.440527 0.482422 0.411133 0.314844 0.0170441
23 0.441016 0.483594 0.421094 0.314844 0.0162201
5 0.439453 0.482031 0.405469 0.307813 0.0142288
25 0.440527 0.482422 0.411133 0.314844 0.00891876
14 0.440234 0.473438 0.410156 0.308594 0.00720596
4 0.334766 0.488672 0.21875 0.158594 0.00534439
15 0.444531 0.482031 0.421875 0.311719 0.00259018
12 0.792188 0.801562 0.415625 0.3875 0.00247192
22 0.44209 0.489063 0.414258 0.314063 0.00194168
12 0.799219 0.736719 0.401563 0.49375 0.0017004
24 0.439453 0.482031 0.405469 0.307813 0.00150681
11 0.444531 0.482031 0.421875 0.311719 0.00105667
4 0.440234 0.472754 0.414062 0.30918 0.957031
0 0.444531 0.470996 0.419531 0.304883 0.440674
5 0.444629 0.476953 0.413867 0.30625 0.247314
9 0.437891 0.478516 0.411719 0.310156 0.130249
8 0.437891 0.478516 0.411719 0.310156 0.0492249
23 0.442578 0.478223 0.422656 0.30918 0.0360718
10 0.437891 0.479297 0.414844 0.301563 0.0199432
11 0.444531 0.470996 0.419531 0.304883 0.0185394
14 0.442578 0.478223 0.422656 0.30918 0.0163422
25 0.437891 0.478516 0.411719 0.310156 0.0115509
24 0.437891 0.479297 0.414844 0.301563 0.00891876
1 0.392188 0.604297 0.692187 0.791406 0.00530243
22 0.437891 0.479297 0.414844 0.301563 0.00468063
3 0.444531 0.470996 0.419531 0.304883 0.00426483
11 0.370117 0.662109 0.701172 0.675781 0.00345612
20 0.442188 0.478516 0.414062 0.3 0.00305176
15 0.437891 0.479297 0.414844 0.301563 0.00245285
2 0.378125 0.628613 0.707812 0.742773 0.00217438
6 0.43916 0.465527 0.412305 0.301758 0.00183105
17 0.392188 0.604297 0.692187 0.791406 0.00173378
2 0.434375 0.477246 0.417969 0.308008 0.00154877
21 0.442188 0.478516 0.414062 0.3 0.00100803
4 0.443359 0.473047 0.411719 0.322656 0.962402
0 0.446484 0.475684 0.413281 0.326758 0.193115
14 0.444531 0.475781 0.414062 0.326562 0.0630493
9 0.444531 0.475781 0.414062 0.326562 0.0279083
23 0.444531 0.475781 0.414062 0.326562 0.0270691
25 0.44375 0.47334 0.413281 0.312695 0.0258636
5 0.446191 0.480078 0.423242 0.292969 0.0136337
24 0.446191 0.480078 0.423242 0.292969 0.00340271
8 0.44375 0.47334 0.413281 0.312695 0.00282288
11 0.373047 0.660254 0.742969 0.679492 0.00257111
1 0.397754 0.632422 0.732617 0.735156 0.00150681
15 0.446191 0.480078 0.423242 0.292969 0.00130463
2 0.385938 0.645703 0.738281 0.708594 0.0012598
6 0.446191 0.480078 0.423242 0.292969 0.00109005
1 0.457031 0.647266 0.555469 0.696094 0.00104046
4 0.445215 0.483691 0.408008 0.295117 0.740234
0 0.438965 0.485938 0.404883 0.303125 0.445557
5 0.446484 0.489844 0.410156 0.305469 0.208862
8 0.446875 0.481348 0.401563 0.287305 0.0363464
23 0.446875 0.481348 0.401563 0.287305 0.0306702
9 0.447754 0.490527 0.418555 0.30957 0.0250854
24 0.446484 0.489844 0.410156 0.305469 0.018692
25 0.446875 0.481348 0.401563 0.287305 0.016922
14 0.438965 0.485938 0.404883 0.303125 0.0137405
20 0.446484 0.489844 0.410156 0.305469 0.00629044
11 0.447266 0.475879 0.402344 0.30293 0.00359344
3 0.445703 0.476953 0.400781 0.289844 0.00359344
22 0.447754 0.490527 0.418555 0.30957 0.00318527
11 0.370313 0.645606 0.740625 0.708789 0.00282288
10 0.446484 0.489844 0.410156 0.305469 0.00235939
15 0.447754 0.490527 0.418555 0.30957 0.00112057
22 0.435937 0.629004 0.532031 0.651367 0.00105286
4 0.429688 0.470703 0.396094 0.304688 0.946777
14 0.441797 0.463672 0.399219 0.296094 0.147095
23 0.437891 0.475391 0.409375 0.303906 0.064209
9 0.437891 0.475391 0.409375 0.303906 0.0497742
0 0.43125 0.476465 0.4 0.308008 0.0432129
25 0.433691 0.468652 0.401367 0.29707 0.024704
2 0.441797 0.473535 0.40625 0.30293 0.0103683
8 0.433691 0.468652 0.401367 0.29707 0.008255
5 0.439063 0.466504 0.391406 0.293555 0.00754929
6 0.437109 0.465625 0.389062 0.303906 0.00439835
11 0.437109 0.465625 0.389062 0.303906 0.00142097
4 0.438672 0.486816 0.425 0.30293 0.956055
0 0.435254 0.487598 0.424805 0.31543 0.100525
9 0.436719 0.488184 0.424219 0.312695 0.0323486
23 0.438672 0.486816 0.425 0.30293 0.0267639
5 0.441406 0.486328 0.43125 0.292969 0.0131683
25 0.438672 0.486816 0.425 0.30293 0.0116425
14 0.438281 0.483594 0.426563 0.30625 0.00919342
24 0.441406 0.486328 0.43125 0.292969 0.00568771
8 0.438672 0.486816 0.425 0.30293 0.00415039
15 0.43584 0.484766 0.429883 0.315625 0.0027256
6 0.435059 0.479785 0.425195 0.313867 0.0011425
4 0.434375 0.480859 0.396094 0.321094 0.964355
0 0.441016 0.482715 0.394531 0.314258 0.183594
14 0.434375 0.480859 0.396094 0.321094 0.0306702
5 0.433984 0.482422 0.389844 0.291406 0.0157776
9 0.434375 0.480859 0.396094 0.321094 0.00666809
8 0.433203 0.481348 0.396094 0.307617 0.00382423
22 0.435156 0.482422 0.398438 0.292969 0.00255013
25 0.431641 0.478516 0.389844 0.316406 0.00161076
24 0.435156 0.482422 0.398438 0.292969 0.00123978
23 0.430566 0.479297 0.391992 0.310156 0.00122547
4 0.44375 0.485059 0.4 0.301758 0.669922
0 0.439844 0.487891 0.39375 0.305469 0.0910645
5 0.444434 0.487109 0.40332 0.296094 0.0413208
24 0.444434 0.487109 0.40332 0.296094 0.00624084
9 0.444434 0.487109 0.40332 0.296094 0.005867
14 0.439844 0.487891 0.39375 0.305469 0.00582123
8 0.433984 0.483496 0.390625 0.295508 0.00503922
22 0.444434 0.487109 0.40332 0.296094 0.00311089
11 0.436719 0.481348 0.402344 0.30918 0.00209999
23 0.436719 0.481348 0.402344 0.30918 0.00175476
25 0.437891 0.480859 0.400781 0.294531 0.00131989
15 0.436719 0.481348 0.402344 0.30918 0.00101662
4 0.438672 0.481934 0.402344 0.311133 0.970215
5 0.442969 0.480469 0.409375 0.296875 0.0486755
0 0.440723 0.488672 0.412305 0.307813 0.022934
2 0.403027 0.638281 0.618945 0.7 0.0217743
9 0.441016 0.489453 0.411719 0.314844 0.0189819
14 0.438672 0.485156 0.403125 0.310156 0.00674438
24 0.442969 0.480469 0.409375 0.296875 0.00502014
8 0.440723 0.480469 0.398242 0.305469 0.00498199
11 0.407422 0.649219 0.649219 0.698438 0.00309944
22 0.442969 0.480469 0.409375 0.296875 0.00265312
14 0.403027 0.638281 0.618945 0.7 0.00264168
1 0.403027 0.638281 0.618945 0.7 0.00260162
17 0.407422 0.649219 0.649219 0.698438 0.00239754
23 0.440723 0.488672 0.412305 0.307813 0.00186062
25 0.440723 0.480469 0.398242 0.305469 0.00127411
11 0.441406 0.485938 0.414062 0.310156 0.0012207
15 0.441406 0.485938 0.414062 0.310156 0.00121593
4 0.438281 0.475879 0.410938 0.304492 0.995117
14 0.438281 0.475879 0.410938 0.304492 0.0970459
5 0.440527 0.480859 0.411133 0.301563 0.0570679
9 0.438184 0.477441 0.412695 0.299805 0.0545959
0 0.437891 0.477441 0.40625 0.298242 0.0322266
25 0.436328 0.475781 0.411719 0.298438 0.0100555
24 0.437402 0.480078 0.411133 0.294531 0.00941467
22 0.437402 0.480078 0.411133 0.294531 0.00634003
11 0.440527 0.480859 0.411133 0.301563 0.00208282
4 0.436719 0.485059 0.396875 0.304883 0.998047
14 0.440625 0.477246 0.395313 0.304883 0.193726
9 0.440625 0.477246 0.395313 0.304883 0.168823
5 0.438672 0.485156 0.405469 0.301563 0.0497742
23 0.439844 0.483984 0.396875 0.305469 0.0230713
25 0.435059 0.477734 0.393945 0.304688 0.0189056
24 0.438672 0.485156 0.405469 0.301563 0.00538635
8 0.436719 0.485059 0.396875 0.304883 0.0050621
0 0.439063 0.480859 0.40625 0.309375 0.00473785
2 0.442578 0.481641 0.386719 0.302344 0.0036068
4 0.445996 0.482129 0.417383 0.316992 0.981934
14 0.445996 0.482129 0.417383 0.316992 0.0305634
9 0.445703 0.484473 0.428906 0.320117 0.0258636
5 0.448438 0.47666 0.420312 0.293555 0.0129242
22 0.448438 0.47666 0.420312 0.293555 0.00557709
24 0.444922 0.474609 0.414844 0.289844 0.00403976
0 0.446777 0.488379 0.431445 0.323242 0.00232315
25 0.444922 0.484375 0.409375 0.3125 0.00179577
8 0.444922 0.484375 0.409375 0.3125 0.0011692
4 0.448047 0.476465 0.422656 0.325195 0.982422
14 0.452734 0.480566 0.417969 0.324805 0.196777
9 0.447559 0.47666 0.42832 0.326367 0.0129242
5 0.451172 0.482129 0.428906 0.316992 0.0046463
25 0.448047 0.476465 0.422656 0.325195 0.00416565
0 0.449609 0.481348 0.422656 0.326367 0.00332451
24 0.450781 0.479688 0.429688 0.3125 0.00309944
23 0.449219 0.476172 0.425 0.324219 0.00247192
2 0.447559 0.480078 0.42832 0.335938 0.00154305
8 0.449219 0.476172 0.425 0.324219 0.00112438
4 0.444531 0.473047 0.429688 0.308594 0.999512
14 0.44375 0.473828 0.423438 0.310156 0.255371
9 0.44375 0.473828 0.423438 0.310156 0.109314
5 0.444531 0.471484 0.44375 0.317969 0.0448608
25 0.444531 0.473047 0.429688 0.308594 0.0124283
23 0.443848 0.480469 0.42793 0.317969 0.00530243
24 0.444531 0.471484 0.44375 0.317969 0.00314713
2 0.447266 0.482715 0.422656 0.312695 0.00284576
0 0.447266 0.482715 0.422656 0.312695 0.00168705
1 0.394922 0.585547 0.745313 0.828906 0.00159168
22 0.446875 0.523438 0.491406 0.424219 0.00156689
17 0.394922 0.585547 0.745313 0.828906 0.00146103
21 0.446875 0.523438 0.491406 0.424219 0.00145531
12 0.445215 0.476562 0.42832 0.3125 0.00119686
22 0.444531 0.473047 0.441406 0.313281 0.00104809
4 0.439844 0.473438 0.411719 0.290625 0.977539
14 0.439063 0.470313 0.407031 0.285938 0.0257568
5 0.441797 0.479004 0.436719 0.31543 0.00441742
22 0.441797 0.479004 0.436719 0.31543 0.00255013
0 0.434473 0.473828 0.399805 0.296094 0.00244331
24 0.442969 0.475684 0.426563 0.30957 0.00159168
17 0.401953 0.639063 0.652344 0.721875 0.00133514
9 0.437891 0.474609 0.413281 0.302344 0.00123501
1 0.401953 0.639063 0.652344 0.721875 0.00104046
4 0.444922 0.476562 0.422656 0.323438 0.986328
0 0.442188 0.478809 0.429688 0.32832 0.036499
14 0.443359 0.476465 0.427344 0.32207 0.0114212
5 0.447559 0.474219 0.425195 0.3 0.0109482
1 0.409766 0.633496 0.657031 0.733008 0.00198746
17 0.409766 0.633496 0.657031 0.733008 0.00145531
22 0.447559 0.474219 0.425195 0.3 0.00114727
4 0.440527 0.47666 0.41582 0.29668 0.995605
0 0.448047 0.487402 0.394531 0.29082 0.0368958
14 0.441406 0.48584 0.403906 0.28457 0.0196381
5 0.440625 0.475 0.421094 0.292188 0.00743103
22 0.437891 0.473438 0.409375 0.284375 0.00701141
9 0.448047 0.487402 0.394531 0.29082 0.00191212
24 0.437891 0.473438 0.409375 0.284375 0.00131989
4 0.435547 0.475781 0.403906 0.3 0.898438
0 0.435156 0.478906 0.407813 0.303125 0.0146179
5 0.438281 0.471777 0.407031 0.293945 0.0119171
2 0.389062 0.693359 0.632031 0.613281 0.00898743
22 0.440723 0.46875 0.40918 0.292188 0.00800323
14 0.435547 0.474609 0.410156 0.308594 0.00679779
2 0.402734 0.783594 0.608594 0.432813 0.00337601
14 0.402734 0.783594 0.608594 0.432813 0.00140476
11 0.438281 0.471777 0.407031 0.293945 0.00103188
4 0.442871 0.468359 0.411133 0.275781 0.961914
0 0.439453 0.472656 0.399219 0.29375 0.00674438
14 0.442871 0.468359 0.411133 0.275781 0.00582123
5 0.442871 0.468359 0.411133 0.275781 0.00219917
24 0.441016 0.467969 0.411719 0.278906 0.00154305
25 0.441406 0.469922 0.410938 0.280469 0.00141048
9 0.442871 0.468359 0.411133 0.275781 0.00115108
4 0.440723 0.471094 0.41543 0.302344 0.989258
14 0.438379 0.473438 0.42168 0.296094 0.0179138
2 0.401172 0.651465 0.630469 0.69707 0.0152512
0 0.439746 0.47334 0.417383 0.306445 0.00787354
9 0.440625 0.474609 0.417188 0.302344 0.00641251
25 0.432813 0.468359 0.417969 0.291406 0.00174141
5 0.439844 0.468359 0.425 0.298438 0.00112057
4 0.439746 0.460938 0.425195 0.280469 0.915039
0 0.442188 0.464844 0.414062 0.291406 0.151489
2 0.366797 0.642969 0.688281 0.701563 0.00418091
14 0.438965 0.459766 0.420508 0.275781 0.00141621
6 0.371875 0.660059 0.704688 0.679883 0.00109863
4 0.447266 0.458203 0.427344 0.2875 0.901855
0 0.438281 0.463672 0.427344 0.294531 0.014061
2 0.394434 0.662891 0.667383 0.674219 0.00452042
14 0.444531 0.460156 0.427344 0.289844 0.00318527
12 0.675 0.461719 0.65 0.923438 0.00223351
24 0.447266 0.458203 0.427344 0.2875 0.00101185
9 0.447266 0.456152 0.423438 0.286133 0.00100422
4 0.437891 0.461816 0.423438 0.295117 0.983887
14 0.437891 0.461816 0.423438 0.295117 0.0234222
9 0.439063 0.461328 0.423438 0.296094 0.00564194
24 0.439063 0.461328 0.423438 0.296094 0.00521851
0 0.442871 0.463672 0.42207 0.301563 0.00382423
6 0.439063 0.461328 0.423438 0.296094 0.0014782
5 0.440234 0.461816 0.423438 0.299805 0.00124931
4 0.438379 0.464063 0.412305 0.285156 0.958496
22 0.4375 0.468652 0.41875 0.293945 0.00941467
0 0.438672 0.466504 0.410156 0.29043 0.00385475
5 0.4375 0.468652 0.41875 0.293945 0.00181007
4 0.444531 0.460547 0.403125 0.272656 0.976074
5 0.437891 0.46875 0.396094 0.282813 0.0200195
0 0.437891 0.465527 0.383594 0.273633 0.0133286
22 0.437891 0.46875 0.396094 0.282813 0.00273705
9 0.438965 0.461719 0.400195 0.2625 0.00266266
24 0.437891 0.46875 0.396094 0.282813 0.00223351
14 0.438281 0.463184 0.403125 0.27207 0.00220871
4 0.441406 0.4625 0.417188 0.279687 0.972168
0 0.437109 0.466797 0.391406 0.2875 0.0132217
14 0.440625 0.465625 0.414062 0.285938 0.00751877
5 0.441309 0.465625 0.406445 0.277344 0.00403976
9 0.440234 0.463672 0.4125 0.277344 0.00182438
24 0.441309 0.465625 0.406445 0.277344 0.00114727
4 0.444141 0.46875 0.419531 0.276563 0.927246
0 0.448535 0.469531 0.404492 0.278125 0.0147858
5 0.444141 0.472266 0.413281 0.275781 0.00844574
14 0.444141 0.468359 0.414844 0.277344 0.00365067
22 0.444141 0.472266 0.413281 0.275781 0.00109863
4 0.444531 0.467969 0.410156 0.275 0.952148
0 0.445996 0.471875 0.40957 0.279687 0.0130692
5 0.444531 0.472656 0.4125 0.282031 0.00475693
14 0.444531 0.467969 0.414062 0.271875 0.00220871
24 0.447754 0.466406 0.41543 0.267188 0.00109005
4 0.443652 0.472266 0.412695 0.276563 0.979004
0 0.446484 0.473438 0.401563 0.280469 0.0134277
5 0.446094 0.470313 0.415625 0.280469 0.00336266
9 0.445312 0.471875 0.423438 0.273438 0.00247192
14 0.442969 0.46875 0.41875 0.271094 0.00176811
24 0.445312 0.471875 0.423438 0.273438 0.00106525
4 0.439063 0.46709 0.407031 0.273633 0.967285
14 0.441406 0.472754 0.405469 0.27168 0.0115051
0 0.44209 0.468359 0.398633 0.277344 0.00787354
9 0.439453 0.470703 0.403125 0.272656 0.00234222
5 0.441406 0.46875 0.407813 0.280469 0.0018034
4 0.447656 0.468359 0.415625 0.265625 0.970703
14 0.441797 0.466797 0.403125 0.260156 0.00941467
0 0.44375 0.469141 0.40625 0.269531 0.00551224
9 0.44375 0.469141 0.40625 0.269531 0.0012846
4 0.438281 0.472656 0.417188 0.286719 0.935547
0 0.440625 0.475 0.411719 0.292188 0.0174408
5 0.440723 0.471484 0.416992 0.297656 0.00391388
14 0.440625 0.475 0.411719 0.292188 0.00235939
9 0.442578 0.472754 0.425781 0.28418 0.00116062
4 0.442969 0.472656 0.4 0.270313 0.977051
14 0.442969 0.472656 0.4 0.270313 0.00413513
9 0.444531 0.473828 0.405469 0.278125 0.002388
5 0.446094 0.473438 0.402344 0.276563 0.00173378
24 0.446094 0.473828 0.403125 0.271094 0.00131512
4 0.439453 0.467969 0.39375 0.257812 0.960938
0 0.440625 0.468359 0.382812 0.260938 0.00638962
14 0.442969 0.467871 0.39375 0.250195 0.0049057
9 0.442578 0.468652 0.389844 0.258008 0.0049057
4 0.447559 0.470996 0.40332 0.258008 0.88623
0 0.444531 0.47334 0.392188 0.264258 0.0183411
4 0.446191 0.472754 0.42168 0.274805 0.966309
0 0.446094 0.476172 0.415625 0.285156 0.00211525
5 0.444141 0.475781 0.424219 0.278906 0.00176811
14 0.444531 0.473047 0.423438 0.277344 0.0011692
9 0.446094 0.476172 0.415625 0.285156 0.00104427
4 0.442969 0.468359 0.389062 0.261719 0.92627
5 0.444531 0.469531 0.392188 0.260156 0.00314713
0 0.44375 0.46875 0.3875 0.267188 0.0020752
9 0.440234 0.467969 0.386719 0.258594 0.00132465
24 0.445312 0.46875 0.392188 0.25625 0.00130463
4 0.446484 0.471875 0.400781 0.267188 0.890625
0 0.436035 0.475098 0.379492 0.273242 0.00595856
4 0.446191 0.473828 0.388867 0.266406 0.924316
0 0.442188 0.476172 0.38125 0.26875 0.0111618
9 0.442188 0.476172 0.38125 0.26875 0.00129986
4 0.44375 0.471094 0.392188 0.264844 0.937988
0 0.441406 0.473828 0.389062 0.272656 0.00294685
4 0.44375 0.46709 0.38125 0.245508 0.971191
9 0.44375 0.464844 0.373437 0.242188 0.00582123
14 0.443848 0.465527 0.381055 0.242383 0.0016613
24 0.44375 0.46709 0.38125 0.245508 0.00156689
5 0.444141 0.469141 0.383594 0.249219 0.00109863
4 0.438672 0.469531 0.382812 0.252344 0.893066
0 0.437598 0.471191 0.381055 0.254492 0.0132751
9 0.438379 0.466797 0.376367 0.240625 0.00183868
14 0.439453 0.46709 0.380469 0.239258 0.0011158
4 0.441504 0.472656 0.388867 0.257031 0.89502
0 0.441504 0.475098 0.388867 0.262305 0.0171814
9 0.441504 0.475098 0.388867 0.262305 0.00109863
4 0.444141 0.473047 0.400781 0.252344 0.838379
0 0.440234 0.479688 0.395313 0.26875 0.00293541
9 0.439063 0.470313 0.389062 0.24375 0.00260162
4 0.441309 0.478027 0.395508 0.262695 0.934082
0 0.436328 0.483984 0.39375 0.276563 0.0270691
4 0.436621 0.475391 0.40957 0.286719 0.888672
0 0.439941 0.480371 0.407617 0.293945 0.0109482
4 0.448047 0.474121 0.421094 0.283008 0.945801
0 0.442578 0.477441 0.416406 0.293555 0.0100937
4 0.449316 0.469629 0.410742 0.263867 0.921875
0 0.44375 0.473535 0.408594 0.276367 0.0041008
4 0.445996 0.464746 0.401758 0.243945 0.870605
0 0.444531 0.465625 0.397656 0.245312 0.00457382
9 0.444629 0.461816 0.399805 0.23418 0.00188255
4 0.446973 0.470703 0.401367 0.264062 0.958496
0 0.441797 0.473047 0.397656 0.270313 0.0046463
9 0.441797 0.473047 0.397656 0.270313 0.00182438
14 0.44541 0.471094 0.40293 0.2625 0.00137234
4 0.448535 0.472266 0.40918 0.264844 0.938477
0 0.44375 0.474121 0.402344 0.268945 0.00643921
9 0.44375 0.474121 0.402344 0.268945 0.00182438
14 0.446777 0.471875 0.412695 0.2625 0.00132465
4 0.446875 0.467285 0.4 0.25293 0.916504
9 0.444922 0.46709 0.398438 0.25332 0.00392914
24 0.446875 0.467285 0.4 0.25293 0.00140476
4 0.440234 0.470313 0.400781 0.263281 0.933105
0 0.441406 0.473047 0.4 0.265625 0.00407028
4 0.442969 0.467969 0.399219 0.25 0.927734
0 0.440527 0.470703 0.395508 0.260938 0.00473785
9 0.441016 0.468359 0.396094 0.253125 0.00234222
4 0.445215 0.467187 0.408008 0.253125 0.914062
0 0.442578 0.470703 0.402344 0.264844 0.0024147
14 0.445215 0.467187 0.408008 0.253125 0.00137806
4 0.447266 0.467187 0.410156 0.253906 0.944824
9 0.444922 0.470215 0.4 0.264258 0.00127411
14 0.447266 0.467187 0.410156 0.253906 0.00109863
0 0.444922 0.470215 0.4 0.264258 0.00104427
4 0.447754 0.470703 0.404492 0.261719 0.925781
0 0.445312 0.472754 0.395313 0.268555 0.00227928
4 0.447656 0.469922 0.40625 0.258594 0.930664
0 0.445312 0.471875 0.398438 0.261719 0.00153637
4 0.448047 0.469141 0.404687 0.257812 0.913574
0 0.443848 0.471191 0.399805 0.262305 0.00216484
9 0.443848 0.471191 0.399805 0.262305 0.00141621
14 0.446777 0.468066 0.404883 0.25293 0.00107288
4 0.445215 0.47041 0.401758 0.25918 0.933594
0 0.442188 0.472656 0.396094 0.264062 0.00234222
9 0.442188 0.472656 0.396094 0.264062 0.00123024
4 0.446094 0.468848 0.403906 0.254492 0.933105
0 0.442578 0.470996 0.401563 0.256445 0.00149536
4 0.445996 0.468652 0.404883 0.25332 0.937012
0 0.443066 0.469922 0.399805 0.25625 0.00170708
9 0.443066 0.469922 0.399805 0.25625 0.00148964
14 0.444922 0.465625 0.405469 0.242969 0.00101662
4 0.447266 0.47041 0.407813 0.25918 0.935547
0 0.443359 0.471094 0.403125 0.260938 0.00184631
9 0.443359 0.471094 0.403125 0.260938 0.00139904
14 0.44541 0.468359 0.40918 0.250781 0.00101662
4 0.446973 0.470996 0.406055 0.261133 0.938477
0 0.443359 0.471484 0.401563 0.263281 0.00125504
9 0.443359 0.471484 0.401563 0.263281 0.00124454
4 0.445996 0.469434 0.401758 0.256445 0.937012
9 0.442578 0.471094 0.396094 0.258594 0.00133514
0 0.442578 0.471094 0.396094 0.258594 0.00124454
4 0.446875 0.47041 0.403125 0.257617 0.942383
9 0.442578 0.471875 0.397656 0.259375 0.00154877
14 0.445312 0.468359 0.404687 0.249219 0.00103664
4 0.446875 0.470313 0.403906 0.25625 0.938477
9 0.442871 0.471484 0.398633 0.257031 0.00157356
0 0.442871 0.471484 0.398633 0.257031 0.00107765
14 0.445312 0.468359 0.404687 0.247656 0.00103188
4 0.446094 0.471094 0.401563 0.257812 0.934082
9 0.442188 0.472559 0.396875 0.258008 0.00194931
0 0.442188 0.472559 0.396875 0.258008 0.00115585
14 0.444531 0.469922 0.402344 0.250781 0.00109863
4 0.446191 0.471191 0.40293 0.25918 0.933594
9 0.441406 0.472266 0.398438 0.260156 0.0020504
14 0.443652 0.470215 0.40332 0.25332 0.00114727
0 0.441406 0.472266 0.398438 0.260156 0.00106049
4 0.446191 0.471094 0.404492 0.260156 0.931641
9 0.441797 0.472559 0.399219 0.261133 0.00174809
0 0.441797 0.472559 0.399219 0.261133 0.00136662
14 0.444531 0.470215 0.404687 0.254883 0.00125504
4 0.446191 0.470215 0.40293 0.258008 0.931152
9 0.442188 0.471875 0.396875 0.258594 0.00161076
0 0.442188 0.471875 0.396875 0.258594 0.00148964
14 0.444531 0.469629 0.403125 0.25293 0.00118828
4 0.446875 0.47041 0.403906 0.25918 0.929199
9 0.442578 0.471973 0.399219 0.25918 0.00177479
0 0.442578 0.471973 0.399219 0.25918 0.00119686
14 0.444922 0.46875 0.403906 0.252344 0.00115585
4 0.446191 0.470703 0.40293 0.259375 0.932129
9 0.442285 0.471875 0.399805 0.260156 0.00167465
0 0.442285 0.471875 0.399805 0.260156 0.00112915
14 0.444531 0.469141 0.403125 0.253906 0.00112438
4 0.446191 0.471094 0.40293 0.259375 0.933105
9 0.442285 0.472266 0.399805 0.260156 0.00171375
14 0.444531 0.469531 0.403125 0.253906 0.00113392
0 0.442285 0.472266 0.399805 0.260156 0.00112438
4 0.446484 0.471191 0.402344 0.25918 0.933105
9 0.442285 0.471777 0.399805 0.25957 0.0018034
0 0.442285 0.471777 0.399805 0.25957 0.0011692
14 0.444531 0.469629 0.403125 0.25293 0.00112057
4 0.446484 0.470703 0.402344 0.258594 0.935059
9 0.442188 0.471973 0.398438 0.25918 0.00179577
0 0.442188 0.471973 0.398438 0.25918 0.00117874
14 0.444531 0.469434 0.402344 0.251758 0.0011425
4 0.446094 0.470313 0.401563 0.257812 0.936523
9 0.442188 0.471777 0.398438 0.258008 0.00174141
0 0.442188 0.471777 0.398438 0.258008 0.00116539
14 0.444531 0.469141 0.401563 0.250781 0.00116062
4 0.446191 0.47041 0.40293 0.25918 0.93457
9 0.442188 0.471777 0.399219 0.25957 0.00174141
0 0.442188 0.471777 0.399219 0.25957 0.0011425
14 0.444531 0.469141 0.403125 0.252344 0.00113773
4 0.446191 0.470703 0.40293 0.259375 0.932129
9 0.442188 0.471875 0.399219 0.260156 0.00167465
0 0.442188 0.471875 0.399219 0.260156 0.00112915
14 0.444531 0.469141 0.403125 0.253906 0.00112438
