19 0.481934 0.464063 0.267383 0.294531 0.0270691
3 0.474316 0.476172 0.282617 0.314063 0.00436401
11 0.475781 0.475781 0.278906 0.317969 0.00340271
14 0.474316 0.476172 0.282617 0.314063 0.00211525
0 0.475 0.481348 0.288281 0.313867 0.00157928
8 0.474316 0.476172 0.282617 0.314063 0.00156116
20 0.474316 0.476172 0.282617 0.314063 0.00140476
17 0.475 0.481348 0.288281 0.313867 0.00139904
5 0.455566 0.466797 0.323242 0.308594 0.00134087
11 0.649609 0.331055 0.700781 0.648828 0.00133514
21 0.485938 0.43584 0.275 0.336133 0.0012846
9 0.475391 0.465625 0.278125 0.304688 0.0012846
4 0.455566 0.466797 0.323242 0.308594 0.00126457
2 0.474316 0.476172 0.282617 0.314063 0.00114727
11 0.554004 0.444531 0.649805 0.421875 0.00105667
11 0.625 0.590625 0.75 0.690625 0.00103188
11 0.483203 0.573828 0.491406 0.514844 0.00101662
5 0.538281 0.524609 0.670313 0.669531 0.00101185
22 0.460547 0.550391 0.35625 0.483594 0.86084
17 0.446094 0.524609 0.344531 0.422656 0.757812
17 0.358594 0.601172 0.55625 0.688281 0.462891
20 0.423828 0.54375 0.380469 0.465625 0.437744
22 0.356641 0.592969 0.713281 0.814063 0.428223
17 0.389453 0.592188 0.758594 0.815625 0.422607
22 0.358594 0.601172 0.55625 0.688281 0.385742
3 0.423828 0.54375 0.380469 0.465625 0.30249
17 0.407031 0.542871 0.419531 0.493945 0.256104
22 0.554785 0.521875 0.635742 0.853125 0.242188
22 0.243555 0.599609 0.487109 0.647656 0.236572
14 0.446094 0.524609 0.344531 0.422656 0.216064
17 0.243555 0.599609 0.487109 0.647656 0.206909
20 0.358594 0.601172 0.55625 0.688281 0.205566
3 0.358594 0.601172 0.55625 0.688281 0.147095
20 0.356641 0.592969 0.713281 0.814063 0.115967
17 0.408984 0.470703 0.789844 0.911719 0.106689
20 0.243555 0.599609 0.487109 0.647656 0.105591
14 0.3625 0.59375 0.510156 0.571875 0.103394
11 0.423828 0.54375 0.380469 0.465625 0.0963745
25 0.470313 0.525 0.335938 0.428125 0.0903931
22 0.424219 0.644922 0.485938 0.710156 0.0897827
17 0.554785 0.521875 0.635742 0.853125 0.0872803
22 0.408984 0.470703 0.789844 0.911719 0.0836182
22 0.632812 0.535156 0.734375 0.90625 0.0745239
11 0.362891 0.639453 0.610156 0.721094 0.0734253
3 0.453906 0.499609 0.339844 0.364844 0.0720825
14 0.398047 0.526563 0.760156 0.903125 0.0692749
17 0.310937 0.590234 0.621875 0.819531 0.0682983
17 0.211719 0.551172 0.423438 0.491406 0.064209
10 0.358594 0.601172 0.55625 0.688281 0.0639648
17 0.664453 0.444141 0.671094 0.888281 0.062561
17 0.741406 0.393359 0.517188 0.786719 0.0618896
1 0.423828 0.54375 0.380469 0.465625 0.0618896
22 0.578906 0.610938 0.842188 0.778125 0.0614319
22 0.664453 0.444141 0.671094 0.888281 0.0592041
17 0.389844 0.655859 0.779688 0.688281 0.0589905
8 0.358594 0.601172 0.55625 0.688281 0.0535889
8 0.423828 0.54375 0.380469 0.465625 0.0528259
22 0.273047 0.519531 0.546094 0.817187 0.0526123
17 0.627344 0.571875 0.745313 0.85625 0.0516663
14 0.362891 0.639453 0.610156 0.721094 0.0499573
17 0.494141 0.685156 0.827344 0.629687 0.0476074
22 0.372656 0.552344 0.494531 0.517188 0.0470886
22 0.391016 0.633203 0.782031 0.733594 0.0463867
17 0.424219 0.644922 0.485938 0.710156 0.0450134
20 0.554785 0.521875 0.635742 0.853125 0.0435181
14 0.407031 0.542871 0.419531 0.493945 0.0419312
10 0.423828 0.54375 0.380469 0.465625 0.0409851
0 0.446094 0.524609 0.344531 0.422656 0.0397949
22 0.401953 0.341797 0.803906 0.683594 0.0391846
20 0.408984 0.470703 0.789844 0.911719 0.0386047
22 0.741406 0.393359 0.517188 0.786719 0.0383301
22 0.211719 0.551172 0.423438 0.491406 0.0375977
22 0.186035 0.397656 0.37207 0.603906 0.0346069
17 0.401953 0.341797 0.803906 0.683594 0.0343628
3 0.243555 0.599609 0.487109 0.647656 0.0342407
22 0.494141 0.685156 0.827344 0.629687 0.0340881
14 0.518359 0.467187 0.569531 0.88125 0.0339661
20 0.208594 0.553125 0.417188 0.510938 0.0337219
19 0.483594 0.460254 0.303125 0.32793 0.032959
20 0.273047 0.519531 0.546094 0.817187 0.0317383
17 0.450098 0.427344 0.47168 0.854688 0.03125
21 0.483594 0.460254 0.303125 0.32793 0.0306702
17 0.634375 0.388672 0.73125 0.777344 0.0306702
0 0.3625 0.59375 0.510156 0.571875 0.0306702
17 0.211719 0.422266 0.423438 0.744531 0.0303345
3 0.398047 0.526563 0.760156 0.903125 0.0303345
17 0.571777 0.425 0.768945 0.85 0.0296478
22 0.571777 0.425 0.768945 0.85 0.029541
22 0.634375 0.388672 0.73125 0.777344 0.0293121
22 0.785742 0.330273 0.428516 0.660547 0.0292053
17 0.613281 0.658594 0.773438 0.682813 0.0292053
13 0.423828 0.54375 0.380469 0.465625 0.0283356
17 0.76875 0.37168 0.4625 0.726953 0.0280151
22 0.279687 0.333203 0.559375 0.666406 0.0269623
13 0.358594 0.601172 0.55625 0.688281 0.0266571
3 0.554785 0.521875 0.635742 0.853125 0.0265503
1 0.366797 0.64209 0.686719 0.71582 0.0265503
22 0.450098 0.427344 0.47168 0.854688 0.0263519
9 0.407031 0.542871 0.419531 0.493945 0.026062
22 0.613281 0.658594 0.773438 0.682813 0.026062
22 0.529004 0.384375 0.566992 0.76875 0.0252686
22 0.229687 0.453906 0.459375 0.851562 0.0252686
14 0.243555 0.599609 0.487109 0.647656 0.024704
14 0.359961 0.614062 0.719922 0.771875 0.0246124
3 0.372656 0.552344 0.494531 0.517188 0.0243378
14 0.211719 0.551172 0.423438 0.491406 0.0236969
1 0.358594 0.601172 0.55625 0.688281 0.023468
2 0.446094 0.524609 0.344531 0.422656 0.0233307
22 0.358203 0.651563 0.558594 0.696875 0.0233307
17 0.529004 0.384375 0.566992 0.76875 0.0228882
13 0.398047 0.526563 0.760156 0.903125 0.0224609
17 0.279687 0.333203 0.559375 0.666406 0.0218658
20 0.453906 0.499609 0.339844 0.364844 0.0217743
17 0.473047 0.629297 0.641406 0.741406 0.0214539
22 0.123828 0.359961 0.247656 0.511328 0.0202484
17 0.123828 0.359961 0.247656 0.511328 0.0197144
3 0.334766 0.608594 0.669531 0.782813 0.0192719
22 0.495703 0.252734 0.439844 0.505469 0.0181885
20 0.632812 0.535156 0.734375 0.90625 0.0179138
25 0.438379 0.577734 0.40293 0.567969 0.0176392
14 0.310937 0.590234 0.621875 0.819531 0.016983
20 0.372656 0.552344 0.494531 0.517188 0.0167236
17 0.358203 0.651563 0.558594 0.696875 0.0166626
22 0.419141 0.328516 0.625 0.657031 0.0164642
17 0.419141 0.328516 0.625 0.657031 0.0160217
14 0.242188 0.4375 0.484375 0.807813 0.0158386
20 0.424219 0.644922 0.485938 0.710156 0.0158386
1 0.446094 0.682031 0.832812 0.635938 0.0156708
1 0.355078 0.607813 0.710156 0.784375 0.0154266
17 0.495703 0.252734 0.439844 0.505469 0.0150757
3 0.366797 0.64209 0.686719 0.71582 0.0150146
11 0.389453 0.592188 0.758594 0.815625 0.0147324
20 0.211719 0.422266 0.423438 0.744531 0.0146179
13 0.372656 0.552344 0.494531 0.517188 0.0146179
13 0.453906 0.499609 0.339844 0.364844 0.0145035
14 0.629687 0.480469 0.740625 0.917188 0.0145035
17 0.257422 0.511719 0.514844 0.86875 0.0143356
5 0.362891 0.639453 0.610156 0.721094 0.0143356
11 0.3625 0.59375 0.510156 0.571875 0.0140076
8 0.398047 0.526563 0.760156 0.903125 0.0140076
16 0.423828 0.54375 0.380469 0.465625 0.0139008
20 0.446094 0.682031 0.832812 0.635938 0.0138474
17 0.192773 0.509375 0.385547 0.395313 0.0133743
14 0.404297 0.425781 0.449219 0.851562 0.0131226
11 0.273047 0.519531 0.546094 0.817187 0.0130234
1 0.398047 0.526563 0.760156 0.903125 0.0130234
11 0.238672 0.556641 0.477344 0.714844 0.0129242
14 0.195703 0.412891 0.391406 0.660937 0.0127258
9 0.362891 0.639453 0.610156 0.721094 0.0125275
17 0.805859 0.305469 0.388281 0.580469 0.0123825
14 0.192773 0.509375 0.385547 0.395313 0.0123367
1 0.664453 0.444141 0.671094 0.888281 0.0123367
25 0.3625 0.59375 0.510156 0.571875 0.0121002
20 0.664453 0.444141 0.671094 0.888281 0.0120544
11 0.554785 0.521875 0.635742 0.853125 0.0120544
13 0.554785 0.521875 0.635742 0.853125 0.0120544
17 0.719336 0.34375 0.561328 0.6875 0.0118713
14 0.429688 0.291016 0.6 0.582031 0.0117798
13 0.243555 0.599609 0.487109 0.647656 0.0117798
5 0.407031 0.542871 0.419531 0.493945 0.0112915
22 0.719336 0.34375 0.561328 0.6875 0.011116
1 0.561719 0.705469 0.848437 0.589063 0.0110703
8 0.453906 0.499609 0.339844 0.364844 0.0109863
13 0.359961 0.614062 0.719922 0.771875 0.0109863
3 0.424219 0.644922 0.485938 0.710156 0.0109024
3 0.215039 0.541797 0.430078 0.482031 0.0107346
14 0.594922 0.585547 0.777344 0.828906 0.0106964
1 0.718164 0.396094 0.563672 0.792188 0.0106506
0 0.518359 0.467187 0.569531 0.88125 0.0104065
13 0.629687 0.480469 0.740625 0.917188 0.0102463
20 0.364453 0.65625 0.728906 0.6875 0.0100098
1 0.243555 0.599609 0.487109 0.647656 0.00997162
1 0.613281 0.658594 0.773438 0.682813 0.00967407
1 0.571777 0.425 0.768945 0.85 0.00963593
14 0.446094 0.682031 0.832812 0.635938 0.00955963
25 0.518359 0.467187 0.569531 0.88125 0.00948334
3 0.273047 0.519531 0.546094 0.817187 0.00945282
2 0.3625 0.59375 0.510156 0.571875 0.00933838
25 0.243555 0.599609 0.487109 0.647656 0.00930023
13 0.310937 0.590234 0.621875 0.819531 0.00919342
0 0.408984 0.470703 0.789844 0.911719 0.00912476
17 0.158203 0.332227 0.316406 0.664453 0.00905609
20 0.578906 0.610938 0.842188 0.778125 0.00891876
25 0.211719 0.551172 0.423438 0.491406 0.00888062
24 0.594922 0.585547 0.777344 0.828906 0.0088501
17 0.403223 0.269141 0.712305 0.538281 0.00878143
22 0.657813 0.610156 0.684375 0.779688 0.00878143
20 0.718164 0.396094 0.563672 0.792188 0.00874329
1 0.363672 0.432813 0.625781 0.865625 0.00871277
1 0.641016 0.560938 0.717969 0.878125 0.0086441
14 0.691016 0.419531 0.617969 0.839063 0.00847626
3 0.186035 0.397656 0.37207 0.603906 0.00834656
1 0.408203 0.305859 0.739844 0.611719 0.008255
3 0.664453 0.444141 0.671094 0.888281 0.00818634
25 0.362109 0.547656 0.724219 0.826563 0.00815582
16 0.3625 0.59375 0.510156 0.571875 0.00812531
0 0.211719 0.551172 0.423438 0.491406 0.00806427
2 0.407031 0.542871 0.419531 0.493945 0.00803375
1 0.279687 0.333203 0.559375 0.666406 0.00793457
14 0.498437 0.22793 0.435937 0.455859 0.00769424
3 0.404297 0.425781 0.449219 0.851562 0.00769424
14 0.408203 0.305859 0.739844 0.611719 0.00763702
11 0.629687 0.480469 0.740625 0.917188 0.00757599
22 0.839063 0.323828 0.321875 0.599219 0.00751877
10 0.398047 0.526563 0.760156 0.903125 0.00746155
20 0.589063 0.68125 0.821875 0.6375 0.00743103
11 0.211719 0.422266 0.423438 0.744531 0.00740433
3 0.632812 0.535156 0.734375 0.90625 0.00723267
1 0.424219 0.644922 0.485938 0.710156 0.00723267
1 0.186035 0.397656 0.37207 0.603906 0.00717545
11 0.466797 0.507715 0.350781 0.398633 0.00717545
13 0.514844 0.705469 0.845313 0.589063 0.00717545
14 0.571777 0.425 0.768945 0.85 0.00712204
9 0.273047 0.519531 0.546094 0.817187 0.00712204
1 0.401953 0.374219 0.803906 0.748438 0.00706482
22 0.897656 0.273438 0.204688 0.490625 0.00706482
24 0.438379 0.577734 0.40293 0.567969 0.00706482
1 0.466406 0.403516 0.554688 0.807031 0.0069046
13 0.211719 0.422266 0.423438 0.744531 0.0069046
5 0.398047 0.526563 0.760156 0.903125 0.0069046
13 0.377734 0.680859 0.755469 0.638281 0.0069046
11 0.408984 0.470703 0.789844 0.911719 0.00674438
10 0.366797 0.64209 0.686719 0.71582 0.00669098
3 0.494141 0.685156 0.827344 0.629687 0.00661469
13 0.208594 0.553125 0.417188 0.510938 0.00656509
22 0.403223 0.269141 0.712305 0.538281 0.00653839
1 0.372656 0.552344 0.494531 0.517188 0.00653839
3 0.571777 0.425 0.768945 0.85 0.0064888
13 0.257422 0.511719 0.514844 0.86875 0.0064888
3 0.578906 0.610938 0.842188 0.778125 0.0064888
3 0.123828 0.359961 0.247656 0.511328 0.00643921
3 0.389844 0.655859 0.779688 0.688281 0.00643921
3 0.785742 0.330273 0.428516 0.660547 0.00634003
22 0.0738281 0.32168 0.147656 0.489453 0.00624084
8 0.372656 0.552344 0.494531 0.517188 0.00624084
20 0.571777 0.425 0.768945 0.85 0.00619125
1 0.287891 0.570312 0.575781 0.859375 0.00614548
20 0.279687 0.333203 0.559375 0.666406 0.00612259
13 0.450098 0.427344 0.47168 0.854688 0.00609589
25 0.362891 0.639453 0.610156 0.721094 0.00609589
20 0.401953 0.341797 0.803906 0.683594 0.006073
22 0.532422 0.189258 0.402344 0.378516 0.00605011
14 0.363672 0.432813 0.625781 0.865625 0.00600433
21 0.470313 0.525 0.335938 0.428125 0.00600433
9 0.238672 0.556641 0.477344 0.714844 0.00600433
14 0.589063 0.68125 0.821875 0.6375 0.00600433
1 0.20332 0.432715 0.406641 0.762695 0.00598145
1 0.761328 0.401172 0.477344 0.802344 0.00591278
20 0.192773 0.509375 0.385547 0.395313 0.00591278
8 0.394531 0.610938 0.789062 0.778125 0.00588989
20 0.48125 0.282617 0.479688 0.565234 0.005867
17 0.0738281 0.32168 0.147656 0.489453 0.005867
10 0.453906 0.499609 0.339844 0.364844 0.00582123
13 0.571777 0.425 0.768945 0.85 0.00577545
22 0.192773 0.509375 0.385547 0.395313 0.00572968
25 0.594922 0.585547 0.777344 0.828906 0.00572968
13 0.689453 0.445312 0.621094 0.890625 0.00570679
13 0.578906 0.610938 0.842188 0.778125 0.00568771
1 0.473047 0.629297 0.641406 0.741406 0.00568771
16 0.518359 0.467187 0.569531 0.88125 0.00564194
3 0.741406 0.393359 0.517188 0.786719 0.00547028
20 0.473047 0.629297 0.641406 0.741406 0.00547028
3 0.363672 0.432813 0.625781 0.865625 0.00538635
11 0.208594 0.553125 0.417188 0.510938 0.0053215
20 0.419141 0.328516 0.625 0.657031 0.00530243
1 0.634375 0.388672 0.73125 0.777344 0.00527954
13 0.429688 0.291016 0.6 0.582031 0.00521851
1 0.429688 0.291016 0.6 0.582031 0.00519943
13 0.408203 0.305859 0.739844 0.611719 0.0051384
16 0.360547 0.440625 0.70625 0.88125 0.0051384
3 0.473047 0.629297 0.641406 0.741406 0.0051384
3 0.401953 0.341797 0.803906 0.683594 0.00510025
10 0.238672 0.556641 0.477344 0.714844 0.00510025
3 0.229687 0.453906 0.459375 0.851562 0.0050621
1 0.453906 0.499609 0.339844 0.364844 0.00502014
20 0.358203 0.651563 0.558594 0.696875 0.00502014
16 0.208594 0.553125 0.417188 0.510938 0.00494385
1 0.123828 0.359961 0.247656 0.511328 0.00486755
14 0.279687 0.333203 0.559375 0.666406 0.00482941
1 0.362891 0.680078 0.725781 0.639844 0.00481033
13 0.424219 0.644922 0.485938 0.710156 0.00475693
16 0.195703 0.412891 0.391406 0.660937 0.00473785
1 0.518359 0.467187 0.569531 0.88125 0.00468063
0 0.498437 0.22793 0.435937 0.455859 0.00466537
3 0.613281 0.658594 0.773438 0.682813 0.00460815
3 0.279687 0.333203 0.559375 0.666406 0.0045929
13 0.403516 0.441797 0.807031 0.883594 0.00457382
0 0.362891 0.639453 0.610156 0.721094 0.00457382
22 0.362891 0.680078 0.725781 0.639844 0.00457382
3 0.429688 0.291016 0.6 0.582031 0.00450516
3 0.634375 0.388672 0.73125 0.777344 0.00450516
20 0.123828 0.359961 0.247656 0.511328 0.00446701
3 0.529004 0.384375 0.566992 0.76875 0.00446701
5 0.257422 0.511719 0.514844 0.86875 0.00446701
11 0.187695 0.346875 0.375391 0.6625 0.00445175
10 0.372656 0.552344 0.494531 0.517188 0.00443268
20 0.634375 0.388672 0.73125 0.777344 0.00438309
17 0.897656 0.273438 0.204688 0.490625 0.00436401
1 0.785742 0.330273 0.428516 0.660547 0.00434875
1 0.363672 0.414844 0.727344 0.829688 0.00434875
22 0.640234 0.706445 0.719531 0.587109 0.00432968
17 0.532422 0.189258 0.402344 0.378516 0.00429916
8 0.334766 0.608594 0.669531 0.782813 0.0042305
13 0.612891 0.680859 0.774219 0.638281 0.0042305
10 0.273047 0.519531 0.546094 0.817187 0.00416565
13 0.473047 0.629297 0.641406 0.741406 0.00416565
17 0.640234 0.706445 0.719531 0.587109 0.00416565
1 0.495703 0.252734 0.439844 0.505469 0.00413513
13 0.41084 0.382617 0.756445 0.765234 0.0041008
20 0.404297 0.425781 0.449219 0.851562 0.0041008
16 0.192773 0.509375 0.385547 0.395313 0.00407028
24 0.470313 0.525 0.335938 0.428125 0.00407028
3 0.510547 0.19375 0.414844 0.3875 0.00400543
11 0.355078 0.607813 0.710156 0.784375 0.00400543
16 0.466797 0.507715 0.350781 0.398633 0.00397491
22 0.112109 0.331836 0.224219 0.663672 0.00391388
4 0.398047 0.526563 0.760156 0.903125 0.00385475
24 0.362109 0.547656 0.724219 0.826563 0.00383949
21 0.483984 0.473438 0.261719 0.2875 0.236572
19 0.480371 0.46875 0.245508 0.290625 0.190674
16 0.480469 0.490527 0.265625 0.29082 0.0174408
13 0.483984 0.473438 0.261719 0.2875 0.0162201
1 0.414844 0.58125 0.504687 0.660937 0.00793457
1 0.471875 0.583691 0.26875 0.501367 0.00588989
1 0.419922 0.590234 0.388281 0.528906 0.00575256
22 0.471875 0.583691 0.26875 0.501367 0.00553513
17 0.471875 0.583691 0.26875 0.501367 0.00510025
22 0.414844 0.58125 0.504687 0.660937 0.00494385
1 0.399121 0.595313 0.681445 0.748438 0.00477219
17 0.414844 0.58125 0.504687 0.660937 0.00379562
22 0.419922 0.590234 0.388281 0.528906 0.00369263
17 0.419922 0.590234 0.388281 0.528906 0.00367928
21 0.484277 0.595313 0.304883 0.359375 0.00300407
22 0.424219 0.595313 0.70625 0.73125 0.00300407
12 0.399121 0.595313 0.681445 0.748438 0.00293541
12 0.414844 0.58125 0.504687 0.660937 0.00291252
2 0.740625 0.916406 0.51875 0.167187 0.00247192
17 0.424219 0.595313 0.70625 0.73125 0.0024147
4 0.487891 0.191797 0.425781 0.383594 0.00219917
18 0.740625 0.916406 0.51875 0.167187 0.00213242
2 0.490234 0.164941 0.426563 0.329883 0.00211525
20 0.414844 0.58125 0.504687 0.660937 0.00202751
22 0.499219 0.506152 0.223438 0.345508 0.00198746
3 0.414844 0.58125 0.504687 0.660937 0.00198746
1 0.477344 0.489746 0.242969 0.308008 0.00195694
17 0.499219 0.506152 0.223438 0.345508 0.00195694
11 0.414844 0.58125 0.504687 0.660937 0.00194931
11 0.399121 0.595313 0.681445 0.748438 0.00189686
19 0.466309 0.561621 0.314258 0.395508 0.00182438
3 0.436816 0.602734 0.37168 0.560156 0.0018177
12 0.432422 0.591797 0.358594 0.527344 0.00181007
3 0.471875 0.583691 0.26875 0.501367 0.00174141
12 0.398047 0.465527 0.425781 0.41582 0.0017271
13 0.399121 0.595313 0.681445 0.748438 0.00171375
1 0.481348 0.236719 0.435742 0.461719 0.00167465
4 0.476465 0.548438 0.251758 0.43125 0.00163555
24 0.748828 0.938281 0.502344 0.123438 0.0015974
1 0.285596 0.641309 0.372559 0.592383 0.00156689
0 0.487891 0.191797 0.425781 0.383594 0.00156116
20 0.436816 0.602734 0.37168 0.560156 0.00154877
4 0.436816 0.602734 0.37168 0.560156 0.00151253
0 0.471875 0.583691 0.26875 0.501367 0.00150108
4 0.748828 0.938281 0.502344 0.123438 0.00148964
12 0.476465 0.548438 0.251758 0.43125 0.00147247
7 0.740625 0.916406 0.51875 0.167187 0.00146675
11 0.436816 0.602734 0.37168 0.560156 0.00144386
12 0.477344 0.489746 0.242969 0.308008 0.00143242
4 0.414844 0.58125 0.504687 0.660937 0.00141621
8 0.471875 0.583691 0.26875 0.501367 0.00139904
13 0.414844 0.58125 0.504687 0.660937 0.00139904
19 0.491797 0.517871 0.290625 0.317383 0.00132465
12 0.487891 0.191797 0.425781 0.383594 0.00129986
12 0.285596 0.641309 0.372559 0.592383 0.00129414
2 0.836523 0.695703 0.326953 0.352344 0.00129414
0 0.740625 0.916406 0.51875 0.167187 0.00126934
20 0.471875 0.583691 0.26875 0.501367 0.00125504
4 0.424219 0.595313 0.70625 0.73125 0.00124454
12 0.316797 0.418848 0.633594 0.732617 0.00123978
16 0.478516 0.552734 0.292188 0.375781 0.00121117
2 0.471875 0.583691 0.26875 0.501367 0.00119686
2 0.481348 0.236719 0.435742 0.461719 0.00119209
2 0.774219 0.89375 0.451562 0.2125 0.00118828
14 0.740625 0.916406 0.51875 0.167187 0.00118828
15 0.724609 0.937109 0.550781 0.125781 0.0011692
12 0.384375 0.631641 0.76875 0.736719 0.00116539
12 0.101953 0.210547 0.203906 0.421094 0.00115585
16 0.487891 0.191797 0.425781 0.383594 0.0011158
13 0.419922 0.590234 0.388281 0.528906 0.00110722
22 0.482715 0.225391 0.439258 0.438281 0.00109863
14 0.483984 0.177539 0.4375 0.355078 0.00109482
11 0.471875 0.583691 0.26875 0.501367 0.00108147
17 0.285596 0.641309 0.372559 0.592383 0.00108147
22 0.285596 0.641309 0.372559 0.592383 0.00108147
2 0.414844 0.58125 0.504687 0.660937 0.00107288
1 0.398047 0.465527 0.425781 0.41582 0.00106907
2 0.436816 0.602734 0.37168 0.560156 0.00106907
12 0.212109 0.374414 0.424219 0.740234 0.00105667
20 0.399121 0.595313 0.681445 0.748438 0.00105667
14 0.414844 0.58125 0.504687 0.660937 0.00104809
3 0.399121 0.595313 0.681445 0.748438 0.00104046
6 0.748828 0.938281 0.502344 0.123438 0.00102806
21 0.491797 0.517871 0.290625 0.317383 0.00100422
22 0.478125 0.554785 0.249219 0.47168 0.177856
22 0.415723 0.573047 0.406055 0.510156 0.0866089
11 0.478125 0.554785 0.249219 0.47168 0.0661011
19 0.475098 0.486035 0.282617 0.357617 0.0634766
11 0.415723 0.573047 0.406055 0.510156 0.0609741
17 0.478125 0.554785 0.249219 0.47168 0.0455322
21 0.475098 0.486035 0.282617 0.357617 0.0438538
1 0.478516 0.560254 0.249219 0.432617 0.033905
1 0.415723 0.573047 0.406055 0.510156 0.0305023
19 0.415723 0.573047 0.406055 0.510156 0.0296478
5 0.478516 0.570703 0.282031 0.507031 0.0247955
5 0.415723 0.573047 0.406055 0.510156 0.0246124
3 0.478516 0.570703 0.282031 0.507031 0.0235138
17 0.475391 0.511328 0.278906 0.352344 0.0216217
3 0.415723 0.573047 0.406055 0.510156 0.0214539
19 0.478516 0.570703 0.282031 0.507031 0.0205688
17 0.415723 0.573047 0.406055 0.510156 0.0191956
1 0.478906 0.492969 0.252344 0.310156 0.0173035
22 0.478906 0.492969 0.252344 0.310156 0.0151291
10 0.478125 0.554785 0.249219 0.47168 0.0150146
13 0.475098 0.486035 0.282617 0.357617 0.0115509
8 0.478516 0.570703 0.282031 0.507031 0.0115509
21 0.478125 0.554785 0.249219 0.47168 0.0108185
25 0.477441 0.555859 0.27793 0.466406 0.0107803
13 0.415723 0.573047 0.406055 0.510156 0.00985718
14 0.415723 0.573047 0.406055 0.510156 0.00959778
14 0.478516 0.570703 0.282031 0.507031 0.00926971
4 0.478516 0.560254 0.249219 0.432617 0.00867462
10 0.415723 0.573047 0.406055 0.510156 0.00867462
22 0.510156 0.567871 0.402344 0.495508 0.00834656
20 0.478516 0.570703 0.282031 0.507031 0.00803375
3 0.475391 0.511328 0.278906 0.352344 0.00790405
20 0.415723 0.573047 0.406055 0.510156 0.00748825
0 0.478516 0.570703 0.282031 0.507031 0.0069046
20 0.470313 0.266406 0.461719 0.471094 0.00664139
13 0.478516 0.570703 0.282031 0.507031 0.00575256
1 0.515625 0.557422 0.372656 0.446094 0.00559998
22 0.4625 0.277539 0.5 0.501172 0.00542831
2 0.478516 0.560254 0.249219 0.432617 0.00542831
9 0.478125 0.554785 0.249219 0.47168 0.00542831
1 0.483984 0.263672 0.471094 0.475781 0.00521851
12 0.415723 0.573047 0.406055 0.510156 0.00492477
4 0.478906 0.492969 0.252344 0.310156 0.0049057
12 0.475391 0.511328 0.278906 0.352344 0.00486755
4 0.440723 0.583984 0.404492 0.532031 0.00471878
8 0.415723 0.573047 0.406055 0.510156 0.0046463
6 0.477441 0.555859 0.27793 0.466406 0.00460815
4 0.515625 0.557422 0.372656 0.446094 0.00453949
21 0.415723 0.573047 0.406055 0.510156 0.0041008
8 0.478906 0.492969 0.252344 0.310156 0.00387001
0 0.475391 0.511328 0.278906 0.352344 0.00383949
1 0.484766 0.590625 0.491406 0.521875 0.00380898
25 0.415723 0.573047 0.406055 0.510156 0.00380898
21 0.470313 0.266406 0.461719 0.471094 0.0037365
11 0.510156 0.567871 0.402344 0.495508 0.00365067
12 0.465234 0.56709 0.2875 0.476758 0.00365067
16 0.477344 0.563672 0.271875 0.439844 0.00362206
1 0.492969 0.484766 0.339063 0.353906 0.00351143
9 0.415723 0.573047 0.406055 0.510156 0.00351143
11 0.460059 0.281836 0.50957 0.502734 0.00340271
0 0.515625 0.557422 0.372656 0.446094 0.00337601
14 0.515625 0.557422 0.372656 0.446094 0.00329781
0 0.415723 0.573047 0.406055 0.510156 0.00325966
17 0.515625 0.557422 0.372656 0.446094 0.00322342
4 0.479688 0.258984 0.444531 0.457031 0.00309944
0 0.489453 0.255273 0.457813 0.469141 0.0030632
24 0.477441 0.555859 0.27793 0.466406 0.00302696
14 0.470313 0.266406 0.461719 0.471094 0.0029583
12 0.534375 0.51875 0.39375 0.395313 0.00294685
24 0.415723 0.573047 0.406055 0.510156 0.0027256
6 0.388672 0.578906 0.475 0.548438 0.00268364
3 0.515625 0.557422 0.372656 0.446094 0.00261116
16 0.388672 0.578906 0.475 0.548438 0.00259018
17 0.508984 0.488965 0.372656 0.364258 0.00258064
14 0.475391 0.511328 0.278906 0.352344 0.00255013
6 0.470313 0.266406 0.461719 0.471094 0.00251198
10 0.478906 0.492969 0.252344 0.310156 0.00250244
21 0.515625 0.557422 0.372656 0.446094 0.00247192
13 0.489453 0.276367 0.492188 0.505078 0.00245285
2 0.489453 0.255273 0.457813 0.469141 0.00240517
24 0.510156 0.567871 0.402344 0.495508 0.00232315
12 0.4625 0.277539 0.5 0.501172 0.00230598
3 0.470313 0.266406 0.461719 0.471094 0.00226974
2 0.515625 0.557422 0.372656 0.446094 0.00225258
13 0.534375 0.51875 0.39375 0.395313 0.00219154
25 0.510156 0.567871 0.402344 0.495508 0.00219154
24 0.470313 0.266406 0.461719 0.471094 0.00217438
20 0.515625 0.557422 0.372656 0.446094 0.00216484
12 0.578125 0.358594 0.520312 0.7 0.00214005
17 0.496191 0.25918 0.451367 0.474609 0.00209999
2 0.478906 0.492969 0.252344 0.310156 0.00200272
16 0.470313 0.266406 0.461719 0.471094 0.00197983
6 0.510156 0.567871 0.402344 0.495508 0.00194168
1 0.507422 0.363086 0.513281 0.726172 0.00191212
5 0.470313 0.266406 0.461719 0.471094 0.00189686
20 0.475391 0.511328 0.278906 0.352344 0.00188255
16 0.534375 0.51875 0.39375 0.395313 0.0018034
9 0.470313 0.266406 0.461719 0.471094 0.00178909
25 0.470313 0.266406 0.461719 0.471094 0.00176811
12 0.436719 0.444531 0.65625 0.81875 0.00171375
12 0.546875 0.571875 0.5625 0.609375 0.00169373
2 0.415723 0.573047 0.406055 0.510156 0.00164223
12 0.399609 0.412891 0.799219 0.825781 0.00163555
11 0.478906 0.492969 0.252344 0.310156 0.00161648
22 0.546875 0.571875 0.5625 0.609375 0.00161648
16 0.478906 0.492969 0.252344 0.310156 0.00146675
15 0.479688 0.258984 0.444531 0.457031 0.00145531
1 0.427734 0.371094 0.739844 0.742188 0.00145531
13 0.484766 0.590625 0.491406 0.521875 0.00142097
22 0.508984 0.488965 0.372656 0.364258 0.00141048
0 0.508984 0.488965 0.372656 0.364258 0.00139904
19 0.459375 0.277344 0.482812 0.496875 0.00136662
13 0.472656 0.354883 0.635938 0.709766 0.00136662
3 0.508984 0.488965 0.372656 0.364258 0.00136185
12 0.484766 0.590625 0.491406 0.521875 0.00134563
12 0.565625 0.505859 0.484375 0.496875 0.00128937
11 0.546875 0.571875 0.5625 0.609375 0.0012846
18 0.479688 0.258984 0.444531 0.457031 0.00127411
4 0.508984 0.488965 0.372656 0.364258 0.00126934
13 0.578125 0.358594 0.520312 0.7 0.00123978
12 0.484375 0.183008 0.432813 0.318359 0.00121117
1 0.399609 0.649219 0.416406 0.45 0.00121117
19 0.347461 0.661719 0.269922 0.354688 0.00119686
6 0.399609 0.649219 0.416406 0.45 0.00119686
12 0.549902 0.260938 0.487695 0.521875 0.0011692
22 0.472656 0.354883 0.635938 0.709766 0.00116062
19 0.463281 0.621094 0.282031 0.370313 0.00113392
25 0.508984 0.488965 0.372656 0.364258 0.00113392
8 0.515625 0.557422 0.372656 0.446094 0.00110722
13 0.546875 0.571875 0.5625 0.609375 0.00109482
6 0.508984 0.488965 0.372656 0.364258 0.00108147
17 0.472656 0.354883 0.635938 0.709766 0.00107765
11 0.539062 0.25625 0.415625 0.482812 0.00106907
3 0.484766 0.590625 0.491406 0.521875 0.00106049
0 0.490234 0.182227 0.442969 0.330469 0.00105667
10 0.515625 0.557422 0.372656 0.446094 0.00105667
9 0.510156 0.567871 0.402344 0.495508 0.00105286
12 0.343555 0.464844 0.687109 0.889063 0.00104809
12 0.391797 0.576953 0.513281 0.630469 0.00103664
25 0.478906 0.492969 0.252344 0.310156 0.00102425
14 0.508984 0.488965 0.372656 0.364258 0.00101662
19 0.487891 0.470996 0.24375 0.298633 0.0775146
12 0.471973 0.487109 0.291992 0.309375 0.0283356
17 0.468066 0.480469 0.288867 0.3 0.0237732
12 0.372266 0.452344 0.569531 0.41875 0.0174408
1 0.468066 0.480469 0.288867 0.3 0.0165863
19 0.482422 0.416797 0.242969 0.348438 0.0141144
12 0.416504 0.539844 0.58418 0.642188 0.0133743
12 0.0850586 0.250781 0.170117 0.302344 0.0131683
21 0.487891 0.470996 0.24375 0.298633 0.0116425
13 0.476953 0.486035 0.259375 0.299805 0.0103683
3 0.468066 0.480469 0.288867 0.3 0.00985718
13 0.416504 0.539844 0.58418 0.642188 0.00933838
17 0.415625 0.457129 0.457031 0.374805 0.00926971
12 0.339453 0.379785 0.639844 0.601367 0.00809479
13 0.0850586 0.250781 0.170117 0.302344 0.00717545
22 0.476953 0.486035 0.259375 0.299805 0.00706482
1 0.415625 0.457129 0.457031 0.374805 0.00634003
25 0.468066 0.480469 0.288867 0.3 0.00605011
16 0.476953 0.486035 0.259375 0.299805 0.005867
4 0.468066 0.480469 0.288867 0.3 0.00568771
11 0.0883789 0.25918 0.176758 0.280859 0.00561905
8 0.468066 0.480469 0.288867 0.3 0.00524139
12 0.351172 0.576563 0.702344 0.746875 0.0051384
16 0.0883789 0.25918 0.176758 0.280859 0.00473785
16 0.403516 0.697656 0.366406 0.289062 0.00457382
12 0.102344 0.211523 0.204688 0.423047 0.00452042
11 0.415625 0.533594 0.654688 0.64375 0.00446701
6 0.478809 0.479785 0.27207 0.293555 0.00445175
20 0.476953 0.486035 0.259375 0.299805 0.00419998
14 0.468066 0.480469 0.288867 0.3 0.00397491
16 0.415625 0.533594 0.654688 0.64375 0.00388527
1 0.372656 0.339453 0.59375 0.678906 0.00336266
9 0.476953 0.486035 0.259375 0.299805 0.00328636
12 0.435547 0.167773 0.475 0.335547 0.00304031
13 0.372266 0.452344 0.569531 0.41875 0.00302696
13 0.102344 0.211523 0.204688 0.423047 0.00277901
0 0.468066 0.480469 0.288867 0.3 0.00276756
24 0.403516 0.697656 0.366406 0.289062 0.00270462
11 0.468066 0.480469 0.288867 0.3 0.00264168
24 0.478809 0.479785 0.27207 0.293555 0.00259018
13 0.351172 0.576563 0.702344 0.746875 0.00258064
6 0.403516 0.697656 0.366406 0.289062 0.00258064
13 0.339453 0.379785 0.639844 0.601367 0.00257111
14 0.415625 0.457129 0.457031 0.374805 0.00256157
24 0.0883789 0.25918 0.176758 0.280859 0.0024929
25 0.415625 0.457129 0.457031 0.374805 0.00247192
12 0.318359 0.425781 0.636719 0.675 0.00247192
2 0.468066 0.480469 0.288867 0.3 0.00246239
17 0.372656 0.339453 0.59375 0.678906 0.00243378
11 0.403516 0.697656 0.366406 0.289062 0.00242424
6 0.0883789 0.25918 0.176758 0.280859 0.00239754
1 0.391504 0.550391 0.52168 0.675781 0.00220871
19 0.487109 0.416797 0.235156 0.253125 0.00219917
12 0.357812 0.615234 0.576563 0.614844 0.00218201
12 0.46875 0.170117 0.521094 0.340234 0.00216484
22 0.415625 0.457129 0.457031 0.374805 0.00211525
12 0.402344 0.688672 0.384375 0.317969 0.00211525
7 0.403516 0.697656 0.366406 0.289062 0.00210762
1 0.0850586 0.250781 0.170117 0.302344 0.00209045
0 0.415625 0.457129 0.457031 0.374805 0.00204277
12 0.445215 0.447754 0.379883 0.381055 0.00201988
7 0.0883789 0.25918 0.176758 0.280859 0.00200272
19 0.0883789 0.25918 0.176758 0.280859 0.00200272
5 0.471973 0.487109 0.291992 0.309375 0.00200272
2 0.415625 0.457129 0.457031 0.374805 0.00198746
3 0.415625 0.457129 0.457031 0.374805 0.00182438
13 0.402344 0.688672 0.384375 0.317969 0.00170708
15 0.461719 0.478906 0.329688 0.31875 0.0017004
9 0.394434 0.695312 0.329883 0.245312 0.00161076
13 0.435547 0.167773 0.475 0.335547 0.00160408
8 0.415625 0.457129 0.457031 0.374805 0.00160408
12 0.805469 0.775195 0.389062 0.449609 0.00158501
12 0.847656 0.621094 0.304688 0.523438 0.00156116
15 0.0850586 0.250781 0.170117 0.302344 0.00154877
12 0.348828 0.363086 0.697656 0.726172 0.00149536
12 0.837891 0.790234 0.324219 0.419531 0.0014782
4 0.0850586 0.250781 0.170117 0.302344 0.00144958
12 0.100781 0.212695 0.201563 0.425391 0.0014267
11 0.102344 0.211523 0.204688 0.423047 0.00141048
13 0.445215 0.447754 0.379883 0.381055 0.00140476
12 0.388965 0.239844 0.687695 0.479688 0.00139427
23 0.0883789 0.25918 0.176758 0.280859 0.00138855
20 0.415625 0.457129 0.457031 0.374805 0.00138855
16 0.837891 0.790234 0.324219 0.419531 0.00138855
16 0.845313 0.663281 0.309375 0.53125 0.00137234
11 0.805469 0.775195 0.389062 0.449609 0.00137234
16 0.805469 0.775195 0.389062 0.449609 0.00136662
14 0.0850586 0.250781 0.170117 0.302344 0.00136185
12 0.817969 0.698828 0.364063 0.602344 0.00135136
12 0.317969 0.577734 0.635938 0.597656 0.00133514
6 0.415625 0.457129 0.457031 0.374805 0.00133038
12 0.504004 0.194141 0.635742 0.388281 0.00126934
11 0.372266 0.452344 0.569531 0.41875 0.00126457
23 0.403516 0.697656 0.366406 0.289062 0.00126457
4 0.415625 0.457129 0.457031 0.374805 0.0012598
6 0.415625 0.533594 0.654688 0.64375 0.00124454
10 0.468066 0.480469 0.288867 0.3 0.00123501
14 0.372656 0.339453 0.59375 0.678906 0.0012207
13 0.845313 0.663281 0.309375 0.53125 0.0012207
15 0.416504 0.539844 0.58418 0.642188 0.00121593
17 0.391504 0.550391 0.52168 0.675781 0.00119686
11 0.847656 0.621094 0.304688 0.523438 0.00117874
11 0.837891 0.790234 0.324219 0.419531 0.00117874
6 0.805469 0.775195 0.389062 0.449609 0.00115585
2 0.837891 0.790234 0.324219 0.419531 0.00115585
2 0.805469 0.775195 0.389062 0.449609 0.00115108
13 0.805469 0.775195 0.389062 0.449609 0.00115108
0 0.837891 0.790234 0.324219 0.419531 0.00113773
13 0.837891 0.790234 0.324219 0.419531 0.00113392
9 0.0866211 0.268311 0.173242 0.230566 0.00112438
21 0.415625 0.457129 0.457031 0.374805 0.00112057
6 0.845313 0.663281 0.309375 0.53125 0.00112057
12 0.850195 0.628516 0.299609 0.436719 0.00111198
19 0.403516 0.697656 0.366406 0.289062 0.00110722
0 0.805469 0.775195 0.389062 0.449609 0.00110722
6 0.837891 0.790234 0.324219 0.419531 0.00109863
11 0.435547 0.167773 0.475 0.335547 0.00109005
2 0.0883789 0.25918 0.176758 0.280859 0.00108624
13 0.357812 0.615234 0.576563 0.614844 0.00106907
15 0.372266 0.452344 0.569531 0.41875 0.00106049
17 0.0850586 0.250781 0.170117 0.302344 0.00105667
23 0.469141 0.484766 0.296094 0.307031 0.00105667
19 0.415625 0.533594 0.654688 0.64375 0.00105667
24 0.416504 0.539844 0.58418 0.642188 0.00101662
12 0.843945 0.7 0.312109 0.478125 0.00101662
21 0.476562 0.477441 0.253906 0.338867 0.856934
19 0.475684 0.480859 0.258008 0.336719 0.509766
17 0.469922 0.493359 0.247656 0.307031 0.0690308
12 0.475 0.491406 0.24375 0.300781 0.0422363
11 0.475098 0.5 0.243555 0.26875 0.035553
4 0.475 0.491406 0.24375 0.300781 0.0342407
25 0.469922 0.493359 0.247656 0.307031 0.0228882
16 0.469531 0.494141 0.24375 0.289062 0.0227203
8 0.469922 0.493359 0.247656 0.307031 0.0219421
14 0.475 0.491406 0.24375 0.300781 0.0177765
23 0.475098 0.5 0.243555 0.26875 0.0173035
3 0.475 0.491406 0.24375 0.300781 0.0150757
6 0.471973 0.486719 0.238867 0.303125 0.0125275
9 0.475098 0.5 0.243555 0.26875 0.0109482
0 0.469922 0.493359 0.247656 0.307031 0.0108185
12 0.458691 0.476465 0.310742 0.356445 0.00937653
17 0.457813 0.462402 0.325781 0.358008 0.00818634
13 0.475 0.491406 0.24375 0.300781 0.00775528
22 0.475 0.491406 0.24375 0.300781 0.00757599
5 0.475098 0.5 0.243555 0.26875 0.00682449
2 0.475098 0.5 0.243555 0.26875 0.00679779
10 0.475098 0.5 0.243555 0.26875 0.00500107
4 0.458691 0.476465 0.310742 0.356445 0.00424957
1 0.473047 0.491309 0.242188 0.300195 0.00419998
12 0.478125 0.394629 0.371094 0.506055 0.00369263
19 0.481348 0.406934 0.226367 0.325195 0.00362206
21 0.449121 0.53125 0.33457 0.364844 0.00351143
24 0.469531 0.494141 0.24375 0.289062 0.00323486
11 0.503906 0.492188 0.292188 0.314844 0.00312424
15 0.475 0.491406 0.24375 0.300781 0.00291252
8 0.457813 0.462402 0.325781 0.358008 0.00286674
1 0.457813 0.462402 0.325781 0.358008 0.00256157
0 0.457813 0.462402 0.325781 0.358008 0.00251198
20 0.475098 0.5 0.243555 0.26875 0.00251198
14 0.458691 0.476465 0.310742 0.356445 0.00228691
18 0.469531 0.494141 0.24375 0.289062 0.00228691
13 0.458691 0.476465 0.310742 0.356445 0.00226974
2 0.457813 0.462402 0.325781 0.358008 0.00224304
11 0.458691 0.476465 0.310742 0.356445 0.00196457
15 0.458691 0.476465 0.310742 0.356445 0.00186729
25 0.457813 0.462402 0.325781 0.358008 0.00185299
3 0.457813 0.462402 0.325781 0.358008 0.00150681
11 0.478125 0.394629 0.371094 0.506055 0.00139427
19 0.449121 0.53125 0.33457 0.364844 0.00136662
17 0.436328 0.374023 0.459375 0.558203 0.00126457
1 0.436328 0.374023 0.459375 0.558203 0.00115585
16 0.458691 0.476465 0.310742 0.356445 0.00109482
7 0.469531 0.494141 0.24375 0.289062 0.00102425
19 0.482812 0.423047 0.221094 0.219531 0.00100422
19 0.472266 0.483691 0.253906 0.329492 0.204346
17 0.479004 0.47334 0.235742 0.283008 0.138916
25 0.479004 0.47334 0.235742 0.283008 0.064209
11 0.475391 0.477734 0.248438 0.30625 0.0470886
6 0.477344 0.477441 0.257812 0.304492 0.0414734
8 0.479004 0.47334 0.235742 0.283008 0.0396423
5 0.475781 0.477734 0.264062 0.310156 0.0273743
0 0.477344 0.477441 0.257812 0.304492 0.0231018
10 0.475391 0.477734 0.248438 0.30625 0.0224609
14 0.475391 0.477734 0.248438 0.30625 0.0222015
21 0.475391 0.477734 0.248438 0.30625 0.0186157
16 0.475391 0.477734 0.248438 0.30625 0.0181274
1 0.475781 0.484375 0.240625 0.279687 0.0180969
2 0.477344 0.477441 0.257812 0.304492 0.0170441
12 0.485156 0.473438 0.220313 0.278125 0.0164032
3 0.475781 0.484375 0.240625 0.279687 0.0159607
23 0.475391 0.477734 0.248438 0.30625 0.0146179
4 0.475391 0.477734 0.248438 0.30625 0.0124283
22 0.475781 0.484375 0.240625 0.279687 0.00959778
13 0.475781 0.484375 0.240625 0.279687 0.00945282
9 0.475391 0.477734 0.248438 0.30625 0.00701141
24 0.473438 0.470996 0.263281 0.283008 0.00492477
20 0.475781 0.484375 0.240625 0.279687 0.00488663
12 0.488281 0.459473 0.313281 0.326367 0.00411606
15 0.485156 0.473438 0.220313 0.278125 0.00284576
12 0.0711914 0.239893 0.142383 0.280371 0.00200272
7 0.477344 0.477441 0.257812 0.304492 0.0017004
1 0.4875 0.488281 0.291406 0.357812 0.00165462
17 0.4875 0.488281 0.291406 0.357812 0.00161648
13 0.0711914 0.239893 0.142383 0.280371 0.00127888
12 0.544922 0.350781 0.514844 0.701563 0.00119686
12 0.106055 0.206836 0.212109 0.368359 0.00110722
25 0.476465 0.459766 0.239258 0.300781 0.171021
17 0.476465 0.459766 0.239258 0.300781 0.0322266
14 0.463672 0.462402 0.248438 0.29707 0.0269623
23 0.463672 0.462402 0.248438 0.29707 0.024231
4 0.463672 0.462402 0.248438 0.29707 0.0223236
12 0.476465 0.459766 0.239258 0.300781 0.0209656
2 0.47041 0.473438 0.260742 0.3125 0.0204163
22 0.476465 0.480469 0.243945 0.288281 0.0184784
8 0.477246 0.480859 0.22832 0.280469 0.0167236
0 0.47041 0.473438 0.260742 0.3125 0.0148392
1 0.475781 0.500391 0.248438 0.299219 0.0145035
21 0.478906 0.472656 0.244531 0.332813 0.0143356
3 0.476465 0.459766 0.239258 0.300781 0.0141754
13 0.466504 0.467578 0.251367 0.294531 0.00912476
9 0.475879 0.46416 0.243555 0.288867 0.0085144
5 0.472266 0.474902 0.254688 0.304883 0.00844574
19 0.481641 0.423535 0.252344 0.32793 0.00793457
10 0.475879 0.46416 0.243555 0.288867 0.0077858
21 0.474219 0.526563 0.264062 0.365625 0.00775528
6 0.476465 0.480469 0.243945 0.288281 0.00728989
20 0.476465 0.480469 0.243945 0.288281 0.00725937
16 0.472266 0.474902 0.254688 0.304883 0.00669098
1 0.461719 0.485938 0.327344 0.417188 0.00536346
15 0.463672 0.462402 0.248438 0.29707 0.0049057
13 0.461719 0.485938 0.327344 0.417188 0.00432968
12 0.475879 0.4625 0.326367 0.335156 0.00352478
2 0.442578 0.482812 0.349219 0.375 0.00304031
4 0.478516 0.507031 0.238281 0.289844 0.00260162
11 0.477246 0.480859 0.22832 0.280469 0.0024929
14 0.442578 0.482812 0.349219 0.375 0.0024147
18 0.454004 0.463672 0.298242 0.307031 0.0024147
22 0.461719 0.485938 0.327344 0.417188 0.00227928
13 0.424902 0.54375 0.464258 0.629687 0.00221634
7 0.454004 0.463672 0.298242 0.307031 0.00209999
17 0.461719 0.485938 0.327344 0.417188 0.00209999
12 0.472266 0.566016 0.49375 0.675781 0.0020504
19 0.472266 0.474902 0.254688 0.304883 0.00203514
0 0.442578 0.482812 0.349219 0.375 0.00185299
12 0.459375 0.454688 0.410156 0.399219 0.00183868
4 0.475879 0.4625 0.326367 0.335156 0.00181007
19 0.482715 0.429688 0.236133 0.224219 0.00161076
14 0.478516 0.507031 0.238281 0.289844 0.0015974
3 0.461719 0.485938 0.327344 0.417188 0.00148964
5 0.461719 0.485938 0.327344 0.417188 0.00144386
8 0.461719 0.485938 0.327344 0.417188 0.00126934
11 0.454004 0.463672 0.298242 0.307031 0.00126457
16 0.461719 0.485938 0.327344 0.417188 0.00124454
15 0.427441 0.452734 0.39043 0.397656 0.00119686
21 0.461719 0.485938 0.327344 0.417188 0.00115108
15 0.475879 0.4625 0.326367 0.335156 0.00113392
11 0.461719 0.485938 0.327344 0.417188 0.00108147
10 0.461719 0.485938 0.327344 0.417188 0.00106525
13 0.469531 0.560156 0.60625 0.701563 0.00105667
17 0.478906 0.480566 0.226562 0.291992 0.168823
8 0.479688 0.481934 0.232031 0.276758 0.0772095
25 0.479688 0.475781 0.223438 0.282813 0.0700684
1 0.479688 0.481934 0.232031 0.276758 0.0423889
21 0.479688 0.481934 0.232031 0.276758 0.0253754
22 0.479688 0.481934 0.232031 0.276758 0.0250854
3 0.478906 0.480566 0.226562 0.291992 0.0226288
5 0.48125 0.470313 0.2375 0.266406 0.0220337
10 0.478906 0.480566 0.226562 0.291992 0.0209656
4 0.48125 0.470313 0.2375 0.266406 0.0134811
12 0.473047 0.477246 0.232031 0.286133 0.0115051
0 0.483496 0.479297 0.22832 0.277344 0.0104065
20 0.479688 0.481934 0.232031 0.276758 0.0100555
14 0.483496 0.479297 0.22832 0.277344 0.00948334
11 0.479688 0.481934 0.232031 0.276758 0.00878143
2 0.479688 0.481934 0.232031 0.276758 0.00769424
6 0.483496 0.479297 0.22832 0.277344 0.00572968
13 0.480859 0.477246 0.225 0.27832 0.00568771
9 0.48125 0.470313 0.2375 0.266406 0.00518036
23 0.479688 0.481934 0.232031 0.276758 0.00502014
16 0.479688 0.481934 0.232031 0.276758 0.00482941
19 0.479688 0.488281 0.245312 0.292969 0.00391388
12 0.485156 0.478906 0.320312 0.336719 0.00355148
13 0.464063 0.570703 0.351562 0.561719 0.00277901
11 0.325391 0.584375 0.650781 0.679688 0.00247192
12 0.376563 0.579688 0.753125 0.71875 0.002388
12 0.464063 0.570703 0.351562 0.561719 0.00219154
13 0.376563 0.579688 0.753125 0.71875 0.00194931
1 0.497266 0.550781 0.344531 0.478125 0.00179577
12 0.497656 0.489941 0.351562 0.445117 0.00164223
15 0.479688 0.475781 0.223438 0.282813 0.0015192
13 0.472266 0.536328 0.258594 0.369531 0.00148392
13 0.474902 0.476953 0.279883 0.339063 0.0014782
22 0.464063 0.570703 0.351562 0.561719 0.00143814
17 0.464063 0.570703 0.351562 0.561719 0.00132465
22 0.474902 0.476953 0.279883 0.339063 0.00123501
12 0.0855469 0.199609 0.171094 0.399219 0.00113392
1 0.376563 0.579688 0.753125 0.71875 0.00111198
15 0.325391 0.584375 0.650781 0.679688 0.00102806
8 0.485547 0.475781 0.221094 0.284375 0.143677
17 0.479785 0.482031 0.22793 0.301563 0.115967
1 0.483691 0.474609 0.220117 0.28125 0.0587769
21 0.479785 0.482031 0.22793 0.301563 0.0520325
5 0.479785 0.475879 0.241992 0.293555 0.0503235
22 0.479785 0.482031 0.22793 0.301563 0.0467224
25 0.478906 0.480859 0.215625 0.302344 0.0446777
19 0.482812 0.482812 0.234375 0.315625 0.0261536
3 0.483691 0.474609 0.220117 0.28125 0.0192719
16 0.479785 0.475879 0.241992 0.293555 0.0167236
11 0.483691 0.474609 0.220117 0.28125 0.0166626
10 0.479785 0.482031 0.22793 0.301563 0.0143356
12 0.480078 0.479297 0.236719 0.310156 0.00933838
14 0.478906 0.480859 0.215625 0.302344 0.00933838
20 0.479785 0.482031 0.22793 0.301563 0.00669098
13 0.0858398 0.236328 0.17168 0.357031 0.00498199
2 0.483691 0.474609 0.220117 0.28125 0.00426483
0 0.48291 0.479297 0.22168 0.294531 0.00419998
4 0.478906 0.480859 0.215625 0.302344 0.00411606
12 0.0858398 0.236328 0.17168 0.357031 0.00322342
13 0.480078 0.479297 0.236719 0.310156 0.00305176
23 0.478906 0.480859 0.215625 0.302344 0.00245285
9 0.4875 0.493359 0.217188 0.3 0.00239754
8 0.470215 0.485156 0.283008 0.321094 0.00235939
6 0.485547 0.475781 0.221094 0.284375 0.00226974
12 0.471094 0.490625 0.323438 0.345313 0.00218201
24 0.479785 0.475879 0.241992 0.293555 0.00178242
12 0.118848 0.220117 0.237695 0.440234 0.00174809
19 0.492969 0.394434 0.2125 0.304883 0.0016489
1 0.470215 0.485156 0.283008 0.321094 0.00150108
13 0.118848 0.220117 0.237695 0.440234 0.00139427
11 0.497266 0.481152 0.292969 0.314258 0.00137234
7 0.479785 0.475879 0.241992 0.293555 0.00115108
17 0.478027 0.484375 0.220508 0.284375 0.0939941
8 0.477246 0.48291 0.211133 0.274805 0.0592041
1 0.475 0.485938 0.232031 0.279687 0.0509033
25 0.478027 0.484375 0.220508 0.284375 0.0330811
22 0.475 0.485938 0.232031 0.279687 0.0205688
3 0.475 0.485938 0.232031 0.279687 0.0204163
5 0.47334 0.472656 0.225195 0.25625 0.0145569
21 0.475 0.485938 0.232031 0.279687 0.0116425
12 0.470313 0.485254 0.239063 0.295117 0.00985718
14 0.478027 0.484375 0.220508 0.284375 0.00971222
10 0.47666 0.47959 0.226367 0.283008 0.00908661
4 0.477246 0.48291 0.211133 0.274805 0.00775528
20 0.475 0.485938 0.232031 0.279687 0.00612259
0 0.478516 0.478516 0.207031 0.279687 0.00582123
11 0.471973 0.484473 0.248242 0.285742 0.0053215
19 0.471973 0.484473 0.248242 0.285742 0.00492477
6 0.475 0.485938 0.232031 0.279687 0.00374985
13 0.475 0.485938 0.232031 0.279687 0.00328636
2 0.478027 0.484375 0.220508 0.284375 0.00327301
8 0.468359 0.486035 0.277344 0.307617 0.00311089
9 0.47334 0.472656 0.225195 0.25625 0.0024929
5 0.468359 0.486035 0.277344 0.307617 0.00247192
16 0.471973 0.484473 0.248242 0.285742 0.00225258
1 0.472656 0.487109 0.290625 0.329688 0.00212479
15 0.47666 0.47959 0.226367 0.283008 0.00201988
13 0.472266 0.529004 0.255469 0.34043 0.00184631
23 0.471973 0.484473 0.248242 0.285742 0.00181007
4 0.468359 0.486035 0.277344 0.307617 0.00148964
16 0.400391 0.704297 0.367969 0.266406 0.00137806
12 0.458203 0.489844 0.332813 0.392188 0.00100803
17 0.489844 0.47666 0.216406 0.273242 0.476562
1 0.480078 0.482031 0.235938 0.284375 0.156128
8 0.488672 0.480469 0.228125 0.277344 0.137085
25 0.493359 0.482031 0.208594 0.273438 0.129395
22 0.482422 0.478516 0.221875 0.288281 0.049408
3 0.480078 0.482031 0.235938 0.284375 0.0481262
5 0.495313 0.483203 0.2125 0.29375 0.0409851
19 0.495313 0.483203 0.2125 0.29375 0.0317383
10 0.482422 0.478516 0.221875 0.288281 0.0248871
11 0.495313 0.483203 0.2125 0.29375 0.0238647
21 0.489844 0.47666 0.216406 0.273242 0.0222015
14 0.485938 0.482031 0.209375 0.279687 0.0141754
12 0.482422 0.478516 0.221875 0.288281 0.0109863
13 0.488672 0.480469 0.228125 0.277344 0.00978088
4 0.485938 0.482031 0.209375 0.279687 0.00919342
0 0.493359 0.482031 0.208594 0.273438 0.00891876
20 0.482422 0.478516 0.221875 0.288281 0.00803375
6 0.480566 0.486719 0.24043 0.303125 0.00418091
16 0.495313 0.483203 0.2125 0.29375 0.00327301
1 0.479688 0.487109 0.289844 0.338281 0.00300407
23 0.485938 0.482031 0.209375 0.279687 0.00255013
9 0.480566 0.486719 0.24043 0.303125 0.0024147
13 0.0638672 0.272461 0.127734 0.241016 0.00206757
8 0.479688 0.487109 0.289844 0.338281 0.00157356
2 0.485938 0.482031 0.209375 0.279687 0.00145531
4 0.476953 0.483691 0.275781 0.316992 0.00132465
11 0.479688 0.487109 0.289844 0.338281 0.00122547
5 0.479688 0.487109 0.289844 0.338281 0.00103664
1 0.475 0.476172 0.246875 0.296094 0.309814
17 0.473828 0.470703 0.217969 0.292969 0.269043
25 0.475684 0.477441 0.237695 0.299805 0.192505
8 0.472559 0.472656 0.251758 0.280469 0.104126
22 0.467187 0.476172 0.217188 0.292188 0.0950317
19 0.485156 0.488672 0.247656 0.330469 0.0875854
3 0.475 0.476172 0.246875 0.296094 0.0333252
21 0.467187 0.476172 0.217188 0.292188 0.0296478
5 0.472559 0.472656 0.251758 0.280469 0.0246124
12 0.474902 0.472266 0.242383 0.299219 0.0223694
20 0.475 0.476172 0.246875 0.296094 0.018692
11 0.475098 0.479785 0.257617 0.293555 0.0171814
4 0.475781 0.477734 0.239063 0.302344 0.0165253
14 0.467187 0.476172 0.217188 0.292188 0.0162201
10 0.473828 0.470703 0.217969 0.292969 0.0132751
13 0.475 0.476172 0.246875 0.296094 0.012146
0 0.478125 0.47666 0.21875 0.29668 0.00734711
16 0.475098 0.479785 0.257617 0.293555 0.00641251
6 0.472559 0.472656 0.251758 0.280469 0.00477219
23 0.476172 0.476465 0.25 0.301758 0.00378036
15 0.475781 0.477734 0.239063 0.302344 0.00340271
2 0.476172 0.476465 0.25 0.301758 0.00219917
9 0.475098 0.479785 0.257617 0.293555 0.00216484
10 0.471875 0.484766 0.301563 0.322656 0.00188255
19 0.486816 0.432129 0.257617 0.312305 0.00143242
19 0.503125 0.434766 0.271875 0.211719 0.00116062
0 0.471875 0.484766 0.301563 0.322656 0.00112438
22 0.471875 0.484766 0.301563 0.322656 0.00104046
1 0.477246 0.482715 0.24707 0.30332 0.414795
17 0.477734 0.483496 0.239844 0.30957 0.344238
19 0.477246 0.482715 0.24707 0.30332 0.156128
21 0.477734 0.483496 0.239844 0.30957 0.137573
8 0.477246 0.482715 0.24707 0.30332 0.0943604
25 0.475684 0.482031 0.220508 0.308594 0.0830078
10 0.477734 0.483496 0.239844 0.30957 0.0587769
3 0.477734 0.483496 0.239844 0.30957 0.0558167
22 0.475781 0.479688 0.236719 0.291406 0.0558167
5 0.475781 0.487402 0.248438 0.312695 0.0164642
14 0.477246 0.482715 0.24707 0.30332 0.0105667
20 0.475781 0.479688 0.236719 0.291406 0.00821686
11 0.475781 0.487402 0.248438 0.312695 0.00751877
13 0.475781 0.479688 0.236719 0.291406 0.0064888
6 0.475781 0.487402 0.248438 0.312695 0.00561905
12 0.475781 0.479688 0.236719 0.291406 0.0053215
13 0.476465 0.552344 0.25957 0.342187 0.00402451
16 0.476172 0.486719 0.246875 0.3125 0.00312424
4 0.476562 0.480859 0.240625 0.309375 0.00286674
2 0.477246 0.482715 0.24707 0.30332 0.00281143
0 0.475684 0.482031 0.220508 0.308594 0.00226974
23 0.476172 0.486719 0.246875 0.3125 0.00110722
1 0.477734 0.485059 0.241406 0.293945 0.559082
22 0.477734 0.485059 0.241406 0.293945 0.424316
17 0.476172 0.482812 0.228125 0.304688 0.27832
8 0.476172 0.48291 0.232031 0.285742 0.145142
21 0.482715 0.488672 0.237695 0.296875 0.104126
25 0.476172 0.482812 0.228125 0.304688 0.0927124
5 0.478906 0.480469 0.242969 0.292188 0.0548096
3 0.482715 0.488672 0.237695 0.296875 0.0401001
19 0.477734 0.485059 0.241406 0.293945 0.0381775
20 0.477734 0.485059 0.241406 0.293945 0.0282135
11 0.476172 0.48291 0.232031 0.285742 0.00963593
10 0.474219 0.482129 0.227344 0.295117 0.0086441
14 0.476172 0.482812 0.228125 0.304688 0.0085144
12 0.471777 0.480566 0.218945 0.306055 0.00717545
4 0.471777 0.480566 0.218945 0.306055 0.00547028
0 0.476172 0.482812 0.228125 0.304688 0.00387001
13 0.476172 0.48291 0.232031 0.285742 0.00200272
16 0.474609 0.487109 0.242969 0.305469 0.00177479
2 0.476172 0.482812 0.228125 0.304688 0.00171375
23 0.471777 0.480566 0.218945 0.306055 0.00130463
6 0.476172 0.48291 0.232031 0.285742 0.00119686
13 0.473047 0.550879 0.271094 0.357617 0.00110722
15 0.471777 0.480566 0.218945 0.306055 0.00105667
17 0.482422 0.481641 0.236719 0.298438 0.615234
1 0.48291 0.480469 0.237305 0.310156 0.532227
19 0.482422 0.481641 0.236719 0.298438 0.115173
8 0.48291 0.480469 0.237305 0.310156 0.112793
25 0.482422 0.481641 0.236719 0.298438 0.105225
21 0.482422 0.481641 0.236719 0.298438 0.0713501
22 0.482422 0.481641 0.236719 0.298438 0.0348816
3 0.487891 0.481152 0.239844 0.306445 0.0346069
10 0.487891 0.483691 0.230469 0.299805 0.0296478
5 0.484766 0.48125 0.233594 0.301563 0.0156021
12 0.488379 0.483594 0.232617 0.315625 0.0136337
14 0.48291 0.480469 0.237305 0.310156 0.0132217
16 0.484375 0.485156 0.251563 0.314844 0.0085144
23 0.488379 0.483594 0.232617 0.315625 0.00706482
13 0.488379 0.483594 0.232617 0.315625 0.00530243
4 0.483984 0.48291 0.238281 0.30293 0.00443268
20 0.484766 0.48125 0.233594 0.301563 0.00424957
6 0.484766 0.48125 0.233594 0.301563 0.00376511
11 0.484766 0.48125 0.233594 0.301563 0.00298119
2 0.48291 0.480469 0.237305 0.310156 0.0027256
0 0.492188 0.476953 0.235938 0.297656 0.00234222
4 0.442188 0.544531 0.175 0.1625 0.00208282
13 0.0742188 0.249414 0.148438 0.280078 0.00125504
1 0.477734 0.488672 0.246094 0.307813 0.581543
17 0.479688 0.484277 0.245312 0.323633 0.558105
25 0.48125 0.483984 0.2375 0.310156 0.213989
8 0.479688 0.484277 0.245312 0.323633 0.153564
19 0.479688 0.484277 0.245312 0.323633 0.124207
21 0.479688 0.484277 0.245312 0.323633 0.11438
22 0.479688 0.484277 0.245312 0.323633 0.0923462
3 0.479688 0.484277 0.245312 0.323633 0.0503235
10 0.479688 0.484277 0.245312 0.323633 0.0292053
14 0.477734 0.488672 0.246094 0.307813 0.0205688
5 0.476953 0.47959 0.250781 0.32207 0.0164642
12 0.477246 0.490723 0.248633 0.320117 0.0154266
13 0.0972656 0.206445 0.194531 0.412891 0.0146179
4 0.482422 0.483984 0.241406 0.314844 0.0133286
0 0.48125 0.483984 0.2375 0.310156 0.0102463
20 0.479297 0.481152 0.240625 0.317383 0.00600433
23 0.477246 0.490723 0.248633 0.320117 0.00453949
13 0.477246 0.490723 0.248633 0.320117 0.00344276
2 0.483691 0.480371 0.238867 0.306445 0.00221634
16 0.475391 0.485156 0.252344 0.33125 0.00216484
13 0.109668 0.218945 0.219336 0.437891 0.00183105
6 0.476953 0.47959 0.250781 0.32207 0.00182438
13 0.0908203 0.211719 0.181641 0.391406 0.00165462
11 0.476953 0.47959 0.250781 0.32207 0.00131512
12 0.0972656 0.206445 0.194531 0.412891 0.00110722
1 0.468359 0.485938 0.244531 0.285938 0.414795
17 0.476562 0.479297 0.234375 0.286719 0.180664
8 0.476562 0.479297 0.234375 0.286719 0.107422
21 0.476562 0.479297 0.234375 0.286719 0.0440063
25 0.478516 0.483496 0.221094 0.29082 0.0420837
19 0.476562 0.479297 0.234375 0.286719 0.0206451
3 0.474609 0.484473 0.241406 0.285742 0.016922
22 0.475781 0.481641 0.225781 0.280469 0.0168457
10 0.476562 0.479297 0.234375 0.286719 0.00763702
14 0.471094 0.491797 0.252344 0.29375 0.00695801
12 0.468359 0.485938 0.244531 0.285938 0.00488663
5 0.471094 0.491797 0.252344 0.29375 0.00486755
0 0.478516 0.483496 0.221094 0.29082 0.00370789
2 0.471094 0.491797 0.252344 0.29375 0.0030632
6 0.471094 0.491797 0.252344 0.29375 0.00271416
20 0.474609 0.484473 0.241406 0.285742 0.00263214
11 0.471094 0.491797 0.252344 0.29375 0.00235939
4 0.469141 0.491797 0.250781 0.295312 0.00219917
13 0.468359 0.485938 0.244531 0.285938 0.00157356
23 0.478516 0.483496 0.221094 0.29082 0.00148392
16 0.471094 0.491797 0.252344 0.29375 0.00142097
13 0.0980469 0.20957 0.196094 0.419141 0.00138855
17 0.480469 0.48125 0.239844 0.308594 0.562012
1 0.488672 0.482031 0.23125 0.271875 0.310791
25 0.48291 0.478516 0.23418 0.292969 0.262207
8 0.480469 0.48125 0.239844 0.308594 0.0769653
21 0.486621 0.48125 0.233008 0.300781 0.0538025
19 0.480469 0.48125 0.239844 0.308594 0.0288696
14 0.480078 0.480566 0.241406 0.27168 0.0201721
22 0.488672 0.482031 0.23125 0.271875 0.0199432
10 0.480469 0.48125 0.239844 0.308594 0.012825
3 0.480469 0.48125 0.239844 0.308594 0.0102921
2 0.480078 0.480566 0.241406 0.27168 0.00544739
12 0.49375 0.483203 0.210938 0.275781 0.00305176
20 0.488672 0.482031 0.23125 0.271875 0.00247192
0 0.48291 0.478516 0.23418 0.292969 0.00222588
23 0.49375 0.483203 0.210938 0.275781 0.00219917
6 0.49375 0.483203 0.210938 0.275781 0.00211525
4 0.49375 0.483203 0.210938 0.275781 0.00145531
11 0.49375 0.483203 0.210938 0.275781 0.0011692
5 0.480078 0.480566 0.241406 0.27168 0.00109863
1 0.47959 0.477246 0.251758 0.301758 0.788574
17 0.475879 0.482715 0.251367 0.31582 0.200562
8 0.475879 0.482715 0.251367 0.31582 0.15979
22 0.488281 0.478906 0.235938 0.320312 0.110474
25 0.482129 0.484375 0.24043 0.320312 0.028656
21 0.488281 0.478906 0.235938 0.320312 0.0236969
3 0.475 0.479688 0.25625 0.305469 0.0200958
14 0.485547 0.479688 0.241406 0.298438 0.0141754
19 0.475 0.479688 0.25625 0.305469 0.0105286
12 0.47959 0.477246 0.251758 0.301758 0.00796509
5 0.478809 0.480078 0.258008 0.311719 0.00445175
20 0.488281 0.478906 0.235938 0.320312 0.00416565
0 0.482129 0.484375 0.24043 0.320312 0.00261116
10 0.475879 0.482715 0.251367 0.31582 0.00248146
2 0.485547 0.479688 0.241406 0.298438 0.00242424
4 0.475 0.479688 0.25625 0.305469 0.00220871
11 0.478809 0.480078 0.258008 0.311719 0.00120163
6 0.478809 0.480078 0.258008 0.311719 0.00117874
13 0.474609 0.48291 0.260156 0.310742 0.00116062
1 0.478125 0.488672 0.228125 0.310937 0.617676
17 0.47959 0.488281 0.225195 0.303906 0.511719
8 0.478223 0.484766 0.231055 0.288281 0.119202
3 0.478223 0.484766 0.231055 0.288281 0.036499
21 0.47959 0.488281 0.225195 0.303906 0.0359497
22 0.47959 0.488281 0.225195 0.303906 0.0178528
19 0.478223 0.484766 0.231055 0.288281 0.0175171
25 0.47959 0.488281 0.225195 0.303906 0.0164032
10 0.48125 0.491797 0.223438 0.3125 0.00754929
12 0.475391 0.484473 0.223438 0.341992 0.00669098
13 0.483594 0.481934 0.217188 0.34082 0.00473785
5 0.479785 0.493066 0.224805 0.306055 0.00426483
14 0.477246 0.488672 0.23457 0.298438 0.00362206
11 0.483594 0.481934 0.217188 0.34082 0.00337601
20 0.478223 0.484766 0.231055 0.288281 0.00273705
16 0.479785 0.493066 0.224805 0.306055 0.00153065
4 0.478223 0.484766 0.231055 0.288281 0.00141048
6 0.477246 0.488672 0.23457 0.298438 0.00106525
23 0.477246 0.488672 0.23457 0.298438 0.00104046
1 0.478809 0.469434 0.226758 0.306445 0.816406
22 0.478125 0.477344 0.229687 0.292188 0.33374
17 0.478906 0.480566 0.217188 0.312305 0.24939
21 0.476953 0.479297 0.217188 0.291406 0.150513
8 0.475391 0.478125 0.235156 0.289844 0.124207
5 0.479688 0.478516 0.23125 0.299219 0.032959
25 0.478906 0.480566 0.217188 0.312305 0.0310211
20 0.478125 0.477344 0.229687 0.292188 0.0299835
3 0.474219 0.471875 0.214844 0.298438 0.0296478
14 0.478906 0.480566 0.217188 0.312305 0.00898743
19 0.475391 0.478125 0.235156 0.289844 0.00703812
4 0.473438 0.479297 0.207813 0.310156 0.00441742
10 0.474219 0.471875 0.214844 0.298438 0.00397491
0 0.473438 0.479297 0.207813 0.310156 0.00367928
12 0.474219 0.471875 0.214844 0.298438 0.00284576
11 0.478906 0.480859 0.226562 0.303906 0.0020752
13 0.474219 0.471875 0.214844 0.298438 0.00161076
16 0.475684 0.48125 0.248633 0.29375 0.00150108
2 0.476953 0.471875 0.2125 0.296875 0.00145531
17 0.481152 0.484375 0.226758 0.309375 0.279785
8 0.478027 0.482812 0.24082 0.310156 0.268066
1 0.477734 0.4875 0.235156 0.324219 0.158691
21 0.47959 0.490234 0.231445 0.310156 0.092041
3 0.475684 0.485547 0.233008 0.321094 0.0827026
19 0.477734 0.4875 0.235156 0.324219 0.0723877
5 0.477734 0.4875 0.235156 0.324219 0.0396423
22 0.47959 0.490234 0.231445 0.310156 0.0389099
25 0.47959 0.490234 0.231445 0.310156 0.0271759
10 0.475781 0.482422 0.235938 0.324219 0.0226288
15 0.475391 0.488379 0.232813 0.318555 0.00734711
13 0.475684 0.485547 0.233008 0.321094 0.00638962
20 0.481152 0.484375 0.226758 0.309375 0.00530243
11 0.475684 0.485547 0.233008 0.321094 0.00358009
0 0.481152 0.484375 0.226758 0.309375 0.00279045
16 0.480371 0.490723 0.24082 0.312305 0.0024147
12 0.475391 0.488379 0.232813 0.318555 0.00186062
4 0.463281 0.487402 0.257812 0.331445 0.00176811
14 0.480469 0.485254 0.232813 0.306055 0.0017271
21 0.476172 0.4875 0.235938 0.301563 0.519531
1 0.47334 0.486719 0.229883 0.307031 0.429199
17 0.477441 0.470703 0.21543 0.296875 0.193115
22 0.480371 0.487598 0.217383 0.30918 0.190063
8 0.478809 0.48291 0.223633 0.295117 0.111633
5 0.474609 0.480469 0.235156 0.291406 0.0549927
3 0.479297 0.47334 0.224219 0.29707 0.0460205
10 0.479297 0.47334 0.224219 0.29707 0.0149536
19 0.476172 0.4875 0.235938 0.301563 0.0149536
20 0.476172 0.4875 0.235938 0.301563 0.00905609
14 0.474609 0.480469 0.235156 0.291406 0.00345612
11 0.479297 0.47334 0.224219 0.29707 0.00214958
25 0.479297 0.47334 0.224219 0.29707 0.00148392
13 0.479785 0.484766 0.213867 0.302344 0.0011158
0 0.479297 0.48584 0.21875 0.306445 0.00103188
1 0.478809 0.477734 0.248633 0.308594 0.811523
17 0.482129 0.476953 0.237305 0.332031 0.258301
22 0.479688 0.483594 0.246875 0.30625 0.196777
8 0.479688 0.483594 0.246875 0.30625 0.134277
21 0.480078 0.485059 0.245312 0.314258 0.0994873
5 0.477734 0.485059 0.249219 0.301758 0.0222015
3 0.479688 0.483594 0.246875 0.30625 0.0217743
25 0.481641 0.482812 0.247656 0.329688 0.00989532
0 0.481641 0.482812 0.247656 0.329688 0.00800323
20 0.479688 0.483594 0.246875 0.30625 0.00800323
19 0.479688 0.483594 0.246875 0.30625 0.00593567
14 0.478809 0.477734 0.248633 0.308594 0.00438309
4 0.485156 0.483691 0.234375 0.33418 0.00316048
10 0.482129 0.476953 0.237305 0.332031 0.0014782
2 0.482129 0.476953 0.237305 0.332031 0.00128937
23 0.485156 0.483691 0.234375 0.33418 0.00106525
17 0.475391 0.475391 0.224219 0.292969 0.464844
19 0.475391 0.475391 0.224219 0.292969 0.275146
21 0.470703 0.473047 0.216406 0.294531 0.215332
1 0.48125 0.473438 0.207813 0.289062 0.149536
3 0.475391 0.475391 0.224219 0.292969 0.105225
8 0.470313 0.481348 0.219531 0.295117 0.104492
22 0.470703 0.473047 0.216406 0.294531 0.0218658
10 0.471094 0.474902 0.211719 0.29707 0.0194244
25 0.470996 0.475098 0.212695 0.288867 0.0131683
5 0.472266 0.490625 0.233594 0.303125 0.00959778
20 0.480859 0.478809 0.222656 0.287695 0.00309944
14 0.470313 0.481348 0.219531 0.295117 0.00246239
11 0.470703 0.473047 0.216406 0.294531 0.00183868
16 0.467187 0.492969 0.257031 0.3 0.00153065
2 0.48125 0.473438 0.207813 0.289062 0.0012846
4 0.464941 0.47334 0.254492 0.300195 0.00112057
13 0.467187 0.492969 0.257031 0.3 0.00107765
1 0.476172 0.488965 0.230469 0.308008 0.542969
17 0.479297 0.481152 0.224219 0.317383 0.313965
8 0.479297 0.481152 0.224219 0.317383 0.297363
21 0.479297 0.481152 0.224219 0.317383 0.0285492
3 0.479297 0.481152 0.224219 0.317383 0.0207977
22 0.473047 0.488281 0.235156 0.310156 0.0175781
25 0.480078 0.482031 0.221094 0.304688 0.0172424
0 0.480078 0.482031 0.221094 0.304688 0.0160217
5 0.473047 0.488281 0.235156 0.310156 0.00993347
10 0.476953 0.478027 0.214844 0.311133 0.00831604
19 0.479297 0.481152 0.224219 0.317383 0.00818634
14 0.476562 0.482422 0.225 0.305469 0.00653839
20 0.476172 0.488965 0.230469 0.308008 0.00481033
4 0.476562 0.482422 0.225 0.305469 0.00379562
23 0.476562 0.482422 0.225 0.305469 0.00158501
12 0.465527 0.484375 0.245508 0.311719 0.00107288
17 0.47959 0.484375 0.223633 0.300781 0.478516
1 0.480078 0.487598 0.23125 0.304492 0.390381
3 0.47959 0.484375 0.223633 0.300781 0.0359497
8 0.47959 0.484375 0.223633 0.300781 0.0324707
10 0.47959 0.484375 0.223633 0.300781 0.0131226
25 0.47959 0.484375 0.223633 0.300781 0.0106506
21 0.47959 0.484375 0.223633 0.300781 0.00772476
15 0.479004 0.482031 0.220117 0.301563 0.00671768
19 0.479004 0.486816 0.235742 0.304492 0.00500107
14 0.48291 0.488281 0.23418 0.294531 0.00293541
11 0.479785 0.487891 0.232617 0.294531 0.00290108
6 0.479785 0.487891 0.232617 0.294531 0.00265312
20 0.477441 0.486328 0.238867 0.285156 0.00251198
2 0.479004 0.482031 0.220117 0.301563 0.0020752
13 0.479004 0.482031 0.220117 0.301563 0.00182438
12 0.465723 0.481641 0.238867 0.302344 0.00182438
5 0.477441 0.486328 0.238867 0.285156 0.00177479
0 0.480566 0.486719 0.212305 0.300781 0.00114727
1 0.473438 0.491504 0.227344 0.312305 0.617676
17 0.47666 0.487891 0.22793 0.325781 0.289307
8 0.47666 0.487891 0.22793 0.325781 0.167236
3 0.47666 0.487891 0.22793 0.325781 0.0274811
21 0.473828 0.491504 0.230469 0.312305 0.0235138
22 0.473828 0.491504 0.230469 0.312305 0.0114212
19 0.473828 0.491504 0.230469 0.312305 0.00941467
14 0.471875 0.487598 0.229687 0.306055 0.00419998
25 0.47666 0.487891 0.22793 0.325781 0.00296974
20 0.473828 0.491504 0.230469 0.312305 0.00234222
10 0.473828 0.491504 0.230469 0.312305 0.00183105
0 0.47666 0.487891 0.22793 0.325781 0.00134563
5 0.473828 0.491504 0.230469 0.312305 0.0011425
2 0.471875 0.487598 0.229687 0.306055 0.00102806
17 0.48125 0.48916 0.234375 0.30918 0.878906
1 0.47959 0.488281 0.231445 0.3125 0.376709
8 0.480078 0.487402 0.219531 0.320508 0.119202
3 0.480078 0.487402 0.219531 0.320508 0.0700684
25 0.48125 0.48916 0.234375 0.30918 0.0283356
19 0.480078 0.487402 0.219531 0.320508 0.0228882
21 0.480078 0.487402 0.219531 0.320508 0.0105667
10 0.480078 0.487402 0.219531 0.320508 0.00861359
12 0.480469 0.490625 0.235938 0.3125 0.00359344
2 0.480078 0.487598 0.239063 0.312305 0.00338936
14 0.480078 0.487598 0.239063 0.312305 0.00337601
6 0.480078 0.487598 0.239063 0.312305 0.00203514
22 0.480078 0.487402 0.219531 0.320508 0.0015974
13 0.465625 0.49541 0.25625 0.313867 0.00156689
15 0.465234 0.484766 0.253906 0.328906 0.00130463
0 0.483691 0.489453 0.218555 0.303906 0.0011158
17 0.483203 0.491406 0.224219 0.308594 0.746094
8 0.483691 0.489063 0.224805 0.311719 0.405518
1 0.483984 0.491797 0.228906 0.30625 0.107056
3 0.483691 0.489063 0.224805 0.311719 0.0462036
21 0.475781 0.492578 0.225 0.311719 0.0198669
10 0.475781 0.492578 0.225 0.311719 0.0120544
19 0.483691 0.489063 0.224805 0.311719 0.00997162
25 0.479688 0.490234 0.240625 0.305469 0.00790405
22 0.483691 0.489063 0.224805 0.311719 0.00279045
13 0.483594 0.487109 0.229687 0.314844 0.0015974
14 0.479688 0.490234 0.240625 0.305469 0.00142097
0 0.483691 0.489063 0.224805 0.311719 0.0012846
1 0.475781 0.486035 0.224219 0.30293 0.777832
8 0.47666 0.483594 0.21543 0.303906 0.15564
22 0.476465 0.484375 0.22832 0.302344 0.0836182
17 0.47666 0.483594 0.21543 0.303906 0.0700684
21 0.476465 0.484375 0.22832 0.302344 0.035675
3 0.47666 0.483594 0.21543 0.303906 0.0186157
20 0.477344 0.483203 0.219531 0.301563 0.0121918
5 0.47666 0.483594 0.21543 0.303906 0.00698471
19 0.476172 0.490625 0.225781 0.310937 0.00572968
14 0.473828 0.488281 0.23125 0.316406 0.00271416
10 0.47666 0.483594 0.21543 0.303906 0.00172043
25 0.473828 0.488281 0.23125 0.316406 0.00141048
4 0.463672 0.480859 0.245312 0.298438 0.00123978
17 0.485938 0.490625 0.234375 0.316406 0.937988
3 0.482129 0.491797 0.243555 0.321875 0.136108
8 0.487109 0.491016 0.240625 0.319531 0.064209
1 0.484375 0.484375 0.233594 0.324219 0.0535889
19 0.483984 0.493848 0.235156 0.320117 0.0441895
25 0.482129 0.491797 0.243555 0.321875 0.0127258
2 0.482129 0.491797 0.243555 0.321875 0.0111618
21 0.484375 0.484375 0.233594 0.324219 0.0049057
23 0.483984 0.493848 0.235156 0.320117 0.00263214
10 0.484375 0.484375 0.233594 0.324219 0.00201988
12 0.466406 0.482812 0.253125 0.326562 0.00190449
6 0.486719 0.484766 0.227344 0.31875 0.00162888
14 0.487109 0.491016 0.240625 0.319531 0.00144958
22 0.484375 0.484375 0.233594 0.324219 0.00137234
11 0.487109 0.491016 0.240625 0.319531 0.0011034
1 0.484277 0.491797 0.231445 0.310937 0.85791
17 0.484277 0.491797 0.231445 0.310937 0.2854
8 0.484473 0.4875 0.229492 0.315625 0.147095
21 0.484473 0.4875 0.229492 0.315625 0.092041
22 0.484473 0.4875 0.229492 0.315625 0.0363464
3 0.486035 0.477344 0.249805 0.303125 0.0237732
19 0.486719 0.483594 0.23125 0.3 0.00891876
11 0.486035 0.477344 0.249805 0.303125 0.00775528
25 0.482812 0.4875 0.235156 0.311719 0.00450516
14 0.485059 0.490625 0.251758 0.307813 0.00382423
5 0.484473 0.4875 0.229492 0.315625 0.00337601
10 0.484473 0.4875 0.229492 0.315625 0.0030632
6 0.485059 0.490625 0.251758 0.307813 0.00275803
20 0.482812 0.4875 0.235156 0.311719 0.00214958
12 0.466309 0.4875 0.251758 0.310156 0.0015974
23 0.485059 0.490625 0.251758 0.307813 0.00134087
2 0.485059 0.490625 0.251758 0.307813 0.0012064
1 0.486719 0.485938 0.246875 0.330469 0.990234
14 0.482715 0.482812 0.242383 0.329688 0.104858
17 0.486816 0.485156 0.257617 0.33125 0.0384521
21 0.486719 0.485938 0.246875 0.330469 0.0167236
8 0.485547 0.485059 0.24375 0.329883 0.0125275
22 0.486719 0.485938 0.246875 0.330469 0.00981903
3 0.486719 0.489063 0.248438 0.328125 0.0046463
19 0.483691 0.496094 0.262305 0.328125 0.00314713
16 0.197461 0.411719 0.394922 0.371875 0.00223351
25 0.486816 0.485156 0.257617 0.33125 0.00206757
12 0.477246 0.491016 0.275195 0.339063 0.0012207
2 0.486816 0.485156 0.257617 0.33125 0.00101662
1 0.480859 0.483691 0.250781 0.312305 0.967773
17 0.481641 0.485547 0.244531 0.313281 0.0897827
8 0.481641 0.485547 0.244531 0.313281 0.0812378
21 0.481641 0.485547 0.244531 0.313281 0.00955963
14 0.481934 0.478809 0.258008 0.317383 0.00695801
25 0.481934 0.478809 0.258008 0.317383 0.00638962
22 0.481641 0.485547 0.244531 0.313281 0.00450516
3 0.480859 0.480859 0.255469 0.313281 0.00201988
4 0.483691 0.483691 0.241992 0.304492 0.00150108
2 0.481934 0.478809 0.258008 0.317383 0.00137806
12 0.480859 0.480859 0.255469 0.313281 0.00130463
0 0.483691 0.483691 0.241992 0.304492 0.00118828
23 0.483691 0.483691 0.241992 0.304492 0.0011158
6 0.482812 0.479297 0.260938 0.324219 0.00104046
5 0.481641 0.485547 0.244531 0.313281 0.00102806
1 0.475781 0.482129 0.2125 0.291992 0.873047
8 0.479688 0.482129 0.217969 0.299805 0.637207
17 0.481348 0.491309 0.232617 0.312695 0.250244
6 0.855078 0.0529785 0.289844 0.105957 0.0189362
21 0.479297 0.486719 0.226562 0.3 0.0136337
3 0.481348 0.491309 0.232617 0.312695 0.0128708
22 0.479297 0.486719 0.226562 0.3 0.0088501
5 0.477441 0.482031 0.212305 0.299219 0.0085144
7 0.553906 0.0393555 0.3 0.0787109 0.00701141
16 0.50625 0.185938 0.234375 0.147656 0.00656509
23 0.855078 0.0529785 0.289844 0.105957 0.00559998
16 0.515625 0.118579 0.274219 0.159717 0.00559998
7 0.496875 0.0472656 0.316406 0.0945313 0.00551224
6 0.80332 0.0558594 0.352734 0.111719 0.00540543
6 0.419922 0.0509766 0.359375 0.101953 0.00481033
6 0.882422 0.0493164 0.235156 0.0986328 0.00475693
7 0.61875 0.0337891 0.25 0.0675781 0.00448608
15 0.855078 0.0529785 0.289844 0.105957 0.0042305
1 0.530469 0.514063 0.165625 0.208594 0.00419998
6 0.485156 0.491016 0.240625 0.309375 0.00355148
25 0.479688 0.482129 0.217969 0.299805 0.00351143
6 0.496875 0.0472656 0.316406 0.0945313 0.00312424
7 0.505078 0.0867188 0.288281 0.158789 0.00271416
17 0.475 0.464063 0.196875 0.260938 0.00256157
0 0.855078 0.0529785 0.289844 0.105957 0.00242424
11 0.855078 0.0529785 0.289844 0.105957 0.0024147
18 0.825391 0.0563477 0.349219 0.112695 0.00237846
16 0.468066 0.19043 0.213867 0.126172 0.00228691
6 0.553906 0.0393555 0.3 0.0787109 0.00225258
6 0.61875 0.0337891 0.25 0.0675781 0.00224304
13 0.910937 0.2 0.178125 0.0636719 0.00223351
3 0.855078 0.0529785 0.289844 0.105957 0.00213242
12 0.904688 0.267773 0.190625 0.133984 0.0020504
7 0.855078 0.0529785 0.289844 0.105957 0.00201988
13 0.463184 0.483984 0.24082 0.303125 0.00200272
23 0.80332 0.0558594 0.352734 0.111719 0.00196457
6 0.381641 0.0516602 0.374219 0.10332 0.00192642
8 0.485938 0.411328 0.209375 0.158594 0.00188255
23 0.475 0.464063 0.196875 0.260938 0.00185299
12 0.910937 0.2 0.178125 0.0636719 0.00182438
19 0.481348 0.491309 0.232617 0.312695 0.00182438
15 0.80332 0.0558594 0.352734 0.111719 0.00176144
12 0.463184 0.483984 0.24082 0.303125 0.00175476
14 0.475 0.461719 0.196875 0.251563 0.00174141
16 0.459473 0.682422 0.268555 0.167187 0.0016613
6 0.50625 0.185938 0.234375 0.147656 0.00162888
6 0.757812 0.0457031 0.292188 0.0914062 0.00160408
11 0.419922 0.0509766 0.359375 0.101953 0.00154877
16 0.560938 0.124805 0.239063 0.135547 0.0014782
16 0.507422 0.236719 0.226562 0.123828 0.00137806
16 0.449902 0.729688 0.248633 0.128125 0.00136662
10 0.479688 0.482129 0.217969 0.299805 0.00136185
4 0.855078 0.0529785 0.289844 0.105957 0.00128937
6 0.689063 0.0352295 0.2375 0.070459 0.00126934
0 0.80332 0.0558594 0.352734 0.111719 0.00124454
7 0.689063 0.0352295 0.2375 0.070459 0.00122547
7 0.80332 0.0558594 0.352734 0.111719 0.0012064
11 0.80332 0.0558594 0.352734 0.111719 0.0011425
15 0.888281 0.0488281 0.223438 0.0976562 0.00112438
14 0.482715 0.487598 0.23457 0.31543 0.0011158
7 0.419922 0.0509766 0.359375 0.101953 0.0011034
13 0.925 0.200049 0.15 0.0819336 0.0011034
3 0.80332 0.0558594 0.352734 0.111719 0.00109482
4 0.480078 0.488379 0.225 0.304492 0.00108147
18 0.532031 0.231445 0.253125 0.134375 0.00107288
7 0.499902 0.0584473 0.32207 0.116895 0.00106525
0 0.475 0.461719 0.196875 0.251563 0.00105286
23 0.888281 0.0488281 0.223438 0.0976562 0.00100803
1 0.482715 0.490527 0.23457 0.314258 0.792969
8 0.483203 0.484375 0.236719 0.321875 0.108582
4 0.482031 0.561719 0.209375 0.1375 0.0600891
17 0.483203 0.484375 0.236719 0.321875 0.0548096
22 0.478516 0.484375 0.235938 0.320312 0.00769424
14 0.477344 0.487109 0.242188 0.316406 0.00577545
3 0.483203 0.484375 0.236719 0.321875 0.00542831
4 0.474219 0.580859 0.148438 0.0882813 0.00530243
21 0.478516 0.484375 0.235938 0.320312 0.00379562
0 0.483203 0.484375 0.236719 0.321875 0.00284576
25 0.483203 0.484375 0.236719 0.321875 0.00196457
20 0.478516 0.484375 0.235938 0.320312 0.00183105
12 0.474121 0.488672 0.254883 0.326562 0.00177479
4 0.474121 0.488672 0.254883 0.326562 0.00106907
1 0.480371 0.482422 0.25332 0.3125 0.817383
8 0.480566 0.485547 0.249805 0.305469 0.0305634
14 0.483203 0.485547 0.242188 0.309375 0.0086441
17 0.481641 0.480078 0.255469 0.316406 0.00643921
0 0.480566 0.485547 0.249805 0.305469 0.00591278
22 0.480371 0.482422 0.25332 0.3125 0.00468063
4 0.480566 0.485547 0.249805 0.305469 0.00338936
5 0.480371 0.482422 0.25332 0.3125 0.00174141
21 0.480371 0.482422 0.25332 0.3125 0.00131512
12 0.475391 0.482129 0.257031 0.298242 0.00110722
1 0.479004 0.481152 0.220117 0.304883 0.667969
17 0.477246 0.480078 0.229883 0.307813 0.248657
8 0.480078 0.484375 0.211719 0.298438 0.228149
25 0.477246 0.480078 0.229883 0.307813 0.00772476
3 0.482422 0.479688 0.235156 0.314063 0.00605011
0 0.480078 0.484375 0.211719 0.298438 0.00530243
14 0.477246 0.480078 0.229883 0.307813 0.00475693
2 0.477246 0.480078 0.229883 0.307813 0.00259018
14 0.276953 0.630469 0.553906 0.739062 0.00218201
6 0.282813 0.626172 0.565625 0.747656 0.00213242
21 0.484766 0.485938 0.222656 0.304688 0.00195694
12 0.479004 0.481152 0.220117 0.304883 0.00146675
22 0.479785 0.483984 0.216992 0.303906 0.00134563
19 0.482422 0.479688 0.235156 0.314063 0.00108147
15 0.469531 0.482031 0.25 0.313281 0.00106525
1 0.483984 0.479688 0.23125 0.290625 0.732422
8 0.483984 0.475781 0.225 0.292969 0.0742188
17 0.483984 0.475781 0.225 0.292969 0.0646362
0 0.483984 0.475781 0.225 0.292969 0.00450516
22 0.482812 0.479688 0.235156 0.295312 0.00407028
14 0.481641 0.479297 0.242188 0.295312 0.00329781
3 0.483984 0.475781 0.225 0.292969 0.0028553
21 0.483984 0.475781 0.225 0.292969 0.00226974
5 0.482812 0.479688 0.235156 0.295312 0.00160408
25 0.483984 0.475781 0.225 0.292969 0.00126457
1 0.475781 0.477344 0.269531 0.334375 0.882812
8 0.479688 0.482715 0.266406 0.32207 0.0250854
17 0.479688 0.482715 0.266406 0.32207 0.00821686
14 0.477344 0.482715 0.269531 0.325195 0.00658798
22 0.477734 0.481934 0.263281 0.32207 0.0050621
21 0.479688 0.482715 0.266406 0.32207 0.00234222
4 0.466797 0.582422 0.172656 0.0804688 0.00161076
0 0.479688 0.482715 0.266406 0.32207 0.00153065
25 0.475781 0.477344 0.269531 0.334375 0.00100803
1 0.486035 0.476953 0.231055 0.303906 0.890625
14 0.484277 0.473047 0.233008 0.310156 0.0128708
8 0.486035 0.472559 0.226367 0.301758 0.00878143
17 0.483203 0.480859 0.242969 0.303906 0.00468063
22 0.484375 0.471777 0.228125 0.304883 0.00348282
12 0.485254 0.482031 0.235742 0.296875 0.00183105
5 0.485254 0.482031 0.235742 0.296875 0.00178242
0 0.483594 0.472656 0.226562 0.3 0.00174141
25 0.483203 0.474316 0.239063 0.310742 0.00163555
1 0.480078 0.467187 0.233594 0.289062 0.840332
8 0.48291 0.459766 0.223242 0.278125 0.149536
17 0.478027 0.465234 0.225195 0.290625 0.0248871
22 0.478223 0.464746 0.220117 0.29082 0.00933838
0 0.48291 0.459766 0.223242 0.278125 0.00763702
12 0.480078 0.466797 0.233594 0.292969 0.00740433
14 0.478027 0.465234 0.225195 0.290625 0.0049057
25 0.480078 0.467187 0.233594 0.289062 0.00302696
20 0.478223 0.464746 0.220117 0.29082 0.00206757
23 0.48291 0.459766 0.223242 0.278125 0.00189686
21 0.478223 0.464746 0.220117 0.29082 0.00188255
5 0.47959 0.46709 0.231445 0.29082 0.00109863
3 0.47959 0.46709 0.231445 0.29082 0.00108147
1 0.479785 0.467969 0.256055 0.296094 0.725586
8 0.482812 0.465625 0.240625 0.296875 0.0467224
17 0.482812 0.464746 0.249219 0.298633 0.0350037
14 0.482031 0.464844 0.242969 0.299219 0.00671768
23 0.482812 0.46416 0.242188 0.293555 0.00240517
21 0.482031 0.464844 0.242969 0.299219 0.00190449
0 0.482031 0.465625 0.248438 0.297656 0.00160408
25 0.482812 0.46416 0.242188 0.293555 0.00130939
22 0.482031 0.464844 0.242969 0.299219 0.0012846
12 0.481152 0.466406 0.248633 0.295312 0.00119686
3 0.482031 0.465625 0.248438 0.297656 0.00112057
5 0.47959 0.470313 0.248633 0.289062 0.0011158
6 0.479785 0.467969 0.256055 0.296094 0.00109863
1 0.481934 0.461816 0.229883 0.299805 0.919922
17 0.478809 0.4625 0.226758 0.303125 0.0495911
8 0.483496 0.457813 0.223633 0.292188 0.014061
14 0.476953 0.461621 0.232813 0.306445 0.00365067
22 0.47959 0.4625 0.226758 0.303125 0.00317192
21 0.480859 0.463672 0.228125 0.302344 0.0017004
25 0.476953 0.461621 0.232813 0.306445 0.00124454
1 0.482812 0.464453 0.221094 0.285938 0.82666
14 0.48291 0.464941 0.216992 0.287305 0.0214539
8 0.484375 0.455469 0.20625 0.271875 0.0154877
22 0.482812 0.464453 0.221094 0.285938 0.0115967
17 0.480859 0.467187 0.225 0.282813 0.00638962
21 0.482812 0.465625 0.215625 0.285938 0.0042305
5 0.481641 0.466797 0.225781 0.288281 0.00327301
20 0.482812 0.464453 0.221094 0.285938 0.0020504
4 0.482812 0.464453 0.221094 0.285938 0.00187492
12 0.482812 0.464453 0.221094 0.285938 0.00183105
1 0.477734 0.463281 0.225 0.29375 0.776855
17 0.475391 0.462109 0.232031 0.294531 0.0266571
8 0.482812 0.458203 0.214062 0.289844 0.0111618
14 0.477344 0.461328 0.220313 0.295312 0.00787354
21 0.478516 0.4625 0.223438 0.29375 0.00763702
19 0.477441 0.464746 0.226367 0.289258 0.00526047
22 0.477344 0.461328 0.220313 0.295312 0.00232315
3 0.474609 0.463672 0.226562 0.29375 0.00185299
2 0.477344 0.462402 0.227344 0.292383 0.00156116
25 0.477441 0.464746 0.226367 0.289258 0.00143242
1 0.482422 0.465234 0.249219 0.3 0.868164
8 0.481641 0.467285 0.246094 0.29043 0.0866089
17 0.481641 0.467285 0.252344 0.295117 0.00728989
5 0.483984 0.465723 0.257812 0.29668 0.00542831
14 0.481641 0.467285 0.252344 0.295117 0.00492477
14 0.259375 0.612402 0.51875 0.775195 0.00230598
21 0.481641 0.467285 0.246094 0.29043 0.00197983
22 0.482031 0.465625 0.242969 0.29375 0.00162315
1 0.481348 0.467969 0.254492 0.298438 0.835938
22 0.483984 0.466406 0.242969 0.292188 0.283691
8 0.48291 0.46084 0.241992 0.283008 0.0495911
5 0.480859 0.46709 0.242969 0.286133 0.0233307
20 0.480859 0.46709 0.242969 0.286133 0.0142822
0 0.480859 0.435156 0.234375 0.232813 0.0068512
14 0.235156 0.625781 0.470313 0.748438 0.00518036
21 0.483984 0.466406 0.242969 0.292188 0.00486755
4 0.480859 0.46709 0.242969 0.286133 0.00408554
1 0.235156 0.625781 0.470313 0.748438 0.0036068
12 0.480078 0.470996 0.246094 0.30332 0.00213242
17 0.482812 0.468652 0.24375 0.292383 0.00174141
6 0.235156 0.625781 0.470313 0.748438 0.00150681
14 0.481348 0.467969 0.254492 0.298438 0.00147247
17 0.480859 0.426172 0.239844 0.207031 0.00123501
1 0.479688 0.465723 0.242188 0.299805 0.91748
22 0.480566 0.469434 0.24043 0.298633 0.0289764
17 0.478223 0.470703 0.231055 0.299219 0.00919342
21 0.480566 0.469434 0.24043 0.298633 0.00772476
14 0.479785 0.468066 0.235742 0.299805 0.00298119
20 0.482715 0.467187 0.236133 0.296094 0.00209999
1 0.477246 0.469141 0.24082 0.314063 0.885254
17 0.477246 0.466797 0.237695 0.307031 0.0217743
21 0.477734 0.467578 0.229687 0.297656 0.00831604
22 0.477734 0.467578 0.229687 0.297656 0.0077858
8 0.477734 0.470313 0.234375 0.3 0.00551224
14 0.478125 0.466406 0.235938 0.30625 0.002388
25 0.478125 0.466406 0.235938 0.30625 0.00124454
1 0.478906 0.467969 0.239844 0.296875 0.835938
22 0.478027 0.467871 0.231445 0.286133 0.0137939
17 0.477734 0.469141 0.235938 0.288281 0.0116882
8 0.479688 0.466016 0.235938 0.286719 0.00891876
21 0.477734 0.469141 0.235938 0.288281 0.00568771
14 0.477734 0.469141 0.235938 0.288281 0.00274658
2 0.159375 0.418652 0.31875 0.245508 0.00135136
1 0.478516 0.469531 0.227344 0.29375 0.872559
17 0.478223 0.471094 0.232617 0.296875 0.0212097
4 0.468848 0.557813 0.223242 0.148438 0.0161591
21 0.479688 0.470996 0.233594 0.292383 0.00912476
8 0.481152 0.470313 0.22207 0.290625 0.00878143
22 0.478516 0.469531 0.227344 0.29375 0.00828552
14 0.478223 0.471094 0.232617 0.296875 0.00273705
20 0.475391 0.471777 0.241406 0.306445 0.00107288
1 0.484277 0.467969 0.22832 0.289062 0.872559
8 0.482812 0.465625 0.214844 0.276563 0.069519
22 0.482422 0.469141 0.223438 0.282813 0.0427246
21 0.482422 0.469141 0.223438 0.282813 0.0113297
5 0.484375 0.471484 0.222656 0.283594 0.00534439
2 0.160938 0.418848 0.321875 0.268555 0.00407028
4 0.479297 0.559375 0.222656 0.154688 0.00388527
17 0.480469 0.470313 0.221094 0.284375 0.00344276
20 0.482422 0.469141 0.223438 0.282813 0.00299263
14 0.480469 0.470313 0.221094 0.284375 0.00168705
4 0.481152 0.470703 0.225195 0.292969 0.00141621
1 0.480469 0.466016 0.228125 0.285938 0.856445
8 0.481348 0.468359 0.21543 0.283594 0.0293121
17 0.47959 0.470215 0.22207 0.289258 0.0226288
14 0.47959 0.470215 0.22207 0.289258 0.00643921
22 0.480469 0.469531 0.220313 0.285938 0.00432968
21 0.480859 0.470215 0.224219 0.283008 0.00426483
1 0.480371 0.464844 0.223633 0.282031 0.907715
8 0.478809 0.468848 0.214258 0.281055 0.0453491
17 0.481152 0.468848 0.218945 0.282617 0.0360718
22 0.480566 0.468652 0.220117 0.279883 0.0164032
21 0.480566 0.468652 0.220117 0.279883 0.00572968
14 0.253711 0.589063 0.507422 0.821875 0.00510025
2 0.142188 0.413672 0.284375 0.282031 0.00473785
1 0.253711 0.589063 0.507422 0.821875 0.00363541
25 0.481641 0.470215 0.226562 0.28457 0.00176811
2 0.253711 0.589063 0.507422 0.821875 0.0015974
14 0.481152 0.468848 0.218945 0.282617 0.00155449
6 0.253711 0.589063 0.507422 0.821875 0.0012846
20 0.478125 0.467187 0.217188 0.28125 0.00113392
1 0.480371 0.473438 0.24082 0.3 0.82959
17 0.481152 0.475 0.236133 0.294531 0.0156708
22 0.479004 0.471094 0.238867 0.292969 0.00888062
21 0.481152 0.475 0.236133 0.294531 0.00457382
2 0.162305 0.408691 0.324609 0.288867 0.00185299
8 0.478516 0.470703 0.241406 0.29375 0.00154305
14 0.478809 0.472656 0.250195 0.301563 0.00124931
1 0.476172 0.467187 0.221094 0.279687 0.880859
22 0.476172 0.467187 0.221094 0.279687 0.0405273
5 0.47959 0.469922 0.217383 0.280469 0.0050621
17 0.482129 0.472656 0.22168 0.295312 0.00468063
20 0.476172 0.467187 0.221094 0.279687 0.00353813
14 0.478027 0.468359 0.218945 0.282031 0.00324821
21 0.47959 0.469922 0.217383 0.280469 0.00235939
25 0.479004 0.472656 0.226367 0.285156 0.00218201
16 0.501563 0.747656 0.20625 0.0703125 0.00156116
1 0.482031 0.521094 0.232813 0.21875 0.00138283
16 0.473828 0.747656 0.269531 0.0875 0.00138283
1 0.484375 0.473438 0.222656 0.291406 0.922852
22 0.482129 0.474609 0.216992 0.29375 0.0134277
21 0.485156 0.476953 0.217188 0.296094 0.00473785
14 0.484375 0.476562 0.215625 0.296094 0.00457382
17 0.484473 0.477441 0.223242 0.304492 0.00314713
1 0.484766 0.479297 0.234375 0.310156 0.861816
17 0.48584 0.480371 0.236133 0.30957 0.0294189
22 0.483984 0.479688 0.228125 0.307813 0.025177
21 0.484375 0.482715 0.228906 0.311133 0.014061
25 0.48584 0.480371 0.236133 0.30957 0.00167465
8 0.483984 0.479688 0.228125 0.307813 0.00131989
1 0.479297 0.472656 0.226562 0.291406 0.896484
22 0.482422 0.477344 0.225 0.300781 0.0253754
21 0.482422 0.477344 0.225 0.300781 0.00912476
17 0.482422 0.476953 0.225 0.3 0.00871277
14 0.303125 0.575 0.60625 0.85 0.00351143
25 0.482422 0.476953 0.225 0.3 0.00286674
2 0.141016 0.415625 0.282031 0.273438 0.0016613
14 0.48125 0.473438 0.223438 0.292188 0.0016489
1 0.484375 0.474902 0.216406 0.292383 0.909668
22 0.482812 0.47666 0.2125 0.293555 0.0396423
21 0.482812 0.47666 0.2125 0.293555 0.00993347
17 0.486719 0.477344 0.214062 0.300781 0.00492477
14 0.485156 0.473438 0.207813 0.2875 0.00434875
5 0.482812 0.47666 0.2125 0.293555 0.00179577
20 0.481934 0.473438 0.214258 0.2875 0.00129986
4 0.486719 0.477344 0.214062 0.300781 0.00105286
1 0.485156 0.469629 0.198437 0.273242 0.909668
17 0.482031 0.47334 0.203125 0.281445 0.0261536
22 0.482812 0.471484 0.201563 0.277344 0.00971222
21 0.482031 0.47334 0.203125 0.281445 0.00725937
8 0.483203 0.461035 0.198437 0.25918 0.00714874
14 0.485156 0.469629 0.198437 0.273242 0.0068512
25 0.482422 0.476172 0.2125 0.276563 0.0039444
1 0.475 0.470313 0.2125 0.272656 0.831055
22 0.475 0.470313 0.2125 0.272656 0.0637207
17 0.478027 0.469141 0.206445 0.275 0.0303345
8 0.478125 0.468359 0.204688 0.269531 0.00989532
21 0.478125 0.471484 0.207813 0.274219 0.008255
25 0.478027 0.475879 0.21582 0.28418 0.00370789
20 0.475 0.470313 0.2125 0.272656 0.00208282
14 0.478027 0.469141 0.206445 0.275 0.00203514
4 0.475 0.560156 0.209375 0.142188 0.00119686
1 0.476172 0.473047 0.220313 0.274219 0.909668
22 0.476172 0.473047 0.220313 0.274219 0.0479431
17 0.482031 0.480469 0.210938 0.289062 0.0145569
25 0.476562 0.478027 0.223438 0.275195 0.00492477
20 0.476172 0.473047 0.220313 0.274219 0.00329781
14 0.47666 0.472754 0.218555 0.273242 0.00300407
21 0.477734 0.475391 0.214844 0.276563 0.00275803
8 0.478125 0.469531 0.209375 0.270313 0.00208282
4 0.474219 0.560156 0.207031 0.142188 0.00156689
19 0.476562 0.478027 0.223438 0.275195 0.00104427
1 0.475781 0.481641 0.213281 0.280469 0.808105
17 0.480469 0.484375 0.209375 0.290625 0.0554199
22 0.474316 0.474121 0.207617 0.275195 0.0158997
21 0.47666 0.47666 0.207617 0.281055 0.0116425
25 0.475781 0.484766 0.215625 0.282813 0.00291252
8 0.47666 0.47666 0.207617 0.281055 0.00281143
14 0.47666 0.474219 0.207617 0.275 0.00247192
19 0.475781 0.484766 0.215625 0.282813 0.00138855
1 0.474121 0.47334 0.217383 0.289258 0.93457
17 0.480566 0.477344 0.212305 0.299219 0.032959
22 0.475684 0.476172 0.212695 0.294531 0.0147324
21 0.474121 0.472754 0.22207 0.287305 0.0116425
25 0.474902 0.476172 0.218945 0.288281 0.00198746
8 0.475879 0.46875 0.207617 0.271875 0.00170708
14 0.475879 0.474316 0.213867 0.291992 0.00163555
20 0.474121 0.47334 0.217383 0.289258 0.00106525
1 0.478906 0.471094 0.221875 0.289844 0.868652
22 0.480469 0.474219 0.223438 0.29375 0.0303345
17 0.484375 0.473438 0.21875 0.301563 0.0258636
21 0.480469 0.474219 0.223438 0.29375 0.00395966
25 0.478906 0.473047 0.227344 0.289062 0.00305176
5 0.480469 0.474219 0.223438 0.29375 0.00286674
14 0.478125 0.471875 0.219531 0.292188 0.00225258
20 0.478906 0.471094 0.221875 0.289844 0.00217438
8 0.480371 0.471094 0.212695 0.279687 0.00214958
1 0.479785 0.472559 0.224805 0.29707 0.935059
22 0.481641 0.475 0.224219 0.3 0.0268555
17 0.486328 0.476172 0.217969 0.302344 0.00898743
21 0.481641 0.475 0.224219 0.3 0.00518036
14 0.480078 0.473438 0.217969 0.299219 0.00244331
20 0.479785 0.472559 0.224805 0.29707 0.00168705
8 0.483203 0.467578 0.220313 0.277344 0.00156116
25 0.480859 0.475684 0.228906 0.293945 0.00156116
5 0.481641 0.475 0.224219 0.3 0.00137806
1 0.48125 0.474609 0.210156 0.288281 0.905273
22 0.482031 0.476562 0.207813 0.289062 0.0327148
17 0.48125 0.472266 0.219531 0.285156 0.0204163
21 0.482031 0.476562 0.207813 0.289062 0.01297
8 0.482812 0.464063 0.201563 0.257031 0.00981903
14 0.48125 0.474609 0.210156 0.288281 0.00226974
25 0.483203 0.475781 0.214844 0.285938 0.00216484
5 0.482031 0.476562 0.207813 0.289062 0.0016489
20 0.479785 0.474219 0.213867 0.285938 0.00154877
1 0.479004 0.474219 0.210742 0.284375 0.928711
22 0.478516 0.47666 0.215625 0.29043 0.0219421
17 0.484375 0.478125 0.210156 0.295312 0.0184021
21 0.478516 0.47666 0.215625 0.29043 0.00948334
8 0.482031 0.471191 0.204688 0.274805 0.0049057
14 0.479688 0.474609 0.210156 0.286719 0.00388527
25 0.47959 0.478516 0.218945 0.286719 0.00253105
20 0.479004 0.474219 0.210742 0.284375 0.00181007
5 0.478516 0.47666 0.215625 0.29043 0.00100803
1 0.477734 0.477344 0.217188 0.296094 0.950195
17 0.483496 0.480566 0.217383 0.30293 0.0240479
21 0.48125 0.480078 0.21875 0.297656 0.0154266
22 0.48125 0.480078 0.21875 0.297656 0.00746155
14 0.477734 0.477344 0.217188 0.296094 0.00538635
25 0.480859 0.478027 0.222656 0.295508 0.00152493
13 0.445703 0.650391 0.329688 0.216406 0.00125504
1 0.481641 0.479297 0.219531 0.302344 0.944824
22 0.48125 0.481152 0.227344 0.304883 0.024231
17 0.486719 0.481152 0.215625 0.306445 0.0173035
21 0.48125 0.481152 0.227344 0.304883 0.016922
14 0.481641 0.479297 0.219531 0.302344 0.00225258
13 0.443066 0.649609 0.34668 0.222656 0.00199509
25 0.482129 0.478906 0.231055 0.296094 0.0012064
20 0.481641 0.477734 0.224219 0.298438 0.00106525
1 0.478125 0.477441 0.21875 0.293555 0.928711
17 0.482031 0.480469 0.215625 0.3 0.0328369
22 0.477734 0.479297 0.21875 0.296094 0.0142288
21 0.477734 0.479297 0.21875 0.296094 0.0113754
25 0.478809 0.475781 0.22207 0.291406 0.00268364
14 0.478125 0.477441 0.21875 0.293555 0.002388
13 0.434766 0.649219 0.353125 0.234375 0.00184631
1 0.476562 0.474121 0.2125 0.283008 0.927734
17 0.483984 0.480078 0.211719 0.294531 0.03125
22 0.478125 0.477734 0.214062 0.289844 0.0210419
8 0.479688 0.467187 0.202344 0.264062 0.01297
21 0.478125 0.477734 0.214062 0.289844 0.00800323
25 0.47959 0.478516 0.218945 0.284375 0.00526047
14 0.477344 0.475684 0.211719 0.286133 0.00247192
13 0.459375 0.66875 0.288281 0.2 0.00179577
20 0.476562 0.474121 0.2125 0.283008 0.00144386
1 0.478125 0.479004 0.222656 0.299805 0.928223
22 0.480078 0.480469 0.222656 0.300781 0.0278015
17 0.482422 0.482422 0.221875 0.307813 0.014389
21 0.480078 0.480469 0.222656 0.300781 0.00861359
14 0.478125 0.479004 0.222656 0.299805 0.00255013
25 0.480371 0.478516 0.22832 0.300781 0.00135136
20 0.478516 0.476465 0.225 0.293945 0.0012064
13 0.464063 0.665625 0.290625 0.196875 0.00109005
1 0.477734 0.474219 0.219531 0.289062 0.933105
22 0.478809 0.477246 0.218945 0.292383 0.0354004
17 0.481641 0.480078 0.217969 0.301563 0.0139542
21 0.478809 0.477246 0.218945 0.292383 0.00912476
14 0.478027 0.475781 0.218945 0.292969 0.00298119
25 0.480078 0.477441 0.222656 0.293555 0.00157928
20 0.477734 0.474219 0.219531 0.289062 0.00125504
1 0.478027 0.477246 0.217383 0.301758 0.936035
22 0.478906 0.479297 0.216406 0.302344 0.0236969
17 0.478223 0.474121 0.224805 0.293945 0.0197144
21 0.478906 0.479297 0.216406 0.302344 0.00948334
25 0.478809 0.475684 0.218945 0.29707 0.00245285
14 0.478027 0.477246 0.217383 0.301758 0.00214958
1 0.478223 0.474219 0.218555 0.286719 0.938477
17 0.484375 0.479785 0.2125 0.299805 0.0239563
22 0.478516 0.478125 0.216406 0.292188 0.0193481
21 0.478516 0.478125 0.216406 0.292188 0.00967407
25 0.478906 0.476562 0.219531 0.292188 0.00355148
8 0.482422 0.470703 0.213281 0.275781 0.00252151
14 0.478125 0.475684 0.216406 0.29082 0.0024929
1 0.478027 0.47334 0.220508 0.287695 0.943359
17 0.480566 0.475391 0.220117 0.292188 0.0214539
22 0.479688 0.476562 0.21875 0.292188 0.0182648
21 0.479688 0.476562 0.21875 0.292188 0.0110321
25 0.480566 0.475391 0.220117 0.292188 0.00282288
14 0.478027 0.474609 0.220508 0.292969 0.00219917
8 0.482812 0.472754 0.217969 0.282617 0.00192642
1 0.476953 0.474219 0.217969 0.285938 0.940918
17 0.482422 0.479688 0.210938 0.297656 0.0220337
22 0.477734 0.477734 0.215625 0.290625 0.00945282
21 0.477734 0.477734 0.215625 0.290625 0.00891876
14 0.477246 0.475 0.21582 0.290625 0.00277901
25 0.478223 0.476562 0.218555 0.289062 0.00252151
8 0.480859 0.471875 0.2125 0.279687 0.00113392
1 0.479297 0.476562 0.221875 0.294531 0.944824
22 0.479785 0.479785 0.22168 0.29668 0.0134811
17 0.481152 0.480371 0.220508 0.30332 0.0086441
21 0.479785 0.479785 0.22168 0.29668 0.00734711
14 0.479297 0.476562 0.221875 0.294531 0.0029583
25 0.479297 0.47666 0.225781 0.295117 0.00157356
14 0.241016 0.610938 0.482031 0.775 0.0014267
1 0.478906 0.475879 0.220313 0.29043 0.938965
17 0.48125 0.48125 0.217969 0.303125 0.0162811
22 0.479297 0.479688 0.217969 0.296875 0.0129242
21 0.479297 0.479688 0.217969 0.296875 0.00815582
14 0.478027 0.476953 0.220508 0.295312 0.00336266
25 0.478906 0.477246 0.223438 0.293945 0.00214958
1 0.47959 0.478223 0.223633 0.301367 0.946777
17 0.483496 0.48125 0.220508 0.307813 0.0139542
22 0.48125 0.480566 0.222656 0.301367 0.0126266
21 0.48125 0.480566 0.222656 0.301367 0.0109024
14 0.47959 0.478223 0.223633 0.301367 0.00286674
25 0.480371 0.478223 0.226758 0.299805 0.00172043
1 0.478906 0.477344 0.221875 0.300781 0.944824
22 0.480469 0.479785 0.221094 0.301367 0.0145569
17 0.483594 0.480566 0.217188 0.307617 0.0137939
21 0.480469 0.479785 0.221094 0.301367 0.0119629
14 0.478906 0.477344 0.221875 0.300781 0.00214958
25 0.479785 0.476953 0.224805 0.296094 0.00186729
1 0.47959 0.477441 0.22207 0.301367 0.948242
21 0.480859 0.480078 0.222656 0.301563 0.0116425
22 0.480859 0.480078 0.222656 0.301563 0.0115051
17 0.482422 0.480469 0.221094 0.30625 0.0100098
14 0.47959 0.477441 0.22207 0.301367 0.0024147
13 0.440234 0.647656 0.338281 0.23125 0.00108147
25 0.480078 0.476562 0.225781 0.298438 0.00106907
1 0.478809 0.477734 0.220508 0.298438 0.941895
17 0.482031 0.481641 0.221094 0.305469 0.0204163
21 0.479688 0.480078 0.221875 0.299219 0.0134277
22 0.479688 0.480078 0.221875 0.299219 0.0119171
14 0.478809 0.477734 0.220508 0.298438 0.00251198
25 0.479688 0.477441 0.225 0.29668 0.00154877
13 0.453906 0.646094 0.310937 0.225 0.00135612
1 0.478809 0.478027 0.225195 0.301758 0.941406
17 0.48125 0.481641 0.224219 0.307031 0.0111618
22 0.47959 0.480078 0.225195 0.302344 0.0109863
21 0.47959 0.480078 0.225195 0.302344 0.0103302
14 0.478809 0.478027 0.225195 0.301758 0.00243378
13 0.457422 0.648438 0.303125 0.220313 0.00156116
25 0.479297 0.47666 0.228125 0.301367 0.00103188
1 0.478223 0.477344 0.220117 0.3 0.940918
17 0.482031 0.480566 0.219531 0.306055 0.0145569
22 0.479688 0.479688 0.220313 0.3 0.0103302
21 0.479688 0.479688 0.220313 0.3 0.01017
14 0.478223 0.477344 0.220117 0.3 0.00261116
13 0.454688 0.65 0.304688 0.215625 0.00135612
25 0.47959 0.476953 0.223633 0.297656 0.00130939
1 0.478125 0.476465 0.21875 0.29707 0.939941
17 0.482031 0.480078 0.217188 0.303125 0.0146179
21 0.479297 0.478906 0.217969 0.297656 0.00923157
22 0.479297 0.478906 0.217969 0.297656 0.00871277
14 0.478125 0.476465 0.21875 0.29707 0.00277901
25 0.479297 0.47666 0.222656 0.295117 0.00131512
13 0.450684 0.649219 0.311133 0.216406 0.00118828
1 0.479004 0.476172 0.22168 0.298438 0.939941
17 0.482031 0.479688 0.220313 0.304688 0.0150146
21 0.480078 0.478906 0.221094 0.299219 0.0118713
22 0.480078 0.478906 0.221094 0.299219 0.00926971
14 0.479004 0.476172 0.22168 0.298438 0.00300407
25 0.479785 0.475781 0.224805 0.296875 0.00126457
13 0.452441 0.648438 0.30918 0.220313 0.00117874
1 0.478906 0.475781 0.220313 0.296094 0.942383
17 0.482031 0.479297 0.219531 0.302344 0.0104904
21 0.480078 0.478125 0.221094 0.296875 0.0100937
22 0.480078 0.478125 0.221094 0.296875 0.00963593
14 0.478906 0.475781 0.220313 0.296094 0.00312424
13 0.451172 0.647266 0.3125 0.222656 0.00132465
25 0.480078 0.475684 0.224219 0.293945 0.00104809
1 0.479004 0.476172 0.22168 0.298438 0.945312
22 0.480371 0.478516 0.22207 0.299219 0.0102921
21 0.480371 0.478516 0.22207 0.299219 0.0101318
17 0.481641 0.480078 0.221094 0.304688 0.00963593
14 0.479004 0.476172 0.22168 0.298438 0.00299263
13 0.451562 0.647656 0.313281 0.217188 0.0017004
25 0.480078 0.476562 0.225 0.296875 0.0011034
1 0.478223 0.476953 0.220117 0.297656 0.946777
17 0.481641 0.480078 0.219531 0.303906 0.0112915
22 0.479688 0.478906 0.220313 0.298438 0.0108566
21 0.479688 0.478906 0.220313 0.298438 0.0102081
14 0.478223 0.476953 0.220117 0.297656 0.00282288
13 0.451172 0.647266 0.3125 0.215625 0.00148964
25 0.479688 0.476562 0.223438 0.296094 0.00127411
1 0.478516 0.477344 0.220313 0.297656 0.946777
22 0.47959 0.479297 0.220508 0.298438 0.0116882
17 0.481934 0.480859 0.218945 0.303906 0.0112457
21 0.47959 0.479297 0.220508 0.298438 0.0103683
14 0.478516 0.477344 0.220313 0.297656 0.00290108
13 0.450391 0.648438 0.313281 0.217188 0.00144958
25 0.47959 0.476953 0.223633 0.296094 0.00127888
1 0.478809 0.477344 0.220508 0.297656 0.946289
22 0.480371 0.47959 0.220508 0.298633 0.0115967
17 0.482422 0.481348 0.219531 0.304492 0.0112457
21 0.480371 0.47959 0.220508 0.298633 0.011116
14 0.478809 0.477344 0.220508 0.297656 0.00293541
25 0.480078 0.477344 0.224219 0.296094 0.00131512
13 0.446094 0.648438 0.321875 0.220313 0.00121593
1 0.478809 0.477344 0.220508 0.298438 0.948242
17 0.482422 0.48125 0.219531 0.304688 0.0110703
21 0.480371 0.47959 0.220508 0.298633 0.0110321
22 0.480371 0.47959 0.220508 0.298633 0.0106506
14 0.478809 0.477344 0.220508 0.298438 0.00296974
25 0.480371 0.477246 0.223633 0.295508 0.0012846
13 0.447266 0.648828 0.31875 0.221094 0.00116062
1 0.478809 0.477344 0.220508 0.298438 0.947754
21 0.480371 0.47959 0.220508 0.298633 0.0111618
17 0.482812 0.48125 0.219531 0.304688 0.011116
22 0.480371 0.47959 0.220508 0.298633 0.0110703
14 0.478809 0.477344 0.220508 0.298438 0.00301552
25 0.480469 0.477246 0.223438 0.295508 0.00130463
13 0.447656 0.648828 0.31875 0.221094 0.00104427
1 0.479297 0.477441 0.223438 0.301367 0.946289
22 0.480859 0.47959 0.222656 0.301758 0.0104065
21 0.480859 0.47959 0.222656 0.301758 0.0102081
17 0.482422 0.48125 0.221094 0.30625 0.00967407
14 0.479297 0.477441 0.223438 0.301367 0.00298119
25 0.480371 0.477344 0.225195 0.297656 0.0012064
13 0.446875 0.648047 0.321094 0.223438 0.00115108
1 0.478223 0.476953 0.220117 0.297656 0.946777
17 0.481641 0.480078 0.219531 0.303906 0.0112457
22 0.479688 0.478906 0.220313 0.298438 0.0108185
21 0.479688 0.478906 0.220313 0.298438 0.0102081
14 0.478223 0.476953 0.220117 0.297656 0.00284576
13 0.450684 0.647656 0.312695 0.215625 0.00148964
25 0.479688 0.476562 0.223438 0.296094 0.00126457
