11 0.369141 0.401465 0.496094 0.351758 0.00365067
11 0.43125 0.329688 0.604688 0.503906 0.00228691
19 0.4375 0.349658 0.296875 0.365527 0.00189686
11 0.560547 0.292969 0.878906 0.585938 0.00189686
11 0.469922 0.394141 0.675781 0.351562 0.00183105
14 0.41416 0.406641 0.560742 0.345313 0.00179577
5 0.435937 0.397266 0.617188 0.352344 0.00179577
9 0.411719 0.369531 0.610938 0.401563 0.00178242
5 0.462109 0.343555 0.730469 0.461328 0.00140476
9 0.369141 0.401465 0.496094 0.351758 0.00137806
3 0.388965 0.40459 0.50957 0.351758 0.00136662
4 0.435937 0.397266 0.617188 0.352344 0.00136185
11 0.542188 0.435937 0.915625 0.871875 0.00134087
10 0.411719 0.369531 0.610938 0.401563 0.00116062
2 0.41416 0.406641 0.560742 0.345313 0.00110722
11 0.501563 0.517188 0.853125 0.815625 0.00102043
0 0.41416 0.406641 0.560742 0.345313 0.00101662
22 0.425781 0.502734 0.590625 0.800781 0.620605
20 0.392578 0.532715 0.503906 0.587695 0.604004
17 0.425781 0.502734 0.590625 0.800781 0.586914
17 0.401172 0.53125 0.496094 0.582812 0.584961
22 0.401172 0.53125 0.496094 0.582812 0.552734
22 0.500781 0.707812 0.541406 0.584375 0.519531
17 0.500879 0.726562 0.543555 0.546875 0.5
22 0.302734 0.769531 0.605469 0.460938 0.476562
20 0.470215 0.4875 0.695508 0.84375 0.443604
17 0.481641 0.683203 0.621094 0.633594 0.40918
17 0.467578 0.616016 0.580469 0.767969 0.408203
20 0.302734 0.769531 0.605469 0.460938 0.390381
14 0.354297 0.471777 0.453906 0.475195 0.380371
14 0.439063 0.525 0.651563 0.6125 0.379395
22 0.467578 0.616016 0.580469 0.767969 0.377441
20 0.278906 0.78125 0.532031 0.4375 0.355713
17 0.380566 0.458984 0.45918 0.447656 0.348633
17 0.278906 0.78125 0.532031 0.4375 0.348633
22 0.278906 0.78125 0.532031 0.4375 0.345215
17 0.302734 0.769531 0.605469 0.460938 0.32251
11 0.439063 0.525 0.651563 0.6125 0.313232
22 0.55625 0.673047 0.48125 0.653906 0.260498
22 0.330078 0.763867 0.486719 0.472266 0.259766
11 0.470215 0.4875 0.695508 0.84375 0.250244
17 0.469629 0.566016 0.766992 0.867969 0.230225
17 0.330078 0.763867 0.486719 0.472266 0.224731
22 0.566797 0.740625 0.449219 0.51875 0.20752
3 0.392578 0.532715 0.503906 0.587695 0.200562
22 0.593066 0.603125 0.606055 0.79375 0.194946
22 0.469629 0.566016 0.766992 0.867969 0.193726
20 0.354297 0.471777 0.453906 0.475195 0.177856
11 0.302734 0.769531 0.605469 0.460938 0.175537
22 0.497656 0.709961 0.801562 0.580078 0.167725
22 0.279297 0.734766 0.558594 0.530469 0.162964
17 0.563672 0.7 0.466406 0.6 0.156616
22 0.380566 0.458984 0.45918 0.447656 0.151001
11 0.325 0.73457 0.65 0.530859 0.14856
14 0.302734 0.769531 0.605469 0.460938 0.146118
14 0.432813 0.478125 0.678125 0.853125 0.141235
22 0.325 0.73457 0.65 0.530859 0.128052
14 0.278906 0.78125 0.532031 0.4375 0.125488
5 0.432813 0.478125 0.678125 0.853125 0.125122
17 0.497656 0.709961 0.801562 0.580078 0.122131
22 0.627734 0.567969 0.744531 0.864062 0.117554
20 0.330078 0.763867 0.486719 0.472266 0.104492
3 0.354297 0.471777 0.453906 0.475195 0.100525
22 0.505566 0.513672 0.523242 0.894531 0.0910645
25 0.354297 0.471777 0.453906 0.475195 0.0903931
3 0.278906 0.78125 0.532031 0.4375 0.0894775
17 0.279297 0.734766 0.558594 0.530469 0.0891113
22 0.492188 0.639453 0.721875 0.721094 0.0866089
20 0.325 0.73457 0.65 0.530859 0.0859985
17 0.593066 0.603125 0.606055 0.79375 0.0844727
3 0.302734 0.769531 0.605469 0.460938 0.0844727
17 0.691797 0.446484 0.616406 0.892969 0.0836182
3 0.425781 0.502734 0.590625 0.800781 0.0726318
20 0.464844 0.590234 0.7875 0.819531 0.0713501
25 0.392578 0.532715 0.503906 0.587695 0.0685425
17 0.325 0.73457 0.65 0.530859 0.0685425
20 0.500879 0.726562 0.543555 0.546875 0.0663452
20 0.48291 0.700195 0.618555 0.599609 0.0651245
25 0.278906 0.78125 0.532031 0.4375 0.0630493
17 0.711719 0.557813 0.576563 0.884375 0.0618896
22 0.691797 0.446484 0.616406 0.892969 0.0609741
3 0.500879 0.726562 0.543555 0.546875 0.0568542
0 0.354297 0.471777 0.453906 0.475195 0.055603
13 0.439063 0.525 0.651563 0.6125 0.0552063
20 0.279297 0.734766 0.558594 0.530469 0.0552063
14 0.279297 0.734766 0.558594 0.530469 0.0541992
20 0.471777 0.628516 0.604883 0.742969 0.0538025
11 0.278906 0.78125 0.532031 0.4375 0.0534058
24 0.470215 0.4875 0.695508 0.84375 0.0531921
13 0.304492 0.717969 0.608984 0.564063 0.053009
14 0.330078 0.763867 0.486719 0.472266 0.0526123
22 0.710938 0.523438 0.578125 0.91875 0.0509033
22 0.430859 0.775781 0.733594 0.448438 0.0509033
17 0.505566 0.513672 0.523242 0.894531 0.0505066
11 0.354297 0.471777 0.453906 0.475195 0.0499573
20 0.497656 0.709961 0.801562 0.580078 0.0499573
14 0.510547 0.685938 0.755469 0.628125 0.0497742
17 0.394434 0.305859 0.618945 0.611719 0.0495911
14 0.325 0.73457 0.65 0.530859 0.0481262
5 0.410254 0.510254 0.606055 0.613867 0.0460205
1 0.503223 0.74043 0.541992 0.519141 0.0460205
13 0.470215 0.4875 0.695508 0.84375 0.0455322
16 0.439063 0.525 0.651563 0.6125 0.0437012
22 0.626953 0.685156 0.746094 0.629687 0.0432129
3 0.48291 0.700195 0.618555 0.599609 0.042572
1 0.501172 0.723047 0.647656 0.553906 0.0417786
20 0.439844 0.493359 0.53125 0.727344 0.0402527
9 0.470215 0.4875 0.695508 0.84375 0.0393372
20 0.204297 0.764844 0.408594 0.470313 0.0393372
22 0.518652 0.403516 0.542383 0.807031 0.0390625
25 0.302734 0.769531 0.605469 0.460938 0.0379028
1 0.475879 0.644922 0.612305 0.710156 0.0368958
3 0.471777 0.628516 0.604883 0.742969 0.036499
17 0.618359 0.537109 0.763281 0.925781 0.035675
3 0.330078 0.763867 0.486719 0.472266 0.035675
11 0.279297 0.734766 0.558594 0.530469 0.035553
17 0.430859 0.775781 0.733594 0.448438 0.0351562
13 0.525098 0.711328 0.768555 0.577344 0.0339661
22 0.394434 0.305859 0.618945 0.611719 0.033844
17 0.213672 0.767578 0.427344 0.464844 0.0330811
13 0.278906 0.78125 0.532031 0.4375 0.032959
17 0.392969 0.288672 0.785937 0.577344 0.0327148
13 0.302734 0.769531 0.605469 0.460938 0.0314941
17 0.518652 0.403516 0.542383 0.807031 0.0309143
17 0.675684 0.371289 0.648633 0.742578 0.0303345
10 0.302734 0.769531 0.605469 0.460938 0.0297546
20 0.373633 0.544922 0.520703 0.788281 0.0290833
20 0.430859 0.775781 0.733594 0.448438 0.028656
22 0.636328 0.403125 0.727344 0.80625 0.0280151
3 0.325 0.73457 0.65 0.530859 0.0267639
8 0.392578 0.532715 0.503906 0.587695 0.0261536
17 0.376953 0.4 0.509375 0.8 0.0258636
11 0.501172 0.723047 0.647656 0.553906 0.0257568
22 0.700781 0.338672 0.598437 0.677344 0.0252686
14 0.213672 0.767578 0.427344 0.464844 0.025177
14 0.465625 0.594141 0.6875 0.811719 0.0247955
25 0.470215 0.4875 0.695508 0.84375 0.0243378
5 0.325 0.73457 0.65 0.530859 0.0236053
22 0.46084 0.324414 0.500195 0.648828 0.0235138
22 0.376953 0.4 0.509375 0.8 0.0235138
24 0.439063 0.525 0.651563 0.6125 0.0235138
22 0.213672 0.767578 0.427344 0.464844 0.0233307
14 0.500879 0.726562 0.543555 0.546875 0.0224609
22 0.350586 0.6125 0.655078 0.775 0.0220337
13 0.330078 0.763867 0.486719 0.472266 0.0220337
22 0.392969 0.288672 0.785937 0.577344 0.0218658
17 0.404297 0.258984 0.548438 0.517969 0.0218658
2 0.354297 0.471777 0.453906 0.475195 0.0216217
17 0.347461 0.319336 0.694922 0.638672 0.021286
13 0.354297 0.471777 0.453906 0.475195 0.0212097
16 0.354297 0.471777 0.453906 0.475195 0.0209656
3 0.279297 0.734766 0.558594 0.530469 0.0207977
22 0.695508 0.608984 0.608984 0.782031 0.0202484
16 0.432813 0.478125 0.678125 0.853125 0.0200958
17 0.626953 0.685156 0.746094 0.629687 0.0200195
10 0.439063 0.525 0.651563 0.6125 0.0195618
14 0.274414 0.646094 0.548828 0.707812 0.0195007
22 0.404297 0.258984 0.548438 0.517969 0.0189819
24 0.302734 0.769531 0.605469 0.460938 0.018692
3 0.497656 0.709961 0.801562 0.580078 0.018692
14 0.478125 0.664062 0.617188 0.671875 0.0184784
17 0.695508 0.608984 0.608984 0.782031 0.0183411
10 0.375391 0.480469 0.525781 0.5 0.0181274
0 0.392578 0.532715 0.503906 0.587695 0.0179138
17 0.460938 0.372461 0.853125 0.744922 0.0176392
3 0.563672 0.7 0.466406 0.6 0.0175781
9 0.279687 0.761914 0.559375 0.476172 0.0175171
14 0.463281 0.569629 0.545313 0.766992 0.0171814
3 0.204297 0.764844 0.408594 0.470313 0.0171051
1 0.401172 0.53125 0.496094 0.582812 0.016922
17 0.350586 0.6125 0.655078 0.775 0.016922
3 0.4375 0.557813 0.746875 0.871875 0.0167847
2 0.392578 0.532715 0.503906 0.587695 0.0165253
1 0.44209 0.573828 0.608008 0.780469 0.016098
17 0.706641 0.298047 0.586719 0.596094 0.0160217
22 0.347461 0.319336 0.694922 0.638672 0.0157776
16 0.301563 0.769141 0.545313 0.461719 0.0157776
13 0.490234 0.614062 0.722656 0.771875 0.0153046
19 0.621875 0.821484 0.301563 0.357031 0.0151291
17 0.46084 0.324414 0.500195 0.648828 0.0150757
10 0.48291 0.700195 0.618555 0.599609 0.0149002
14 0.181055 0.745313 0.362109 0.410938 0.0148392
24 0.325 0.73457 0.65 0.530859 0.0148392
10 0.278906 0.78125 0.532031 0.4375 0.0147324
21 0.264453 0.769922 0.528906 0.460156 0.0146713
22 0.460938 0.372461 0.853125 0.744922 0.0145569
14 0.373633 0.544922 0.520703 0.788281 0.0145035
17 0.729297 0.660937 0.541406 0.678125 0.0145035
1 0.672656 0.450781 0.654688 0.901563 0.0143356
11 0.503223 0.74043 0.541992 0.519141 0.0140076
18 0.354297 0.471777 0.453906 0.475195 0.013588
24 0.278906 0.78125 0.532031 0.4375 0.0133286
8 0.48291 0.700195 0.618555 0.599609 0.0132751
1 0.301563 0.769141 0.545313 0.461719 0.0132217
22 0.601562 0.350391 0.796875 0.700781 0.0131226
22 0.228125 0.753125 0.45625 0.49375 0.0131226
1 0.265039 0.717969 0.530078 0.564063 0.0131226
1 0.471484 0.583984 0.783594 0.832031 0.0129242
21 0.610156 0.669922 0.301563 0.419531 0.0128708
1 0.693359 0.556641 0.613281 0.886719 0.0125275
16 0.317578 0.783789 0.458594 0.432422 0.0125275
22 0.739062 0.288281 0.521875 0.576563 0.0123367
22 0.741797 0.603516 0.516406 0.792969 0.0122375
16 0.319922 0.753906 0.639844 0.492188 0.0122375
8 0.354297 0.471777 0.453906 0.475195 0.0121918
11 0.430859 0.775781 0.733594 0.448438 0.0121918
11 0.330078 0.763867 0.486719 0.472266 0.012146
1 0.395703 0.325586 0.791406 0.651172 0.0120544
8 0.470215 0.4875 0.695508 0.84375 0.0118713
17 0.419141 0.624609 0.838281 0.750781 0.0118713
14 0.430859 0.775781 0.733594 0.448438 0.0115051
14 0.392969 0.288672 0.785937 0.577344 0.011467
5 0.302734 0.769531 0.605469 0.460938 0.0113297
13 0.505566 0.756055 0.635742 0.487891 0.0112457
9 0.392578 0.532715 0.503906 0.587695 0.0112
5 0.279297 0.734766 0.558594 0.530469 0.011116
3 0.476465 0.610547 0.79082 0.778906 0.0110703
11 0.475879 0.644922 0.612305 0.710156 0.0110703
14 0.376953 0.4 0.509375 0.8 0.0109482
3 0.50791 0.564063 0.498242 0.834375 0.0109024
22 0.729297 0.660937 0.541406 0.678125 0.0108566
20 0.672656 0.450781 0.654688 0.901563 0.0108185
13 0.373633 0.544922 0.520703 0.788281 0.0108185
3 0.593066 0.603125 0.606055 0.79375 0.0108185
1 0.341797 0.357812 0.683594 0.715625 0.0106125
13 0.48291 0.700195 0.618555 0.599609 0.0105667
10 0.470215 0.4875 0.695508 0.84375 0.0105286
1 0.694141 0.366406 0.611719 0.732813 0.0104065
8 0.500879 0.726562 0.543555 0.546875 0.0104065
9 0.325 0.73457 0.65 0.530859 0.0103302
13 0.430859 0.775781 0.733594 0.448438 0.01017
1 0.460938 0.372461 0.853125 0.744922 0.0101318
20 0.693359 0.556641 0.613281 0.886719 0.0100098
20 0.391309 0.28418 0.714258 0.568359 0.00997162
25 0.439844 0.493359 0.53125 0.727344 0.00997162
1 0.478125 0.660547 0.834375 0.678906 0.00985718
10 0.279297 0.734766 0.558594 0.530469 0.00978088
0 0.333594 0.775195 0.442188 0.449609 0.00955963
17 0.37207 0.632812 0.523047 0.646875 0.00952148
14 0.303125 0.359375 0.497656 0.667188 0.00941467
14 0.691797 0.446484 0.616406 0.892969 0.00941467
25 0.204297 0.764844 0.408594 0.470313 0.00941467
13 0.257422 0.728906 0.514844 0.542188 0.00941467
1 0.319922 0.753906 0.639844 0.492188 0.00941467
20 0.50791 0.564063 0.498242 0.834375 0.00933838
25 0.500879 0.726562 0.543555 0.546875 0.00933838
1 0.394434 0.305859 0.618945 0.611719 0.00923157
3 0.430859 0.775781 0.733594 0.448438 0.00923157
17 0.575 0.767969 0.41875 0.464063 0.00901794
13 0.319531 0.467969 0.639063 0.909375 0.00898743
8 0.319922 0.753906 0.639844 0.492188 0.0088501
1 0.319531 0.467969 0.639063 0.909375 0.00878143
20 0.563672 0.7 0.466406 0.6 0.00878143
17 0.790039 0.701953 0.419922 0.596094 0.00874329
20 0.350586 0.6125 0.655078 0.775 0.00871277
17 0.7375 0.441016 0.525 0.839844 0.0086441
3 0.691211 0.476172 0.617578 0.935156 0.00857544
17 0.308008 0.419922 0.616016 0.839844 0.0085144
14 0.419141 0.624609 0.838281 0.750781 0.00831604
11 0.274414 0.646094 0.548828 0.707812 0.00831604
3 0.711719 0.557813 0.576563 0.884375 0.00828552
8 0.471777 0.628516 0.604883 0.742969 0.008255
10 0.325 0.73457 0.65 0.530859 0.00815582
11 0.350586 0.6125 0.655078 0.775 0.00812531
8 0.301563 0.769141 0.545313 0.461719 0.00812531
1 0.426563 0.420312 0.55625 0.840625 0.00806427
22 0.274414 0.646094 0.548828 0.707812 0.00796509
13 0.350586 0.6125 0.655078 0.775 0.00793457
25 0.330078 0.763867 0.486719 0.472266 0.00793457
16 0.213672 0.767578 0.427344 0.464844 0.00784302
14 0.350586 0.6125 0.655078 0.775 0.0078125
11 0.204297 0.764453 0.408594 0.471094 0.0078125
8 0.525098 0.711328 0.768555 0.577344 0.00772476
18 0.439063 0.525 0.651563 0.6125 0.00763702
13 0.620703 0.496484 0.758594 0.947656 0.00757599
20 0.347461 0.319336 0.694922 0.638672 0.00754929
20 0.228125 0.753125 0.45625 0.49375 0.00754929
1 0.716406 0.609766 0.567187 0.780469 0.00748825
1 0.380566 0.458984 0.45918 0.447656 0.00746155
13 0.295312 0.396094 0.590625 0.792188 0.00740433
17 0.228125 0.753125 0.45625 0.49375 0.00740433
0 0.480859 0.682813 0.802344 0.634375 0.00728989
13 0.417969 0.317969 0.76875 0.635938 0.00717545
1 0.37207 0.632812 0.523047 0.646875 0.00717545
14 0.667969 0.558984 0.664062 0.882031 0.00717545
17 0.601562 0.350391 0.796875 0.700781 0.00714874
16 0.497656 0.709961 0.801562 0.580078 0.00712204
20 0.593066 0.603125 0.606055 0.79375 0.00709534
3 0.394434 0.305859 0.618945 0.611719 0.00703812
11 0.303125 0.359375 0.497656 0.667188 0.00701141
20 0.376953 0.4 0.509375 0.8 0.00701141
11 0.471484 0.583984 0.783594 0.832031 0.00701141
14 0.347461 0.319336 0.694922 0.638672 0.00695801
1 0.328516 0.669922 0.483594 0.660156 0.0069046
3 0.519629 0.432422 0.55918 0.864844 0.0068512
14 0.389453 0.271484 0.595313 0.542969 0.00682449
13 0.426563 0.420312 0.55625 0.840625 0.00682449
4 0.410254 0.510254 0.606055 0.613867 0.00679779
13 0.659375 0.584766 0.68125 0.830469 0.00679779
13 0.213672 0.767578 0.427344 0.464844 0.00679779
22 0.739062 0.4125 0.521875 0.825 0.00674438
20 0.389453 0.271484 0.595313 0.542969 0.00671768
13 0.463281 0.569629 0.545313 0.766992 0.00666809
22 0.772656 0.676172 0.454688 0.647656 0.00666809
0 0.439844 0.493359 0.53125 0.727344 0.00664139
10 0.471777 0.628516 0.604883 0.742969 0.00664139
21 0.619531 0.814453 0.334375 0.371094 0.00658798
4 0.432813 0.478125 0.678125 0.853125 0.00653839
9 0.33125 0.775977 0.642188 0.448047 0.0064888
3 0.673828 0.399219 0.652344 0.798438 0.0064621
22 0.319531 0.467969 0.639063 0.909375 0.00643921
20 0.460938 0.372461 0.853125 0.744922 0.00634003
14 0.700781 0.338672 0.598437 0.677344 0.00634003
16 0.274414 0.646094 0.548828 0.707812 0.00634003
3 0.376953 0.4 0.509375 0.8 0.00629044
11 0.503125 0.754492 0.809375 0.491016 0.00629044
1 0.327539 0.63125 0.655078 0.7375 0.00624084
19 0.625 0.826367 0.371875 0.347266 0.0164032
1 0.411328 0.712109 0.676562 0.575781 0.0112915
2 0.375391 0.398047 0.461719 0.328906 0.0111618
22 0.411328 0.712109 0.676562 0.575781 0.0109482
17 0.411328 0.712109 0.676562 0.575781 0.0104065
16 0.451172 0.407422 0.395313 0.317188 0.0088501
0 0.375391 0.398047 0.461719 0.328906 0.00734711
16 0.375391 0.398047 0.461719 0.328906 0.00728989
19 0.434277 0.378906 0.386133 0.332031 0.00714874
17 0.368164 0.750781 0.497266 0.498437 0.00656509
16 0.620313 0.826172 0.357812 0.347656 0.00651169
22 0.368164 0.750781 0.497266 0.498437 0.0064621
1 0.368164 0.750781 0.497266 0.498437 0.00621796
4 0.375391 0.398047 0.461719 0.328906 0.00579834
21 0.610156 0.642188 0.31875 0.389062 0.00486755
21 0.622656 0.809375 0.364063 0.38125 0.00421524
1 0.536035 0.682422 0.77168 0.635156 0.00419998
1 0.378906 0.678516 0.757812 0.642969 0.00418091
1 0.525879 0.689063 0.595117 0.621875 0.00408554
14 0.342773 0.397266 0.380078 0.329688 0.00407028
12 0.403125 0.698242 0.80625 0.603516 0.00403976
11 0.375391 0.398047 0.461719 0.328906 0.00402451
19 0.617578 0.655078 0.314844 0.380469 0.00395966
24 0.384766 0.414746 0.482031 0.34082 0.00353813
3 0.411328 0.712109 0.676562 0.575781 0.00346947
25 0.375391 0.398047 0.461719 0.328906 0.00345612
6 0.384766 0.414746 0.482031 0.34082 0.00345612
20 0.411328 0.712109 0.676562 0.575781 0.00333786
18 0.375391 0.398047 0.461719 0.328906 0.00324821
11 0.398438 0.413672 0.566406 0.391406 0.00312424
21 0.628906 0.762891 0.310937 0.397656 0.003088
12 0.514844 0.701563 0.845313 0.596875 0.00300407
23 0.341992 0.397559 0.375391 0.312695 0.00286674
20 0.384766 0.414746 0.482031 0.34082 0.00286674
16 0.398438 0.413672 0.566406 0.391406 0.00279999
9 0.384766 0.414746 0.482031 0.34082 0.00277901
3 0.375391 0.398047 0.461719 0.328906 0.00265312
4 0.398438 0.413672 0.566406 0.391406 0.00264168
16 0.167773 0.442188 0.335547 0.380469 0.0026207
12 0.341992 0.397559 0.375391 0.312695 0.00259018
19 0.418066 0.603906 0.354492 0.385938 0.00256157
17 0.378906 0.678516 0.757812 0.642969 0.00251198
1 0.404687 0.49541 0.8 0.77793 0.00248146
4 0.417188 0.510059 0.6 0.575195 0.00247192
22 0.378906 0.678516 0.757812 0.642969 0.00247192
17 0.525879 0.689063 0.595117 0.621875 0.00247192
11 0.411328 0.712109 0.676562 0.575781 0.00246239
17 0.501953 0.691406 0.807031 0.617188 0.00242424
12 0.404687 0.49541 0.8 0.77793 0.0024147
22 0.501953 0.691406 0.807031 0.617188 0.00239754
4 0.378906 0.683496 0.757812 0.633008 0.00231361
0 0.398438 0.413672 0.566406 0.391406 0.00226974
2 0.398438 0.413672 0.566406 0.391406 0.00226974
22 0.525879 0.689063 0.595117 0.621875 0.00226974
6 0.417188 0.510059 0.6 0.575195 0.00222588
7 0.375391 0.398047 0.461719 0.328906 0.00219917
12 0.541309 0.715625 0.625195 0.56875 0.00216484
2 0.411328 0.712109 0.676562 0.575781 0.00214005
19 0.626563 0.783594 0.315625 0.404687 0.00213242
19 0.297314 0.349609 0.360059 0.325781 0.0020504
17 0.399316 0.462598 0.716992 0.763867 0.0020504
13 0.403125 0.698242 0.80625 0.603516 0.00201988
0 0.411328 0.712109 0.676562 0.575781 0.00194168
12 0.345313 0.710547 0.690625 0.578906 0.00194168
19 0.629687 0.710938 0.290625 0.389062 0.00191212
1 0.342773 0.397266 0.380078 0.329688 0.00190449
17 0.375391 0.398047 0.461719 0.328906 0.00188255
9 0.417188 0.510059 0.6 0.575195 0.00188255
3 0.368164 0.750781 0.497266 0.498437 0.00186729
14 0.378906 0.683496 0.757812 0.633008 0.00186062
12 0.442969 0.604688 0.734375 0.790625 0.0018034
8 0.411328 0.712109 0.676562 0.575781 0.00179577
12 0.368164 0.750781 0.497266 0.498437 0.00177479
0 0.34375 0.748438 0.492188 0.503125 0.00176811
22 0.399316 0.462598 0.716992 0.763867 0.00174141
13 0.514844 0.701563 0.845313 0.596875 0.00174141
24 0.417188 0.510059 0.6 0.575195 0.00172043
1 0.573047 0.735547 0.416406 0.528906 0.00172043
20 0.417188 0.510059 0.6 0.575195 0.00170708
16 0.194141 0.471094 0.388281 0.364063 0.00169373
22 0.375391 0.398047 0.461719 0.328906 0.00168705
11 0.368164 0.750781 0.497266 0.498437 0.00168705
19 0.1875 0.460156 0.375 0.378906 0.00167465
22 0.417188 0.510059 0.6 0.575195 0.00166798
12 0.380371 0.649219 0.587695 0.701563 0.00166798
19 0.150586 0.426953 0.301172 0.396875 0.00162315
17 0.573047 0.735547 0.416406 0.528906 0.00162315
16 0.417188 0.510059 0.6 0.575195 0.0015974
11 0.378906 0.678516 0.757812 0.642969 0.00159168
2 0.34375 0.748438 0.492188 0.503125 0.00156689
17 0.417188 0.510059 0.6 0.575195 0.00156116
1 0.293359 0.752734 0.586719 0.494531 0.00156116
12 0.540723 0.639063 0.682617 0.721875 0.00152493
1 0.209766 0.771094 0.419531 0.457813 0.00152493
5 0.384766 0.414746 0.482031 0.34082 0.00151253
19 0.460059 0.418359 0.333008 0.298438 0.00150681
4 0.368164 0.750781 0.497266 0.498437 0.00150108
13 0.384766 0.414746 0.482031 0.34082 0.00149536
11 0.514844 0.701563 0.845313 0.596875 0.0014782
2 0.417188 0.510059 0.6 0.575195 0.00145531
4 0.399316 0.462598 0.716992 0.763867 0.00145531
12 0.336328 0.515625 0.574219 0.54375 0.00143814
20 0.399316 0.462598 0.716992 0.763867 0.00143814
12 0.334766 0.48125 0.669531 0.651563 0.0014267
1 0.336328 0.515625 0.574219 0.54375 0.00142097
12 0.571191 0.761719 0.42793 0.476562 0.00142097
22 0.573047 0.735547 0.416406 0.528906 0.00139904
0 0.433984 0.484375 0.658594 0.625 0.00137234
20 0.378906 0.678516 0.757812 0.642969 0.00133514
12 0.34707 0.380078 0.544922 0.482031 0.00132465
2 0.399316 0.462598 0.716992 0.763867 0.00131512
13 0.404687 0.49541 0.8 0.77793 0.00131512
10 0.384766 0.414746 0.482031 0.34082 0.00130463
4 0.501953 0.691406 0.807031 0.617188 0.00130463
16 0.399316 0.462598 0.716992 0.763867 0.00129986
16 0.413965 0.627734 0.350195 0.363281 0.00128937
13 0.541309 0.715625 0.625195 0.56875 0.00128937
15 0.375391 0.398047 0.461719 0.328906 0.00126934
9 0.411328 0.712109 0.676562 0.575781 0.00126457
19 0.409766 0.83125 0.367188 0.3375 0.0012598
14 0.399316 0.462598 0.716992 0.763867 0.0012598
11 0.433984 0.484375 0.658594 0.625 0.00124931
11 0.404687 0.49541 0.8 0.77793 0.00123501
20 0.34375 0.748438 0.492188 0.503125 0.00123501
12 0.398438 0.413672 0.566406 0.391406 0.0012207
13 0.628516 0.783594 0.322656 0.4 0.00121593
13 0.345313 0.710547 0.690625 0.578906 0.00121117
12 0.276172 0.721875 0.552344 0.55625 0.0012064
17 0.293359 0.752734 0.586719 0.494531 0.00120163
19 0.846875 0.824219 0.30625 0.351562 0.00119686
7 0.398438 0.413672 0.566406 0.391406 0.00119686
3 0.378906 0.678516 0.757812 0.642969 0.00119686
14 0.398438 0.413672 0.566406 0.391406 0.00118828
13 0.368164 0.750781 0.497266 0.498437 0.00118828
14 0.417188 0.510059 0.6 0.575195 0.00115108
16 0.439746 0.705469 0.789258 0.589063 0.00115108
12 0.209766 0.771094 0.419531 0.457813 0.00110722
21 0.580859 0.601562 0.319531 0.398438 0.00109863
17 0.209766 0.771094 0.419531 0.457813 0.00109482
25 0.417188 0.510059 0.6 0.575195 0.00109005
1 0.33457 0.711719 0.481641 0.576563 0.00108624
5 0.417188 0.510059 0.6 0.575195 0.00108147
12 0.541016 0.663379 0.432813 0.673242 0.00108147
25 0.398438 0.413672 0.566406 0.391406 0.00107288
8 0.368164 0.750781 0.497266 0.498437 0.00103664
16 0.289844 0.35 0.320312 0.307813 0.00102806
12 0.174609 0.730859 0.349219 0.538281 0.00102425
11 0.541309 0.715625 0.625195 0.56875 0.00102425
19 0.608984 0.759766 0.295312 0.407031 0.0572815
19 0.607031 0.662109 0.285938 0.367969 0.0363464
21 0.608984 0.759766 0.295312 0.407031 0.0350037
21 0.607031 0.662109 0.285938 0.367969 0.0278015
16 0.327734 0.405371 0.407031 0.301758 0.0234222
22 0.788477 0.437402 0.423047 0.561133 0.0181274
18 0.332813 0.40625 0.429688 0.321875 0.0166626
19 0.606641 0.615234 0.246875 0.360156 0.0158386
20 0.795703 0.353516 0.408594 0.485156 0.0150146
24 0.339063 0.479297 0.461719 0.492969 0.0136871
24 0.331641 0.425 0.427344 0.351562 0.0136337
6 0.331641 0.425 0.427344 0.351562 0.0120544
6 0.339063 0.479297 0.461719 0.492969 0.0118256
24 0.793555 0.380859 0.412891 0.477344 0.0114212
1 0.606641 0.724609 0.338281 0.550781 0.0114212
2 0.332813 0.40625 0.429688 0.321875 0.0113297
22 0.795703 0.353516 0.408594 0.485156 0.0113297
14 0.332813 0.40625 0.429688 0.321875 0.0104065
22 0.820703 0.742188 0.358594 0.514063 0.0102463
9 0.331641 0.425 0.427344 0.351562 0.00955963
4 0.331641 0.425 0.427344 0.351562 0.00945282
22 0.31582 0.649121 0.500391 0.573633 0.00941467
11 0.331641 0.425 0.427344 0.351562 0.00919342
21 0.795703 0.353516 0.408594 0.485156 0.00901794
16 0.366797 0.455859 0.516406 0.435937 0.00898743
9 0.339063 0.479297 0.461719 0.492969 0.0088501
23 0.331641 0.425 0.427344 0.351562 0.00881195
11 0.366797 0.455859 0.516406 0.435937 0.00871277
11 0.793555 0.380859 0.412891 0.477344 0.0086441
17 0.60625 0.714453 0.340625 0.571094 0.00837708
1 0.333984 0.536328 0.504687 0.616406 0.00818634
11 0.317969 0.594531 0.478125 0.476562 0.00806427
0 0.332813 0.40625 0.429688 0.321875 0.00796509
21 0.331641 0.425 0.427344 0.351562 0.00790405
22 0.606641 0.724609 0.338281 0.550781 0.00775528
1 0.792188 0.466309 0.415625 0.545508 0.00720596
25 0.331641 0.425 0.427344 0.351562 0.00706482
20 0.788477 0.437402 0.423047 0.561133 0.0069313
1 0.31582 0.649121 0.500391 0.573633 0.0068512
11 0.387891 0.328711 0.572656 0.537891 0.00669098
13 0.607031 0.662109 0.285938 0.367969 0.00641251
4 0.339063 0.479297 0.461719 0.492969 0.00634003
24 0.406641 0.519531 0.613281 0.592188 0.00629044
14 0.795703 0.353516 0.408594 0.485156 0.00614548
5 0.793555 0.380859 0.412891 0.477344 0.00609589
6 0.406641 0.519531 0.613281 0.592188 0.006073
4 0.795703 0.353516 0.408594 0.485156 0.00600433
20 0.327734 0.415625 0.423438 0.320312 0.00591278
1 0.820703 0.742188 0.358594 0.514063 0.005867
16 0.387891 0.328711 0.572656 0.537891 0.00582123
20 0.339063 0.479297 0.461719 0.492969 0.00582123
16 0.795703 0.293555 0.408594 0.534766 0.00572968
25 0.339063 0.479297 0.461719 0.492969 0.00568771
3 0.795703 0.353516 0.408594 0.485156 0.0055542
1 0.795703 0.353516 0.408594 0.485156 0.00553513
15 0.331641 0.425 0.427344 0.351562 0.00551224
11 0.795703 0.293555 0.408594 0.534766 0.00530243
7 0.332813 0.40625 0.429688 0.321875 0.00530243
14 0.387891 0.328711 0.572656 0.537891 0.00530243
0 0.366797 0.455859 0.516406 0.435937 0.00530243
13 0.608984 0.759766 0.295312 0.407031 0.00521851
21 0.339063 0.479297 0.461719 0.492969 0.00518036
22 0.817578 0.607422 0.364844 0.528906 0.00516129
21 0.788477 0.437402 0.423047 0.561133 0.00503922
17 0.61875 0.63125 0.308594 0.684375 0.00488663
21 0.606641 0.615234 0.246875 0.360156 0.00479126
1 0.61875 0.63125 0.308594 0.684375 0.00475693
20 0.820703 0.742188 0.358594 0.514063 0.00475693
0 0.387891 0.328711 0.572656 0.537891 0.00473785
1 0.817578 0.607422 0.364844 0.528906 0.00466537
0 0.792383 0.34707 0.415234 0.551172 0.00453949
9 0.793555 0.380859 0.412891 0.477344 0.00450516
11 0.617188 0.794336 0.332813 0.411328 0.00443268
19 0.801758 0.36875 0.396484 0.477344 0.00441742
11 0.388672 0.856836 0.375 0.286328 0.00438309
14 0.366797 0.455859 0.516406 0.435937 0.00436401
1 0.343359 0.826563 0.502344 0.346875 0.00436401
18 0.387891 0.328711 0.572656 0.537891 0.00432968
1 0.388672 0.856836 0.375 0.286328 0.00428009
16 0.793555 0.380859 0.412891 0.477344 0.00424957
22 0.333984 0.536328 0.504687 0.616406 0.00416565
1 0.658594 0.581934 0.50625 0.773633 0.00416565
2 0.366797 0.455859 0.516406 0.435937 0.0041008
6 0.795703 0.353516 0.408594 0.485156 0.00407028
11 0.406641 0.519531 0.613281 0.592188 0.00407028
25 0.795703 0.353516 0.408594 0.485156 0.0039444
15 0.366797 0.455859 0.516406 0.435937 0.00391388
1 0.417285 0.5625 0.67793 0.709375 0.00388527
17 0.319531 0.583984 0.490625 0.541406 0.00388527
22 0.388672 0.856836 0.375 0.286328 0.00388527
20 0.319531 0.583984 0.490625 0.541406 0.00385475
18 0.366797 0.455859 0.516406 0.435937 0.00376511
1 0.438281 0.827734 0.585938 0.344531 0.00366402
5 0.327734 0.415625 0.423438 0.320312 0.00362206
4 0.788477 0.437402 0.423047 0.561133 0.00362206
11 0.287305 0.66416 0.555078 0.58418 0.00359344
17 0.792188 0.466309 0.415625 0.545508 0.00356483
3 0.319531 0.583984 0.490625 0.541406 0.00352478
2 0.387891 0.328711 0.572656 0.537891 0.00351143
4 0.387891 0.328711 0.572656 0.537891 0.00349617
10 0.331641 0.425 0.427344 0.351562 0.00345612
9 0.406641 0.519531 0.613281 0.592188 0.00345612
14 0.314063 0.523535 0.495313 0.58418 0.00342941
22 0.61875 0.63125 0.308594 0.684375 0.00342941
3 0.788477 0.437402 0.423047 0.561133 0.00340271
4 0.406641 0.519531 0.613281 0.592188 0.00335121
11 0.799609 0.498828 0.400781 0.552344 0.00335121
4 0.317969 0.594531 0.478125 0.476562 0.00333786
22 0.343359 0.826563 0.502344 0.346875 0.00329781
17 0.722656 0.567285 0.554688 0.756055 0.00322342
5 0.339063 0.479297 0.461719 0.492969 0.00317192
25 0.406641 0.519531 0.613281 0.592188 0.00317192
17 0.820703 0.742188 0.358594 0.514063 0.00317192
14 0.788477 0.437402 0.423047 0.561133 0.00312424
13 0.793555 0.380859 0.412891 0.477344 0.00309944
22 0.438281 0.827734 0.585938 0.344531 0.003088
13 0.621094 0.727344 0.345313 0.545313 0.00302696
2 0.795703 0.293555 0.408594 0.534766 0.00300407
13 0.795703 0.293555 0.408594 0.534766 0.00300407
12 0.333984 0.536328 0.504687 0.616406 0.00299263
3 0.327734 0.405371 0.407031 0.301758 0.00298119
13 0.317969 0.594531 0.478125 0.476562 0.00298119
23 0.366797 0.455859 0.516406 0.435937 0.0029583
11 0.817578 0.607422 0.364844 0.528906 0.00294685
2 0.60625 0.714453 0.340625 0.571094 0.00288963
20 0.817578 0.607422 0.364844 0.528906 0.00286674
12 0.606641 0.724609 0.338281 0.550781 0.00286674
17 0.604297 0.797852 0.328906 0.404297 0.00286674
17 0.795703 0.353516 0.408594 0.485156 0.0028553
6 0.788477 0.437402 0.423047 0.561133 0.00282288
21 0.317969 0.594531 0.478125 0.476562 0.00279045
12 0.795703 0.353516 0.408594 0.485156 0.00275803
12 0.5125 0.574609 0.975 0.850781 0.00275803
12 0.332813 0.40625 0.429688 0.321875 0.00274658
5 0.317969 0.594531 0.478125 0.476562 0.00273705
21 0.820703 0.742188 0.358594 0.514063 0.00271416
11 0.789062 0.223828 0.421875 0.447656 0.00269318
25 0.788477 0.437402 0.423047 0.561133 0.00269318
4 0.792188 0.244922 0.415625 0.489844 0.00268364
22 0.712109 0.715625 0.575781 0.56875 0.0026722
1 0.712109 0.715625 0.575781 0.56875 0.00265312
17 0.712109 0.715625 0.575781 0.56875 0.00265312
12 0.387891 0.328711 0.572656 0.537891 0.00264168
12 0.799609 0.498828 0.400781 0.552344 0.00264168
3 0.606641 0.724609 0.338281 0.550781 0.00263214
15 0.406641 0.519531 0.613281 0.592188 0.0026207
17 0.301172 0.661719 0.542969 0.595313 0.00261116
20 0.406641 0.519531 0.613281 0.592188 0.00256157
17 0.809766 0.561816 0.380469 0.551367 0.00253105
22 0.287891 0.670703 0.575781 0.658594 0.00251198
0 0.792188 0.244922 0.415625 0.489844 0.0024929
24 0.820703 0.742188 0.358594 0.514063 0.0024929
10 0.339063 0.479297 0.461719 0.492969 0.00248146
3 0.820703 0.742188 0.358594 0.514063 0.00247192
1 0.614062 0.815039 0.340625 0.369922 0.00247192
24 0.31582 0.649121 0.500391 0.573633 0.00246239
0 0.333984 0.536328 0.504687 0.616406 0.00244331
14 0.792188 0.244922 0.415625 0.489844 0.00243378
22 0.417285 0.5625 0.67793 0.709375 0.00242424
13 0.799609 0.498828 0.400781 0.552344 0.00242424
1 0.33125 0.40625 0.408594 0.2875 0.0024147
13 0.331641 0.425 0.427344 0.351562 0.0024147
1 0.387891 0.328711 0.572656 0.537891 0.00239754
21 0.406641 0.519531 0.613281 0.592188 0.00239754
6 0.821289 0.687109 0.357422 0.485156 0.00239754
16 0.406641 0.519531 0.613281 0.592188 0.002388
18 0.795703 0.293555 0.408594 0.534766 0.00237846
17 0.388672 0.856836 0.375 0.286328 0.00237846
19 0.39541 0.594531 0.316992 0.432813 0.00235939
1 0.792188 0.244922 0.415625 0.489844 0.00235939
24 0.798828 0.473438 0.402344 0.564063 0.00235939
11 0.820703 0.742188 0.358594 0.514063 0.00235939
1 0.293359 0.700391 0.586719 0.599219 0.00234985
12 0.417285 0.5625 0.67793 0.709375 0.00234222
9 0.319531 0.583984 0.490625 0.541406 0.00234222
17 0.343359 0.826563 0.502344 0.346875 0.00234222
12 0.5375 0.691211 0.807813 0.617578 0.00232315
7 0.366797 0.455859 0.516406 0.435937 0.00229645
13 0.387891 0.328711 0.572656 0.537891 0.00226021
22 0.722656 0.567285 0.554688 0.756055 0.00225258
13 0.287305 0.66416 0.555078 0.58418 0.00225258
0 0.60625 0.714453 0.340625 0.571094 0.00224304
14 0.821289 0.687109 0.357422 0.485156 0.00223351
6 0.387891 0.328711 0.572656 0.537891 0.00222588
19 0.317969 0.594531 0.478125 0.476562 0.00221634
4 0.606641 0.724609 0.338281 0.550781 0.00221634
24 0.795703 0.293555 0.408594 0.534766 0.00219917
12 0.658594 0.581934 0.50625 0.773633 0.00219154
13 0.417285 0.5625 0.67793 0.709375 0.00218201
17 0.352734 0.663672 0.420312 0.532031 0.00217438
11 0.626172 0.716406 0.358594 0.567187 0.00217438
17 0.417285 0.5625 0.67793 0.709375 0.00216484
3 0.817578 0.607422 0.364844 0.528906 0.00216484
4 0.821289 0.687109 0.357422 0.485156 0.00216484
17 0.438281 0.827734 0.585938 0.344531 0.00216484
12 0.477734 0.430078 0.910156 0.860156 0.00214005
1 0.500098 0.756641 0.74043 0.486719 0.00214005
20 0.301172 0.661719 0.542969 0.595313 0.00211525
16 0.817578 0.607422 0.364844 0.528906 0.00209999
5 0.617188 0.794336 0.332813 0.411328 0.00208282
6 0.792188 0.244922 0.415625 0.489844 0.00206757
5 0.287305 0.66416 0.555078 0.58418 0.00206757
12 0.319141 0.668359 0.638281 0.663281 0.0020504
12 0.822656 0.752344 0.354688 0.495313 0.00203514
13 0.817578 0.607422 0.364844 0.528906 0.00202751
7 0.387891 0.328711 0.572656 0.537891 0.00201988
12 0.448828 0.318359 0.732031 0.636719 0.00199509
12 0.607422 0.575 0.785156 0.85 0.00199509
15 0.387891 0.328711 0.572656 0.537891 0.00197983
12 0.287305 0.66416 0.555078 0.58418 0.00194931
22 0.500098 0.756641 0.74043 0.486719 0.00194168
12 0.61875 0.63125 0.308594 0.684375 0.00193405
22 0.792188 0.244922 0.415625 0.489844 0.00192642
14 0.60625 0.714453 0.340625 0.571094 0.00192642
20 0.792188 0.244922 0.415625 0.489844 0.00191212
22 0.602344 0.820898 0.342187 0.358203 0.00190449
16 0.789062 0.223828 0.421875 0.447656 0.00188255
21 0.287305 0.66416 0.555078 0.58418 0.00188255
13 0.536035 0.75 0.681055 0.5 0.00188255
2 0.333984 0.536328 0.504687 0.616406 0.00187492
13 0.366797 0.455859 0.516406 0.435937 0.00186729
6 0.31582 0.649121 0.500391 0.573633 0.00185299
14 0.31582 0.649121 0.500391 0.573633 0.00185299
12 0.817578 0.607422 0.364844 0.528906 0.00185299
12 0.712109 0.715625 0.575781 0.56875 0.00185299
3 0.387891 0.328711 0.572656 0.537891 0.00184631
1 0.544434 0.801172 0.626758 0.397656 0.00183868
0 0.823828 0.689063 0.352344 0.51875 0.00183105
1 0.448828 0.318359 0.732031 0.636719 0.00182438
20 0.606641 0.724609 0.338281 0.550781 0.00182438
15 0.795703 0.353516 0.408594 0.485156 0.0018034
25 0.820703 0.742188 0.358594 0.514063 0.00178242
13 0.5375 0.691211 0.807813 0.617578 0.00178242
3 0.792188 0.244922 0.415625 0.489844 0.00177479
2 0.786523 0.184277 0.426953 0.368555 0.00175476
14 0.809766 0.561816 0.380469 0.551367 0.00175476
5 0.795703 0.293555 0.408594 0.534766 0.00174809
13 0.477734 0.430078 0.910156 0.860156 0.00174809
13 0.287891 0.670703 0.575781 0.658594 0.0017271
3 0.301172 0.661719 0.542969 0.595313 0.0017271
1 0.477734 0.430078 0.910156 0.860156 0.00172043
12 0.293359 0.700391 0.586719 0.599219 0.00172043
21 0.792188 0.244922 0.415625 0.489844 0.0017004
19 0.287305 0.66416 0.555078 0.58418 0.0017004
10 0.317969 0.594531 0.478125 0.476562 0.00167465
8 0.621094 0.727344 0.345313 0.545313 0.00166798
4 0.287305 0.66416 0.555078 0.58418 0.0016613
13 0.448828 0.318359 0.732031 0.636719 0.0016489
12 0.622656 0.551172 0.754687 0.803906 0.0016489
12 0.536035 0.75 0.681055 0.5 0.00163555
12 0.792188 0.244922 0.415625 0.489844 0.00162888
4 0.809766 0.561816 0.380469 0.551367 0.00162315
6 0.809766 0.561816 0.380469 0.551367 0.00161076
25 0.60625 0.714453 0.340625 0.571094 0.00161076
9 0.795703 0.293555 0.408594 0.534766 0.0015974
13 0.658594 0.581934 0.50625 0.773633 0.0015974
12 0.685547 0.639844 0.628906 0.720313 0.00159168
23 0.387891 0.328711 0.572656 0.537891 0.00158501
5 0.820703 0.742188 0.358594 0.514063 0.00158501
2 0.821289 0.687109 0.357422 0.485156 0.00157928
0 0.786328 0.183789 0.427344 0.367578 0.00157356
1 0.622656 0.551172 0.754687 0.803906 0.00157356
21 0.817578 0.607422 0.364844 0.528906 0.00157356
11 0.448828 0.318359 0.732031 0.636719 0.00155449
13 0.820703 0.742188 0.358594 0.514063 0.00155449
2 0.792188 0.386816 0.415625 0.531055 0.00153065
11 0.536035 0.75 0.681055 0.5 0.00153065
24 0.817578 0.607422 0.364844 0.528906 0.00152493
16 0.621094 0.727344 0.345313 0.545313 0.00151253
11 0.712109 0.715625 0.575781 0.56875 0.00151253
3 0.388672 0.856836 0.375 0.286328 0.00151253
1 0.563672 0.669141 0.872656 0.661719 0.00149536
22 0.330273 0.439453 0.437891 0.397656 0.00146675
12 0.352734 0.663672 0.420312 0.532031 0.00146103
0 0.417285 0.5625 0.67793 0.709375 0.00145531
0 0.712109 0.715625 0.575781 0.56875 0.00145531
13 0.751563 0.489844 0.496875 0.646875 0.00144386
2 0.61875 0.63125 0.308594 0.684375 0.00144386
17 0.287891 0.670703 0.575781 0.658594 0.00144386
25 0.387891 0.328711 0.572656 0.537891 0.00143242
25 0.792188 0.244922 0.415625 0.489844 0.0014267
14 0.421875 0.547656 0.665625 0.657813 0.0014267
1 0.455078 0.583984 0.880469 0.832031 0.0014267
5 0.799609 0.498828 0.400781 0.552344 0.00141048
12 0.548438 0.341797 0.679688 0.683594 0.00137806
16 0.319531 0.583984 0.490625 0.541406 0.00137806
16 0.820703 0.742188 0.358594 0.514063 0.00137806
22 0.544434 0.801172 0.626758 0.397656 0.00137806
12 0.503027 0.824609 0.642383 0.350781 0.00137806
16 0.492188 0.458203 0.875 0.916406 0.00137234
11 0.782617 0.429785 0.434766 0.623242 0.00136662
16 0.799609 0.498828 0.400781 0.552344 0.00136662
11 0.492188 0.458203 0.875 0.916406 0.00136185
1 0.536035 0.75 0.681055 0.5 0.00134087
1 0.47666 0.680859 0.688867 0.638281 0.00133514
11 0.503027 0.824609 0.642383 0.350781 0.00133514
19 0.518359 0.193945 0.311719 0.387891 0.00133038
21 0.60625 0.714453 0.340625 0.571094 0.00132465
11 0.720313 0.449609 0.559375 0.808594 0.00131989
13 0.61875 0.63125 0.308594 0.684375 0.00131989
24 0.381934 0.40791 0.468945 0.337305 0.0159607
7 0.382422 0.396094 0.460156 0.332813 0.0141144
6 0.382422 0.396094 0.460156 0.332813 0.0122375
16 0.382422 0.396094 0.460156 0.332813 0.0109863
18 0.3625 0.390234 0.417188 0.321094 0.00775528
2 0.382422 0.396094 0.460156 0.332813 0.00769424
12 0.366797 0.405469 0.423438 0.3125 0.00717545
23 0.382422 0.396094 0.460156 0.332813 0.00568771
24 0.39375 0.485547 0.563281 0.508594 0.00564194
19 0.614453 0.633594 0.258594 0.384375 0.00530243
11 0.366797 0.405469 0.423438 0.3125 0.00521851
12 0.350781 0.321484 0.503125 0.557031 0.00502014
14 0.364258 0.396875 0.416797 0.33125 0.00471878
15 0.381934 0.40791 0.468945 0.337305 0.00471878
9 0.381934 0.40791 0.468945 0.337305 0.00431442
13 0.366797 0.405469 0.423438 0.3125 0.00407028
4 0.382422 0.396094 0.460156 0.332813 0.00385475
0 0.3625 0.390234 0.417188 0.321094 0.00367928
6 0.39375 0.485547 0.563281 0.508594 0.00286674
11 0.389453 0.425 0.508594 0.383594 0.00270462
13 0.350781 0.321484 0.503125 0.557031 0.00269318
12 0.5125 0.709766 0.58125 0.580469 0.0026722
16 0.387891 0.463379 0.555469 0.485742 0.00259018
12 0.424316 0.354297 0.693555 0.708594 0.0024929
1 0.355859 0.40166 0.453125 0.354492 0.00233269
21 0.614453 0.633594 0.258594 0.384375 0.00224304
15 0.39375 0.485547 0.563281 0.508594 0.00224304
20 0.382422 0.396094 0.460156 0.332813 0.00205803
12 0.490625 0.573047 0.951563 0.853906 0.0020504
13 0.5125 0.709766 0.58125 0.580469 0.0020504
12 0.316602 0.449316 0.598828 0.518555 0.00203514
25 0.382422 0.396094 0.460156 0.332813 0.00203514
12 0.397656 0.498047 0.795313 0.805469 0.00203514
13 0.389453 0.425 0.508594 0.383594 0.00199509
18 0.389453 0.425 0.508594 0.383594 0.00199509
9 0.39375 0.485547 0.563281 0.508594 0.00191212
0 0.389453 0.425 0.508594 0.383594 0.00185299
12 0.507715 0.591016 0.56582 0.817969 0.00181007
3 0.3625 0.390234 0.417188 0.321094 0.00176811
16 0.350781 0.321484 0.503125 0.557031 0.00174141
12 0.318555 0.420703 0.637109 0.660156 0.00155449
19 0.459766 0.369141 0.265625 0.353906 0.00153637
12 0.597266 0.729688 0.363281 0.540625 0.00146675
11 0.350781 0.321484 0.503125 0.557031 0.00145531
12 0.451562 0.68125 0.75625 0.6375 0.00143242
19 0.416504 0.354688 0.313867 0.402344 0.00138855
12 0.384766 0.436719 0.507031 0.428125 0.00135612
13 0.39375 0.485547 0.563281 0.508594 0.00133514
1 0.525879 0.696875 0.551367 0.60625 0.00128937
12 0.601172 0.630469 0.394531 0.739062 0.00125504
5 0.382422 0.396094 0.460156 0.332813 0.00121593
11 0.39375 0.485547 0.563281 0.508594 0.00121593
1 0.597266 0.729688 0.363281 0.540625 0.00116539
1 0.350781 0.321484 0.503125 0.557031 0.00113392
2 0.39375 0.485547 0.563281 0.508594 0.00113392
20 0.39375 0.485547 0.563281 0.508594 0.0011158
19 0.3625 0.390234 0.417188 0.321094 0.00109005
13 0.397656 0.498047 0.795313 0.805469 0.00107288
13 0.424316 0.354297 0.693555 0.708594 0.00103664
24 0.373828 0.417188 0.453125 0.29375 0.0651245
6 0.373828 0.417188 0.453125 0.29375 0.0295868
7 0.373047 0.416797 0.435156 0.307813 0.0283356
4 0.366797 0.403906 0.428125 0.326562 0.0214539
18 0.366406 0.421484 0.459375 0.322656 0.0212097
9 0.373828 0.417188 0.453125 0.29375 0.0202484
23 0.373828 0.417188 0.453125 0.29375 0.0199432
14 0.357812 0.409766 0.453125 0.35 0.018692
11 0.366406 0.421484 0.459375 0.322656 0.0130234
6 0.375 0.441797 0.492969 0.428906 0.012146
16 0.373828 0.417188 0.453125 0.29375 0.0120544
2 0.366797 0.403906 0.428125 0.326562 0.0109863
19 0.605469 0.657422 0.245312 0.346094 0.0109482
21 0.605469 0.657422 0.245312 0.346094 0.0106506
0 0.357812 0.409766 0.453125 0.35 0.00997162
16 0.375 0.441797 0.492969 0.428906 0.00854492
24 0.375 0.441797 0.492969 0.428906 0.008255
4 0.359766 0.393652 0.503906 0.450195 0.00757599
11 0.359766 0.393652 0.503906 0.450195 0.00717545
23 0.375 0.441797 0.492969 0.428906 0.00712204
17 0.58125 0.617578 0.254688 0.489844 0.00526047
7 0.375 0.441797 0.492969 0.428906 0.00494385
14 0.359766 0.393652 0.503906 0.450195 0.0049057
1 0.477734 0.578906 0.479688 0.570312 0.00482941
16 0.358398 0.526953 0.495703 0.594531 0.00453949
9 0.375 0.441797 0.492969 0.428906 0.00446701
0 0.359766 0.393652 0.503906 0.450195 0.00438309
17 0.477734 0.578906 0.479688 0.570312 0.00432968
17 0.592188 0.701563 0.239063 0.4375 0.00421524
0 0.403906 0.531152 0.551562 0.57832 0.0041008
15 0.366406 0.421484 0.459375 0.322656 0.00359344
6 0.403906 0.531152 0.551562 0.57832 0.00355148
18 0.359766 0.393652 0.503906 0.450195 0.00353813
1 0.534375 0.634375 0.378125 0.603125 0.00353813
2 0.403906 0.531152 0.551562 0.57832 0.00349617
21 0.608594 0.760938 0.285938 0.398438 0.00348282
1 0.592188 0.701563 0.239063 0.4375 0.00348282
2 0.375 0.441797 0.492969 0.428906 0.00345612
1 0.58125 0.617578 0.254688 0.489844 0.00311089
12 0.357812 0.409766 0.453125 0.35 0.00300407
1 0.604297 0.746094 0.271875 0.507812 0.00300407
11 0.353516 0.523828 0.464844 0.555469 0.00271416
9 0.403906 0.531152 0.551562 0.57832 0.00256157
12 0.534375 0.634375 0.378125 0.603125 0.002388
12 0.477734 0.578906 0.479688 0.570312 0.00235939
12 0.350391 0.369922 0.505469 0.455469 0.00232315
24 0.403906 0.531152 0.551562 0.57832 0.00219917
5 0.373047 0.416797 0.435156 0.307813 0.00214005
1 0.563672 0.710156 0.4 0.579688 0.00213242
17 0.534375 0.634375 0.378125 0.603125 0.00195694
23 0.403906 0.531152 0.551562 0.57832 0.00194168
25 0.357812 0.409766 0.453125 0.35 0.00193405
22 0.592188 0.701563 0.239063 0.4375 0.00183868
3 0.357812 0.409766 0.453125 0.35 0.00182438
17 0.604297 0.746094 0.271875 0.507812 0.00173378
12 0.441797 0.517969 0.688281 0.732813 0.00163555
15 0.359766 0.393652 0.503906 0.450195 0.00162315
8 0.592188 0.701563 0.239063 0.4375 0.00162315
8 0.58125 0.617578 0.254688 0.489844 0.00156689
20 0.373828 0.417188 0.453125 0.29375 0.00156116
22 0.58125 0.617578 0.254688 0.489844 0.00154877
22 0.477734 0.578906 0.479688 0.570312 0.00152493
2 0.350391 0.369922 0.505469 0.455469 0.0015192
12 0.592188 0.701563 0.239063 0.4375 0.00147247
4 0.477734 0.578906 0.479688 0.570312 0.00141621
6 0.34043 0.578125 0.460547 0.50625 0.00139904
12 0.58125 0.617578 0.254688 0.489844 0.00138855
13 0.534375 0.634375 0.378125 0.603125 0.00136662
10 0.366797 0.403906 0.428125 0.326562 0.00136185
8 0.477734 0.578906 0.479688 0.570312 0.00135612
19 0.608594 0.760938 0.285938 0.398438 0.00133514
3 0.359766 0.393652 0.503906 0.450195 0.00131512
4 0.403906 0.531152 0.551562 0.57832 0.00131512
11 0.367773 0.575 0.567578 0.575 0.00130939
6 0.350391 0.369922 0.505469 0.455469 0.00129414
14 0.358398 0.526953 0.495703 0.594531 0.00127411
1 0.441797 0.517969 0.688281 0.732813 0.00123978
13 0.477734 0.578906 0.479688 0.570312 0.00123978
22 0.534375 0.634375 0.378125 0.603125 0.00121593
3 0.477734 0.578906 0.479688 0.570312 0.00120163
21 0.338477 0.550781 0.310547 0.326562 0.00118351
25 0.359766 0.393652 0.503906 0.450195 0.00116062
3 0.592188 0.701563 0.239063 0.4375 0.00115108
4 0.592188 0.701563 0.239063 0.4375 0.0011158
12 0.604297 0.746094 0.271875 0.507812 0.00110722
12 0.563672 0.710156 0.4 0.579688 0.00109863
20 0.375879 0.459375 0.426367 0.403906 0.00109005
19 0.366406 0.421484 0.459375 0.322656 0.00108147
13 0.592188 0.701563 0.239063 0.4375 0.00108147
4 0.58125 0.617578 0.254688 0.489844 0.00107765
20 0.394141 0.527734 0.56875 0.614844 0.00107288
3 0.58125 0.617578 0.254688 0.489844 0.00107288
12 0.457422 0.357227 0.685156 0.714453 0.00105667
13 0.441797 0.517969 0.688281 0.732813 0.00105667
22 0.604297 0.746094 0.271875 0.507812 0.00104809
25 0.58125 0.617578 0.254688 0.489844 0.00104046
7 0.403906 0.531152 0.551562 0.57832 0.00102043
4 0.534375 0.634375 0.378125 0.603125 0.00101662
6 0.361719 0.389844 0.417188 0.307031 0.0913696
9 0.361719 0.389844 0.417188 0.307031 0.0789185
23 0.361719 0.389844 0.417188 0.307031 0.0658569
2 0.357617 0.391016 0.405078 0.317969 0.058136
4 0.361719 0.389844 0.417188 0.307031 0.0552063
14 0.361719 0.389844 0.417188 0.307031 0.0456848
0 0.357617 0.391016 0.405078 0.317969 0.0352783
7 0.357617 0.391016 0.405078 0.317969 0.0293121
18 0.357617 0.391016 0.405078 0.317969 0.0246124
24 0.361719 0.389844 0.417188 0.307031 0.0229797
16 0.356641 0.381641 0.438281 0.321875 0.0208893
11 0.356641 0.381641 0.438281 0.321875 0.016983
25 0.361719 0.389844 0.417188 0.307031 0.0157776
10 0.361719 0.389844 0.417188 0.307031 0.0143356
15 0.361719 0.389844 0.417188 0.307031 0.00941467
5 0.362109 0.396484 0.417969 0.292969 0.00679779
6 0.413281 0.395703 0.528906 0.360156 0.0053215
1 0.572266 0.786328 0.355469 0.427344 0.00524139
0 0.413281 0.395703 0.528906 0.360156 0.00351143
3 0.353125 0.402734 0.40625 0.311719 0.00337601
11 0.570312 0.799805 0.382812 0.400391 0.00307465
11 0.414941 0.722656 0.723242 0.554688 0.00271416
19 0.594141 0.658594 0.254688 0.335938 0.00242424
20 0.362109 0.396484 0.417969 0.292969 0.00234222
1 0.507031 0.738672 0.499219 0.522656 0.00224304
12 0.357422 0.405078 0.416406 0.317969 0.00223351
2 0.413281 0.395703 0.528906 0.360156 0.00202751
16 0.38125 0.370703 0.502344 0.403906 0.0019722
13 0.570312 0.799805 0.382812 0.400391 0.00194168
11 0.38125 0.370703 0.502344 0.403906 0.00188255
14 0.38125 0.370703 0.502344 0.403906 0.0018177
7 0.413281 0.395703 0.528906 0.360156 0.00171375
1 0.372266 0.401953 0.496875 0.35 0.0016613
14 0.414941 0.722656 0.723242 0.554688 0.00153637
21 0.558496 0.777734 0.400195 0.444531 0.00148392
4 0.38125 0.370703 0.502344 0.403906 0.00143814
19 0.570312 0.799805 0.382812 0.400391 0.00143242
13 0.428906 0.766406 0.692187 0.467187 0.00140476
22 0.572266 0.786328 0.355469 0.427344 0.00139904
15 0.38125 0.370703 0.502344 0.403906 0.00133038
12 0.38125 0.370703 0.502344 0.403906 0.00131512
23 0.413281 0.395703 0.528906 0.360156 0.0012846
14 0.558496 0.777734 0.400195 0.444531 0.00127888
15 0.414941 0.722656 0.723242 0.554688 0.00126934
9 0.413281 0.395703 0.528906 0.360156 0.00126457
0 0.414941 0.722656 0.723242 0.554688 0.00121593
17 0.345313 0.392969 0.39375 0.282813 0.00117874
24 0.413281 0.395703 0.528906 0.360156 0.00117874
24 0.428906 0.766406 0.692187 0.467187 0.00115585
12 0.56875 0.751563 0.367188 0.496875 0.00114727
5 0.393066 0.392969 0.501367 0.351562 0.0011425
10 0.413281 0.395703 0.528906 0.360156 0.0011425
17 0.56875 0.751563 0.367188 0.496875 0.00105667
5 0.570312 0.799805 0.382812 0.400391 0.00105667
20 0.393066 0.392969 0.501367 0.351562 0.00104046
1 0.345313 0.392969 0.39375 0.282813 0.00102425
23 0.360156 0.383496 0.414844 0.325195 0.238647
2 0.360156 0.383496 0.414844 0.325195 0.153076
18 0.360156 0.383496 0.414844 0.325195 0.102661
14 0.360156 0.383496 0.414844 0.325195 0.0910645
9 0.369922 0.391309 0.416406 0.318945 0.0910645
0 0.360156 0.383496 0.414844 0.325195 0.0853882
6 0.374902 0.39375 0.42207 0.325781 0.0841675
24 0.374902 0.39375 0.42207 0.325781 0.0460205
4 0.363281 0.384277 0.414062 0.337695 0.041626
7 0.360156 0.383496 0.414844 0.325195 0.0414734
25 0.363867 0.38125 0.426953 0.315625 0.0263519
16 0.373242 0.386328 0.423828 0.335156 0.0154266
5 0.369922 0.391309 0.416406 0.318945 0.00974274
11 0.374902 0.39375 0.42207 0.325781 0.00831604
3 0.360156 0.383496 0.414844 0.325195 0.00754929
10 0.360156 0.383496 0.414844 0.325195 0.0069313
15 0.377441 0.392188 0.449805 0.346875 0.00658798
12 0.510156 0.551953 0.873438 0.896094 0.00471878
6 0.438281 0.385938 0.565625 0.508594 0.00468063
15 0.438281 0.385938 0.565625 0.508594 0.00413513
15 0.445996 0.334375 0.60332 0.66875 0.00359344
12 0.494434 0.542969 0.501758 0.667188 0.00351143
20 0.377441 0.392188 0.449805 0.346875 0.00345612
16 0.438281 0.385938 0.565625 0.508594 0.00335121
1 0.468652 0.513672 0.531445 0.678906 0.00322342
17 0.468652 0.513672 0.531445 0.678906 0.00294685
0 0.438281 0.385938 0.565625 0.508594 0.00292397
13 0.468652 0.513672 0.531445 0.678906 0.00291252
12 0.446875 0.329688 0.625 0.659375 0.0026722
12 0.544434 0.615625 0.442383 0.665625 0.00246239
6 0.445996 0.334375 0.60332 0.66875 0.00244331
22 0.468652 0.513672 0.531445 0.678906 0.00243378
13 0.498437 0.525781 0.81875 0.909375 0.00232315
4 0.438281 0.385938 0.565625 0.508594 0.00231361
12 0.45625 0.351953 0.504687 0.439844 0.00219917
4 0.445996 0.334375 0.60332 0.66875 0.00206757
0 0.445996 0.334375 0.60332 0.66875 0.00200272
1 0.498437 0.525781 0.81875 0.909375 0.00194168
12 0.453125 0.463672 0.553125 0.683594 0.00188255
19 0.419531 0.398828 0.301563 0.320312 0.00177479
14 0.445996 0.334375 0.60332 0.66875 0.00168705
11 0.445996 0.334375 0.60332 0.66875 0.00167465
1 0.337109 0.372266 0.400781 0.314844 0.00163555
13 0.445996 0.334375 0.60332 0.66875 0.00162888
16 0.445996 0.334375 0.60332 0.66875 0.00160408
13 0.438281 0.385938 0.565625 0.508594 0.00157356
13 0.544434 0.615625 0.442383 0.665625 0.00153065
19 0.606641 0.625 0.235156 0.348438 0.00152493
12 0.539453 0.550781 0.364844 0.592188 0.00152493
17 0.539453 0.550781 0.364844 0.592188 0.00150681
24 0.438281 0.385938 0.565625 0.508594 0.00147247
11 0.438281 0.385938 0.565625 0.508594 0.00146675
2 0.438281 0.385938 0.565625 0.508594 0.00141048
12 0.367188 0.395313 0.510156 0.542188 0.00139427
12 0.384375 0.507812 0.579688 0.645312 0.00137806
1 0.445996 0.334375 0.60332 0.66875 0.00131512
25 0.468652 0.513672 0.531445 0.678906 0.00130463
1 0.544434 0.615625 0.442383 0.665625 0.00129986
20 0.438281 0.385938 0.565625 0.508594 0.00127411
14 0.438281 0.385938 0.565625 0.508594 0.00126934
13 0.539453 0.550781 0.364844 0.592188 0.00125504
12 0.467969 0.502734 0.6875 0.816406 0.00123024
1 0.539453 0.550781 0.364844 0.592188 0.00119686
2 0.445996 0.334375 0.60332 0.66875 0.00117874
17 0.498437 0.525781 0.81875 0.909375 0.00116062
12 0.586328 0.63125 0.283594 0.45 0.00115108
21 0.600781 0.601953 0.232813 0.357031 0.00113773
1 0.438281 0.385938 0.565625 0.508594 0.00111198
7 0.438281 0.385938 0.565625 0.508594 0.00109482
13 0.368555 0.387402 0.447266 0.345508 0.00108147
12 0.325195 0.595313 0.521484 0.4625 0.00105286
18 0.438281 0.385938 0.565625 0.508594 0.00104809
8 0.337109 0.372266 0.400781 0.314844 0.00104427
18 0.445996 0.334375 0.60332 0.66875 0.00102806
25 0.438281 0.385938 0.565625 0.508594 0.00102425
22 0.539453 0.550781 0.364844 0.592188 0.00102043
12 0.336328 0.367578 0.430469 0.346094 0.00100803
2 0.361914 0.392969 0.417578 0.307813 0.0838623
14 0.361914 0.392969 0.417578 0.307813 0.0419312
23 0.361914 0.392969 0.417578 0.307813 0.0386047
9 0.356641 0.396973 0.435937 0.312305 0.0233307
6 0.356641 0.396973 0.435937 0.312305 0.016922
4 0.353906 0.39541 0.43125 0.32793 0.0162201
0 0.345508 0.397559 0.383984 0.308008 0.0149536
16 0.353906 0.39541 0.43125 0.32793 0.00905609
11 0.424902 0.704297 0.725195 0.591406 0.00636292
14 0.430469 0.295703 0.613281 0.591406 0.00619125
2 0.430469 0.295703 0.613281 0.591406 0.00536346
1 0.419141 0.715625 0.755469 0.56875 0.0053215
10 0.361914 0.392969 0.417578 0.307813 0.00521851
2 0.320312 0.374609 0.335156 0.253906 0.0051384
25 0.361914 0.392969 0.417578 0.307813 0.0050621
7 0.361914 0.392969 0.417578 0.307813 0.00445175
18 0.353906 0.39541 0.43125 0.32793 0.00439835
14 0.320312 0.374609 0.335156 0.253906 0.0042305
0 0.430469 0.295703 0.613281 0.591406 0.00385475
11 0.352344 0.394531 0.45625 0.351562 0.00383949
3 0.345508 0.397559 0.383984 0.308008 0.00340271
0 0.419141 0.715625 0.755469 0.56875 0.00331116
23 0.320312 0.374609 0.335156 0.253906 0.00316048
14 0.424902 0.704297 0.725195 0.591406 0.00293541
4 0.430469 0.295703 0.613281 0.591406 0.00292397
12 0.460059 0.492188 0.758008 0.845313 0.00276756
5 0.361914 0.392969 0.417578 0.307813 0.00268364
15 0.424902 0.704297 0.725195 0.591406 0.00266266
6 0.430469 0.295703 0.613281 0.591406 0.00251198
1 0.332031 0.653906 0.664062 0.692187 0.00251198
4 0.424902 0.704297 0.725195 0.591406 0.00245285
22 0.424902 0.704297 0.725195 0.591406 0.00230598
13 0.424902 0.704297 0.725195 0.591406 0.00228691
12 0.426953 0.674219 0.724219 0.651563 0.00222588
1 0.430469 0.295703 0.613281 0.591406 0.00216484
24 0.356641 0.396973 0.435937 0.312305 0.00216484
17 0.419141 0.715625 0.755469 0.56875 0.0019722
12 0.332031 0.653906 0.664062 0.692187 0.00188923
12 0.789844 0.190234 0.420312 0.380469 0.00187492
21 0.419141 0.715625 0.755469 0.56875 0.00182438
25 0.430469 0.295703 0.613281 0.591406 0.00175476
15 0.430469 0.295703 0.613281 0.591406 0.00166798
12 0.500781 0.749609 0.510938 0.500781 0.00150108
11 0.430469 0.295703 0.613281 0.591406 0.00147247
12 0.430469 0.295703 0.613281 0.591406 0.00144958
16 0.430469 0.295703 0.613281 0.591406 0.00139904
2 0.408984 0.694141 0.817969 0.611719 0.00135612
13 0.332031 0.653906 0.664062 0.692187 0.00132465
12 0.43291 0.334375 0.732617 0.66875 0.00127888
4 0.320312 0.374609 0.335156 0.253906 0.00126457
12 0.455859 0.479688 0.558594 0.759375 0.00119686
18 0.430469 0.295703 0.613281 0.591406 0.00118828
15 0.351562 0.403516 0.423438 0.328906 0.0011692
20 0.351562 0.403516 0.423438 0.328906 0.00113773
20 0.408984 0.694141 0.817969 0.611719 0.00113392
14 0.332031 0.653906 0.664062 0.692187 0.0011158
12 0.352344 0.394531 0.45625 0.351562 0.00109482
22 0.332031 0.653906 0.664062 0.692187 0.00107765
3 0.430469 0.295703 0.613281 0.591406 0.00106525
17 0.430469 0.295703 0.613281 0.591406 0.00105667
20 0.430469 0.295703 0.613281 0.591406 0.00105286
23 0.374414 0.4 0.433984 0.321875 0.15564
2 0.374414 0.4 0.433984 0.321875 0.139404
18 0.382812 0.407129 0.460938 0.323242 0.0648804
14 0.374414 0.4 0.433984 0.321875 0.0386047
9 0.364063 0.408594 0.417188 0.317188 0.0383301
7 0.369141 0.402441 0.428906 0.329492 0.0280151
16 0.369531 0.409375 0.4375 0.323438 0.0263519
4 0.374414 0.4 0.433984 0.321875 0.0259094
6 0.369531 0.409375 0.4375 0.323438 0.0252686
0 0.374414 0.4 0.433984 0.321875 0.0193787
24 0.364063 0.408594 0.417188 0.317188 0.0138474
25 0.374414 0.4 0.433984 0.321875 0.0055542
12 0.449902 0.517969 0.72832 0.879687 0.0050621
11 0.369531 0.409375 0.4375 0.323438 0.00329781
0 0.376172 0.598437 0.580469 0.5875 0.00274658
5 0.375391 0.403906 0.440625 0.310937 0.00271416
12 0.441406 0.526172 0.55625 0.721094 0.00247192
10 0.375391 0.403906 0.440625 0.310937 0.00246239
2 0.376172 0.598437 0.580469 0.5875 0.00231361
15 0.375391 0.403906 0.440625 0.310937 0.00223351
14 0.376172 0.598437 0.580469 0.5875 0.00168705
3 0.374414 0.4 0.433984 0.321875 0.00156116
14 0.452246 0.580469 0.75332 0.740625 0.00153637
13 0.441406 0.526172 0.55625 0.721094 0.00150108
13 0.449902 0.517969 0.72832 0.879687 0.00134087
2 0.452246 0.580469 0.75332 0.740625 0.00118828
12 0.563672 0.532031 0.872656 0.926562 0.00112438
4 0.452246 0.580469 0.75332 0.740625 0.00103664
7 0.401953 0.411035 0.583594 0.379492 0.00101662
2 0.361328 0.407031 0.445312 0.33125 0.134766
9 0.368359 0.403809 0.446094 0.308008 0.0720825
23 0.361328 0.407031 0.445312 0.33125 0.0663452
14 0.368359 0.403809 0.446094 0.308008 0.0534058
6 0.366797 0.405371 0.429688 0.298633 0.0469055
18 0.368359 0.403809 0.446094 0.308008 0.0287628
7 0.36543 0.402734 0.433984 0.313281 0.0272675
4 0.361328 0.407031 0.445312 0.33125 0.0186462
0 0.363281 0.405078 0.432813 0.332813 0.0159607
16 0.36543 0.402734 0.433984 0.313281 0.0146179
24 0.374219 0.404297 0.4375 0.292969 0.0120087
10 0.368359 0.403809 0.446094 0.308008 0.00588989
11 0.36543 0.402734 0.433984 0.313281 0.00544739
25 0.361328 0.40459 0.436719 0.329883 0.00353813
3 0.361328 0.40459 0.436719 0.329883 0.00286674
5 0.368359 0.403809 0.446094 0.308008 0.0019722
15 0.366797 0.405371 0.429688 0.298633 0.00194168
12 0.374219 0.391406 0.482812 0.326562 0.00112057
14 0.379688 0.402246 0.451562 0.32832 0.406494
2 0.378223 0.402734 0.456055 0.352344 0.325928
23 0.378223 0.402734 0.456055 0.352344 0.203735
9 0.379688 0.402246 0.451562 0.32832 0.117188
6 0.379688 0.404004 0.450781 0.329492 0.108215
4 0.378223 0.402734 0.456055 0.352344 0.0639648
18 0.37666 0.403125 0.456055 0.330469 0.035553
15 0.379688 0.404004 0.450781 0.329492 0.0162811
7 0.37666 0.403125 0.456055 0.330469 0.0157166
24 0.379688 0.404004 0.450781 0.329492 0.0147858
0 0.371875 0.4125 0.450781 0.334375 0.012825
11 0.37666 0.403125 0.456055 0.330469 0.0123825
25 0.38252 0.399219 0.456836 0.328125 0.0103683
10 0.379688 0.402246 0.451562 0.32832 0.00751877
12 0.483594 0.514063 0.814063 0.94375 0.00582123
16 0.380469 0.402441 0.467187 0.338867 0.00547028
5 0.38252 0.399219 0.456836 0.328125 0.00429916
12 0.656348 0.426563 0.687305 0.853125 0.00338936
15 0.406934 0.408984 0.564258 0.5125 0.00321007
13 0.380469 0.402441 0.467187 0.338867 0.00309944
13 0.388281 0.358984 0.524219 0.489844 0.00277901
12 0.410938 0.335156 0.6125 0.670313 0.00271416
13 0.483594 0.514063 0.814063 0.94375 0.00240517
13 0.410938 0.335156 0.6125 0.670313 0.00237846
1 0.366797 0.405371 0.483594 0.350195 0.00218201
6 0.406934 0.408984 0.564258 0.5125 0.00206757
6 0.400879 0.523047 0.60293 0.675781 0.00205803
12 0.521191 0.348828 0.787305 0.697656 0.00199509
3 0.375391 0.403906 0.465625 0.355469 0.0019722
12 0.612109 0.362109 0.775781 0.724219 0.00196457
12 0.388281 0.358984 0.524219 0.489844 0.00188923
12 0.366797 0.405371 0.483594 0.350195 0.00175476
4 0.400879 0.523047 0.60293 0.675781 0.00171375
0 0.400879 0.523047 0.60293 0.675781 0.00170708
12 0.711719 0.344727 0.576563 0.669141 0.00163555
15 0.400879 0.523047 0.60293 0.675781 0.00150108
17 0.366797 0.405371 0.483594 0.350195 0.0014782
13 0.612109 0.362109 0.775781 0.724219 0.00143814
12 0.741992 0.552734 0.516016 0.771094 0.0014267
13 0.521191 0.348828 0.787305 0.697656 0.00141048
16 0.388672 0.439844 0.536719 0.482031 0.00140476
0 0.388672 0.439844 0.536719 0.482031 0.00133514
25 0.400879 0.523047 0.60293 0.675781 0.0012064
2 0.388672 0.439844 0.536719 0.482031 0.00117874
2 0.400879 0.523047 0.60293 0.675781 0.00117874
4 0.388672 0.439844 0.536719 0.482031 0.00115585
24 0.388672 0.439844 0.536719 0.482031 0.00113392
2 0.435059 0.491797 0.776758 0.869531 0.00113392
9 0.388672 0.439844 0.536719 0.482031 0.00112915
13 0.656348 0.426563 0.687305 0.853125 0.00107288
15 0.447266 0.51875 0.714844 0.85 0.00103188
14 0.435059 0.491797 0.776758 0.869531 0.00102425
14 0.364453 0.403125 0.453906 0.332813 0.609375
2 0.364844 0.40459 0.457031 0.34082 0.490234
9 0.364844 0.40459 0.457031 0.34082 0.118408
23 0.361328 0.401172 0.448438 0.353906 0.0970459
6 0.369141 0.403027 0.471094 0.339258 0.0742188
7 0.367383 0.403516 0.466016 0.350781 0.0370483
10 0.364844 0.40459 0.457031 0.34082 0.0248871
4 0.361328 0.401172 0.448438 0.353906 0.0218201
18 0.367383 0.403516 0.466016 0.350781 0.016922
16 0.367383 0.403516 0.466016 0.350781 0.0119629
25 0.364844 0.40459 0.457031 0.34082 0.0115967
24 0.369141 0.403027 0.471094 0.339258 0.00874329
0 0.352539 0.396875 0.419922 0.325 0.00706482
5 0.364453 0.403125 0.453906 0.332813 0.00312424
15 0.369141 0.403027 0.471094 0.339258 0.003088
11 0.364844 0.40459 0.457031 0.34082 0.00237846
12 0.584375 0.550781 0.83125 0.898438 0.00176144
3 0.364844 0.403906 0.465625 0.365625 0.00106907
14 0.369141 0.395703 0.449219 0.321094 0.276611
2 0.36582 0.395313 0.444922 0.323438 0.188354
23 0.36582 0.395313 0.444922 0.323438 0.064209
9 0.365234 0.39541 0.44375 0.324805 0.0428772
6 0.365234 0.402344 0.414844 0.321875 0.0267029
4 0.367969 0.397266 0.446875 0.319531 0.0192413
7 0.361914 0.398047 0.428516 0.325781 0.0160217
18 0.361914 0.398047 0.428516 0.325781 0.0141754
16 0.374414 0.400781 0.447266 0.334375 0.00734711
0 0.368555 0.402344 0.458984 0.332031 0.0068512
25 0.358984 0.398828 0.435937 0.328125 0.00348282
10 0.365234 0.39541 0.44375 0.324805 0.0030632
24 0.365234 0.402344 0.414844 0.321875 0.0030632
11 0.368555 0.402344 0.458984 0.332031 0.0024147
15 0.365234 0.402344 0.414844 0.321875 0.00200272
19 0.255811 0.343945 0.231348 0.170703 0.00116062
3 0.368555 0.402344 0.458984 0.332031 0.00108147
14 0.367969 0.411719 0.448438 0.327344 0.57959
2 0.370703 0.405566 0.45625 0.331055 0.387695
23 0.370703 0.405566 0.45625 0.331055 0.129395
7 0.372266 0.408594 0.461719 0.326562 0.0350037
9 0.367969 0.411719 0.448438 0.327344 0.0342407
4 0.367969 0.411719 0.448438 0.327344 0.0177155
6 0.367969 0.411719 0.448438 0.327344 0.0158997
18 0.372266 0.408594 0.461719 0.326562 0.0135345
25 0.367969 0.411719 0.448438 0.327344 0.0101318
10 0.367969 0.411719 0.448438 0.327344 0.00874329
0 0.382812 0.399121 0.478125 0.31582 0.00706482
16 0.372656 0.412891 0.453125 0.330469 0.00416565
19 0.603125 0.802539 0.357812 0.394922 0.00191879
24 0.37168 0.414453 0.443359 0.324219 0.00183868
15 0.37168 0.414453 0.443359 0.324219 0.00174809
12 0.325391 0.236328 0.650781 0.472656 0.00129414
5 0.366797 0.413672 0.433594 0.320312 0.00127411
7 0.286523 0.337891 0.251953 0.171094 0.00102806
14 0.369336 0.393066 0.430859 0.32793 0.754883
2 0.362891 0.393848 0.44375 0.335742 0.486328
23 0.36875 0.394141 0.432031 0.332031 0.0817871
25 0.369336 0.393066 0.430859 0.32793 0.042572
18 0.364063 0.396777 0.442188 0.345508 0.0186157
9 0.365234 0.393359 0.450781 0.324219 0.0150146
4 0.369336 0.393066 0.430859 0.32793 0.014061
16 0.365234 0.394629 0.441406 0.337305 0.0132217
7 0.364063 0.396777 0.442188 0.345508 0.00952148
6 0.366016 0.396484 0.438281 0.322656 0.00653839
10 0.369336 0.393066 0.430859 0.32793 0.00356483
24 0.364063 0.396777 0.442188 0.345508 0.00279045
0 0.361133 0.395215 0.420703 0.317383 0.00203514
5 0.369336 0.393066 0.430859 0.32793 0.00178909
7 0.295898 0.329688 0.260547 0.164844 0.00112915
14 0.374219 0.402734 0.442188 0.330469 0.905762
2 0.374219 0.402734 0.442188 0.330469 0.420654
4 0.369531 0.399316 0.446875 0.32793 0.271973
23 0.369531 0.399316 0.446875 0.32793 0.256104
9 0.369531 0.399316 0.446875 0.32793 0.233765
25 0.370313 0.396484 0.442188 0.332031 0.0239563
0 0.367188 0.406641 0.445312 0.348438 0.0211639
6 0.374609 0.415527 0.436719 0.317383 0.0086441
24 0.374609 0.415527 0.436719 0.317383 0.00309944
5 0.374609 0.415527 0.436719 0.317383 0.00274658
10 0.36875 0.404687 0.45 0.345313 0.00240517
1 0.36875 0.397754 0.4375 0.32793 0.00208282
7 0.36875 0.397754 0.4375 0.32793 0.00173378
15 0.370508 0.411621 0.438672 0.331445 0.00119209
18 0.374609 0.415527 0.436719 0.317383 0.00105667
11 0.370508 0.404004 0.443359 0.337305 0.00104809
2 0.371484 0.399316 0.461719 0.343555 0.80127
14 0.370313 0.393066 0.451562 0.32793 0.649414
23 0.369922 0.4 0.452344 0.329688 0.125122
7 0.369922 0.4 0.452344 0.329688 0.0823975
23 0.348828 0.34668 0.421094 0.210547 0.0755615
7 0.348828 0.34668 0.421094 0.210547 0.0339661
14 0.348828 0.34668 0.421094 0.210547 0.0227203
2 0.348828 0.34668 0.421094 0.210547 0.019165
16 0.367578 0.401563 0.483594 0.357812 0.00605011
18 0.35625 0.383496 0.439063 0.300195 0.00566483
6 0.356445 0.385059 0.438672 0.308008 0.00561905
9 0.371484 0.399316 0.461719 0.343555 0.00526047
25 0.370313 0.393066 0.451562 0.32793 0.00521851
10 0.370313 0.393066 0.451562 0.32793 0.00519943
4 0.348828 0.34668 0.421094 0.210547 0.0049057
0 0.348828 0.34668 0.421094 0.210547 0.00408554
6 0.348828 0.34668 0.421094 0.210547 0.00399017
4 0.369922 0.4 0.452344 0.329688 0.00359344
18 0.348828 0.34668 0.421094 0.210547 0.00314713
19 0.453906 0.386035 0.26875 0.362305 0.003088
10 0.348828 0.34668 0.421094 0.210547 0.00250244
0 0.35625 0.383496 0.439063 0.300195 0.00209999
9 0.348828 0.34668 0.421094 0.210547 0.00156689
13 0.608203 0.777344 0.284375 0.401563 0.0015192
11 0.35625 0.383496 0.439063 0.300195 0.00135612
12 0.779492 0.460156 0.441016 0.823438 0.00131512
2 0.282227 0.364844 0.299609 0.253125 0.00127888
12 0.783594 0.438672 0.432813 0.760156 0.00106525
12 0.689453 0.687109 0.621094 0.625781 0.00100422
14 0.371289 0.406641 0.429297 0.334375 0.98584
2 0.374023 0.407813 0.439453 0.334375 0.962891
23 0.370508 0.403125 0.438672 0.335938 0.319092
25 0.371289 0.406641 0.429297 0.334375 0.0390625
9 0.371875 0.409766 0.4375 0.328906 0.0222015
4 0.370508 0.403125 0.438672 0.335938 0.00468063
6 0.376563 0.405371 0.439063 0.325195 0.00416565
7 0.364258 0.405078 0.438672 0.344531 0.00400543
16 0.355469 0.574609 0.44375 0.388281 0.00379562
10 0.364258 0.405078 0.438672 0.344531 0.00311089
16 0.451953 0.569922 0.639844 0.449219 0.00201988
5 0.376563 0.405371 0.439063 0.325195 0.00199509
18 0.372656 0.409277 0.440625 0.337695 0.00172043
16 0.378516 0.411816 0.447656 0.331055 0.00148392
0 0.360547 0.398438 0.421094 0.326562 0.00135136
14 0.417969 0.416797 0.533594 0.398438 0.00104046
2 0.358984 0.400391 0.463281 0.334375 0.897461
14 0.358984 0.400391 0.463281 0.334375 0.374756
23 0.359375 0.39541 0.460156 0.349805 0.144165
9 0.37168 0.400391 0.470703 0.339844 0.108948
6 0.363281 0.397559 0.45625 0.331445 0.0128708
7 0.359375 0.39541 0.460156 0.349805 0.0100937
18 0.359375 0.39541 0.460156 0.349805 0.00923157
16 0.351172 0.39375 0.447656 0.339063 0.00582123
10 0.351172 0.39375 0.447656 0.339063 0.00561905
24 0.376465 0.399609 0.456445 0.333594 0.00536346
4 0.376465 0.399609 0.456445 0.333594 0.00486755
25 0.358984 0.400391 0.463281 0.334375 0.00450516
19 0.376953 0.800781 0.347656 0.398438 0.00258064
0 0.349805 0.402246 0.447266 0.358008 0.0019722
14 0.371484 0.409375 0.464844 0.365625 0.989746
4 0.377344 0.408984 0.474219 0.363281 0.210815
23 0.377344 0.408984 0.474219 0.363281 0.204346
2 0.375 0.411035 0.46875 0.366992 0.180054
9 0.377344 0.408984 0.474219 0.363281 0.116333
25 0.375 0.411035 0.46875 0.366992 0.00847626
10 0.36875 0.403906 0.465625 0.35 0.0029583
0 0.362109 0.398535 0.450781 0.343555 0.00199509
5 0.373828 0.409375 0.478125 0.367188 0.00186729
18 0.390234 0.408594 0.478906 0.364844 0.00183868
6 0.390234 0.408594 0.478906 0.364844 0.00181007
1 0.363867 0.407813 0.467578 0.363281 0.00174141
7 0.300732 0.328125 0.300879 0.167187 0.00131512
2 0.375391 0.399316 0.461719 0.345117 0.931152
14 0.378223 0.401465 0.476367 0.345508 0.0817871
7 0.372266 0.403906 0.457031 0.348438 0.0632324
23 0.370313 0.403516 0.464063 0.346094 0.0195618
9 0.375391 0.403125 0.442969 0.348438 0.0100937
18 0.373633 0.402344 0.455078 0.351562 0.00787354
6 0.375 0.392871 0.486719 0.343945 0.00602722
16 0.372656 0.393848 0.478125 0.34668 0.00388527
25 0.375391 0.403125 0.442969 0.348438 0.00318527
4 0.373828 0.399219 0.477344 0.345313 0.00145531
10 0.375 0.392871 0.486719 0.343945 0.00116062
2 0.368945 0.405078 0.433984 0.319531 0.914062
14 0.370703 0.404004 0.441406 0.320117 0.677246
23 0.367969 0.402734 0.439844 0.347656 0.0653687
7 0.365625 0.402344 0.44375 0.344531 0.0116882
25 0.367773 0.404297 0.426953 0.349219 0.0109024
6 0.37207 0.414746 0.432422 0.326758 0.00460815
4 0.364063 0.401465 0.446094 0.337695 0.00397491
9 0.367773 0.404297 0.426953 0.349219 0.00358009
18 0.378125 0.405566 0.426563 0.34668 0.00353813
1 0.376172 0.411328 0.435937 0.342969 0.00184631
10 0.364063 0.401465 0.446094 0.337695 0.00163555
0 0.364063 0.401465 0.446094 0.337695 0.00144386
16 0.378125 0.405566 0.426563 0.34668 0.00113773
7 0.300977 0.326562 0.300391 0.164062 0.00112057
2 0.364648 0.400098 0.456641 0.345117 0.995605
14 0.364648 0.400098 0.456641 0.345117 0.387695
23 0.364648 0.400098 0.456641 0.345117 0.0838623
7 0.359961 0.398828 0.456641 0.346875 0.0469055
9 0.368555 0.401172 0.442578 0.346094 0.0111618
16 0.356641 0.395313 0.457031 0.332813 0.0068512
10 0.360156 0.403125 0.441406 0.342187 0.00538635
6 0.364063 0.397559 0.446875 0.342383 0.00498199
25 0.367188 0.398828 0.453125 0.339844 0.00385475
18 0.364063 0.397559 0.446875 0.342383 0.00332451
0 0.367188 0.398828 0.453125 0.339844 0.00157928
16 0.352734 0.574219 0.469531 0.4375 0.00156116
14 0.380469 0.409473 0.453125 0.356055 0.581543
2 0.380469 0.409473 0.453125 0.356055 0.132568
23 0.381641 0.409473 0.457031 0.35918 0.041626
25 0.384375 0.408984 0.465625 0.352344 0.0125732
10 0.384375 0.408984 0.465625 0.352344 0.00376511
4 0.385059 0.41084 0.467383 0.370508 0.00199509
1 0.373047 0.40791 0.453125 0.354492 0.0015974
2 0.382031 0.40791 0.48125 0.34043 0.941895
14 0.378516 0.403906 0.477344 0.338281 0.0541992
7 0.383594 0.411328 0.4875 0.339844 0.0514526
9 0.38125 0.406641 0.482031 0.344531 0.0273743
23 0.381641 0.407422 0.479688 0.346875 0.0223694
18 0.383594 0.402246 0.478906 0.339258 0.0178528
10 0.378125 0.402344 0.477344 0.333594 0.0108566
6 0.379004 0.403223 0.47793 0.335742 0.00439835
16 0.383594 0.402246 0.478906 0.339258 0.00403976
25 0.378125 0.402344 0.477344 0.333594 0.00201988
2 0.503125 0.577344 0.925 0.845313 0.00172043
12 0.573438 0.543359 0.853125 0.913281 0.0015974
2 0.373828 0.396973 0.464844 0.351367 0.8125
14 0.373828 0.396973 0.464844 0.351367 0.259766
23 0.373828 0.396973 0.464844 0.351367 0.0259552
7 0.375 0.401172 0.445312 0.347656 0.00436401
25 0.373828 0.396973 0.464844 0.351367 0.00372124
10 0.374609 0.395703 0.455469 0.348438 0.00156689
18 0.375 0.401172 0.445312 0.347656 0.00134563
9 0.375 0.401172 0.445312 0.347656 0.0011425
2 0.367773 0.409375 0.446484 0.340625 0.890137
14 0.369727 0.408496 0.452734 0.336133 0.517578
23 0.373047 0.410156 0.450781 0.346094 0.0303345
7 0.366016 0.406641 0.452344 0.333594 0.016922
25 0.373047 0.410156 0.450781 0.346094 0.00595856
9 0.373047 0.410156 0.450781 0.346094 0.0015974
6 0.362891 0.403027 0.457031 0.33457 0.00158501
2 0.367188 0.410938 0.451562 0.336719 0.979004
14 0.369531 0.41084 0.465625 0.333008 0.453369
23 0.369531 0.41084 0.465625 0.333008 0.0145569
7 0.372266 0.411621 0.469531 0.339258 0.00769424
9 0.372266 0.412402 0.4625 0.333008 0.00510025
6 0.372656 0.413184 0.455469 0.339258 0.00153637
10 0.367969 0.408594 0.454688 0.333594 0.00125504
4 0.369141 0.410547 0.463281 0.327344 0.00123501
25 0.366016 0.408691 0.439844 0.32793 0.00123501
18 0.375781 0.413672 0.463281 0.341406 0.00118351
2 0.384473 0.413672 0.443555 0.324219 0.875977
14 0.380469 0.414453 0.435937 0.336719 0.178955
23 0.384473 0.413672 0.443555 0.324219 0.00787354
6 0.385156 0.406348 0.4375 0.320117 0.00538635
7 0.385156 0.406348 0.4375 0.320117 0.00358009
9 0.384375 0.415625 0.428906 0.332813 0.00245285
25 0.380469 0.414453 0.435937 0.336719 0.00135136
4 0.385156 0.406348 0.4375 0.320117 0.00101662
2 0.381641 0.408203 0.442969 0.347656 0.549805
14 0.378516 0.403125 0.44375 0.3375 0.182373
9 0.381641 0.408203 0.442969 0.347656 0.0678101
4 0.383203 0.406641 0.442969 0.345313 0.0438538
23 0.377734 0.413965 0.446875 0.356445 0.0133743
6 0.383203 0.40459 0.441406 0.336133 0.00530243
2 0.549219 0.486719 0.901563 0.920313 0.00251198
16 0.3875 0.405078 0.454688 0.359375 0.00232315
11 0.567969 0.496094 0.864062 0.948438 0.00185299
18 0.3875 0.405078 0.454688 0.359375 0.00179577
7 0.377734 0.413965 0.446875 0.356445 0.0016613
1 0.549219 0.486719 0.901563 0.920313 0.00162315
25 0.383203 0.406641 0.442969 0.345313 0.00153637
0 0.383203 0.406641 0.442969 0.345313 0.00151253
11 0.383203 0.40459 0.441406 0.336133 0.0014782
14 0.549219 0.486719 0.901563 0.920313 0.00139427
1 0.375098 0.402344 0.44043 0.338281 0.00122547
10 0.386328 0.407813 0.447656 0.357031 0.00109863
16 0.383203 0.592188 0.488281 0.478125 0.00109005
14 0.369922 0.401563 0.425781 0.319531 0.592773
2 0.373047 0.401563 0.424219 0.315625 0.451416
23 0.369727 0.403125 0.430078 0.325 0.00477219
9 0.369727 0.403125 0.430078 0.325 0.00370789
25 0.374023 0.402734 0.433984 0.323438 0.00305176
2 0.377344 0.405078 0.45625 0.349219 0.983398
14 0.377344 0.405078 0.45625 0.349219 0.220703
7 0.371875 0.405566 0.445312 0.35918 0.0115967
23 0.373828 0.408984 0.460938 0.370313 0.0104523
18 0.376172 0.410547 0.465625 0.367188 0.0039444
25 0.377734 0.405859 0.453125 0.347656 0.00239754
16 0.377734 0.407031 0.46875 0.359375 0.00235939
9 0.376172 0.410547 0.465625 0.367188 0.00171375
2 0.380859 0.408496 0.454688 0.33457 0.964355
14 0.382031 0.408691 0.45 0.345117 0.440674
7 0.381641 0.413281 0.45 0.342969 0.00717545
23 0.380078 0.408203 0.452344 0.349219 0.00446701
25 0.381641 0.413281 0.45 0.342969 0.00219917
2 0.385938 0.395313 0.478125 0.35625 0.95752
14 0.388672 0.400879 0.482812 0.357617 0.0465393
7 0.386719 0.402734 0.479688 0.344531 0.0128708
23 0.388672 0.400879 0.482812 0.357617 0.00434875
16 0.393652 0.403906 0.468945 0.351562 0.00329781
16 0.347656 0.563281 0.420312 0.359375 0.00305176
9 0.393652 0.403906 0.468945 0.351562 0.00284576
25 0.37959 0.395703 0.468945 0.336719 0.00181007
18 0.390723 0.403516 0.476367 0.370313 0.00121593
2 0.38252 0.400391 0.458398 0.35625 0.872559
14 0.385938 0.40459 0.464063 0.358008 0.433105
23 0.385156 0.408203 0.459375 0.354688 0.00919342
25 0.391016 0.409766 0.463281 0.353906 0.00342941
7 0.382422 0.397266 0.461719 0.352344 0.00252151
9 0.391016 0.406152 0.457031 0.34707 0.00141048
4 0.388281 0.397656 0.449219 0.349219 0.00138855
2 0.383105 0.404297 0.447852 0.332813 0.921387
14 0.380078 0.403906 0.452344 0.33125 0.402588
9 0.386719 0.407129 0.45 0.332617 0.0191193
23 0.387891 0.401953 0.452344 0.332031 0.00937653
7 0.384277 0.401953 0.44082 0.329688 0.00224304
16 0.386719 0.407129 0.45 0.332617 0.00215721
25 0.384473 0.401563 0.448242 0.332031 0.00201988
6 0.386719 0.407129 0.45 0.332617 0.00179577
18 0.386719 0.407129 0.45 0.332617 0.00165462
11 0.547656 0.511719 0.904688 0.951563 0.00109863
2 0.371094 0.40459 0.432813 0.34082 0.90332
14 0.371875 0.400781 0.438281 0.345313 0.160767
7 0.373828 0.403906 0.433594 0.330469 0.00595856
23 0.373828 0.403906 0.433594 0.330469 0.00436401
25 0.371484 0.404687 0.434375 0.33125 0.00211525
9 0.371484 0.402734 0.441406 0.345313 0.00124454
2 0.389355 0.401953 0.455664 0.329688 0.974121
14 0.389062 0.410156 0.460938 0.335156 0.230957
23 0.389746 0.409473 0.458008 0.324805 0.00821686
7 0.391406 0.408984 0.464844 0.333594 0.00432968
9 0.389746 0.409473 0.458008 0.324805 0.00225258
25 0.388672 0.404297 0.450781 0.328125 0.00134563
2 0.371094 0.397266 0.441406 0.325 0.785156
14 0.369531 0.404297 0.444531 0.336719 0.206909
9 0.368359 0.403125 0.446875 0.339063 0.00941467
23 0.36875 0.39834 0.435937 0.326758 0.0046463
25 0.371094 0.397266 0.441406 0.325 0.00370789
7 0.373047 0.396094 0.446094 0.325781 0.00133514
16 0.283984 0.609766 0.539844 0.489844 0.00126934
4 0.365039 0.402734 0.437109 0.329688 0.00117397
16 0.345703 0.574219 0.427344 0.403125 0.00112915
14 0.380371 0.403125 0.44082 0.317188 0.799316
2 0.382812 0.399316 0.439063 0.313867 0.657715
25 0.383984 0.401465 0.439844 0.31582 0.00521851
23 0.381641 0.403906 0.440625 0.317188 0.0050621
7 0.381641 0.397656 0.434375 0.311719 0.0017004
14 0.369922 0.392188 0.442969 0.340625 0.925293
2 0.374023 0.394629 0.441797 0.337305 0.0783691
23 0.374023 0.394629 0.441797 0.337305 0.00664139
25 0.375684 0.394141 0.437695 0.336719 0.00286674
4 0.375684 0.394141 0.437695 0.336719 0.0026207
9 0.374023 0.394629 0.441797 0.337305 0.00141048
2 0.376563 0.390723 0.453125 0.316992 0.949707
14 0.375391 0.392188 0.457813 0.328906 0.160278
23 0.375391 0.392188 0.457813 0.328906 0.00641251
9 0.382422 0.394141 0.446875 0.317188 0.00407028
6 0.382422 0.394141 0.446875 0.317188 0.00405502
25 0.37959 0.393359 0.44707 0.317969 0.00199509
7 0.375391 0.392188 0.457813 0.328906 0.00104809
2 0.372266 0.3875 0.460156 0.338281 0.947754
14 0.371875 0.388281 0.457813 0.328906 0.0483093
23 0.373242 0.393359 0.464453 0.341406 0.0143356
7 0.373242 0.393359 0.464453 0.341406 0.00955963
16 0.371484 0.390527 0.467969 0.333008 0.00370789
18 0.370117 0.395703 0.474609 0.344531 0.00213242
25 0.371875 0.3875 0.465625 0.3375 0.00210762
9 0.372266 0.394141 0.464844 0.344531 0.00185299
10 0.373242 0.393359 0.464453 0.341406 0.00105667
2 0.369922 0.385254 0.444531 0.329492 0.936523
14 0.367578 0.3875 0.447656 0.328125 0.0450134
23 0.363867 0.385059 0.437891 0.314258 0.00331116
7 0.367578 0.3875 0.447656 0.328125 0.00279045
9 0.372852 0.387891 0.451953 0.330469 0.00237846
2 0.375684 0.391504 0.450195 0.335742 0.880371
14 0.370313 0.394434 0.446875 0.32832 0.0397949
9 0.372656 0.395215 0.452344 0.325195 0.00664139
23 0.373633 0.394141 0.454297 0.333594 0.00221634
7 0.36875 0.394531 0.454688 0.335938 0.00218201
16 0.373633 0.394141 0.454297 0.333594 0.00139427
25 0.372461 0.39209 0.449609 0.336133 0.00130939
2 0.373242 0.391016 0.433203 0.317969 0.918945
14 0.373242 0.391016 0.433203 0.317969 0.160767
23 0.366797 0.391406 0.426563 0.316406 0.00314713
25 0.366797 0.391406 0.426563 0.316406 0.00206757
7 0.36875 0.392578 0.440625 0.326562 0.00142097
2 0.375879 0.391797 0.445117 0.321094 0.830566
14 0.37168 0.391016 0.447266 0.316406 0.0809326
23 0.371094 0.391797 0.435937 0.317969 0.00353813
7 0.375781 0.396094 0.460156 0.332031 0.00152493
9 0.372852 0.394434 0.444922 0.31582 0.00136662
25 0.376563 0.392578 0.439063 0.316406 0.00108147
2 0.374902 0.392969 0.443945 0.329688 0.951172
14 0.365234 0.392969 0.432031 0.314063 0.107056
16 0.356836 0.578125 0.437109 0.401563 0.00481033
23 0.378223 0.397266 0.44043 0.320312 0.00284576
7 0.372461 0.398535 0.456641 0.335742 0.00203514
25 0.378223 0.397266 0.44043 0.320312 0.0015974
2 0.383203 0.39834 0.453906 0.30957 0.88623
14 0.381348 0.400098 0.457617 0.30918 0.0165253
7 0.380566 0.400098 0.441992 0.307617 0.00634003
16 0.388184 0.402344 0.45957 0.314063 0.00452042
14 0.771875 0.440625 0.45625 0.809375 0.00416565
1 0.771875 0.440625 0.45625 0.809375 0.00403976
23 0.388184 0.402344 0.45957 0.314063 0.00153637
9 0.388184 0.402344 0.45957 0.314063 0.0014782
16 0.348242 0.570703 0.421484 0.407813 0.00121593
2 0.380078 0.401563 0.439844 0.315625 0.928711
14 0.377441 0.401465 0.441992 0.317383 0.134277
23 0.380078 0.401563 0.439844 0.315625 0.0019722
25 0.382422 0.399219 0.436719 0.315625 0.00143242
7 0.38291 0.403906 0.437305 0.3125 0.00134563
9 0.380078 0.401563 0.439844 0.315625 0.00112438
2 0.36875 0.392578 0.423438 0.308594 0.871094
14 0.363477 0.394141 0.424609 0.311719 0.125977
25 0.36875 0.392578 0.423438 0.308594 0.00359344
2 0.373047 0.400781 0.436719 0.317188 0.923828
14 0.375781 0.401953 0.442188 0.319531 0.366699
23 0.372656 0.400781 0.441406 0.314063 0.00471878
25 0.374805 0.402441 0.437109 0.316992 0.00143242
2 0.373242 0.403027 0.437891 0.320508 0.941895
14 0.370898 0.40166 0.436328 0.312305 0.0207214
7 0.373828 0.403809 0.433594 0.314258 0.00457382
16 0.344141 0.566406 0.391406 0.383594 0.00190449
16 0.372852 0.405566 0.435547 0.313867 0.00184631
23 0.370898 0.40166 0.436328 0.312305 0.00123978
2 0.373242 0.402344 0.424609 0.317188 0.927734
14 0.373242 0.402344 0.424609 0.317188 0.106323
2 0.396875 0.86875 0.379688 0.254688 0.00734711
16 0.350391 0.570312 0.408594 0.376563 0.003088
25 0.376172 0.402734 0.422656 0.313281 0.0024929
7 0.372656 0.401172 0.423438 0.317969 0.00239754
23 0.372461 0.401953 0.430078 0.314844 0.00127888
2 0.325391 0.853125 0.416406 0.289062 0.00123978
2 0.375781 0.396094 0.409375 0.292188 0.95166
14 0.37168 0.394922 0.397266 0.280469 0.108215
7 0.37627 0.396094 0.403711 0.289844 0.00367928
25 0.374609 0.396484 0.407031 0.292188 0.00133514
2 0.371094 0.401465 0.407813 0.304883 0.917969
14 0.370117 0.397266 0.413672 0.301563 0.0554199
2 0.390723 0.865625 0.379492 0.267188 0.00812531
7 0.373242 0.398438 0.407422 0.303125 0.00194168
23 0.373242 0.398438 0.407422 0.303125 0.00138855
25 0.373828 0.398828 0.410156 0.303125 0.00136662
2 0.375 0.399609 0.435937 0.305469 0.939453
14 0.372461 0.397559 0.431641 0.29707 0.0520325
2 0.365625 0.860938 0.38125 0.275 0.00348282
7 0.379199 0.403906 0.435352 0.300781 0.00281143
25 0.380078 0.404297 0.441406 0.303125 0.00121593
16 0.380469 0.404785 0.433594 0.30293 0.0011425
2 0.369141 0.394629 0.403906 0.295117 0.942871
14 0.366602 0.39375 0.401953 0.285938 0.0572815
23 0.366602 0.39375 0.401953 0.285938 0.00176811
2 0.369873 0.858008 0.393066 0.271484 0.00130939
25 0.370898 0.397559 0.398828 0.292383 0.00119209
2 0.380859 0.401953 0.43125 0.319531 0.894043
14 0.380859 0.401953 0.43125 0.319531 0.0213623
2 0.380859 0.864844 0.363281 0.264062 0.00575256
2 0.462891 0.861719 0.488281 0.26875 0.00212479
25 0.379297 0.401953 0.429688 0.321094 0.00154877
7 0.380469 0.403125 0.44375 0.332813 0.00116062
2 0.376563 0.402734 0.401563 0.307031 0.91748
14 0.37666 0.400684 0.40918 0.30957 0.0175171
2 0.404004 0.870313 0.382617 0.24375 0.00408554
16 0.378906 0.402344 0.40625 0.309375 0.00136662
23 0.378906 0.402344 0.40625 0.309375 0.00136662
7 0.378906 0.402344 0.40625 0.309375 0.00135136
9 0.378906 0.402344 0.40625 0.309375 0.00116062
25 0.37666 0.400684 0.410742 0.30957 0.00105667
2 0.373242 0.400781 0.417578 0.307813 0.924316
14 0.372461 0.400781 0.417578 0.303906 0.058136
2 0.369727 0.864844 0.390234 0.260938 0.0558167
2 0.453516 0.867188 0.446875 0.25625 0.0064621
23 0.378906 0.404004 0.41875 0.30293 0.00139904
25 0.37959 0.401953 0.417383 0.30625 0.00137806
9 0.378906 0.404004 0.41875 0.30293 0.00113392
2 0.373047 0.396973 0.392969 0.293555 0.924805
14 0.368945 0.395996 0.387891 0.286133 0.0753174
2 0.369727 0.861133 0.387891 0.274609 0.0222931
2 0.438281 0.866992 0.421875 0.259766 0.00432968
7 0.375391 0.397266 0.389062 0.292969 0.00200272
25 0.378516 0.399121 0.395313 0.29082 0.00162315
23 0.378125 0.402344 0.398438 0.29375 0.00129414
16 0.378125 0.402344 0.398438 0.29375 0.0011692
2 0.376563 0.39541 0.415625 0.312305 0.901855
14 0.374023 0.394922 0.416016 0.309375 0.0548096
2 0.357031 0.861719 0.36875 0.276563 0.0252686
25 0.375391 0.396875 0.41875 0.3125 0.00150108
23 0.374023 0.394922 0.416016 0.309375 0.00102425
2 0.375391 0.398047 0.401563 0.292969 0.905273
14 0.369727 0.397656 0.398047 0.282813 0.11676
2 0.35708 0.865039 0.37959 0.269922 0.00591278
25 0.377441 0.399121 0.40293 0.293945 0.00185299
23 0.369727 0.397656 0.398047 0.282813 0.00183868
7 0.376953 0.398828 0.394531 0.295312 0.00138283
2 0.371484 0.403516 0.417969 0.30625 0.869629
14 0.370508 0.403223 0.413672 0.298242 0.0830078
2 0.341016 0.859375 0.409375 0.275 0.0018034
25 0.375 0.401563 0.408594 0.3 0.00167465
7 0.372461 0.402441 0.399609 0.298242 0.00154305
23 0.372852 0.406348 0.419922 0.299805 0.00108147
2 0.366016 0.402246 0.41875 0.312695 0.884277
14 0.367969 0.399609 0.414062 0.309375 0.158691
23 0.363086 0.403516 0.422266 0.308594 0.00283432
25 0.370313 0.401563 0.414062 0.30625 0.00252151
2 0.366016 0.4 0.427344 0.326562 0.850098
14 0.366016 0.4 0.427344 0.326562 0.102295
25 0.368359 0.4 0.41875 0.319531 0.0027256
23 0.364453 0.400781 0.432813 0.321094 0.00168133
2 0.377734 0.400781 0.457031 0.339063 0.816406
14 0.377734 0.396875 0.449219 0.333594 0.126831
25 0.379688 0.401953 0.452344 0.332031 0.00231361
23 0.377734 0.396875 0.449219 0.333594 0.00132465
2 0.378027 0.394922 0.431445 0.310156 0.913086
14 0.373437 0.393066 0.426563 0.306055 0.221313
2 0.360156 0.859375 0.407813 0.278125 0.00367928
23 0.372656 0.392578 0.43125 0.308594 0.00258064
25 0.379297 0.397754 0.430469 0.312305 0.00208282
2 0.375391 0.401953 0.4375 0.313281 0.890137
14 0.376172 0.398438 0.436719 0.3125 0.0453491
25 0.377344 0.400684 0.430469 0.311133 0.00154877
2 0.372266 0.399609 0.432813 0.311719 0.947754
14 0.375781 0.394531 0.432813 0.303125 0.0673218
23 0.374609 0.396094 0.436719 0.310156 0.00166798
25 0.375098 0.400098 0.426367 0.307617 0.0016489
2 0.35918 0.860156 0.399609 0.273438 0.00119686
2 0.379297 0.401465 0.435937 0.31582 0.915527
14 0.375391 0.399219 0.434375 0.309375 0.0572815
23 0.375391 0.399219 0.434375 0.309375 0.00131512
25 0.380859 0.403516 0.435156 0.317969 0.00108147
2 0.372266 0.396094 0.413281 0.301563 0.92041
14 0.367578 0.394434 0.407031 0.295508 0.0786133
25 0.375391 0.398047 0.414062 0.300781 0.00156116
7 0.370313 0.4 0.421094 0.3 0.00124454
23 0.367578 0.394434 0.407031 0.295508 0.0012064
2 0.377344 0.401563 0.434375 0.317969 0.94043
14 0.375488 0.399316 0.436523 0.310742 0.0634766
23 0.375391 0.405566 0.440625 0.316992 0.00153637
7 0.379004 0.4 0.429492 0.315625 0.00132465
25 0.378125 0.401953 0.430469 0.31875 0.00121593
2 0.376953 0.397559 0.426563 0.308008 0.946777
14 0.370898 0.394922 0.417578 0.298438 0.0668335
23 0.370313 0.396094 0.425 0.305469 0.00186062
25 0.376953 0.399121 0.426563 0.30957 0.00115108
7 0.378516 0.397266 0.422656 0.308594 0.00101662
2 0.376172 0.397754 0.433594 0.318555 0.935059
14 0.371875 0.39541 0.429688 0.310742 0.0366211
23 0.371875 0.39541 0.429688 0.310742 0.00118828
7 0.376953 0.397656 0.430469 0.317188 0.00105667
25 0.375391 0.399609 0.430469 0.319531 0.00103188
2 0.375879 0.399316 0.43418 0.31543 0.942383
14 0.371484 0.396094 0.427344 0.30625 0.0299835
7 0.376465 0.39834 0.431445 0.314258 0.00218201
16 0.372266 0.402344 0.439844 0.317188 0.00167465
25 0.374902 0.400781 0.431445 0.317188 0.00131512
2 0.374805 0.398828 0.420703 0.311719 0.9375
14 0.370898 0.395215 0.416016 0.301758 0.0698242
7 0.376953 0.39834 0.41875 0.311133 0.00162315
25 0.375391 0.401172 0.419531 0.314844 0.00144386
23 0.370898 0.395215 0.416016 0.301758 0.00117397
2 0.375 0.398828 0.429688 0.315625 0.943359
14 0.369141 0.395313 0.421094 0.30625 0.0460205
7 0.376465 0.398047 0.426758 0.316406 0.00148964
25 0.375391 0.401172 0.427344 0.320312 0.00122547
23 0.369141 0.395313 0.421094 0.30625 0.00120163
2 0.374219 0.395703 0.421875 0.301563 0.937988
14 0.370508 0.39375 0.417578 0.29375 0.0379028
7 0.376563 0.396973 0.41875 0.304492 0.00150681
25 0.375781 0.398047 0.420312 0.303906 0.00112438
2 0.374219 0.398828 0.425 0.313281 0.935547
14 0.369336 0.395703 0.419141 0.305469 0.0306702
7 0.376465 0.398438 0.42207 0.313281 0.00130939
25 0.375391 0.401172 0.423438 0.314063 0.00129414
16 0.370703 0.402441 0.428125 0.310742 0.00108147
2 0.373633 0.397656 0.424609 0.308594 0.949707
14 0.369727 0.395703 0.420703 0.300781 0.0343628
23 0.369727 0.395703 0.420703 0.300781 0.0011425
25 0.375781 0.399609 0.425 0.310937 0.00109005
7 0.376172 0.398047 0.422656 0.310156 0.00103188
2 0.375488 0.398438 0.431836 0.311719 0.945801
14 0.37168 0.395703 0.426172 0.302344 0.0272675
25 0.375391 0.400391 0.429688 0.314844 0.0011425
2 0.375781 0.398828 0.432813 0.314844 0.943848
14 0.371875 0.396094 0.429688 0.30625 0.0302124
25 0.376172 0.401172 0.43125 0.317969 0.00104809
23 0.371875 0.396094 0.429688 0.30625 0.00104427
2 0.37207 0.4 0.435547 0.325 0.942383
14 0.371875 0.396094 0.432813 0.315625 0.0278015
25 0.374023 0.401172 0.430078 0.325781 0.00124454
23 0.371875 0.396094 0.432813 0.315625 0.00105667
2 0.37168 0.398828 0.434766 0.324219 0.937988
14 0.371484 0.394629 0.432813 0.313867 0.025177
23 0.371094 0.394922 0.435937 0.319531 0.00128937
25 0.374023 0.399609 0.430078 0.325781 0.0011425
2 0.373047 0.4 0.433594 0.321875 0.945312
14 0.372461 0.395313 0.430859 0.310937 0.0282135
25 0.375391 0.400684 0.427344 0.323633 0.00135612
2 0.374219 0.396777 0.428125 0.30957 0.945801
14 0.37207 0.39541 0.427734 0.30293 0.032959
25 0.374805 0.39834 0.424609 0.314258 0.0012064
23 0.37207 0.39541 0.427734 0.30293 0.00107765
2 0.373828 0.398438 0.426563 0.314063 0.941406
14 0.371484 0.396094 0.425781 0.30625 0.0311432
25 0.374219 0.400781 0.423438 0.317188 0.00143242
23 0.371484 0.396094 0.425781 0.30625 0.00106525
2 0.371289 0.399902 0.430078 0.31582 0.945801
14 0.371875 0.396094 0.427344 0.30625 0.0327148
2 0.337695 0.858008 0.415234 0.274609 0.00138855
25 0.373828 0.400098 0.425 0.316992 0.00136185
23 0.371875 0.396094 0.427344 0.30625 0.0011158
2 0.373047 0.399121 0.435937 0.318945 0.944824
14 0.373047 0.395703 0.432031 0.309375 0.0293121
25 0.375391 0.4 0.430469 0.320312 0.00131989
23 0.373047 0.395703 0.432031 0.309375 0.00104809
2 0.372656 0.399316 0.434375 0.316992 0.94043
14 0.372266 0.395313 0.430469 0.307031 0.0292053
25 0.374609 0.399609 0.428906 0.317969 0.00136185
23 0.372266 0.395313 0.430469 0.307031 0.00109005
2 0.372656 0.399219 0.433594 0.317188 0.945801
14 0.371875 0.395313 0.429688 0.307813 0.0327148
25 0.375 0.4 0.428906 0.317969 0.00139427
23 0.371875 0.395313 0.429688 0.307813 0.00106049
2 0.375 0.398047 0.429688 0.314844 0.944336
14 0.371875 0.395703 0.428125 0.307031 0.0346069
25 0.375391 0.400391 0.427344 0.317969 0.00140476
23 0.371875 0.395703 0.428125 0.307031 0.00109863
2 0.372656 0.4 0.432813 0.317188 0.946289
14 0.372266 0.395703 0.428906 0.307031 0.0340881
25 0.375098 0.400391 0.42793 0.317969 0.00137806
23 0.372266 0.395703 0.428906 0.307031 0.00106907
2 0.373047 0.4 0.433594 0.317188 0.946777
14 0.372461 0.395703 0.429297 0.30625 0.0328369
25 0.375684 0.400391 0.42832 0.317969 0.00136662
23 0.372461 0.395703 0.429297 0.30625 0.00101662
2 0.376172 0.398047 0.432031 0.314063 0.945312
14 0.373242 0.395313 0.430078 0.30625 0.0342407
25 0.376172 0.399902 0.429688 0.317383 0.00136662
23 0.373242 0.395313 0.430078 0.30625 0.00104809
2 0.376172 0.398047 0.432031 0.313281 0.944824
14 0.373437 0.395313 0.429688 0.305469 0.0374756
25 0.376563 0.399902 0.429688 0.31582 0.00136185
23 0.373437 0.395313 0.429688 0.305469 0.00105667
2 0.376563 0.398047 0.432813 0.314844 0.943359
14 0.373828 0.395215 0.43125 0.306445 0.0377502
25 0.376563 0.4 0.429688 0.317969 0.00132465
2 0.375 0.398047 0.429688 0.314844 0.944336
14 0.371875 0.395703 0.428125 0.307031 0.0346069
25 0.375391 0.400391 0.427344 0.317188 0.00139904
23 0.371875 0.395703 0.428125 0.307031 0.00109863
