19 0.771094 0.175391 0.292188 0.350781 0.0106506
3 0.439844 0.376465 0.352344 0.273633 0.00775528
11 0.436719 0.362891 0.35 0.257812 0.00728989
14 0.435059 0.373633 0.350195 0.271484 0.00656509
5 0.428809 0.362891 0.373633 0.26875 0.00547028
19 0.444141 0.340234 0.310156 0.270313 0.00481033
5 0.784766 0.181445 0.430469 0.362891 0.00279045
20 0.436719 0.362891 0.35 0.257812 0.00268364
19 0.8 0.157813 0.325 0.315625 0.00265312
4 0.432129 0.362109 0.35293 0.263281 0.00260162
10 0.432129 0.362109 0.35293 0.263281 0.00256157
11 0.807813 0.182812 0.384375 0.365625 0.00253105
0 0.436719 0.362891 0.35 0.257812 0.00245285
14 0.796875 0.182227 0.40625 0.364453 0.00237846
23 0.432129 0.362109 0.35293 0.263281 0.00230598
8 0.439844 0.376465 0.352344 0.273633 0.00219917
3 0.796875 0.182227 0.40625 0.364453 0.00190449
17 0.439844 0.376465 0.352344 0.273633 0.00176811
7 0.425879 0.37168 0.374805 0.276953 0.0017004
9 0.434277 0.364648 0.351758 0.273828 0.0016613
25 0.439844 0.376465 0.352344 0.273633 0.00158501
11 0.57041 0.318164 0.698242 0.383984 0.00155449
2 0.425879 0.37168 0.374805 0.276953 0.00154305
19 0.738281 0.181982 0.245312 0.317285 0.00146103
4 0.800195 0.177344 0.399609 0.354688 0.00141048
9 0.789062 0.180762 0.421875 0.361523 0.00123501
10 0.789062 0.180762 0.421875 0.361523 0.0012064
11 0.782617 0.182617 0.434766 0.365234 0.00115108
11 0.516797 0.360156 0.641406 0.720313 0.00113392
7 0.769141 0.181641 0.461719 0.363281 0.00104809
0 0.80918 0.180664 0.381641 0.361328 0.00103188
19 0.385938 0.349609 0.270313 0.244531 0.00102806
20 0.807813 0.182812 0.384375 0.365625 0.00102425
17 0.337305 0.445312 0.674609 0.890625 0.453369
22 0.322852 0.435156 0.645703 0.870313 0.439697
17 0.341602 0.376172 0.683203 0.752344 0.392334
17 0.591797 0.655469 0.816406 0.689063 0.341553
17 0.361328 0.521973 0.519531 0.599805 0.269043
22 0.341602 0.376172 0.683203 0.752344 0.254639
22 0.591797 0.655469 0.816406 0.689063 0.248047
22 0.361328 0.521973 0.519531 0.599805 0.240723
17 0.37832 0.323047 0.756641 0.646094 0.219971
20 0.322852 0.435156 0.645703 0.870313 0.195557
22 0.477344 0.595313 0.660937 0.809375 0.184204
17 0.492578 0.630469 0.817969 0.739062 0.178955
17 0.663672 0.351172 0.672656 0.702344 0.178345
17 0.44209 0.575781 0.712695 0.848437 0.174927
22 0.60752 0.573438 0.784961 0.853125 0.162354
22 0.37832 0.323047 0.756641 0.646094 0.156616
17 0.60752 0.573438 0.784961 0.853125 0.151978
17 0.294141 0.394922 0.588281 0.789844 0.137573
17 0.691797 0.280078 0.589844 0.560156 0.136108
22 0.414844 0.661133 0.825 0.677734 0.125977
22 0.663672 0.351172 0.672656 0.702344 0.117188
14 0.319922 0.407813 0.639844 0.815625 0.109314
17 0.359961 0.412891 0.513672 0.546094 0.104126
22 0.344141 0.702148 0.688281 0.595703 0.100525
20 0.361328 0.521973 0.519531 0.599805 0.0987549
22 0.691797 0.280078 0.589844 0.560156 0.0966797
3 0.322852 0.435156 0.645703 0.870313 0.0953369
17 0.419531 0.6875 0.839063 0.625 0.0946655
22 0.376563 0.535937 0.753125 0.910937 0.0939941
20 0.341602 0.376172 0.683203 0.752344 0.0863037
17 0.412402 0.441309 0.406445 0.420508 0.0856934
17 0.344141 0.702148 0.688281 0.595703 0.0838623
22 0.294141 0.394922 0.588281 0.789844 0.0803833
19 0.771094 0.176563 0.303125 0.353125 0.0786133
20 0.548438 0.655469 0.8375 0.689063 0.0775146
3 0.361328 0.521973 0.519531 0.599805 0.0742188
22 0.404004 0.470313 0.426367 0.48125 0.0723877
22 0.488672 0.617578 0.811719 0.764844 0.0675659
14 0.366016 0.483984 0.499219 0.521094 0.0673218
17 0.637891 0.608594 0.724219 0.782813 0.0646362
22 0.637891 0.608594 0.724219 0.782813 0.0632324
21 0.771094 0.176563 0.303125 0.353125 0.0552063
22 0.450391 0.498535 0.414844 0.588867 0.0516663
8 0.322852 0.435156 0.645703 0.870313 0.0514526
17 0.2375 0.693359 0.475 0.613281 0.0514526
17 0.643359 0.427734 0.713281 0.855469 0.0512695
17 0.341992 0.283594 0.616016 0.567187 0.0492249
14 0.548438 0.655469 0.8375 0.689063 0.0490417
19 0.413281 0.318164 0.30625 0.358203 0.0483093
14 0.3375 0.375391 0.675 0.750781 0.0474243
22 0.359961 0.412891 0.513672 0.546094 0.0474243
17 0.664062 0.526563 0.671875 0.934375 0.0472412
22 0.2375 0.693359 0.475 0.613281 0.0472412
22 0.723828 0.255078 0.502344 0.510156 0.0458679
14 0.342383 0.478125 0.684766 0.925 0.0441895
17 0.326953 0.37168 0.588281 0.743359 0.0435181
17 0.723828 0.255078 0.502344 0.510156 0.0432129
1 0.341602 0.376172 0.683203 0.752344 0.0408325
1 0.548438 0.655469 0.8375 0.689063 0.0394897
17 0.653125 0.294141 0.69375 0.588281 0.0389099
20 0.294141 0.394922 0.588281 0.789844 0.0370483
22 0.341992 0.283594 0.616016 0.567187 0.0367737
11 0.341016 0.489063 0.682031 0.878125 0.0366211
20 0.37832 0.323047 0.756641 0.646094 0.0363464
1 0.663672 0.351172 0.672656 0.702344 0.035675
22 0.664062 0.526563 0.671875 0.934375 0.0348816
17 0.619141 0.704688 0.761719 0.590625 0.0342407
20 0.404004 0.470313 0.426367 0.48125 0.0333252
20 0.400391 0.549609 0.735156 0.825781 0.0332031
1 0.322852 0.435156 0.645703 0.870313 0.0315552
13 0.337305 0.445312 0.674609 0.890625 0.0305634
20 0.596094 0.597656 0.807813 0.804688 0.0301056
20 0.663672 0.351172 0.672656 0.702344 0.029541
3 0.341602 0.376172 0.683203 0.752344 0.0290833
22 0.643359 0.427734 0.713281 0.855469 0.0290833
1 0.294141 0.394922 0.588281 0.789844 0.028656
3 0.548438 0.655469 0.8375 0.689063 0.0283356
22 0.664453 0.680469 0.671094 0.639063 0.0282135
20 0.617188 0.679883 0.765625 0.640234 0.0264587
3 0.663672 0.351172 0.672656 0.702344 0.0257568
17 0.450391 0.498535 0.414844 0.588867 0.0256653
10 0.322852 0.435156 0.645703 0.870313 0.0255585
14 0.37832 0.323047 0.756641 0.646094 0.0247955
17 0.370898 0.559375 0.741797 0.88125 0.0245209
3 0.412402 0.441309 0.406445 0.420508 0.024231
1 0.37832 0.323047 0.756641 0.646094 0.0240021
22 0.71582 0.444922 0.568359 0.889844 0.0235138
20 0.351562 0.529688 0.703125 0.940625 0.0231476
1 0.44209 0.575781 0.712695 0.848437 0.0231018
22 0.21875 0.621094 0.4375 0.757812 0.0230713
19 0.804492 0.19082 0.381641 0.342969 0.0229797
1 0.617188 0.679883 0.765625 0.640234 0.0228882
1 0.361328 0.521973 0.519531 0.599805 0.0225372
1 0.351562 0.529688 0.703125 0.940625 0.0225372
22 0.653125 0.294141 0.69375 0.588281 0.0217743
17 0.21875 0.621094 0.4375 0.757812 0.0214539
22 0.326953 0.37168 0.588281 0.743359 0.0204926
11 0.361328 0.521973 0.519531 0.599805 0.0204926
17 0.71582 0.444922 0.568359 0.889844 0.0204163
0 0.366016 0.483984 0.499219 0.521094 0.0200958
3 0.44209 0.575781 0.712695 0.848437 0.0199432
22 0.414453 0.411621 0.407031 0.35332 0.0198669
17 0.321484 0.292578 0.642969 0.585156 0.0197906
22 0.342969 0.478125 0.685938 0.946875 0.0197906
3 0.359961 0.412891 0.513672 0.546094 0.0192719
1 0.390625 0.707031 0.78125 0.585938 0.0192719
3 0.37832 0.323047 0.756641 0.646094 0.0188293
14 0.412402 0.441309 0.406445 0.420508 0.0187683
13 0.3375 0.375391 0.675 0.750781 0.0184021
14 0.353906 0.528516 0.582812 0.733594 0.0183411
22 0.514063 0.706445 0.865625 0.587109 0.0181274
8 0.366016 0.483984 0.499219 0.521094 0.0180511
1 0.691797 0.280078 0.589844 0.560156 0.0178528
17 0.313672 0.633594 0.627344 0.732813 0.0175171
14 0.650391 0.354297 0.699219 0.708594 0.0171814
20 0.691797 0.280078 0.589844 0.560156 0.0168457
20 0.419531 0.6875 0.839063 0.625 0.0162811
13 0.558594 0.680859 0.848437 0.638281 0.0162201
25 0.366016 0.483984 0.499219 0.521094 0.0160217
3 0.691797 0.280078 0.589844 0.560156 0.0156708
14 0.617188 0.679883 0.765625 0.640234 0.0156708
14 0.270703 0.395703 0.541406 0.791406 0.0151901
17 0.6875 0.658789 0.625 0.682422 0.0150146
3 0.596094 0.597656 0.807813 0.804688 0.0148392
14 0.596094 0.597656 0.807813 0.804688 0.0147324
1 0.6625 0.421875 0.675 0.84375 0.0146713
19 0.469141 0.745703 0.299219 0.391406 0.0146179
13 0.302344 0.429297 0.604688 0.858594 0.0146179
22 0.383594 0.732422 0.767188 0.535156 0.0143356
11 0.320312 0.383594 0.640625 0.767188 0.0139542
3 0.617188 0.679883 0.765625 0.640234 0.0139542
13 0.650391 0.354297 0.699219 0.708594 0.0138474
3 0.294141 0.394922 0.588281 0.789844 0.0136337
20 0.642578 0.558203 0.714844 0.883594 0.013588
21 0.469141 0.745703 0.299219 0.391406 0.0135345
17 0.453516 0.318945 0.605469 0.637891 0.0133743
0 0.319922 0.407813 0.639844 0.815625 0.0133286
1 0.641016 0.582812 0.717969 0.834375 0.0133286
1 0.330273 0.691406 0.660547 0.617188 0.0132751
20 0.359961 0.412891 0.513672 0.546094 0.0131226
21 0.804492 0.19082 0.381641 0.342969 0.01297
22 0.313672 0.633594 0.627344 0.732813 0.0128708
8 0.663672 0.351172 0.672656 0.702344 0.0125732
14 0.477344 0.595313 0.660937 0.809375 0.0125275
14 0.45625 0.611719 0.83125 0.776563 0.0122375
21 0.413281 0.318164 0.30625 0.358203 0.012146
13 0.376563 0.535937 0.753125 0.910937 0.012146
22 0.321484 0.292578 0.642969 0.585156 0.0121002
17 0.364258 0.732031 0.728516 0.535937 0.0119171
22 0.453516 0.318945 0.605469 0.637891 0.0118713
8 0.337305 0.401563 0.674609 0.803125 0.011734
19 0.429688 0.359766 0.369531 0.299219 0.0116882
10 0.361328 0.521973 0.519531 0.599805 0.011467
3 0.344141 0.702148 0.688281 0.595703 0.011467
14 0.694141 0.341602 0.611719 0.683203 0.0112457
1 0.45625 0.611719 0.83125 0.776563 0.0111618
20 0.344141 0.702148 0.688281 0.595703 0.0111618
9 0.341016 0.489063 0.682031 0.878125 0.0109024
1 0.404004 0.470313 0.426367 0.48125 0.0108185
25 0.412402 0.441309 0.406445 0.420508 0.0107803
13 0.771094 0.176563 0.303125 0.353125 0.0107346
0 0.412402 0.441309 0.406445 0.420508 0.0107346
9 0.361328 0.521973 0.519531 0.599805 0.0104904
1 0.6875 0.527344 0.625 0.926562 0.0104904
1 0.326953 0.37168 0.588281 0.743359 0.0104523
20 0.627734 0.406641 0.744531 0.813281 0.0103683
3 0.349219 0.535547 0.698438 0.928906 0.0103302
20 0.45625 0.611719 0.83125 0.776563 0.0102463
14 0.619531 0.529688 0.760938 0.921875 0.0100937
17 0.734375 0.489063 0.53125 0.859375 0.00993347
14 0.374609 0.70625 0.749219 0.5875 0.00993347
22 0.74375 0.364258 0.5125 0.728516 0.00985718
1 0.359961 0.412891 0.513672 0.546094 0.00971222
8 0.558594 0.680859 0.848437 0.638281 0.00971222
1 0.234375 0.652734 0.46875 0.694531 0.00937653
17 0.5625 0.389844 0.875 0.779688 0.00930023
22 0.528223 0.378125 0.774805 0.75625 0.00926971
3 0.419531 0.6875 0.839063 0.625 0.00926971
13 0.359961 0.412891 0.513672 0.546094 0.0091629
13 0.492578 0.630469 0.817969 0.739062 0.00894928
19 0.797656 0.12832 0.303125 0.256641 0.00881195
13 0.37832 0.323047 0.756641 0.646094 0.00881195
1 0.5625 0.389844 0.875 0.779688 0.00881195
14 0.321484 0.292578 0.642969 0.585156 0.00871277
8 0.349219 0.535547 0.698438 0.928906 0.00871277
22 0.734375 0.489063 0.53125 0.859375 0.0086441
25 0.353906 0.528516 0.582812 0.733594 0.00861359
13 0.423047 0.707422 0.846094 0.585156 0.00861359
1 0.341992 0.283594 0.616016 0.567187 0.00837708
3 0.2375 0.693359 0.475 0.613281 0.00837708
8 0.353906 0.528516 0.582812 0.733594 0.00834656
1 0.321484 0.292578 0.642969 0.585156 0.00812531
19 0.159766 0.331592 0.319531 0.364941 0.00803375
13 0.361328 0.521973 0.519531 0.599805 0.00793457
13 0.619141 0.704688 0.761719 0.590625 0.00787354
5 0.322852 0.435156 0.645703 0.870313 0.0078125
20 0.687695 0.475 0.624609 0.93125 0.00766754
17 0.366211 0.236523 0.514453 0.473047 0.00763702
13 0.618359 0.584766 0.763281 0.830469 0.00763702
16 0.319922 0.407813 0.639844 0.815625 0.00757599
1 0.653125 0.294141 0.69375 0.588281 0.00754929
11 0.663672 0.351172 0.672656 0.702344 0.00746155
11 0.343555 0.427344 0.687109 0.854688 0.00740433
14 0.461719 0.707812 0.857813 0.584375 0.00740433
1 0.61875 0.478906 0.7625 0.926562 0.00737381
3 0.642578 0.558203 0.714844 0.883594 0.00728989
3 0.326953 0.37168 0.588281 0.743359 0.00725937
13 0.623438 0.432031 0.753125 0.864062 0.00712204
21 0.130859 0.312891 0.261719 0.383594 0.00706482
20 0.341992 0.283594 0.616016 0.567187 0.00701141
3 0.723828 0.255078 0.502344 0.510156 0.00701141
11 0.352344 0.349023 0.704688 0.698047 0.00701141
3 0.341992 0.283594 0.616016 0.567187 0.00695801
8 0.357031 0.322656 0.714063 0.645312 0.0068512
14 0.566406 0.427734 0.867188 0.855469 0.0068512
17 0.321094 0.524219 0.642188 0.929688 0.00679779
25 0.319922 0.407813 0.639844 0.815625 0.00674438
11 0.558594 0.680859 0.848437 0.638281 0.00669098
11 0.359961 0.412891 0.513672 0.546094 0.00664139
14 0.6625 0.447656 0.675 0.895312 0.00661469
22 0.441797 0.396094 0.497656 0.792188 0.00658798
10 0.663672 0.351172 0.672656 0.702344 0.00656509
3 0.450391 0.498535 0.414844 0.588867 0.00653839
14 0.319141 0.260547 0.638281 0.521094 0.0064888
17 0.74375 0.364258 0.5125 0.728516 0.00643921
13 0.694141 0.341602 0.611719 0.683203 0.00634003
3 0.6625 0.447656 0.675 0.895312 0.00624084
13 0.333594 0.708789 0.667188 0.582422 0.00624084
8 0.423535 0.561719 0.79043 0.876563 0.00612259
11 0.535937 0.6125 0.8125 0.775 0.00612259
1 0.6875 0.658789 0.625 0.682422 0.00605011
13 0.5625 0.389844 0.875 0.779688 0.00602722
2 0.412402 0.441309 0.406445 0.420508 0.00598145
2 0.366016 0.483984 0.499219 0.521094 0.00595856
17 0.441797 0.396094 0.497656 0.792188 0.00588989
20 0.663281 0.63125 0.673438 0.7375 0.00588989
8 0.412402 0.441309 0.406445 0.420508 0.005867
1 0.514063 0.7375 0.864062 0.525 0.00582123
1 0.309766 0.580469 0.619531 0.839063 0.00579834
11 0.404004 0.470313 0.426367 0.48125 0.00572968
16 0.404004 0.470313 0.426367 0.48125 0.00561905
1 0.723828 0.255078 0.502344 0.510156 0.00559998
22 0.366211 0.236523 0.514453 0.473047 0.00557709
20 0.2375 0.693359 0.475 0.613281 0.0055542
3 0.663281 0.63125 0.673438 0.7375 0.0055542
3 0.45625 0.611719 0.83125 0.776563 0.00551224
22 0.79043 0.404004 0.419141 0.632617 0.00547028
20 0.653125 0.294141 0.69375 0.588281 0.00538635
20 0.326953 0.37168 0.588281 0.743359 0.00538635
14 0.663281 0.63125 0.673438 0.7375 0.00534439
0 0.663672 0.31582 0.672656 0.631641 0.0053215
1 0.453516 0.318945 0.605469 0.637891 0.00527954
14 0.698047 0.252734 0.577344 0.505469 0.00521851
4 0.322852 0.435156 0.645703 0.870313 0.00521851
13 0.414453 0.411621 0.407031 0.35332 0.00519943
16 0.361328 0.521973 0.519531 0.599805 0.00519943
13 0.355469 0.760547 0.710938 0.478906 0.00519943
20 0.321484 0.292578 0.642969 0.585156 0.00518036
13 0.361133 0.587891 0.722266 0.824219 0.00492477
13 0.664062 0.526563 0.671875 0.934375 0.0049057
10 0.341602 0.376172 0.683203 0.752344 0.00488663
14 0.2375 0.693359 0.475 0.613281 0.00488663
13 0.477344 0.595313 0.660937 0.809375 0.00486755
11 0.44209 0.575781 0.712695 0.848437 0.00479126
14 0.314844 0.664062 0.629687 0.671875 0.00479126
10 0.359961 0.412891 0.513672 0.546094 0.00475693
20 0.414453 0.411621 0.407031 0.35332 0.00471878
20 0.723828 0.255078 0.502344 0.510156 0.00468063
20 0.364258 0.732031 0.728516 0.535937 0.0046463
13 0.326953 0.37168 0.588281 0.743359 0.0045929
1 0.734375 0.489063 0.53125 0.859375 0.00457382
13 0.6 0.483984 0.8 0.850781 0.00453949
10 0.494531 0.655469 0.821875 0.689063 0.00453949
3 0.653125 0.294141 0.69375 0.588281 0.00452042
13 0.437891 0.450781 0.389062 0.490625 0.00445175
13 0.321094 0.524219 0.642188 0.929688 0.00443268
13 0.664062 0.656445 0.671875 0.687109 0.00443268
14 0.351367 0.589844 0.702734 0.820312 0.00441742
17 0.308594 0.215625 0.598437 0.43125 0.00436401
13 0.295312 0.319141 0.590625 0.638281 0.00429916
20 0.450391 0.498535 0.414844 0.588867 0.00428009
8 0.492578 0.630469 0.817969 0.739062 0.00426483
14 0.686719 0.558594 0.626563 0.882812 0.00418091
16 0.359961 0.412891 0.513672 0.546094 0.00416565
14 0.450391 0.498535 0.414844 0.588867 0.00416565
8 0.270703 0.395703 0.541406 0.791406 0.00413513
3 0.21875 0.621094 0.4375 0.757812 0.0041008
17 0.778516 0.354688 0.442969 0.695312 0.00407028
16 0.414453 0.411621 0.407031 0.35332 0.00405502
2 0.319922 0.407813 0.639844 0.815625 0.00405502
10 0.44209 0.575781 0.712695 0.848437 0.00403976
22 0.270313 0.660156 0.540625 0.679688 0.00397491
25 0.546094 0.630469 0.8375 0.739062 0.0039444
13 0.441797 0.396094 0.497656 0.792188 0.00388527
0 0.352344 0.349023 0.704688 0.698047 0.00385475
11 0.344141 0.702148 0.688281 0.595703 0.00382423
1 0.414453 0.411621 0.407031 0.35332 0.00378036
1 0.641797 0.732813 0.716406 0.534375 0.00376511
1 0.441797 0.396094 0.497656 0.792188 0.00374985
22 0.617969 0.734375 0.764063 0.53125 0.00372124
19 0.797656 0.181641 0.357812 0.363281 0.0215302
16 0.418652 0.357812 0.32207 0.264062 0.0176392
16 0.789062 0.203711 0.353125 0.319922 0.0139542
1 0.448535 0.269531 0.476367 0.539062 0.0128708
17 0.448535 0.269531 0.476367 0.539062 0.012291
19 0.428809 0.346094 0.351758 0.296094 0.0106506
22 0.448535 0.269531 0.476367 0.539062 0.00963593
11 0.411816 0.269141 0.44668 0.503906 0.00898743
4 0.411816 0.269141 0.44668 0.503906 0.00723267
16 0.415234 0.363672 0.432813 0.308594 0.00600433
3 0.425391 0.260938 0.458594 0.521875 0.00591278
16 0.411816 0.269141 0.44668 0.503906 0.005867
4 0.428223 0.373437 0.36543 0.251563 0.00486755
11 0.452734 0.281055 0.472656 0.562109 0.00482941
14 0.425391 0.260938 0.458594 0.521875 0.00466537
4 0.738672 0.188281 0.522656 0.376563 0.00455475
20 0.425391 0.260938 0.458594 0.521875 0.00455475
6 0.428223 0.373437 0.36543 0.251563 0.00446701
13 0.418359 0.320752 0.442969 0.387402 0.00432968
16 0.452734 0.281055 0.472656 0.562109 0.00429916
11 0.741016 0.193359 0.517969 0.386719 0.00421524
12 0.738672 0.188281 0.522656 0.376563 0.00411606
12 0.425391 0.260938 0.458594 0.521875 0.00379562
9 0.428223 0.373437 0.36543 0.251563 0.00365067
4 0.452734 0.281055 0.472656 0.562109 0.00362206
14 0.418359 0.320752 0.442969 0.387402 0.00355148
2 0.425391 0.260938 0.458594 0.521875 0.00351143
19 0.827344 0.15752 0.345313 0.315039 0.00294685
12 0.71875 0.187305 0.5625 0.374609 0.00292397
4 0.71875 0.187305 0.5625 0.374609 0.00279999
13 0.425391 0.260938 0.458594 0.521875 0.00275803
1 0.739844 0.193555 0.520312 0.387109 0.00270462
8 0.425391 0.260938 0.458594 0.521875 0.00257111
2 0.739844 0.193555 0.520312 0.387109 0.00254059
20 0.738672 0.188281 0.522656 0.376563 0.0024929
7 0.418359 0.320752 0.442969 0.387402 0.00248146
0 0.448535 0.269531 0.476367 0.539062 0.00239754
5 0.418359 0.320752 0.442969 0.387402 0.00237846
19 0.771875 0.191602 0.29375 0.312109 0.00228691
24 0.418359 0.320752 0.442969 0.387402 0.00226974
3 0.738672 0.188281 0.522656 0.376563 0.00225258
12 0.418359 0.320752 0.442969 0.387402 0.00225258
4 0.428516 0.344189 0.378125 0.370996 0.00225258
16 0.738672 0.188281 0.522656 0.376563 0.00223351
17 0.457813 0.29707 0.364844 0.503516 0.00213242
5 0.428223 0.373437 0.36543 0.251563 0.00209999
16 0.815625 0.180273 0.36875 0.360547 0.00209045
13 0.729883 0.192969 0.540234 0.385938 0.00208282
11 0.428223 0.373437 0.36543 0.251563 0.00208282
2 0.428223 0.373437 0.36543 0.251563 0.0020504
0 0.739844 0.193555 0.520312 0.387109 0.00203514
16 0.146094 0.343359 0.292188 0.355469 0.00198746
25 0.425391 0.260938 0.458594 0.521875 0.00198746
14 0.71875 0.187305 0.5625 0.374609 0.00192642
9 0.741016 0.193359 0.517969 0.386719 0.00189686
18 0.418359 0.320752 0.442969 0.387402 0.00188255
10 0.411816 0.269141 0.44668 0.503906 0.00188255
21 0.854688 0.151562 0.290625 0.303125 0.00187492
24 0.428223 0.373437 0.36543 0.251563 0.00186729
23 0.418359 0.320752 0.442969 0.387402 0.00182438
17 0.738672 0.188281 0.522656 0.376563 0.00181007
1 0.457813 0.29707 0.364844 0.503516 0.00179577
22 0.457813 0.29707 0.364844 0.503516 0.00179577
14 0.738672 0.188281 0.522656 0.376563 0.00178242
20 0.428223 0.373437 0.36543 0.251563 0.0017271
9 0.411816 0.269141 0.44668 0.503906 0.00172043
24 0.741016 0.193359 0.517969 0.386719 0.00171375
20 0.418359 0.320752 0.442969 0.387402 0.00168705
10 0.428223 0.373437 0.36543 0.251563 0.00168705
1 0.418359 0.320752 0.442969 0.387402 0.00167465
19 0.392188 0.35918 0.258594 0.241016 0.00166798
2 0.418359 0.320752 0.442969 0.387402 0.0016489
12 0.372461 0.278125 0.709766 0.55625 0.00163555
21 0.448438 0.344336 0.372656 0.324609 0.00160408
13 0.434375 0.372656 0.373437 0.265625 0.00157356
12 0.433594 0.314453 0.419531 0.553906 0.00156116
6 0.754492 0.183984 0.491016 0.367969 0.00155449
1 0.283594 0.765039 0.339063 0.469922 0.00154305
14 0.428223 0.373437 0.36543 0.251563 0.00153637
1 0.384277 0.283594 0.695508 0.567187 0.0015192
21 0.455859 0.456152 0.354688 0.392383 0.00151253
5 0.741016 0.193359 0.517969 0.386719 0.00151253
7 0.428223 0.373437 0.36543 0.251563 0.00150108
1 0.71875 0.187305 0.5625 0.374609 0.00148964
7 0.419531 0.258789 0.5125 0.517578 0.00148964
13 0.380566 0.269727 0.666992 0.539453 0.00146675
23 0.428223 0.373437 0.36543 0.251563 0.00145531
16 0.791602 0.25332 0.416797 0.353516 0.00144386
11 0.739844 0.193555 0.520312 0.387109 0.00144386
19 0.145703 0.323486 0.291406 0.382715 0.00143242
17 0.428516 0.344189 0.378125 0.370996 0.00142097
20 0.71875 0.187305 0.5625 0.374609 0.00139904
22 0.428516 0.344189 0.378125 0.370996 0.00138283
16 0.71875 0.187305 0.5625 0.374609 0.00136662
11 0.380566 0.269727 0.666992 0.539453 0.00134087
17 0.290283 0.761328 0.289746 0.477344 0.00130463
3 0.418359 0.320752 0.442969 0.387402 0.00129986
6 0.418359 0.320752 0.442969 0.387402 0.00129986
9 0.452734 0.281055 0.472656 0.562109 0.00129414
12 0.760547 0.191797 0.478906 0.383594 0.00127888
18 0.419531 0.258789 0.5125 0.517578 0.0012598
12 0.452344 0.333203 0.600781 0.666406 0.0012598
21 0.795313 0.181836 0.35625 0.363672 0.00124931
17 0.428223 0.373437 0.36543 0.251563 0.00124454
5 0.419531 0.258789 0.5125 0.517578 0.0012207
6 0.452734 0.281055 0.472656 0.562109 0.0012207
15 0.418359 0.320752 0.442969 0.387402 0.00121117
2 0.720313 0.2 0.559375 0.4 0.0012064
22 0.290283 0.761328 0.289746 0.477344 0.0012064
12 0.703516 0.269336 0.592969 0.538672 0.0011692
12 0.535156 0.377344 0.807813 0.754687 0.0011692
11 0.428516 0.344189 0.378125 0.370996 0.0011692
7 0.741016 0.193359 0.517969 0.386719 0.00115585
19 0.45166 0.295703 0.298242 0.329688 0.00114727
22 0.741016 0.193359 0.517969 0.386719 0.00114727
15 0.434375 0.372656 0.373437 0.265625 0.00112915
19 0.418359 0.320752 0.442969 0.387402 0.00110722
25 0.428223 0.373437 0.36543 0.251563 0.00108147
14 0.384277 0.283594 0.695508 0.567187 0.00106049
13 0.433594 0.314453 0.419531 0.553906 0.00104809
18 0.738672 0.188281 0.522656 0.376563 0.00104427
13 0.762305 0.195703 0.475391 0.391406 0.00104046
3 0.428223 0.373437 0.36543 0.251563 0.00104046
1 0.342773 0.762109 0.239453 0.475781 0.00104046
12 0.342773 0.762109 0.239453 0.475781 0.00101662
11 0.563281 0.903906 0.642188 0.192188 0.00101662
15 0.71875 0.187305 0.5625 0.374609 0.00101185
12 0.341797 0.720313 0.457031 0.559375 0.00101185
12 0.428223 0.373437 0.36543 0.251563 0.00100803
19 0.79082 0.169922 0.305859 0.339844 0.0526123
21 0.79082 0.169922 0.305859 0.339844 0.0191956
16 0.4375 0.411328 0.371094 0.375781 0.0173798
6 0.4375 0.411328 0.371094 0.375781 0.0142822
9 0.4375 0.411328 0.371094 0.375781 0.0114212
4 0.427734 0.407129 0.360938 0.36543 0.01017
5 0.431348 0.441406 0.374805 0.413281 0.00834656
23 0.435937 0.386035 0.375 0.320117 0.00803375
20 0.4375 0.411328 0.371094 0.375781 0.00763702
18 0.435937 0.386035 0.375 0.320117 0.00723267
2 0.435937 0.386035 0.375 0.320117 0.00674438
16 0.452734 0.37168 0.353906 0.273828 0.00600433
13 0.79082 0.169922 0.305859 0.339844 0.00540543
19 0.431348 0.441406 0.374805 0.413281 0.0049057
0 0.447656 0.378516 0.347656 0.314844 0.00475693
21 0.4375 0.411328 0.371094 0.375781 0.00471878
25 0.427734 0.407129 0.360938 0.36543 0.00457382
11 0.431348 0.441406 0.374805 0.413281 0.00436401
14 0.445703 0.376465 0.35 0.279883 0.00399017
24 0.427734 0.407129 0.360938 0.36543 0.00392914
4 0.445703 0.376465 0.35 0.279883 0.00382423
10 0.431348 0.441406 0.374805 0.413281 0.00359344
3 0.435937 0.386035 0.375 0.320117 0.00358009
1 0.435937 0.386035 0.375 0.320117 0.00356483
7 0.445703 0.376465 0.35 0.279883 0.00329781
14 0.427734 0.407129 0.360938 0.36543 0.00329781
12 0.435937 0.386035 0.375 0.320117 0.00307465
16 0.425879 0.485938 0.37793 0.382812 0.00298119
16 0.810938 0.18418 0.378125 0.330078 0.00290108
15 0.430371 0.375781 0.35957 0.30625 0.00282288
6 0.807813 0.191846 0.384375 0.345996 0.00276756
13 0.448535 0.383984 0.363867 0.296094 0.0026722
11 0.810938 0.18418 0.378125 0.330078 0.00265312
1 0.262891 0.822656 0.450781 0.354688 0.00263214
11 0.445703 0.376465 0.35 0.279883 0.00261116
2 0.425391 0.457031 0.364844 0.364063 0.00240517
6 0.425879 0.485938 0.37793 0.382812 0.00240517
5 0.430371 0.375781 0.35957 0.30625 0.00228691
22 0.262891 0.822656 0.450781 0.354688 0.00219917
4 0.810938 0.18418 0.378125 0.330078 0.00218201
1 0.810938 0.18418 0.378125 0.330078 0.00216484
12 0.810938 0.18418 0.378125 0.330078 0.00201988
1 0.423828 0.448438 0.391406 0.479688 0.00201988
0 0.810938 0.18418 0.378125 0.330078 0.00189686
11 0.489844 0.361328 0.546094 0.317969 0.00185299
19 0.770312 0.190039 0.301563 0.380078 0.00184631
22 0.425391 0.457031 0.364844 0.364063 0.00181007
0 0.437109 0.436328 0.367188 0.408594 0.0018034
19 0.415527 0.348047 0.306445 0.41875 0.00171375
2 0.810938 0.18418 0.378125 0.330078 0.00169373
14 0.810938 0.18418 0.378125 0.330078 0.00169373
6 0.452734 0.37168 0.353906 0.273828 0.00168705
13 0.430566 0.433984 0.36543 0.421875 0.00167465
1 0.332031 0.807813 0.542188 0.384375 0.00160408
17 0.435937 0.386035 0.375 0.320117 0.00158501
8 0.427734 0.407129 0.360938 0.36543 0.00154877
16 0.489844 0.361328 0.546094 0.317969 0.00153065
22 0.332031 0.807813 0.542188 0.384375 0.00150108
17 0.262891 0.822656 0.450781 0.354688 0.00150108
12 0.489844 0.361328 0.546094 0.317969 0.00148392
13 0.814844 0.177148 0.370313 0.341797 0.00146675
3 0.425391 0.457031 0.364844 0.364063 0.00145531
0 0.478906 0.396875 0.492188 0.365625 0.00144386
22 0.430371 0.375781 0.35957 0.30625 0.00143814
4 0.478906 0.396875 0.492188 0.365625 0.00134563
25 0.445703 0.376465 0.35 0.279883 0.00134087
3 0.810938 0.18418 0.378125 0.330078 0.00133038
12 0.407813 0.315234 0.55625 0.630469 0.00133038
15 0.478906 0.396875 0.492188 0.365625 0.00130939
10 0.430371 0.375781 0.35957 0.30625 0.00129986
7 0.427734 0.407129 0.360938 0.36543 0.00129986
13 0.407813 0.315234 0.55625 0.630469 0.00127888
12 0.358984 0.327148 0.717969 0.654297 0.00127411
11 0.262891 0.822656 0.450781 0.354688 0.00126457
23 0.425391 0.457031 0.364844 0.364063 0.00122547
4 0.425879 0.485938 0.37793 0.382812 0.0012064
13 0.429004 0.321094 0.42168 0.520312 0.00115585
2 0.478906 0.396875 0.492188 0.365625 0.0011034
12 0.305859 0.810156 0.532031 0.379688 0.0011034
14 0.489844 0.361328 0.546094 0.317969 0.00109482
11 0.270898 0.828125 0.541797 0.34375 0.00109482
12 0.527344 0.260156 0.620313 0.520312 0.00109005
11 0.448438 0.388672 0.421094 0.361719 0.00108147
13 0.489844 0.361328 0.546094 0.317969 0.00100803
17 0.332031 0.807813 0.542188 0.384375 0.00100803
24 0.430859 0.357227 0.342187 0.252734 0.0324707
19 0.460938 0.349414 0.25 0.255078 0.0319824
24 0.379004 0.367773 0.45293 0.278516 0.0306702
7 0.379004 0.367773 0.45293 0.278516 0.0263519
12 0.779297 0.188477 0.441406 0.376953 0.0252686
6 0.379004 0.367773 0.45293 0.278516 0.0227203
6 0.430859 0.357227 0.342187 0.252734 0.0219421
12 0.326367 0.367969 0.584766 0.303125 0.0211182
13 0.326367 0.367969 0.584766 0.303125 0.02034
12 0.309766 0.280859 0.619531 0.561719 0.0197144
12 0.661816 0.255469 0.676367 0.510938 0.0178528
16 0.379004 0.367773 0.45293 0.278516 0.0167236
9 0.400391 0.358984 0.414844 0.267969 0.0150146
13 0.309766 0.280859 0.619531 0.561719 0.0146179
12 0.423828 0.36543 0.377344 0.280859 0.0136337
13 0.423828 0.36543 0.377344 0.280859 0.0115051
12 0.733203 0.191406 0.533594 0.382812 0.0111618
11 0.326367 0.367969 0.584766 0.303125 0.0110321
13 0.740234 0.195312 0.519531 0.390625 0.0106506
24 0.305859 0.333203 0.611719 0.402344 0.00898743
13 0.305859 0.333203 0.611719 0.402344 0.00878143
18 0.355273 0.367383 0.516016 0.283203 0.00871277
12 0.305859 0.333203 0.611719 0.402344 0.00857544
16 0.430859 0.357227 0.342187 0.252734 0.00857544
23 0.430859 0.357227 0.342187 0.252734 0.00831604
12 0.326562 0.323047 0.653125 0.646094 0.00806427
19 0.457813 0.305664 0.275781 0.357422 0.00784302
13 0.794141 0.188086 0.411719 0.376172 0.00679779
11 0.423828 0.36543 0.377344 0.280859 0.00669098
11 0.309766 0.280859 0.619531 0.561719 0.0064888
24 0.794141 0.188086 0.411719 0.376172 0.00641251
15 0.355273 0.367383 0.516016 0.283203 0.00634003
23 0.355273 0.367383 0.516016 0.283203 0.00624084
6 0.794141 0.188086 0.411719 0.376172 0.00600433
16 0.782031 0.22168 0.351562 0.306641 0.00593567
12 0.384375 0.293359 0.5 0.503906 0.00582123
16 0.305859 0.333203 0.611719 0.402344 0.00561905
2 0.430859 0.357227 0.342187 0.252734 0.00559998
12 0.571875 0.308984 0.85625 0.617969 0.00547028
7 0.430859 0.357227 0.342187 0.252734 0.00547028
7 0.305859 0.333203 0.611719 0.402344 0.00526047
16 0.794141 0.188086 0.411719 0.376172 0.0051384
13 0.661816 0.255469 0.676367 0.510938 0.00494385
13 0.384375 0.293359 0.5 0.503906 0.00492477
12 0.731836 0.653125 0.536328 0.670313 0.00488663
12 0.516016 0.66875 0.407031 0.609375 0.00482941
1 0.340039 0.276172 0.584766 0.552344 0.00471878
14 0.359375 0.368359 0.492969 0.285156 0.00462723
11 0.779297 0.188477 0.441406 0.376953 0.00457382
11 0.305859 0.333203 0.611719 0.402344 0.00434875
6 0.8 0.229102 0.342187 0.283984 0.00426483
24 0.8 0.229102 0.342187 0.283984 0.00421524
11 0.733203 0.191406 0.533594 0.382812 0.00413513
1 0.384375 0.293359 0.5 0.503906 0.00411606
12 0.312695 0.403906 0.625391 0.807813 0.00391388
13 0.326562 0.323047 0.653125 0.646094 0.00388527
2 0.379004 0.367773 0.45293 0.278516 0.00380898
12 0.413672 0.275 0.474219 0.55 0.00379562
12 0.842969 0.710938 0.314063 0.473438 0.00379562
1 0.359375 0.368359 0.492969 0.285156 0.0037365
12 0.819922 0.17627 0.360156 0.352539 0.00356483
6 0.305859 0.333203 0.611719 0.402344 0.00346947
14 0.340039 0.276172 0.584766 0.552344 0.00316048
0 0.430859 0.357227 0.342187 0.252734 0.00314713
15 0.305859 0.333203 0.611719 0.402344 0.00311089
18 0.430859 0.357227 0.342187 0.252734 0.00311089
15 0.779297 0.188477 0.441406 0.376953 0.00309944
20 0.359375 0.368359 0.492969 0.285156 0.00305176
24 0.726562 0.190625 0.546875 0.38125 0.00302696
6 0.726562 0.190625 0.546875 0.38125 0.00300407
4 0.400391 0.358984 0.414844 0.267969 0.00299263
19 0.359375 0.368359 0.492969 0.285156 0.00287819
13 0.413672 0.275 0.474219 0.55 0.00284576
15 0.430859 0.357227 0.342187 0.252734 0.00284576
16 0.726562 0.190625 0.546875 0.38125 0.00282288
16 0.309766 0.280859 0.619531 0.561719 0.00277901
4 0.779297 0.188477 0.441406 0.376953 0.00274658
19 0.7875 0.16709 0.296875 0.33418 0.00273705
4 0.326367 0.367969 0.584766 0.303125 0.0027256
20 0.430859 0.357227 0.342187 0.252734 0.00265312
12 0.602734 0.664941 0.671094 0.670117 0.00265312
1 0.754297 0.187109 0.491406 0.374219 0.00261116
3 0.359375 0.368359 0.492969 0.285156 0.00259018
19 0.794141 0.188086 0.411719 0.376172 0.00254059
1 0.443066 0.358984 0.37793 0.303906 0.00251198
9 0.332617 0.36875 0.548828 0.308594 0.00251198
17 0.779297 0.188477 0.441406 0.376953 0.0024147
12 0.138184 0.256055 0.276367 0.512109 0.00235939
14 0.384375 0.293359 0.5 0.503906 0.00232315
15 0.733203 0.191406 0.533594 0.382812 0.00228691
16 0.384375 0.293359 0.5 0.503906 0.00228691
12 0.133887 0.333252 0.267773 0.356934 0.00228691
14 0.779297 0.188477 0.441406 0.376953 0.00219917
25 0.430859 0.357227 0.342187 0.252734 0.00214005
9 0.794141 0.188086 0.411719 0.376172 0.00209999
23 0.305859 0.333203 0.611719 0.402344 0.00209999
11 0.384375 0.293359 0.5 0.503906 0.00208282
7 0.309766 0.280859 0.619531 0.561719 0.00206757
7 0.794141 0.188086 0.411719 0.376172 0.0020504
19 0.839844 0.0803711 0.24375 0.160742 0.00201035
9 0.782031 0.22168 0.351562 0.306641 0.00195694
17 0.423828 0.36543 0.377344 0.280859 0.00195694
15 0.309766 0.280859 0.619531 0.561719 0.00194931
13 0.842969 0.710938 0.314063 0.473438 0.00186729
1 0.819922 0.17627 0.360156 0.352539 0.00186062
11 0.326562 0.323047 0.653125 0.646094 0.00185299
12 0.18418 0.705078 0.368359 0.589844 0.00185299
13 0.782031 0.22168 0.351562 0.306641 0.00182438
17 0.340039 0.276172 0.584766 0.552344 0.0018034
12 0.870313 0.748438 0.259375 0.4 0.00174809
18 0.305859 0.333203 0.611719 0.402344 0.0017271
13 0.516016 0.66875 0.407031 0.609375 0.00168705
13 0.731836 0.653125 0.536328 0.670313 0.00168133
4 0.733203 0.191406 0.533594 0.382812 0.0016613
17 0.326367 0.367969 0.584766 0.303125 0.0016489
13 0.501563 0.321875 0.771875 0.64375 0.00164223
12 0.749219 0.737109 0.464063 0.502344 0.00163555
17 0.384375 0.293359 0.5 0.503906 0.00162888
2 0.754297 0.187109 0.491406 0.374219 0.00161076
11 0.661816 0.255469 0.676367 0.510938 0.00161076
19 0.305859 0.333203 0.611719 0.402344 0.00161076
14 0.733203 0.191406 0.533594 0.382812 0.00158501
17 0.819922 0.17627 0.360156 0.352539 0.00157356
23 0.782031 0.22168 0.351562 0.306641 0.00157356
5 0.379004 0.367773 0.45293 0.278516 0.00156116
11 0.8 0.229102 0.342187 0.283984 0.00154877
12 0.375391 0.283984 0.634375 0.567969 0.00154305
2 0.782031 0.22168 0.351562 0.306641 0.00153637
12 0.117188 0.80625 0.234375 0.3875 0.00153637
19 0.430469 0.368359 0.3625 0.277344 0.00151253
25 0.379004 0.367773 0.45293 0.278516 0.00150681
20 0.779297 0.188477 0.441406 0.376953 0.00148964
2 0.384375 0.293359 0.5 0.503906 0.00148964
20 0.305859 0.333203 0.611719 0.402344 0.00143242
2 0.305859 0.333203 0.611719 0.402344 0.00142097
17 0.733203 0.191406 0.533594 0.382812 0.00141621
12 0.294531 0.68291 0.589063 0.63418 0.00141621
23 0.794141 0.188086 0.411719 0.376172 0.00139427
4 0.340039 0.276172 0.584766 0.552344 0.00138855
14 0.443066 0.358984 0.37793 0.303906 0.00138855
0 0.379004 0.367773 0.45293 0.278516 0.00138855
5 0.794141 0.188086 0.411719 0.376172 0.00136185
2 0.340039 0.276172 0.584766 0.552344 0.00135612
7 0.8 0.229102 0.342187 0.283984 0.00134563
12 0.238867 0.269336 0.477734 0.538672 0.00133038
5 0.430859 0.357227 0.342187 0.252734 0.00130463
9 0.726562 0.190625 0.546875 0.38125 0.00124454
15 0.329883 0.382422 0.659766 0.764844 0.00124454
3 0.779297 0.188477 0.441406 0.376953 0.00123501
7 0.726562 0.190625 0.546875 0.38125 0.0012207
3 0.340039 0.276172 0.584766 0.552344 0.00120163
15 0.384375 0.293359 0.5 0.503906 0.00120163
3 0.443066 0.358984 0.37793 0.303906 0.00120163
11 0.413672 0.275 0.474219 0.55 0.00119686
12 0.695312 0.703516 0.609375 0.577344 0.00119209
16 0.413672 0.275 0.474219 0.55 0.00117397
12 0.782031 0.22168 0.351562 0.306641 0.0011692
2 0.819922 0.17627 0.360156 0.352539 0.00113773
9 0.305859 0.333203 0.611719 0.402344 0.00113773
20 0.340039 0.276172 0.584766 0.552344 0.00113392
11 0.501563 0.321875 0.771875 0.64375 0.00112438
13 0.138184 0.256055 0.276367 0.512109 0.00112057
24 0.309766 0.280859 0.619531 0.561719 0.00111198
0 0.340039 0.276172 0.584766 0.552344 0.0011034
6 0.340039 0.276172 0.584766 0.552344 0.00109863
4 0.305859 0.333203 0.611719 0.402344 0.00108624
19 0.755469 0.182373 0.270313 0.314941 0.00108147
15 0.661816 0.255469 0.676367 0.510938 0.00107288
4 0.384375 0.293359 0.5 0.503906 0.00107288
20 0.384375 0.293359 0.5 0.503906 0.00107288
21 0.460938 0.349414 0.25 0.255078 0.00104809
25 0.779297 0.188477 0.441406 0.376953 0.00104046
16 0.661816 0.255469 0.676367 0.510938 0.00102806
6 0.384375 0.293359 0.5 0.503906 0.00102806
0 0.384375 0.293359 0.5 0.503906 0.00102425
0 0.8 0.229102 0.342187 0.283984 0.00102425
13 0.312695 0.403906 0.625391 0.807813 0.00102425
16 0.460938 0.349414 0.25 0.255078 0.00102043
12 0.411719 0.383984 0.653125 0.767969 0.00100803
23 0.416797 0.372266 0.33125 0.25625 0.0446777
7 0.416797 0.372266 0.33125 0.25625 0.0377502
6 0.419434 0.373828 0.329883 0.250781 0.0317383
24 0.419434 0.373828 0.329883 0.250781 0.0289764
4 0.418359 0.372461 0.344531 0.263672 0.028595
14 0.420312 0.378223 0.360156 0.287305 0.0236969
18 0.416797 0.372266 0.33125 0.25625 0.0224609
9 0.413965 0.373828 0.329883 0.25 0.0176392
19 0.407129 0.3375 0.31543 0.349219 0.014061
19 0.804883 0.183301 0.337109 0.366602 0.0135345
0 0.420312 0.378223 0.360156 0.287305 0.0114212
19 0.771094 0.142285 0.251563 0.28457 0.00898743
2 0.413184 0.375879 0.336133 0.274805 0.00818634
11 0.420312 0.378223 0.360156 0.287305 0.00769424
16 0.416797 0.372266 0.33125 0.25625 0.00706482
12 0.420312 0.378223 0.360156 0.287305 0.0064888
4 0.80332 0.204883 0.355859 0.301172 0.00609589
23 0.80332 0.204883 0.355859 0.301172 0.00577545
19 0.814844 0.167578 0.348438 0.253125 0.00561905
11 0.80332 0.204883 0.355859 0.301172 0.00557709
19 0.397656 0.364844 0.282813 0.264844 0.00503922
6 0.80332 0.204883 0.355859 0.301172 0.00500107
16 0.80332 0.204883 0.355859 0.301172 0.00450516
15 0.420312 0.378223 0.360156 0.287305 0.00438309
12 0.804883 0.198633 0.355859 0.330859 0.00395966
2 0.804883 0.198633 0.355859 0.330859 0.00365067
7 0.80332 0.204883 0.355859 0.301172 0.00335121
3 0.413184 0.375879 0.336133 0.274805 0.00329781
14 0.804883 0.198633 0.355859 0.330859 0.00307465
0 0.80332 0.204883 0.355859 0.301172 0.00283432
18 0.80332 0.204883 0.355859 0.301172 0.00282288
25 0.420312 0.378223 0.360156 0.287305 0.0024147
5 0.418359 0.372461 0.344531 0.263672 0.00223351
21 0.478906 0.820312 0.284375 0.357812 0.00195694
9 0.80332 0.204883 0.355859 0.301172 0.00186729
24 0.80332 0.204883 0.355859 0.301172 0.00186729
21 0.80918 0.171289 0.344141 0.342578 0.0018034
19 0.771875 0.130664 0.24375 0.231641 0.00174809
11 0.492969 0.820508 0.51875 0.358984 0.00157928
10 0.420312 0.378223 0.360156 0.287305 0.00157356
21 0.407129 0.3375 0.31543 0.349219 0.0015192
15 0.80332 0.204883 0.355859 0.301172 0.00138855
13 0.803906 0.203516 0.367188 0.307031 0.00130463
3 0.80332 0.204883 0.355859 0.301172 0.00121117
11 0.44375 0.880469 0.582031 0.239063 0.0012064
13 0.424316 0.376465 0.373242 0.281445 0.00111198
4 0.418359 0.378809 0.407813 0.320508 0.0011034
11 0.35 0.875391 0.68125 0.249219 0.00101662
6 0.434473 0.363281 0.370117 0.250781 0.1427
9 0.434473 0.363281 0.370117 0.250781 0.0878906
23 0.442969 0.360352 0.351562 0.245703 0.0803833
7 0.442969 0.360352 0.351562 0.245703 0.0440063
2 0.442969 0.360352 0.351562 0.245703 0.035675
0 0.43291 0.35957 0.366992 0.243359 0.0354004
4 0.43291 0.35957 0.366992 0.243359 0.0348816
24 0.434473 0.363281 0.370117 0.250781 0.0303345
14 0.442969 0.360352 0.351562 0.245703 0.028656
18 0.439453 0.362891 0.361719 0.241406 0.0245209
10 0.434473 0.363281 0.370117 0.250781 0.011734
16 0.442969 0.360352 0.351562 0.245703 0.0104904
15 0.442969 0.360352 0.351562 0.245703 0.00857544
5 0.434473 0.363281 0.370117 0.250781 0.00812531
25 0.434473 0.363281 0.370117 0.250781 0.00809479
4 0.805859 0.173828 0.388281 0.347656 0.005867
14 0.805859 0.173828 0.388281 0.347656 0.00582123
2 0.805859 0.173828 0.388281 0.347656 0.00557709
6 0.805859 0.173828 0.388281 0.347656 0.00510025
3 0.447754 0.363281 0.343555 0.263281 0.00510025
11 0.439453 0.362891 0.361719 0.241406 0.00510025
20 0.434473 0.363281 0.370117 0.250781 0.00453949
19 0.796094 0.181641 0.367188 0.363281 0.00424957
12 0.447754 0.363281 0.343555 0.263281 0.00382423
0 0.810742 0.180664 0.378516 0.343359 0.00356483
11 0.810742 0.181689 0.378516 0.353027 0.00305176
23 0.810742 0.181689 0.378516 0.353027 0.00246239
6 0.428809 0.368945 0.414258 0.341797 0.00239754
10 0.810742 0.181689 0.378516 0.353027 0.00216484
13 0.44209 0.363281 0.361133 0.267188 0.00214958
19 0.789844 0.148438 0.296875 0.296875 0.00209045
1 0.810742 0.180664 0.378516 0.343359 0.00201988
19 0.439453 0.362891 0.361719 0.241406 0.00200272
5 0.810742 0.181689 0.378516 0.353027 0.00192642
24 0.428809 0.368945 0.414258 0.341797 0.00175476
3 0.810742 0.181689 0.378516 0.353027 0.00163555
7 0.810742 0.181689 0.378516 0.353027 0.00160408
12 0.4375 0.366016 0.413281 0.333594 0.0015974
9 0.805859 0.173828 0.388281 0.347656 0.00157928
16 0.428809 0.368945 0.414258 0.341797 0.0015192
0 0.428809 0.368945 0.414258 0.341797 0.00148964
25 0.805859 0.173828 0.388281 0.347656 0.00144386
2 0.428809 0.368945 0.414258 0.341797 0.00141048
13 0.4375 0.366016 0.413281 0.333594 0.00128937
8 0.815234 0.187305 0.369531 0.349609 0.00126934
17 0.447754 0.363281 0.343555 0.263281 0.00126457
7 0.428809 0.368945 0.414258 0.341797 0.00123978
17 0.810742 0.180664 0.378516 0.343359 0.00121593
4 0.428809 0.368945 0.414258 0.341797 0.00118351
19 0.810742 0.181689 0.378516 0.353027 0.00109005
18 0.428809 0.368945 0.414258 0.341797 0.00107288
8 0.43291 0.35957 0.366992 0.243359 0.00106907
15 0.428809 0.368945 0.414258 0.341797 0.00106907
16 0.810742 0.181689 0.378516 0.353027 0.00105667
9 0.428809 0.368945 0.414258 0.341797 0.00102043
23 0.436719 0.347461 0.323438 0.269141 0.148071
6 0.434375 0.367773 0.334375 0.276172 0.072876
14 0.436719 0.347461 0.323438 0.269141 0.0661011
2 0.436719 0.347461 0.323438 0.269141 0.049408
9 0.434375 0.367773 0.334375 0.276172 0.0383301
25 0.440234 0.345313 0.325 0.273438 0.0370483
16 0.426172 0.358203 0.338281 0.271875 0.0323486
0 0.440234 0.345313 0.325 0.273438 0.0309143
4 0.436719 0.347461 0.323438 0.269141 0.0210419
3 0.436719 0.347461 0.323438 0.269141 0.0146179
18 0.426172 0.34707 0.330469 0.258984 0.0143356
7 0.426172 0.34707 0.330469 0.258984 0.0126724
20 0.434375 0.367773 0.334375 0.276172 0.0122375
5 0.434375 0.367773 0.334375 0.276172 0.0120544
10 0.436719 0.356641 0.33125 0.271875 0.0118256
2 0.807617 0.183203 0.331641 0.354688 0.00551224
12 0.415234 0.340625 0.391406 0.292969 0.0049057
11 0.437109 0.357422 0.329688 0.277344 0.00486755
0 0.807617 0.183203 0.331641 0.354688 0.00477219
24 0.429297 0.36543 0.350781 0.284766 0.00445175
8 0.437891 0.358008 0.335938 0.280859 0.00443268
21 0.437109 0.371289 0.330469 0.269922 0.00443268
16 0.807617 0.183203 0.331641 0.354688 0.00402451
15 0.440234 0.345313 0.325 0.273438 0.00335121
6 0.8125 0.177832 0.35625 0.355664 0.00319672
13 0.415234 0.340625 0.391406 0.292969 0.00319672
17 0.437891 0.358008 0.335938 0.280859 0.00300407
19 0.434375 0.367773 0.334375 0.276172 0.00284576
14 0.807617 0.183203 0.331641 0.354688 0.00271416
12 0.391797 0.267188 0.464063 0.534375 0.00255013
1 0.437891 0.358008 0.335938 0.280859 0.00243378
23 0.807617 0.183203 0.331641 0.354688 0.00236893
25 0.8125 0.177832 0.35625 0.355664 0.00210762
4 0.811719 0.181641 0.34375 0.363281 0.00192642
19 0.807031 0.166211 0.34375 0.332422 0.00182438
20 0.8125 0.177832 0.35625 0.355664 0.00176811
1 0.8125 0.177832 0.35625 0.355664 0.00174809
3 0.8125 0.177832 0.35625 0.355664 0.00163555
19 0.451562 0.333984 0.273438 0.235156 0.00146675
12 0.356836 0.315234 0.612891 0.630469 0.00145531
11 0.81582 0.173633 0.352734 0.347266 0.00139427
16 0.123633 0.79375 0.247266 0.36875 0.00134563
10 0.8125 0.177832 0.35625 0.355664 0.00132465
21 0.8125 0.177832 0.35625 0.355664 0.0012846
12 0.605469 0.668359 0.6 0.647656 0.00126457
22 0.437109 0.371289 0.330469 0.269922 0.00125504
4 0.428125 0.373047 0.373437 0.347656 0.00122547
5 0.8125 0.177832 0.35625 0.355664 0.00121593
13 0.391797 0.267188 0.464063 0.534375 0.00119209
2 0.123828 0.744531 0.201953 0.182812 0.0011692
10 0.428125 0.373047 0.373437 0.347656 0.0011425
19 0.8 0.154883 0.320312 0.252734 0.00112438
14 0.45 0.36875 0.3 0.261719 0.0387573
2 0.445703 0.366602 0.313281 0.266797 0.0294189
23 0.45 0.36875 0.3 0.261719 0.0233307
9 0.436621 0.356836 0.326758 0.231641 0.0193481
4 0.436621 0.356836 0.326758 0.231641 0.0163422
16 0.445703 0.366602 0.313281 0.266797 0.0148392
6 0.436621 0.356836 0.326758 0.231641 0.0139542
25 0.457129 0.366016 0.28418 0.257031 0.0110321
0 0.457129 0.366016 0.28418 0.257031 0.0102081
7 0.446094 0.364844 0.317969 0.270313 0.01017
10 0.445703 0.366602 0.313281 0.266797 0.00763702
3 0.45 0.36875 0.3 0.261719 0.00717545
18 0.446094 0.364844 0.317969 0.270313 0.00631332
11 0.446094 0.364844 0.317969 0.270313 0.0055542
5 0.436621 0.356836 0.326758 0.231641 0.00498199
12 0.475391 0.620996 0.516406 0.70332 0.00468063
8 0.449902 0.367578 0.295508 0.263281 0.00337601
17 0.457129 0.366016 0.28418 0.257031 0.00319672
11 0.416406 0.34082 0.4125 0.349609 0.00316048
20 0.436621 0.356836 0.326758 0.231641 0.00314713
1 0.449902 0.367578 0.295508 0.263281 0.00298119
7 0.416406 0.34082 0.4125 0.349609 0.00282288
12 0.504297 0.719531 0.372656 0.46875 0.00234222
0 0.416406 0.34082 0.4125 0.349609 0.00205803
12 0.404297 0.622559 0.803906 0.754883 0.00194931
2 0.416406 0.34082 0.4125 0.349609 0.00185299
6 0.420312 0.35625 0.409375 0.357031 0.00185299
12 0.719922 0.187305 0.560156 0.374609 0.0018177
18 0.416406 0.34082 0.4125 0.349609 0.0017004
12 0.255078 0.652637 0.510156 0.694727 0.0016613
24 0.443359 0.362695 0.328906 0.244922 0.00162315
19 0.445703 0.366602 0.313281 0.266797 0.00152493
11 0.314063 0.293945 0.628125 0.508984 0.00150108
15 0.416406 0.34082 0.4125 0.349609 0.00146675
12 0.858789 0.532031 0.282422 0.567187 0.0014267
16 0.416406 0.34082 0.4125 0.349609 0.00142097
15 0.674219 0.203125 0.651563 0.40625 0.00140476
12 0.826172 0.682031 0.347656 0.579688 0.00135612
14 0.416406 0.34082 0.4125 0.349609 0.00135136
13 0.487402 0.623438 0.448633 0.695312 0.00130463
11 0.674219 0.203125 0.651563 0.40625 0.0011425
4 0.420312 0.35625 0.409375 0.357031 0.0011425
12 0.736719 0.191406 0.526563 0.382812 0.00112057
15 0.443359 0.362695 0.328906 0.244922 0.00108147
13 0.255078 0.652637 0.510156 0.694727 0.00102806
23 0.452246 0.369336 0.30332 0.269141 0.136597
9 0.443359 0.369531 0.303906 0.264062 0.0977173
6 0.443359 0.369531 0.303906 0.264062 0.0830078
14 0.452246 0.369336 0.30332 0.269141 0.0720825
16 0.448535 0.35918 0.307617 0.268359 0.0545959
24 0.443359 0.369531 0.303906 0.264062 0.0531921
2 0.447656 0.361523 0.303906 0.266016 0.0383301
4 0.452246 0.369336 0.30332 0.269141 0.0267029
0 0.444922 0.361133 0.310937 0.262109 0.021286
7 0.447656 0.361523 0.303906 0.266016 0.0173035
25 0.452246 0.369336 0.30332 0.269141 0.0165863
18 0.448535 0.35918 0.307617 0.268359 0.0135345
3 0.447656 0.361523 0.303906 0.266016 0.011467
20 0.446484 0.365625 0.308594 0.274219 0.0055542
5 0.443359 0.369531 0.303906 0.264062 0.00542831
12 0.449902 0.364453 0.311133 0.272656 0.00453949
11 0.448535 0.35918 0.307617 0.268359 0.00439835
19 0.448535 0.35918 0.307617 0.268359 0.00382423
15 0.452246 0.369336 0.30332 0.269141 0.00317192
10 0.442188 0.37207 0.310937 0.258984 0.00273705
13 0.449902 0.364453 0.311133 0.272656 0.00263214
8 0.442969 0.358789 0.31875 0.266797 0.0019722
17 0.448047 0.369531 0.310156 0.265625 0.00174141
12 0.3125 0.300391 0.625 0.464844 0.00156116
12 0.391797 0.352539 0.464844 0.326172 0.00104046
23 0.44209 0.375 0.326758 0.246875 0.432129
9 0.440527 0.366992 0.325195 0.229297 0.203735
6 0.440527 0.366992 0.325195 0.229297 0.184814
2 0.44209 0.375 0.326758 0.246875 0.180664
4 0.440527 0.366992 0.325195 0.229297 0.0761108
14 0.438184 0.35918 0.317383 0.222266 0.0670776
7 0.44209 0.375 0.326758 0.246875 0.0618896
16 0.438184 0.374609 0.326758 0.24375 0.058136
18 0.438184 0.374609 0.326758 0.24375 0.0577087
0 0.440625 0.371094 0.317969 0.251563 0.0477905
10 0.438184 0.35918 0.317383 0.222266 0.0372009
3 0.441406 0.376172 0.326562 0.254688 0.0184784
25 0.438184 0.35918 0.317383 0.222266 0.0177765
11 0.440625 0.371094 0.317969 0.251563 0.00720596
2 0.486816 0.359961 0.23418 0.223828 0.0068512
24 0.440527 0.366992 0.325195 0.229297 0.00538635
0 0.486816 0.359961 0.23418 0.223828 0.00455475
14 0.486816 0.359961 0.23418 0.223828 0.00446701
5 0.440527 0.366992 0.325195 0.229297 0.00413513
15 0.44209 0.375 0.326758 0.246875 0.00319672
23 0.486816 0.359961 0.23418 0.223828 0.00312424
7 0.486816 0.359961 0.23418 0.223828 0.00243378
6 0.486816 0.359961 0.23418 0.223828 0.00211525
19 0.44209 0.375 0.326758 0.246875 0.00183105
18 0.486816 0.359961 0.23418 0.223828 0.0017004
20 0.439746 0.380566 0.318945 0.237305 0.00166798
4 0.486816 0.359961 0.23418 0.223828 0.00154877
8 0.450391 0.364258 0.308594 0.242578 0.00135612
16 0.486816 0.359961 0.23418 0.223828 0.00131989
25 0.486816 0.359961 0.23418 0.223828 0.00128937
19 0.795313 0.184277 0.342187 0.368555 0.00123501
6 0.433594 0.364453 0.35 0.277344 0.196167
14 0.437109 0.369727 0.35 0.274609 0.122925
2 0.435254 0.357617 0.348242 0.280859 0.11438
23 0.437109 0.369727 0.35 0.274609 0.0673218
11 0.435254 0.357617 0.348242 0.280859 0.0453491
9 0.43291 0.363086 0.357617 0.281641 0.032959
18 0.434277 0.357422 0.354883 0.28125 0.0307922
4 0.43291 0.363086 0.357617 0.281641 0.0252228
10 0.433594 0.364453 0.35 0.277344 0.0228882
7 0.43291 0.363086 0.357617 0.281641 0.0207977
0 0.433594 0.364453 0.35 0.277344 0.0122375
16 0.434277 0.357422 0.354883 0.28125 0.0115967
3 0.435254 0.357617 0.348242 0.280859 0.00793457
25 0.432813 0.366406 0.354688 0.274219 0.0068512
24 0.43291 0.363086 0.357617 0.281641 0.00521851
13 0.195898 0.670703 0.391797 0.658594 0.00519943
19 0.796875 0.168457 0.325 0.336914 0.00508118
4 0.819922 0.189453 0.360156 0.310156 0.00385475
5 0.433594 0.364453 0.35 0.277344 0.0036068
15 0.43291 0.363086 0.357617 0.281641 0.00352478
12 0.195898 0.670703 0.391797 0.658594 0.00332451
14 0.819922 0.189453 0.360156 0.310156 0.00283432
19 0.435254 0.357617 0.348242 0.280859 0.00234222
2 0.474609 0.358203 0.272656 0.239844 0.0020504
0 0.821289 0.187305 0.357422 0.313672 0.00196457
20 0.432813 0.366406 0.354688 0.274219 0.00189686
9 0.819922 0.189453 0.360156 0.310156 0.0016613
14 0.474609 0.358203 0.272656 0.239844 0.0015974
0 0.474609 0.358203 0.272656 0.239844 0.00153637
17 0.432031 0.364453 0.3625 0.264844 0.00122547
6 0.819922 0.189453 0.360156 0.310156 0.00109005
8 0.432031 0.357422 0.360156 0.278125 0.00104809
11 0.819922 0.189453 0.360156 0.310156 0.00100803
14 0.435156 0.362695 0.332813 0.279297 0.29248
6 0.432129 0.364063 0.348242 0.283594 0.247314
9 0.432129 0.364063 0.348242 0.283594 0.233032
2 0.431641 0.35918 0.342969 0.289453 0.181274
23 0.431641 0.35918 0.342969 0.289453 0.137085
4 0.432129 0.364063 0.348242 0.283594 0.0953369
25 0.435156 0.362695 0.332813 0.279297 0.0594177
18 0.432422 0.357031 0.355469 0.296094 0.0282135
7 0.432129 0.364063 0.348242 0.283594 0.0225372
0 0.432129 0.364063 0.348242 0.283594 0.0217438
24 0.432031 0.370313 0.357812 0.292969 0.021286
10 0.435156 0.362695 0.332813 0.279297 0.016983
16 0.437109 0.368359 0.335938 0.294531 0.0120544
15 0.432422 0.357031 0.355469 0.296094 0.0104904
5 0.435156 0.362695 0.332813 0.279297 0.00963593
11 0.432422 0.357031 0.355469 0.296094 0.00844574
20 0.437109 0.368359 0.335938 0.294531 0.00614548
14 0.81543 0.193311 0.366016 0.337598 0.00577545
12 0.260156 0.634863 0.520312 0.730273 0.00284576
3 0.432422 0.357031 0.355469 0.296094 0.00282288
13 0.260156 0.634863 0.520312 0.730273 0.00158501
12 0.619531 0.610547 0.73125 0.778906 0.00141048
4 0.81543 0.193311 0.366016 0.337598 0.00138283
2 0.81543 0.193311 0.366016 0.337598 0.00129986
19 0.437109 0.357031 0.321094 0.303125 0.00117874
12 0.366602 0.596875 0.733203 0.80625 0.0011425
9 0.81543 0.193311 0.366016 0.337598 0.00112438
12 0.533203 0.651465 0.514844 0.68457 0.00109863
16 0.392188 0.394922 0.460156 0.39375 0.00106907
25 0.814258 0.195898 0.365234 0.341016 0.00103188
17 0.439941 0.369531 0.329492 0.289062 0.00100422
14 0.439453 0.371875 0.34375 0.28125 0.222656
9 0.435156 0.373047 0.34375 0.266406 0.14856
2 0.434375 0.368945 0.345313 0.276953 0.0789185
4 0.439453 0.371875 0.34375 0.28125 0.0687866
23 0.439453 0.371875 0.34375 0.28125 0.0440063
6 0.435156 0.373047 0.34375 0.266406 0.0368958
0 0.434375 0.370313 0.349219 0.285156 0.00769424
25 0.435547 0.371875 0.339063 0.265625 0.00734711
10 0.435547 0.371875 0.339063 0.265625 0.0046463
18 0.433984 0.375684 0.35 0.267383 0.00333786
7 0.435156 0.373047 0.34375 0.266406 0.00288963
5 0.435156 0.373047 0.34375 0.266406 0.00265312
11 0.434375 0.368945 0.345313 0.276953 0.00209999
16 0.435547 0.371875 0.339063 0.265625 0.00209999
24 0.433984 0.375684 0.35 0.267383 0.00189686
8 0.439453 0.371875 0.34375 0.28125 0.00118828
14 0.430566 0.368359 0.34043 0.273438 0.412109
2 0.432813 0.368945 0.346875 0.279297 0.177246
23 0.436328 0.372266 0.338281 0.2875 0.124634
9 0.430566 0.368359 0.34043 0.273438 0.113586
6 0.430566 0.368359 0.34043 0.273438 0.0646362
25 0.432813 0.367188 0.344531 0.267969 0.064209
4 0.430566 0.368359 0.34043 0.273438 0.0251312
16 0.426953 0.368555 0.364844 0.286328 0.0154266
7 0.432813 0.368945 0.346875 0.279297 0.0136871
10 0.430566 0.368359 0.34043 0.273438 0.00677109
18 0.426953 0.370117 0.342969 0.274609 0.00524139
0 0.436035 0.373828 0.348242 0.285156 0.00416565
5 0.430566 0.368359 0.34043 0.273438 0.00416565
11 0.426953 0.370117 0.342969 0.274609 0.00370789
24 0.426953 0.370117 0.342969 0.274609 0.00367928
8 0.443848 0.373828 0.34668 0.280469 0.00263214
1 0.447266 0.373828 0.334375 0.284375 0.00168705
17 0.443848 0.373828 0.34668 0.280469 0.00153065
20 0.425879 0.369531 0.351367 0.273438 0.00141048
3 0.436035 0.373828 0.348242 0.285156 0.00134563
14 0.436328 0.364844 0.345313 0.273438 0.720215
2 0.438184 0.365234 0.350195 0.277344 0.634277
23 0.442578 0.369531 0.335156 0.273438 0.370117
9 0.436328 0.364844 0.345313 0.273438 0.0894775
4 0.442578 0.369531 0.335156 0.273438 0.0675659
25 0.436328 0.364844 0.345313 0.273438 0.0583496
6 0.434473 0.367188 0.345117 0.273438 0.0189056
10 0.434473 0.367188 0.345117 0.273438 0.00553513
18 0.461328 0.369727 0.321094 0.287109 0.0039444
7 0.438184 0.365234 0.350195 0.277344 0.00362206
5 0.436328 0.364844 0.345313 0.273438 0.00324821
12 0.432422 0.365625 0.352344 0.286719 0.00316048
16 0.432422 0.381641 0.34375 0.2625 0.00292397
0 0.461328 0.369727 0.321094 0.287109 0.00206757
1 0.432422 0.365625 0.352344 0.286719 0.00173378
2 0.443359 0.363281 0.345313 0.28125 0.582031
14 0.443359 0.363281 0.345313 0.28125 0.291748
23 0.443359 0.363281 0.345313 0.28125 0.201172
9 0.439063 0.370313 0.333594 0.270313 0.108215
6 0.4375 0.369141 0.354688 0.28125 0.0229797
25 0.441797 0.37168 0.328125 0.255078 0.0208893
4 0.4375 0.369141 0.354688 0.28125 0.0196381
7 0.439063 0.362305 0.358594 0.289453 0.0113754
18 0.439063 0.362305 0.358594 0.289453 0.0110321
0 0.439844 0.364844 0.360156 0.2875 0.00595856
24 0.4375 0.369141 0.354688 0.28125 0.00553513
11 0.439844 0.364844 0.360156 0.2875 0.00382423
10 0.439844 0.364844 0.360156 0.2875 0.00353813
4 0.0840332 0.934766 0.168066 0.130469 0.00276756
5 0.439063 0.370313 0.333594 0.270313 0.00197983
16 0.439844 0.364844 0.360156 0.2875 0.00188255
7 0.562598 0.949609 0.581055 0.100781 0.00145531
15 0.4375 0.369141 0.354688 0.28125 0.00141621
11 0.2875 0.855469 0.551562 0.289062 0.00116539
11 0.336719 0.859961 0.55 0.280078 0.00109863
2 0.43916 0.364453 0.351367 0.280469 0.474609
7 0.439063 0.361719 0.3625 0.285156 0.0539856
16 0.439063 0.361719 0.3625 0.285156 0.0462036
14 0.438672 0.369336 0.348438 0.268359 0.0283356
6 0.438672 0.369336 0.348438 0.268359 0.0245667
23 0.436719 0.369531 0.357031 0.270313 0.013588
25 0.438672 0.369336 0.348438 0.268359 0.0086441
10 0.438672 0.369336 0.348438 0.268359 0.00695801
0 0.438672 0.369336 0.348438 0.268359 0.00559998
18 0.439063 0.361719 0.3625 0.285156 0.0049057
9 0.436719 0.369531 0.357031 0.270313 0.00452042
11 0.434375 0.372266 0.354688 0.289844 0.00428009
12 0.331055 0.238672 0.662109 0.477344 0.00419998
12 0.76543 0.596094 0.469141 0.801562 0.00220871
3 0.434375 0.372266 0.354688 0.289844 0.00206757
19 0.438281 0.364648 0.359375 0.280859 0.00174809
11 0.321094 0.234375 0.642188 0.46875 0.00174141
2 0.321094 0.234375 0.642188 0.46875 0.00172043
15 0.321094 0.234375 0.642188 0.46875 0.00157928
13 0.331055 0.238672 0.662109 0.477344 0.00154877
1 0.329102 0.241016 0.658203 0.482031 0.0014267
13 0.135352 0.805859 0.270703 0.388281 0.00135612
12 0.708594 0.571094 0.582812 0.857813 0.00124931
13 0.151953 0.669531 0.303906 0.660937 0.0011034
1 0.434375 0.372266 0.354688 0.289844 0.00105667
13 0.76543 0.596094 0.469141 0.801562 0.00104427
2 0.449609 0.36543 0.341406 0.291016 0.762695
14 0.449316 0.367383 0.341992 0.283984 0.228149
23 0.449316 0.367383 0.341992 0.283984 0.0609741
6 0.450391 0.370703 0.334375 0.271094 0.0261536
7 0.442188 0.364648 0.340625 0.292578 0.0194244
9 0.450391 0.370703 0.334375 0.271094 0.018692
4 0.071875 0.936719 0.14375 0.126563 0.00933838
25 0.44375 0.368555 0.342187 0.269141 0.00731659
16 0.442188 0.364648 0.340625 0.292578 0.005867
10 0.449316 0.367383 0.341992 0.283984 0.0042305
18 0.441406 0.371484 0.339063 0.270313 0.00323486
11 0.44375 0.368555 0.342187 0.269141 0.00268364
4 0.44375 0.368555 0.342187 0.269141 0.0012846
1 0.449219 0.368555 0.354688 0.295703 0.0012064
0 0.441406 0.371484 0.339063 0.270313 0.00101662
2 0.437891 0.35957 0.357812 0.286328 0.878906
23 0.435156 0.362891 0.357812 0.282813 0.157715
14 0.439063 0.363086 0.359375 0.280859 0.154541
9 0.435156 0.362891 0.357812 0.282813 0.0930176
25 0.439063 0.363086 0.359375 0.280859 0.0501404
6 0.435156 0.362891 0.357812 0.282813 0.0257568
18 0.437891 0.35957 0.357812 0.286328 0.0137939
7 0.437891 0.35957 0.357812 0.286328 0.0114212
10 0.439063 0.363086 0.359375 0.280859 0.00471878
4 0.432422 0.364258 0.369531 0.282422 0.00388527
11 0.439453 0.362891 0.366406 0.303906 0.00337601
16 0.439453 0.362891 0.366406 0.303906 0.00332451
0 0.447266 0.364844 0.346094 0.282813 0.00178909
24 0.435156 0.362891 0.357812 0.282813 0.00148964
14 0.441016 0.377734 0.342969 0.305469 0.741699
2 0.437891 0.370703 0.342187 0.279687 0.238647
23 0.437402 0.370898 0.34082 0.284766 0.113159
4 0.441016 0.377734 0.342969 0.305469 0.0587769
9 0.439453 0.367188 0.347656 0.295312 0.0562439
25 0.437891 0.370703 0.342187 0.279687 0.021698
6 0.437891 0.370703 0.342187 0.279687 0.005867
18 0.438281 0.371484 0.345313 0.2875 0.00174141
5 0.437402 0.370898 0.34082 0.284766 0.00123978
2 0.448535 0.361328 0.326367 0.263281 0.693359
14 0.448535 0.361328 0.326367 0.263281 0.133423
7 0.446875 0.358203 0.321875 0.280469 0.0411377
23 0.447266 0.367578 0.317188 0.271875 0.036499
6 0.446094 0.358203 0.325 0.28125 0.0195618
25 0.444531 0.365625 0.325 0.273438 0.0144501
18 0.446875 0.358203 0.321875 0.280469 0.012146
10 0.448828 0.367578 0.322656 0.267969 0.00821686
9 0.448828 0.367578 0.322656 0.267969 0.00658798
16 0.444531 0.365625 0.325 0.273438 0.00559998
11 0.447754 0.358984 0.32168 0.263281 0.00168705
14 0.818164 0.171484 0.363672 0.319531 0.00152493
2 0.444141 0.365039 0.342969 0.290234 0.505859
23 0.436816 0.364844 0.349805 0.29375 0.134277
14 0.440625 0.37168 0.342187 0.291016 0.0708008
25 0.440625 0.37168 0.342187 0.291016 0.0233307
9 0.446191 0.364453 0.341992 0.289844 0.00757599
6 0.440625 0.37168 0.342187 0.291016 0.00701141
18 0.446191 0.364453 0.341992 0.289844 0.00631332
0 0.436328 0.372656 0.355469 0.298438 0.00348282
7 0.439453 0.376563 0.34375 0.296875 0.00309944
4 0.439453 0.376563 0.34375 0.296875 0.00305176
10 0.436328 0.372656 0.355469 0.298438 0.00230598
16 0.436328 0.372656 0.355469 0.298438 0.00215721
1 0.449121 0.369336 0.33457 0.295703 0.00142097
2 0.442188 0.366992 0.334375 0.270703 0.927246
23 0.443066 0.374023 0.337305 0.265234 0.227417
6 0.440625 0.366797 0.33125 0.275781 0.155029
9 0.440625 0.369531 0.326562 0.270313 0.0994873
7 0.440527 0.37207 0.32207 0.268359 0.0758667
14 0.437598 0.370313 0.32793 0.271875 0.0476074
18 0.440625 0.369531 0.326562 0.270313 0.0377502
16 0.440625 0.369531 0.326562 0.270313 0.0132217
25 0.437598 0.370313 0.32793 0.271875 0.00669098
24 0.438379 0.378906 0.318555 0.257031 0.00653839
11 0.436328 0.364453 0.352344 0.284375 0.00582123
19 0.442188 0.374219 0.329688 0.276563 0.00359344
0 0.436328 0.364453 0.352344 0.284375 0.0030632
10 0.442188 0.366992 0.334375 0.270703 0.00269318
3 0.436328 0.364453 0.352344 0.284375 0.00226021
13 0.261328 0.655566 0.522656 0.688867 0.00220871
19 0.277734 0.716016 0.278125 0.388281 0.00158501
12 0.274414 0.658984 0.548828 0.682031 0.00144386
4 0.436328 0.364453 0.352344 0.284375 0.00135612
2 0.44834 0.375684 0.336133 0.30957 0.637695
14 0.448438 0.37207 0.332813 0.280859 0.076416
23 0.446777 0.373828 0.34082 0.278906 0.0574951
6 0.448438 0.37207 0.332813 0.280859 0.0190125
25 0.448438 0.37207 0.332813 0.280859 0.012146
9 0.449609 0.374219 0.341406 0.307813 0.00411606
11 0.446484 0.371094 0.336719 0.3 0.00275803
0 0.446484 0.371094 0.336719 0.3 0.00239754
4 0.446484 0.371094 0.336719 0.3 0.00230598
16 0.443848 0.373828 0.34668 0.307031 0.0020752
10 0.446777 0.373828 0.34082 0.278906 0.00151253
7 0.446484 0.371094 0.336719 0.3 0.00140476
17 0.446484 0.371094 0.336719 0.3 0.00135136
2 0.445312 0.370508 0.34375 0.283984 0.784668
23 0.445703 0.369531 0.352344 0.267969 0.125122
9 0.445312 0.370508 0.34375 0.283984 0.0432129
14 0.450391 0.380371 0.347656 0.283008 0.0390625
6 0.445312 0.370508 0.34375 0.283984 0.0102463
25 0.444434 0.373047 0.34707 0.275 0.00867462
18 0.444434 0.373047 0.34707 0.275 0.0078125
7 0.445312 0.365625 0.349219 0.276563 0.00701141
16 0.445703 0.369531 0.352344 0.267969 0.00450516
11 0.442969 0.376563 0.355469 0.282813 0.00400543
10 0.445703 0.369531 0.352344 0.267969 0.00219917
0 0.445703 0.369531 0.352344 0.267969 0.00185299
4 0.445703 0.369531 0.352344 0.267969 0.00136662
2 0.446484 0.365234 0.313281 0.269531 0.899414
23 0.444922 0.366406 0.310937 0.2625 0.105957
14 0.446484 0.365234 0.313281 0.269531 0.100525
25 0.440625 0.367578 0.3125 0.2625 0.0197906
7 0.446777 0.359961 0.311133 0.273828 0.012825
19 0.801562 0.154102 0.323438 0.308203 0.00588989
6 0.440625 0.367578 0.3125 0.2625 0.00486755
18 0.446777 0.359961 0.311133 0.273828 0.00340271
9 0.441797 0.363086 0.317969 0.269922 0.00296974
16 0.440625 0.367578 0.3125 0.2625 0.00296974
10 0.444922 0.366406 0.310937 0.2625 0.00228691
0 0.437891 0.366211 0.325 0.262109 0.00132465
4 0.437891 0.366211 0.325 0.262109 0.00126934
2 0.446777 0.381641 0.356445 0.294531 0.776855
6 0.44541 0.369922 0.335742 0.277344 0.0690308
7 0.445996 0.377246 0.35957 0.289258 0.0327148
18 0.446973 0.366797 0.349805 0.285156 0.0319824
9 0.443848 0.370898 0.341992 0.270703 0.0226288
23 0.448047 0.369336 0.338281 0.263672 0.0091629
16 0.446484 0.366406 0.349219 0.278125 0.008255
14 0.442969 0.379004 0.35625 0.298242 0.00731659
19 0.809375 0.160449 0.359375 0.320898 0.00519943
11 0.445996 0.377246 0.35957 0.289258 0.00408554
24 0.443066 0.367773 0.349805 0.291797 0.00160408
2 0.440723 0.376563 0.329492 0.276563 0.963867
14 0.437402 0.375098 0.331445 0.276367 0.0432129
23 0.440723 0.376563 0.329492 0.276563 0.0302124
7 0.440723 0.376563 0.329492 0.276563 0.0165863
6 0.437402 0.375098 0.331445 0.276367 0.0118713
9 0.445215 0.375684 0.336133 0.275195 0.00443268
25 0.438281 0.375098 0.335156 0.27793 0.0036068
16 0.445215 0.375684 0.336133 0.275195 0.00213242
11 0.438281 0.374805 0.336719 0.287891 0.00110722
2 0.445215 0.376172 0.339258 0.275 0.950684
6 0.448828 0.374805 0.347656 0.271484 0.0342407
23 0.445215 0.376172 0.339258 0.275 0.0280151
9 0.448828 0.374805 0.347656 0.271484 0.0196381
14 0.449219 0.374609 0.34375 0.294531 0.0127258
7 0.442188 0.380566 0.346094 0.291992 0.00844574
19 0.801562 0.170898 0.31875 0.341797 0.00443268
11 0.45 0.376172 0.346875 0.277344 0.00363541
16 0.443359 0.376465 0.341406 0.286133 0.00194931
18 0.448828 0.374805 0.347656 0.271484 0.00188255
25 0.45 0.376172 0.346875 0.277344 0.00110722
2 0.441309 0.377344 0.33457 0.285938 0.960449
7 0.443848 0.378516 0.335742 0.289062 0.0367737
14 0.440234 0.378125 0.339844 0.288281 0.0305634
6 0.440723 0.378125 0.335742 0.282031 0.0261536
23 0.446094 0.376953 0.335156 0.282031 0.0212097
9 0.444922 0.380469 0.338281 0.271875 0.00494385
16 0.446875 0.370898 0.342187 0.281641 0.0041008
25 0.440234 0.379785 0.345313 0.299805 0.00329781
11 0.440723 0.378125 0.335742 0.282031 0.00284576
10 0.440723 0.378125 0.335742 0.282031 0.00106907
2 0.439941 0.378223 0.332617 0.276367 0.842773
14 0.442969 0.376563 0.339063 0.26875 0.0548096
23 0.442969 0.376563 0.339063 0.26875 0.0427246
6 0.439453 0.381152 0.330469 0.268945 0.0343628
9 0.442969 0.376563 0.339063 0.26875 0.00341606
25 0.438672 0.379297 0.335156 0.278125 0.00316048
7 0.439941 0.378223 0.332617 0.276367 0.00312424
0 0.438184 0.377441 0.331445 0.28418 0.00105667
16 0.442969 0.376563 0.339063 0.26875 0.00104809
2 0.442969 0.377344 0.334375 0.291406 0.944824
14 0.446191 0.377734 0.335742 0.299219 0.0736694
23 0.442969 0.377344 0.334375 0.291406 0.0239563
14 0.823438 0.175195 0.353125 0.312891 0.0131226
4 0.825977 0.169922 0.348047 0.305859 0.0105286
9 0.442188 0.378125 0.338281 0.292969 0.00352478
23 0.823438 0.175195 0.353125 0.312891 0.00199509
7 0.445703 0.376953 0.332813 0.299219 0.00168705
0 0.825977 0.169922 0.348047 0.305859 0.0016489
25 0.442188 0.378125 0.338281 0.292969 0.00156116
4 0.442578 0.376172 0.339844 0.290625 0.0011034
2 0.442969 0.375391 0.341406 0.286719 0.93457
14 0.451953 0.374609 0.349219 0.295312 0.129883
23 0.442969 0.375391 0.341406 0.286719 0.0258636
7 0.442969 0.375391 0.341406 0.286719 0.00526047
9 0.440625 0.374219 0.340625 0.275 0.00304031
1 0.453516 0.376172 0.347656 0.29375 0.0024147
6 0.440625 0.374219 0.340625 0.275 0.00226974
25 0.448438 0.375391 0.341406 0.291406 0.00154877
17 0.441797 0.371875 0.339063 0.280469 0.00127888
2 0.442871 0.371094 0.342383 0.298438 0.981445
14 0.444531 0.378223 0.35 0.316992 0.114746
23 0.443359 0.372656 0.344531 0.296875 0.00717545
7 0.442871 0.371094 0.342383 0.298438 0.00629044
6 0.443848 0.373633 0.338867 0.288672 0.00348282
9 0.443359 0.372656 0.344531 0.296875 0.00141621
25 0.444531 0.371484 0.346094 0.299219 0.00126457
2 0.437109 0.369141 0.341406 0.284375 0.976562
14 0.440723 0.372852 0.341992 0.296484 0.0167847
23 0.43291 0.369531 0.345117 0.279687 0.00831604
7 0.436719 0.378516 0.332813 0.291406 0.00284576
6 0.436328 0.363672 0.340625 0.285156 0.00270462
14 0.814648 0.170898 0.370703 0.301172 0.00243378
1 0.442969 0.378223 0.3375 0.287305 0.00231361
9 0.43291 0.369531 0.345117 0.279687 0.00224304
25 0.439453 0.370703 0.342969 0.283594 0.00126457
2 0.435059 0.372656 0.350195 0.275 0.9375
9 0.433984 0.372266 0.353125 0.284375 0.0163422
14 0.435547 0.373437 0.351562 0.285938 0.0130692
23 0.435059 0.372656 0.350195 0.275 0.0113754
6 0.433203 0.373047 0.346875 0.286719 0.00143242
7 0.433203 0.373047 0.346875 0.286719 0.00109482
17 0.433984 0.370117 0.353125 0.289453 0.00104809
2 0.435937 0.375879 0.344531 0.27793 0.939941
23 0.433496 0.375781 0.345508 0.278125 0.0137939
14 0.437109 0.376953 0.344531 0.276563 0.0117798
9 0.433496 0.375781 0.345508 0.278125 0.00926971
6 0.440234 0.379688 0.346875 0.290625 0.00547028
11 0.437109 0.379688 0.349219 0.289844 0.00494385
7 0.435937 0.375879 0.344531 0.27793 0.00235939
17 0.4375 0.376563 0.35 0.296875 0.00113773
0 0.440234 0.379688 0.346875 0.290625 0.00104427
2 0.438672 0.367578 0.332813 0.2625 0.963867
14 0.434375 0.367969 0.330469 0.258594 0.0639648
23 0.434375 0.367969 0.330469 0.258594 0.0193481
6 0.440625 0.369531 0.314063 0.270313 0.0039444
9 0.437402 0.369531 0.333008 0.271094 0.00260162
25 0.436719 0.368164 0.333594 0.263672 0.00174141
7 0.434375 0.378125 0.328125 0.271875 0.00144386
4 0.440625 0.369531 0.314063 0.270313 0.00125504
11 0.434375 0.378125 0.328125 0.271875 0.00103664
2 0.430469 0.365234 0.34375 0.28125 0.942383
23 0.433496 0.364648 0.35332 0.277734 0.0237732
14 0.432422 0.369727 0.353906 0.291016 0.0229797
6 0.432715 0.367188 0.348633 0.28125 0.00989532
9 0.432715 0.367188 0.348633 0.28125 0.0050621
11 0.432715 0.367188 0.348633 0.28125 0.00403976
25 0.430469 0.365234 0.34375 0.28125 0.00253105
0 0.433496 0.364648 0.35332 0.277734 0.00186729
7 0.433496 0.364648 0.35332 0.277734 0.00142097
17 0.431934 0.365039 0.342383 0.280859 0.00133514
4 0.432715 0.367188 0.348633 0.28125 0.00118351
2 0.439844 0.368164 0.336719 0.260547 0.979492
23 0.441016 0.36875 0.341406 0.25625 0.0200958
14 0.437598 0.370313 0.329492 0.274219 0.0120544
6 0.437109 0.369336 0.33125 0.266016 0.00769424
7 0.439844 0.368164 0.336719 0.260547 0.00612259
9 0.437109 0.369336 0.336719 0.270703 0.00263214
11 0.437598 0.370313 0.329492 0.274219 0.00151253
2 0.435156 0.371094 0.339063 0.275781 0.903809
14 0.444922 0.371289 0.325 0.276953 0.0720825
23 0.43125 0.371094 0.340625 0.272656 0.0130234
25 0.435156 0.371094 0.339063 0.275781 0.00438309
1 0.445996 0.37207 0.318945 0.269922 0.00129414
10 0.46875 0.533984 0.395313 0.403906 0.00109863
2 0.439063 0.366211 0.338281 0.273047 0.662598
23 0.437891 0.362891 0.344531 0.277344 0.0304413
9 0.435937 0.366406 0.332031 0.270313 0.0281067
6 0.436719 0.365234 0.328125 0.269531 0.0242767
14 0.439063 0.366211 0.338281 0.273047 0.0142822
4 0.436719 0.365234 0.328125 0.269531 0.00857544
25 0.442285 0.363672 0.348242 0.276563 0.00168705
2 0.442871 0.357031 0.343945 0.267188 0.890625
14 0.4375 0.356445 0.332813 0.268359 0.042572
23 0.4375 0.356445 0.332813 0.268359 0.0411377
25 0.441797 0.352344 0.338281 0.263281 0.0050621
6 0.442871 0.357031 0.343945 0.267188 0.00439835
17 0.435156 0.359375 0.33125 0.265625 0.00191879
9 0.442871 0.357031 0.343945 0.267188 0.00176811
4 0.444434 0.355859 0.336133 0.264844 0.00153637
0 0.444434 0.355859 0.336133 0.264844 0.00128937
11 0.441797 0.357812 0.342969 0.267188 0.00101185
2 0.443652 0.354688 0.33457 0.257031 0.981934
6 0.440625 0.356641 0.333594 0.258594 0.042572
7 0.440625 0.356641 0.333594 0.258594 0.00800323
9 0.445312 0.351758 0.332813 0.256641 0.00775528
14 0.440234 0.354297 0.332031 0.260156 0.00612259
23 0.44209 0.353906 0.333008 0.261719 0.00283432
16 0.434766 0.357617 0.328906 0.257422 0.00209999
17 0.434766 0.357617 0.328906 0.257422 0.00126457
11 0.446875 0.353125 0.335156 0.253906 0.00113773
2 0.443848 0.348828 0.326367 0.270313 0.893066
7 0.44375 0.351953 0.320312 0.267969 0.00544739
16 0.442871 0.351562 0.317383 0.2625 0.00419998
14 0.44375 0.351953 0.320312 0.267969 0.00379562
9 0.441406 0.350391 0.329688 0.255469 0.00356483
23 0.44375 0.351953 0.320312 0.267969 0.00200272
6 0.44375 0.351953 0.320312 0.267969 0.00196457
2 0.444629 0.355859 0.33418 0.264062 0.973145
14 0.444629 0.355859 0.33418 0.264062 0.0135345
9 0.446484 0.353516 0.332031 0.263281 0.00701141
23 0.446484 0.353516 0.332031 0.263281 0.00240517
7 0.442578 0.351758 0.333594 0.265234 0.002388
6 0.446484 0.353516 0.332031 0.263281 0.00209999
2 0.442969 0.35 0.332031 0.267969 0.950195
14 0.442578 0.353516 0.332813 0.260156 0.00905609
23 0.447656 0.352148 0.328125 0.258203 0.00544739
7 0.442969 0.35 0.332031 0.267969 0.00413513
9 0.447656 0.352148 0.328125 0.258203 0.0024147
6 0.446875 0.349609 0.328906 0.25625 0.00213242
16 0.447656 0.352148 0.328125 0.258203 0.00184631
2 0.442969 0.359766 0.338281 0.266406 0.940918
14 0.440723 0.358984 0.335742 0.265625 0.0158997
23 0.440234 0.359766 0.338281 0.264844 0.00382423
25 0.441406 0.357031 0.346875 0.263281 0.00194168
6 0.440234 0.359766 0.338281 0.264844 0.00139904
7 0.440234 0.359766 0.338281 0.264844 0.00101662
2 0.441309 0.357227 0.337695 0.273047 0.947754
6 0.440723 0.359766 0.332617 0.265625 0.012291
9 0.444141 0.360938 0.341406 0.265625 0.0103302
14 0.451562 0.362891 0.328125 0.261719 0.00452042
23 0.440625 0.35957 0.3375 0.269922 0.00319672
11 0.437891 0.356445 0.334375 0.260547 0.00117397
7 0.451562 0.362891 0.328125 0.261719 0.00113392
17 0.441309 0.357227 0.337695 0.273047 0.00107288
2 0.441504 0.356836 0.343555 0.268359 0.953613
14 0.440527 0.357812 0.336133 0.264062 0.0230713
23 0.440234 0.357812 0.341406 0.264062 0.00327301
9 0.439453 0.359375 0.34375 0.265625 0.00233269
7 0.440234 0.357812 0.341406 0.264062 0.00230598
2 0.441406 0.358203 0.334375 0.267969 0.97168
14 0.44375 0.359375 0.335938 0.265625 0.0177155
25 0.446875 0.362109 0.322656 0.266406 0.00275803
23 0.44375 0.359375 0.335938 0.265625 0.00244331
7 0.441016 0.360352 0.322656 0.254297 0.00201988
2 0.442969 0.358984 0.324219 0.252344 0.964355
14 0.439844 0.358203 0.31875 0.250781 0.0486755
23 0.439844 0.358203 0.31875 0.250781 0.00327301
9 0.440527 0.361719 0.33457 0.254688 0.00203514
6 0.447559 0.361328 0.329883 0.25 0.00176811
7 0.440625 0.361328 0.325 0.260156 0.00129414
2 0.436035 0.361328 0.337305 0.265625 0.941406
7 0.435937 0.366016 0.332813 0.25625 0.00288963
14 0.4375 0.363281 0.335938 0.2625 0.00265312
9 0.436035 0.366406 0.33418 0.2625 0.00226021
23 0.4375 0.363281 0.335938 0.2625 0.00178242
2 0.443359 0.362695 0.310937 0.236328 0.828613
6 0.4375 0.362109 0.307813 0.242188 0.0334778
9 0.440625 0.363281 0.320312 0.239844 0.0290833
14 0.443359 0.362695 0.310937 0.236328 0.00564194
23 0.4375 0.362109 0.307813 0.242188 0.00232315
11 0.4375 0.362109 0.307813 0.242188 0.00182438
2 0.451172 0.14082 0.390625 0.280859 0.00141048
17 0.437891 0.364648 0.297656 0.240234 0.00105667
2 0.441406 0.364063 0.315625 0.239063 0.947754
14 0.438184 0.363086 0.30957 0.243359 0.0129242
23 0.438184 0.363086 0.30957 0.243359 0.00305176
9 0.439063 0.363281 0.316406 0.241406 0.00176811
6 0.435937 0.364063 0.311719 0.240625 0.00125504
7 0.442578 0.362109 0.313281 0.239063 0.00100422
2 0.442969 0.367969 0.31875 0.253906 0.894531
23 0.439746 0.363086 0.32832 0.261328 0.00891876
14 0.439746 0.363086 0.32832 0.261328 0.00844574
6 0.439746 0.363086 0.32832 0.261328 0.00217438
7 0.446484 0.367578 0.317969 0.255469 0.00131512
9 0.439746 0.363086 0.32832 0.261328 0.00124931
2 0.441309 0.366016 0.329883 0.257031 0.936035
14 0.438184 0.366016 0.337695 0.259375 0.0151901
23 0.438184 0.366016 0.337695 0.259375 0.00349617
7 0.443848 0.367188 0.329492 0.257031 0.00121593
2 0.441504 0.360938 0.310742 0.239063 0.93457
14 0.441797 0.363281 0.310156 0.249219 0.00746155
23 0.436621 0.363672 0.31582 0.25 0.00568771
6 0.436621 0.363672 0.31582 0.25 0.00279045
9 0.438184 0.363672 0.317383 0.250781 0.0026722
7 0.441797 0.363281 0.310156 0.249219 0.00157928
25 0.438281 0.363281 0.31875 0.253906 0.00100803
2 0.439941 0.367773 0.307617 0.251953 0.923828
14 0.43916 0.364063 0.312305 0.245312 0.0268555
23 0.43916 0.364063 0.312305 0.245312 0.00919342
25 0.439453 0.364063 0.314063 0.249219 0.00115585
2 0.444531 0.36875 0.303125 0.247656 0.855957
14 0.439941 0.366406 0.306055 0.253906 0.0297546
23 0.439941 0.366406 0.306055 0.253906 0.00821686
6 0.439941 0.366406 0.306055 0.253906 0.00137806
25 0.439941 0.366406 0.306055 0.253906 0.00109005
2 0.443359 0.369922 0.307031 0.254688 0.882324
14 0.437109 0.366016 0.309375 0.248438 0.028656
23 0.437109 0.366016 0.309375 0.248438 0.00502014
6 0.439063 0.367969 0.307813 0.251563 0.00452042
9 0.440234 0.369141 0.310937 0.255469 0.00143242
2 0.444141 0.362305 0.300781 0.238672 0.92627
14 0.442578 0.364648 0.297656 0.238672 0.0325928
6 0.440625 0.366211 0.297656 0.240234 0.0132217
23 0.441016 0.362891 0.296094 0.236719 0.00575256
9 0.443359 0.364844 0.298438 0.244531 0.00163555
25 0.442578 0.364648 0.297656 0.238672 0.0015974
7 0.442969 0.365234 0.3 0.244531 0.00119686
2 0.442871 0.361719 0.295508 0.234375 0.908203
14 0.441016 0.362891 0.298438 0.239844 0.0420837
23 0.441016 0.362891 0.298438 0.239844 0.011116
25 0.441016 0.362891 0.298438 0.239844 0.00156116
7 0.442188 0.362305 0.3 0.238672 0.00138855
2 0.442578 0.361328 0.292969 0.226562 0.817383
14 0.438672 0.364844 0.296875 0.234375 0.0562439
23 0.438672 0.364844 0.296875 0.234375 0.0288696
25 0.438672 0.364844 0.296875 0.234375 0.00276756
6 0.439941 0.363477 0.29668 0.236328 0.00121117
2 0.4375 0.367578 0.311719 0.236719 0.816406
6 0.432031 0.37168 0.3125 0.233984 0.0379028
9 0.434277 0.367578 0.317383 0.244531 0.011116
11 0.432031 0.37168 0.3125 0.233984 0.00359344
14 0.433594 0.368555 0.315625 0.234766 0.00356483
23 0.433594 0.368555 0.315625 0.234766 0.00235939
2 0.43291 0.368359 0.30293 0.238281 0.896973
14 0.43125 0.370313 0.307813 0.240625 0.0205688
23 0.43125 0.370313 0.307813 0.240625 0.0055542
9 0.428906 0.369141 0.314844 0.247656 0.00225258
6 0.428125 0.370313 0.315625 0.248438 0.00154305
2 0.43291 0.367578 0.318555 0.251563 0.895508
14 0.43291 0.368359 0.313867 0.241406 0.0158997
23 0.43291 0.368359 0.313867 0.241406 0.0110321
6 0.433691 0.370313 0.30918 0.241406 0.00148964
7 0.434473 0.368555 0.312305 0.251172 0.00102806
2 0.439746 0.366016 0.325195 0.252344 0.876465
14 0.439453 0.365625 0.319531 0.247656 0.00746155
23 0.439453 0.365625 0.319531 0.247656 0.0069046
9 0.439453 0.365625 0.319531 0.247656 0.00187492
6 0.439453 0.365625 0.319531 0.247656 0.00178909
2 0.441797 0.366992 0.324219 0.255078 0.899902
14 0.440723 0.368164 0.329492 0.262109 0.0064888
9 0.442188 0.366211 0.321875 0.247266 0.00564194
23 0.442188 0.366406 0.320312 0.251563 0.00527954
6 0.442188 0.366211 0.321875 0.247266 0.00259018
2 0.441016 0.366016 0.315625 0.244531 0.871582
23 0.440723 0.366602 0.310742 0.244141 0.0115509
9 0.440625 0.366016 0.3125 0.239063 0.00912476
6 0.440625 0.366016 0.3125 0.239063 0.00595856
14 0.438672 0.366797 0.31875 0.249219 0.00486755
4 0.440625 0.366016 0.3125 0.239063 0.00137806
2 0.441797 0.36875 0.307813 0.253125 0.915039
14 0.439746 0.367969 0.30332 0.245312 0.0195007
23 0.441016 0.366992 0.302344 0.246484 0.0158386
9 0.439746 0.367969 0.30332 0.245312 0.00302696
4 0.439746 0.367969 0.30332 0.245312 0.00162888
6 0.439746 0.367969 0.30332 0.245312 0.00135136
2 0.438965 0.367578 0.314258 0.253125 0.894043
14 0.437891 0.367969 0.311719 0.246875 0.011467
23 0.437891 0.367969 0.311719 0.246875 0.00841522
9 0.436719 0.367969 0.316406 0.257812 0.00206757
6 0.437891 0.367969 0.311719 0.246875 0.00198746
2 0.442188 0.367969 0.317188 0.253906 0.867188
9 0.440527 0.36875 0.318945 0.258594 0.00595856
14 0.440625 0.367188 0.314063 0.251563 0.00366402
23 0.441016 0.367188 0.313281 0.253125 0.00271416
6 0.440625 0.367188 0.314063 0.251563 0.00124931
2 0.442188 0.367383 0.308594 0.243359 0.910645
14 0.439063 0.368164 0.30625 0.237891 0.00945282
23 0.439063 0.368164 0.30625 0.237891 0.00492477
9 0.439844 0.368359 0.308594 0.246875 0.00400543
6 0.439063 0.368164 0.30625 0.237891 0.00140476
2 0.440234 0.367969 0.314844 0.246094 0.905762
14 0.439746 0.369531 0.308008 0.239844 0.00757599
23 0.440527 0.367383 0.308008 0.241797 0.00579834
9 0.438184 0.368164 0.314258 0.247266 0.00453949
6 0.439746 0.369531 0.308008 0.239844 0.00230598
2 0.439063 0.369531 0.319531 0.255469 0.871582
14 0.436719 0.369922 0.316406 0.250781 0.0132217
23 0.436719 0.369922 0.316406 0.250781 0.00643921
9 0.437109 0.370508 0.321094 0.258984 0.00201035
2 0.439453 0.369727 0.322656 0.256641 0.89502
14 0.438672 0.369141 0.320312 0.253906 0.00720596
23 0.438672 0.369141 0.320312 0.253906 0.00526047
9 0.438281 0.370313 0.325 0.261719 0.00277901
2 0.439941 0.369922 0.318555 0.254688 0.905762
14 0.438281 0.367773 0.317188 0.251953 0.00787354
23 0.438281 0.367773 0.317188 0.251953 0.00351143
9 0.438281 0.370117 0.319531 0.259766 0.00243378
2 0.441016 0.36875 0.317969 0.25 0.916504
14 0.440234 0.367188 0.317969 0.251563 0.00568771
23 0.440234 0.367188 0.317969 0.251563 0.00279045
9 0.43916 0.369336 0.320117 0.255859 0.00263214
6 0.440234 0.367188 0.317969 0.251563 0.00118351
2 0.441797 0.367969 0.317188 0.245312 0.916016
14 0.439844 0.367578 0.31875 0.246875 0.0050621
23 0.441016 0.367188 0.316406 0.248438 0.00322342
9 0.439844 0.367578 0.31875 0.246875 0.00300407
6 0.439844 0.367578 0.31875 0.246875 0.0020752
2 0.440625 0.36875 0.31875 0.246875 0.91748
14 0.43916 0.367969 0.318555 0.248438 0.00638962
9 0.438672 0.369531 0.320312 0.253125 0.00246239
23 0.43916 0.367969 0.318555 0.248438 0.00232315
6 0.43916 0.367969 0.318555 0.248438 0.00179577
2 0.440723 0.369531 0.318555 0.248438 0.931152
14 0.43916 0.368555 0.318555 0.249609 0.008255
23 0.43916 0.368555 0.318555 0.249609 0.00282288
9 0.438965 0.370313 0.320508 0.253906 0.00213242
6 0.43916 0.368555 0.318555 0.249609 0.0012207
2 0.439746 0.368359 0.317383 0.241406 0.92627
14 0.438281 0.367969 0.314063 0.242188 0.00698471
23 0.438281 0.367969 0.314063 0.242188 0.00293541
9 0.437891 0.368945 0.31875 0.248047 0.00281143
6 0.438281 0.367969 0.314063 0.242188 0.00154305
2 0.439453 0.369141 0.321875 0.244531 0.924316
14 0.439746 0.368555 0.320508 0.247266 0.00385475
9 0.437891 0.369531 0.325 0.251563 0.00323486
23 0.439746 0.368555 0.320508 0.247266 0.00216484
6 0.439746 0.368555 0.320508 0.247266 0.00179577
2 0.441016 0.369336 0.317969 0.246484 0.925293
14 0.440234 0.367578 0.317188 0.247656 0.00376511
9 0.439844 0.369531 0.319531 0.253125 0.00214005
23 0.440234 0.367578 0.317188 0.247656 0.00213242
6 0.440234 0.367578 0.317188 0.247656 0.00191212
2 0.441406 0.369141 0.315625 0.248438 0.920898
14 0.440527 0.367578 0.31582 0.249219 0.00682449
23 0.440527 0.367578 0.31582 0.249219 0.00273705
9 0.440234 0.369922 0.317188 0.253906 0.0018177
6 0.440527 0.367578 0.31582 0.249219 0.00143242
2 0.440625 0.369727 0.315625 0.245703 0.915527
14 0.439453 0.368359 0.314063 0.246875 0.00828552
23 0.439453 0.368359 0.314063 0.246875 0.00324821
9 0.439063 0.370117 0.316406 0.251953 0.00212479
6 0.439453 0.368359 0.314063 0.246875 0.00119686
2 0.440625 0.368359 0.316406 0.241406 0.908203
14 0.439844 0.368164 0.314063 0.244141 0.00605011
9 0.439063 0.369141 0.317188 0.248438 0.00359344
23 0.439844 0.368164 0.314063 0.244141 0.00273705
6 0.439844 0.368164 0.314063 0.244141 0.00168705
2 0.440625 0.36875 0.315625 0.242188 0.898438
14 0.439844 0.368164 0.3125 0.244141 0.00709534
9 0.439063 0.369531 0.316406 0.248438 0.00457382
23 0.439844 0.368164 0.3125 0.244141 0.00277901
6 0.439844 0.368164 0.3125 0.244141 0.0016613
2 0.440625 0.369727 0.315625 0.244922 0.904785
14 0.439844 0.36875 0.314063 0.246094 0.00919342
9 0.439063 0.370313 0.317188 0.250781 0.00405502
23 0.439844 0.36875 0.314063 0.246094 0.00282288
6 0.439844 0.36875 0.314063 0.246094 0.00148964
2 0.440625 0.369922 0.317188 0.246094 0.913574
14 0.439941 0.368359 0.31543 0.246094 0.00793457
9 0.43916 0.370117 0.318555 0.251172 0.00365067
23 0.439941 0.368359 0.31543 0.246094 0.00276756
6 0.439941 0.368359 0.31543 0.246094 0.0016613
2 0.440723 0.369336 0.316992 0.244922 0.906738
14 0.439453 0.368164 0.314063 0.244922 0.00760651
9 0.438672 0.369531 0.317969 0.25 0.0041008
23 0.439453 0.368164 0.314063 0.244922 0.00282288
6 0.439453 0.368164 0.314063 0.244922 0.00178909
2 0.440234 0.369141 0.317969 0.246094 0.907227
14 0.439844 0.368359 0.315625 0.246094 0.0068512
9 0.439063 0.369922 0.31875 0.250781 0.00385475
23 0.439844 0.368359 0.315625 0.246094 0.00273705
6 0.439844 0.368359 0.315625 0.246094 0.00168705
2 0.440723 0.369141 0.316992 0.246094 0.901855
14 0.439941 0.368164 0.313867 0.245703 0.00815582
9 0.439063 0.369727 0.317969 0.250391 0.00369263
23 0.439941 0.368164 0.313867 0.245703 0.0029583
6 0.439941 0.368164 0.313867 0.245703 0.0016613
2 0.440625 0.369141 0.316406 0.245312 0.905762
14 0.439746 0.368359 0.312695 0.244531 0.00754929
9 0.438965 0.369922 0.317383 0.25 0.00349617
23 0.439746 0.368359 0.312695 0.244531 0.00288963
6 0.439746 0.368359 0.312695 0.244531 0.00164223
2 0.440625 0.369141 0.315625 0.244531 0.908691
14 0.439453 0.368359 0.311719 0.24375 0.00740433
9 0.439453 0.369727 0.316406 0.248828 0.00352478
23 0.439453 0.368359 0.311719 0.24375 0.00286674
6 0.439453 0.368359 0.311719 0.24375 0.0017271
2 0.440723 0.368945 0.31543 0.244141 0.911621
14 0.439746 0.368164 0.311133 0.244141 0.00784302
9 0.439453 0.369336 0.316406 0.248828 0.00311089
23 0.439746 0.368164 0.311133 0.244141 0.00305176
6 0.439746 0.368164 0.311133 0.244141 0.00165462
2 0.440625 0.36875 0.315625 0.24375 0.910645
14 0.439746 0.367969 0.311133 0.24375 0.0078125
9 0.439063 0.369531 0.316406 0.248438 0.00327301
23 0.439746 0.367969 0.311133 0.24375 0.00307465
6 0.439746 0.367969 0.311133 0.24375 0.0017271
2 0.440527 0.369141 0.31582 0.245312 0.910645
14 0.439746 0.368359 0.312695 0.245312 0.00709534
9 0.439063 0.369727 0.317188 0.250391 0.00319672
23 0.439746 0.368359 0.312695 0.245312 0.0029583
6 0.439746 0.368359 0.312695 0.245312 0.00164223
2 0.440625 0.369141 0.316406 0.246094 0.901855
14 0.439941 0.368164 0.313867 0.245703 0.00818634
9 0.439063 0.369727 0.317969 0.250391 0.00366402
23 0.439941 0.368164 0.313867 0.245703 0.00294685
6 0.439941 0.368164 0.313867 0.245703 0.00163555
