14 0.631641 0.4 0.427344 0.232031 0.00446701
5 0.573047 0.388672 0.553906 0.248438 0.00426483
7 0.525684 0.38125 0.667383 0.26875 0.00411606
11 0.613281 0.392188 0.457813 0.238281 0.00388527
10 0.573047 0.388672 0.553906 0.248438 0.00323486
11 0.547266 0.2875 0.680469 0.467187 0.00261116
11 0.525684 0.38125 0.667383 0.26875 0.00258064
3 0.631641 0.4 0.427344 0.232031 0.00208282
14 0.525684 0.38125 0.667383 0.26875 0.00206757
4 0.573047 0.388672 0.553906 0.248438 0.00205803
5 0.53584 0.361328 0.70957 0.321094 0.00202751
7 0.631641 0.4 0.427344 0.232031 0.00200272
9 0.552441 0.366016 0.610742 0.292188 0.00194931
11 0.611426 0.275 0.777148 0.55 0.00172043
7 0.547266 0.2875 0.680469 0.467187 0.00157356
4 0.642578 0.400781 0.402344 0.225 0.0015192
0 0.63125 0.396484 0.425 0.249219 0.00141621
5 0.547266 0.2875 0.680469 0.467187 0.00138855
18 0.631641 0.4 0.427344 0.232031 0.00136662
2 0.571191 0.398535 0.554492 0.245117 0.00134563
20 0.573047 0.388672 0.553906 0.248438 0.00127411
11 0.591797 0.363672 0.761719 0.614844 0.00126457
10 0.642578 0.400781 0.402344 0.225 0.00123501
9 0.613281 0.392188 0.457813 0.238281 0.00115585
14 0.556348 0.280078 0.67168 0.496094 0.00112438
0 0.579297 0.389453 0.569531 0.271094 0.00109005
6 0.525684 0.38125 0.667383 0.26875 0.00103188
23 0.573047 0.388672 0.553906 0.248438 0.00100803
17 0.385156 0.634375 0.770312 0.73125 0.363037
22 0.385156 0.634375 0.770312 0.73125 0.227417
17 0.511328 0.603516 0.849219 0.792969 0.185303
17 0.458594 0.68125 0.857813 0.6375 0.178345
17 0.613672 0.386914 0.772656 0.773828 0.164551
17 0.6875 0.353516 0.55625 0.620313 0.153564
22 0.573828 0.563281 0.807031 0.873438 0.153076
17 0.592188 0.558984 0.815625 0.882031 0.137573
22 0.510547 0.629297 0.853906 0.741406 0.117554
22 0.662891 0.380859 0.674219 0.761719 0.105957
14 0.571777 0.415625 0.756445 0.83125 0.0888062
17 0.337695 0.579297 0.675391 0.841406 0.0875854
22 0.6875 0.353516 0.55625 0.620313 0.0872803
22 0.714453 0.800781 0.546094 0.398438 0.0859985
17 0.6375 0.683594 0.725 0.632812 0.0844727
17 0.342969 0.679688 0.685938 0.640625 0.0812378
17 0.714453 0.800781 0.546094 0.398438 0.0806274
17 0.699219 0.297266 0.470313 0.48125 0.0778198
17 0.606641 0.407813 0.561719 0.815625 0.0715942
22 0.600098 0.416406 0.64668 0.832812 0.0705566
22 0.667188 0.745313 0.665625 0.509375 0.0690308
22 0.337695 0.579297 0.675391 0.841406 0.0670776
20 0.386328 0.654688 0.772656 0.690625 0.0663452
20 0.602246 0.418359 0.733008 0.836719 0.0634766
22 0.794531 0.304492 0.367188 0.506641 0.0577087
17 0.392188 0.597266 0.775 0.805469 0.0562439
22 0.583203 0.36875 0.813281 0.7375 0.0558167
20 0.573828 0.563281 0.807031 0.873438 0.0495911
22 0.589844 0.678125 0.8125 0.64375 0.0476074
22 0.463281 0.707031 0.8625 0.585938 0.0460205
22 0.342969 0.679688 0.685938 0.640625 0.0450134
17 0.794531 0.304492 0.367188 0.506641 0.0445251
13 0.571777 0.415625 0.756445 0.83125 0.0437012
20 0.457813 0.607031 0.839063 0.785937 0.0402527
14 0.385156 0.634375 0.770312 0.73125 0.0402527
1 0.385156 0.634375 0.770312 0.73125 0.0380249
17 0.507031 0.374805 0.839063 0.749609 0.037323
17 0.592969 0.461719 0.745313 0.910937 0.0362244
1 0.635645 0.384375 0.728711 0.76875 0.0361633
22 0.699219 0.297266 0.470313 0.48125 0.0343628
20 0.332617 0.604688 0.665234 0.790625 0.0342407
22 0.392188 0.597266 0.775 0.805469 0.0325928
22 0.745313 0.80957 0.464063 0.380859 0.0301056
3 0.602246 0.418359 0.733008 0.836719 0.0297546
1 0.458594 0.68125 0.857813 0.6375 0.0284424
14 0.507812 0.585156 0.846875 0.829688 0.0281067
22 0.621777 0.549219 0.583008 0.814063 0.0279083
20 0.635645 0.367773 0.728711 0.735547 0.0275879
3 0.386328 0.654688 0.772656 0.690625 0.0252686
17 0.745313 0.80957 0.464063 0.380859 0.0250854
17 0.663965 0.761328 0.67207 0.477344 0.024704
17 0.410156 0.480078 0.820312 0.955469 0.0244293
17 0.621777 0.549219 0.583008 0.814063 0.0241394
14 0.635645 0.367773 0.728711 0.735547 0.0234222
1 0.511328 0.603516 0.849219 0.792969 0.0226288
14 0.589844 0.520312 0.76875 0.909375 0.02211
1 0.377344 0.705469 0.754687 0.589063 0.021286
11 0.602246 0.418359 0.733008 0.836719 0.0212097
17 0.595313 0.321289 0.809375 0.642578 0.0211182
3 0.6875 0.353516 0.55625 0.620313 0.0208893
20 0.510938 0.681445 0.859375 0.637109 0.0208893
1 0.314453 0.628516 0.628906 0.742969 0.0200958
17 0.534375 0.569141 0.632812 0.717969 0.0199432
14 0.458594 0.68125 0.857813 0.6375 0.0197144
22 0.662793 0.586328 0.674414 0.827344 0.0191193
20 0.714453 0.800781 0.546094 0.398438 0.0187683
17 0.80332 0.273438 0.299609 0.434375 0.0184021
3 0.457813 0.607031 0.839063 0.785937 0.0181274
22 0.534375 0.569141 0.632812 0.717969 0.0178528
22 0.80332 0.273438 0.299609 0.434375 0.0177765
8 0.602246 0.418359 0.733008 0.836719 0.0171814
14 0.579297 0.452734 0.597656 0.874219 0.0171814
17 0.637109 0.588281 0.725781 0.823438 0.0171814
3 0.714453 0.800781 0.546094 0.398438 0.0171814
1 0.507031 0.374805 0.839063 0.749609 0.0167236
17 0.29375 0.629687 0.5875 0.740625 0.0164032
14 0.508984 0.573438 0.535156 0.559375 0.0163422
1 0.714453 0.800781 0.546094 0.398438 0.016098
3 0.666504 0.360156 0.666992 0.720313 0.0160217
14 0.342969 0.679688 0.685938 0.640625 0.0158386
14 0.481348 0.530078 0.481055 0.430469 0.0157776
14 0.312305 0.603125 0.624609 0.79375 0.0154266
22 0.619141 0.322656 0.761719 0.645312 0.0151901
22 0.466797 0.346875 0.850781 0.69375 0.0150757
22 0.703125 0.443359 0.59375 0.827344 0.0150146
1 0.613672 0.583203 0.772656 0.833594 0.0148392
1 0.6875 0.353516 0.55625 0.620313 0.0142822
13 0.385156 0.634375 0.770312 0.73125 0.0139542
22 0.410156 0.480078 0.820312 0.955469 0.0139008
1 0.59375 0.703125 0.8125 0.59375 0.013588
3 0.667188 0.745313 0.665625 0.509375 0.0132751
17 0.681934 0.307813 0.62832 0.615625 0.0130234
20 0.6875 0.353516 0.55625 0.620313 0.0130234
14 0.534375 0.569141 0.632812 0.717969 0.0129242
3 0.332617 0.604688 0.665234 0.790625 0.0129242
20 0.667188 0.745313 0.665625 0.509375 0.0129242
22 0.813867 0.811133 0.350391 0.377734 0.0129242
1 0.667188 0.745313 0.665625 0.509375 0.0126266
20 0.507031 0.374805 0.839063 0.749609 0.0125275
20 0.586816 0.502734 0.607617 0.839844 0.0125275
17 0.715625 0.396094 0.56875 0.792188 0.0124817
3 0.573828 0.563281 0.807031 0.873438 0.0120087
3 0.510938 0.681445 0.859375 0.637109 0.0116882
14 0.392188 0.597266 0.775 0.805469 0.0115051
16 0.571777 0.415625 0.756445 0.83125 0.0114212
13 0.400781 0.705469 0.801562 0.589063 0.0114212
1 0.392188 0.597266 0.775 0.805469 0.0113297
14 0.615527 0.676562 0.768945 0.646875 0.0112457
1 0.355859 0.553906 0.711719 0.892188 0.0109482
17 0.4 0.346875 0.8 0.69375 0.0108185
13 0.342969 0.679688 0.685938 0.640625 0.0108185
22 0.681934 0.307813 0.62832 0.615625 0.0106506
22 0.29375 0.629687 0.5875 0.740625 0.0105667
11 0.667188 0.745313 0.665625 0.509375 0.0104065
20 0.387109 0.556641 0.774219 0.886719 0.0103683
13 0.507812 0.585156 0.846875 0.829688 0.0103302
17 0.380469 0.735742 0.760938 0.528516 0.0103302
17 0.515625 0.736523 0.865625 0.526953 0.0102463
3 0.794531 0.304492 0.367188 0.506641 0.01017
13 0.618652 0.701953 0.762695 0.596094 0.00985718
1 0.635156 0.546875 0.707812 0.8625 0.00981903
8 0.390625 0.679688 0.78125 0.640625 0.00971222
14 0.475781 0.3875 0.845313 0.775 0.00963593
20 0.350195 0.705664 0.700391 0.588672 0.00963593
3 0.549219 0.369727 0.817187 0.739453 0.00941467
22 0.621973 0.64375 0.687305 0.7125 0.00941467
1 0.745313 0.80957 0.464063 0.380859 0.00941467
17 0.707422 0.525391 0.585156 0.861719 0.00930023
13 0.606641 0.407813 0.561719 0.815625 0.00923157
1 0.480078 0.620703 0.530469 0.658594 0.00912476
1 0.606641 0.407813 0.561719 0.815625 0.00898743
14 0.355859 0.553906 0.711719 0.892188 0.00888062
1 0.381641 0.382031 0.763281 0.764063 0.00871277
22 0.403125 0.7375 0.80625 0.525 0.00867462
22 0.746875 0.378906 0.50625 0.735156 0.00857544
3 0.382031 0.573438 0.764063 0.853125 0.0085144
20 0.614062 0.653906 0.771875 0.692187 0.00847626
13 0.589844 0.520312 0.76875 0.909375 0.00837708
13 0.312305 0.603125 0.624609 0.79375 0.008255
17 0.279687 0.535937 0.559375 0.88125 0.00815582
13 0.510938 0.681445 0.859375 0.637109 0.00809479
3 0.699219 0.297266 0.470313 0.48125 0.00806427
17 0.438672 0.594141 0.407813 0.561719 0.00806427
11 0.708594 0.797461 0.582812 0.405078 0.00806427
1 0.631934 0.660156 0.706445 0.679688 0.00800323
1 0.595313 0.321289 0.809375 0.642578 0.00787354
3 0.745313 0.80957 0.464063 0.380859 0.00775528
17 0.813867 0.811133 0.350391 0.377734 0.00775528
8 0.666504 0.360156 0.666992 0.720313 0.00757599
8 0.357812 0.608594 0.715625 0.782813 0.00757599
14 0.675391 0.802734 0.627344 0.394531 0.00746155
13 0.635645 0.367773 0.728711 0.735547 0.00743103
14 0.613672 0.583203 0.772656 0.833594 0.00734711
11 0.386328 0.654688 0.772656 0.690625 0.00725937
22 0.381641 0.382031 0.763281 0.764063 0.00712204
1 0.438672 0.594141 0.407813 0.561719 0.0069046
0 0.602246 0.418359 0.733008 0.836719 0.0068779
5 0.591016 0.416406 0.714844 0.832812 0.0068779
14 0.669531 0.366406 0.573438 0.726562 0.00679779
22 0.279687 0.535937 0.559375 0.88125 0.00677109
13 0.475781 0.3875 0.845313 0.775 0.00674438
13 0.589063 0.628125 0.815625 0.74375 0.00671768
22 0.730859 0.532422 0.538281 0.825781 0.00669098
14 0.663965 0.761328 0.67207 0.477344 0.00653839
1 0.393359 0.44375 0.786719 0.8875 0.0064888
25 0.592969 0.461719 0.745313 0.910937 0.0064621
8 0.667188 0.745313 0.665625 0.509375 0.00638962
3 0.603125 0.439844 0.534375 0.807813 0.00636292
11 0.603125 0.439844 0.534375 0.807813 0.00616837
16 0.579297 0.452734 0.597656 0.874219 0.006073
20 0.508984 0.573438 0.535156 0.559375 0.00598145
14 0.569922 0.320312 0.853906 0.640625 0.00591278
11 0.669531 0.366406 0.573438 0.726562 0.00591278
22 0.808203 0.425781 0.383594 0.576563 0.00572968
1 0.794531 0.304492 0.367188 0.506641 0.00570679
3 0.534375 0.569141 0.632812 0.717969 0.00570679
17 0.355273 0.405469 0.710547 0.810938 0.00568771
11 0.507812 0.585156 0.846875 0.829688 0.00568771
20 0.745313 0.80957 0.464063 0.380859 0.00568771
10 0.602246 0.418359 0.733008 0.836719 0.00564194
0 0.699219 0.297266 0.470313 0.48125 0.0055542
13 0.4625 0.473047 0.48125 0.746094 0.0055542
11 0.597656 0.520703 0.804688 0.924219 0.00551224
10 0.714453 0.800781 0.546094 0.398438 0.00551224
1 0.422266 0.317383 0.844531 0.634766 0.00548935
8 0.457031 0.630859 0.848437 0.738281 0.00547028
17 0.345508 0.485156 0.596484 0.832812 0.00542831
1 0.279687 0.535937 0.559375 0.88125 0.00542831
3 0.614062 0.653906 0.771875 0.692187 0.00542831
0 0.6875 0.353516 0.55625 0.620313 0.00540543
13 0.669531 0.366406 0.573438 0.726562 0.00540543
11 0.549219 0.369727 0.817187 0.739453 0.00538635
0 0.666504 0.360156 0.666992 0.720313 0.00538635
9 0.615234 0.48125 0.750781 0.9125 0.00534439
20 0.699219 0.297266 0.470313 0.48125 0.00527954
14 0.699219 0.297266 0.470313 0.48125 0.00526047
17 0.17832 0.482031 0.356641 0.834375 0.00526047
10 0.6875 0.353516 0.55625 0.620313 0.00521851
10 0.381445 0.616016 0.762891 0.767969 0.0051384
13 0.534375 0.569141 0.632812 0.717969 0.00510025
13 0.393359 0.44375 0.786719 0.8875 0.00503922
1 0.345508 0.485156 0.596484 0.832812 0.00492477
10 0.666504 0.360156 0.666992 0.720313 0.00479126
11 0.666504 0.360156 0.666992 0.720313 0.00479126
14 0.735938 0.808203 0.492188 0.383594 0.00477219
3 0.80332 0.273438 0.299609 0.434375 0.0046463
17 0.426563 0.528125 0.375781 0.407813 0.00462723
1 0.4625 0.473047 0.48125 0.746094 0.00460815
1 0.608594 0.507422 0.53125 0.753906 0.00457382
14 0.380469 0.735742 0.760938 0.528516 0.00455475
17 0.508984 0.573438 0.535156 0.559375 0.00453949
22 0.17832 0.482031 0.356641 0.834375 0.00450516
13 0.365039 0.528125 0.730078 0.94375 0.00450516
8 0.6875 0.353516 0.55625 0.620313 0.00446701
20 0.794531 0.304492 0.367188 0.506641 0.00446701
3 0.350195 0.705664 0.700391 0.588672 0.00446701
20 0.403125 0.7375 0.80625 0.525 0.00446701
20 0.637109 0.588281 0.725781 0.823438 0.00445175
20 0.294141 0.654688 0.588281 0.690625 0.00445175
16 0.481348 0.530078 0.481055 0.430469 0.00439835
13 0.637109 0.588281 0.725781 0.823438 0.00439835
14 0.381641 0.382031 0.763281 0.764063 0.00436401
13 0.708594 0.797461 0.582812 0.405078 0.00436401
13 0.392188 0.597266 0.775 0.805469 0.00434875
13 0.508984 0.573438 0.535156 0.559375 0.00429916
1 0.711719 0.573828 0.576563 0.852344 0.00426483
13 0.438672 0.594141 0.407813 0.561719 0.0042305
20 0.324609 0.525 0.649219 0.926562 0.0042305
25 0.510938 0.569531 0.835938 0.860938 0.0042305
0 0.377148 0.589844 0.754297 0.820312 0.00419998
8 0.708594 0.797461 0.582812 0.405078 0.00419998
10 0.667188 0.745313 0.665625 0.509375 0.00415039
13 0.569922 0.320312 0.853906 0.640625 0.00413513
8 0.560938 0.58125 0.8375 0.8375 0.00413513
0 0.675391 0.802734 0.627344 0.394531 0.0041008
1 0.715625 0.396094 0.56875 0.792188 0.00403976
17 0.660937 0.707812 0.557813 0.584375 0.00403976
3 0.481348 0.530078 0.481055 0.430469 0.00402451
3 0.715625 0.396094 0.56875 0.792188 0.00397491
25 0.735938 0.808203 0.492188 0.383594 0.00397491
1 0.699219 0.297266 0.470313 0.48125 0.0039444
20 0.381641 0.382031 0.763281 0.764063 0.00392914
25 0.613672 0.386914 0.772656 0.773828 0.00392914
1 0.681934 0.307813 0.62832 0.615625 0.00391388
14 0.4625 0.473047 0.48125 0.746094 0.00391388
14 0.410156 0.480078 0.820312 0.955469 0.00390053
2 0.594922 0.446094 0.713281 0.892188 0.00388527
17 0.808203 0.425781 0.383594 0.576563 0.00388527
14 0.515625 0.736523 0.865625 0.526953 0.00388527
13 0.381641 0.382031 0.763281 0.764063 0.00379562
20 0.566406 0.735156 0.860938 0.529688 0.00379562
2 0.635645 0.384375 0.728711 0.76875 0.00376511
11 0.332617 0.604688 0.665234 0.790625 0.00376511
3 0.662793 0.586328 0.674414 0.827344 0.0037365
11 0.423047 0.70625 0.846094 0.5875 0.0037365
8 0.514844 0.70625 0.8625 0.5875 0.0037365
8 0.315234 0.653516 0.630469 0.692969 0.00369263
25 0.606641 0.407813 0.561719 0.815625 0.00367928
22 0.777148 0.514844 0.445703 0.682813 0.00367928
17 0.472656 0.287891 0.857813 0.575781 0.00362206
12 0.393359 0.44375 0.786719 0.8875 0.00362206
22 0.508984 0.573438 0.535156 0.559375 0.00362206
22 0.438672 0.594141 0.407813 0.561719 0.0036068
25 0.4125 0.655469 0.825 0.689063 0.0036068
13 0.426563 0.528125 0.375781 0.407813 0.00359344
10 0.481348 0.530078 0.481055 0.430469 0.00359344
14 0.422266 0.317383 0.844531 0.634766 0.00356483
14 0.345508 0.485156 0.596484 0.832812 0.00356483
20 0.438672 0.594141 0.407813 0.561719 0.00353813
14 0.739062 0.360156 0.521875 0.648438 0.00351143
13 0.345508 0.485156 0.596484 0.832812 0.00351143
2 0.6875 0.353516 0.55625 0.620313 0.00345612
8 0.699219 0.297266 0.470313 0.48125 0.00344276
14 0.438672 0.594141 0.407813 0.561719 0.00340271
14 0.659375 0.49834 0.534375 0.758008 0.00340271
17 0.730469 0.596094 0.539062 0.807813 0.00340271
4 0.602246 0.418359 0.733008 0.836719 0.00337601
3 0.619141 0.322656 0.761719 0.645312 0.00336266
3 0.508984 0.573438 0.535156 0.559375 0.00335121
8 0.549219 0.369727 0.817187 0.739453 0.00333786
16 0.4625 0.473047 0.48125 0.746094 0.00332451
14 0.326953 0.474219 0.653906 0.923438 0.00332451
3 0.460156 0.7375 0.867188 0.525 0.00332451
18 0.571875 0.411328 0.7125 0.822656 0.00329781
22 0.481348 0.530078 0.481055 0.430469 0.00329781
1 0.246484 0.771875 0.492969 0.45625 0.00325966
14 0.681934 0.307813 0.62832 0.615625 0.00324821
1 0.734375 0.491406 0.53125 0.776563 0.00323486
0 0.735938 0.808203 0.492188 0.383594 0.00323486
1 0.426563 0.528125 0.375781 0.407813 0.00322342
10 0.464063 0.593359 0.814063 0.813281 0.00322342
13 0.281641 0.769531 0.563281 0.460938 0.00322342
5 0.481348 0.530078 0.481055 0.430469 0.00319672
25 0.6875 0.353516 0.55625 0.620313 0.00318527
3 0.663281 0.532422 0.5625 0.824219 0.00317192
0 0.481348 0.530078 0.481055 0.430469 0.00316048
9 0.714453 0.800781 0.546094 0.398438 0.00312424
10 0.416016 0.680469 0.832031 0.639063 0.00309944
3 0.423047 0.34707 0.846094 0.694141 0.00307465
13 0.739062 0.360156 0.521875 0.648438 0.00305176
7 0.553906 0.418359 0.6 0.298438 0.0263519
18 0.553906 0.418359 0.6 0.298438 0.0249939
24 0.555566 0.431152 0.604492 0.32207 0.021286
11 0.553906 0.418359 0.6 0.298438 0.0119629
2 0.553906 0.418359 0.6 0.298438 0.0112457
23 0.555566 0.431152 0.604492 0.32207 0.0091629
14 0.553906 0.418359 0.6 0.298438 0.0078125
15 0.555566 0.431152 0.604492 0.32207 0.0064621
4 0.555566 0.431152 0.604492 0.32207 0.00595856
6 0.563281 0.446191 0.623438 0.34043 0.00548935
9 0.555566 0.431152 0.604492 0.32207 0.00488663
6 0.564063 0.406641 0.557813 0.24375 0.00429916
5 0.553906 0.418359 0.6 0.298438 0.00418091
19 0.553906 0.418359 0.6 0.298438 0.00405502
0 0.553906 0.418359 0.6 0.298438 0.00388527
9 0.564063 0.406641 0.557813 0.24375 0.00348282
2 0.583594 0.473047 0.654688 0.385938 0.00300407
16 0.567969 0.412891 0.560938 0.291406 0.0029583
2 0.344922 0.792578 0.605469 0.414844 0.00293541
10 0.553906 0.418359 0.6 0.298438 0.00277901
4 0.597559 0.402344 0.500195 0.25625 0.00276756
16 0.674219 0.361328 0.434375 0.271094 0.00268364
7 0.583594 0.473047 0.654688 0.385938 0.00237846
11 0.583594 0.473047 0.654688 0.385938 0.00235939
0 0.344922 0.792578 0.605469 0.414844 0.00225258
20 0.553906 0.418359 0.6 0.298438 0.00209999
0 0.583594 0.473047 0.654688 0.385938 0.00201988
24 0.564063 0.406641 0.557813 0.24375 0.0019722
19 0.674219 0.361328 0.434375 0.271094 0.00194168
25 0.567969 0.412891 0.560938 0.291406 0.00181007
18 0.583594 0.473047 0.654688 0.385938 0.00168705
15 0.564063 0.406641 0.557813 0.24375 0.00161648
4 0.344922 0.792578 0.605469 0.414844 0.00152493
3 0.567969 0.412891 0.560938 0.291406 0.00150108
16 0.344922 0.792578 0.605469 0.414844 0.00145531
11 0.344922 0.792578 0.605469 0.414844 0.00144958
2 0.365625 0.683984 0.657813 0.632031 0.00141621
18 0.344922 0.792578 0.605469 0.414844 0.00139904
1 0.58916 0.417188 0.499805 0.3 0.00136662
16 0.556641 0.465723 0.553906 0.331055 0.00132465
11 0.365625 0.683984 0.657813 0.632031 0.0012846
7 0.344922 0.792578 0.605469 0.414844 0.00127888
12 0.596191 0.4125 0.504492 0.283594 0.00127411
6 0.593359 0.525391 0.689844 0.588281 0.00126457
5 0.583594 0.473047 0.654688 0.385938 0.00123978
14 0.344922 0.792578 0.605469 0.414844 0.00118828
14 0.583594 0.473047 0.654688 0.385938 0.00118351
16 0.365625 0.683984 0.657813 0.632031 0.00112438
4 0.365625 0.683984 0.657813 0.632031 0.0011034
15 0.344922 0.792578 0.605469 0.414844 0.00109863
6 0.344922 0.792578 0.605469 0.414844 0.00108624
13 0.553906 0.418359 0.6 0.298438 0.00105667
25 0.583594 0.473047 0.654688 0.385938 0.00105667
0 0.365625 0.683984 0.657813 0.632031 0.00105667
21 0.567578 0.412109 0.561719 0.28125 0.00103188
2 0.609375 0.392969 0.465625 0.217188 0.00101185
4 0.593359 0.525391 0.689844 0.588281 0.00100422
18 0.445312 0.453516 0.382812 0.275781 0.0126266
16 0.445312 0.453516 0.382812 0.275781 0.011116
19 0.241992 0.681641 0.304297 0.392969 0.0106125
18 0.516797 0.457422 0.535156 0.352344 0.00959778
2 0.445312 0.453516 0.382812 0.275781 0.00930023
2 0.516797 0.457422 0.535156 0.352344 0.00754929
6 0.446484 0.485938 0.389844 0.355469 0.00743103
4 0.446484 0.485938 0.389844 0.355469 0.00698471
16 0.516797 0.457422 0.535156 0.352344 0.00664139
23 0.445312 0.453516 0.382812 0.275781 0.00653839
0 0.43916 0.482129 0.387305 0.387305 0.0064888
0 0.516797 0.457422 0.535156 0.352344 0.00643921
9 0.446484 0.485938 0.389844 0.355469 0.00638962
24 0.446484 0.485938 0.389844 0.355469 0.00629044
16 0.43916 0.482129 0.387305 0.387305 0.00605011
2 0.43916 0.482129 0.387305 0.387305 0.00572968
4 0.516797 0.457422 0.535156 0.352344 0.00551224
25 0.446484 0.485938 0.389844 0.355469 0.00486755
18 0.43916 0.482129 0.387305 0.387305 0.00482941
23 0.516797 0.457422 0.535156 0.352344 0.00469971
15 0.43916 0.482129 0.387305 0.387305 0.00468063
14 0.43916 0.482129 0.387305 0.387305 0.00445175
15 0.516797 0.457422 0.535156 0.352344 0.00439835
14 0.516797 0.457422 0.535156 0.352344 0.0041008
11 0.43916 0.482129 0.387305 0.387305 0.00408554
21 0.446484 0.485938 0.389844 0.355469 0.00395966
0 0.445312 0.453516 0.382812 0.275781 0.0039444
15 0.445312 0.453516 0.382812 0.275781 0.00351143
20 0.446484 0.485938 0.389844 0.355469 0.00342941
23 0.43916 0.482129 0.387305 0.387305 0.00342941
14 0.445312 0.453516 0.382812 0.275781 0.00328636
7 0.516797 0.457422 0.535156 0.352344 0.00322342
7 0.445312 0.453516 0.382812 0.275781 0.00314713
4 0.439453 0.442188 0.357812 0.251563 0.00291252
5 0.446484 0.485938 0.389844 0.355469 0.00275803
6 0.516797 0.457422 0.535156 0.352344 0.00258064
11 0.516797 0.457422 0.535156 0.352344 0.00248146
21 0.241992 0.681641 0.304297 0.392969 0.00242424
2 0.544629 0.450781 0.643555 0.441406 0.00240517
0 0.554004 0.476562 0.64043 0.4625 0.00228691
25 0.516797 0.457422 0.535156 0.352344 0.00226974
6 0.441797 0.443066 0.389062 0.245117 0.00221634
10 0.446484 0.485938 0.389844 0.355469 0.00211525
7 0.43916 0.482129 0.387305 0.387305 0.00208282
24 0.516797 0.457422 0.535156 0.352344 0.00203514
6 0.554004 0.476562 0.64043 0.4625 0.00191212
15 0.544629 0.450781 0.643555 0.441406 0.00183868
4 0.554004 0.476562 0.64043 0.4625 0.00183105
9 0.516797 0.457422 0.535156 0.352344 0.00179577
16 0.544629 0.450781 0.643555 0.441406 0.00175476
24 0.441797 0.443066 0.389062 0.245117 0.00168705
14 0.554004 0.476562 0.64043 0.4625 0.00156116
18 0.544629 0.450781 0.643555 0.441406 0.00150108
11 0.439453 0.442188 0.357812 0.251563 0.00148964
11 0.740234 0.821094 0.460156 0.357812 0.00146675
3 0.445312 0.453516 0.382812 0.275781 0.00142097
12 0.551465 0.428906 0.593945 0.285938 0.00139904
9 0.441797 0.443066 0.389062 0.245117 0.00137806
11 0.554004 0.476562 0.64043 0.4625 0.00136185
5 0.441797 0.443066 0.389062 0.245117 0.00135136
13 0.443359 0.496094 0.389062 0.417188 0.00130463
12 0.445312 0.453516 0.382812 0.275781 0.00129986
12 0.543066 0.446484 0.662305 0.3875 0.0012064
12 0.695703 0.414453 0.280469 0.241406 0.00119209
5 0.516797 0.457422 0.535156 0.352344 0.00118828
16 0.842578 0.203906 0.314844 0.314063 0.00116539
1 0.730469 0.819531 0.435937 0.360938 0.00114727
3 0.516797 0.457422 0.535156 0.352344 0.00113773
25 0.441797 0.443066 0.389062 0.245117 0.00108147
12 0.730469 0.819531 0.435937 0.360938 0.00104809
12 0.580566 0.425 0.656055 0.510938 0.00102425
24 0.594434 0.467969 0.679883 0.410938 0.0750122
7 0.597656 0.430469 0.65625 0.326562 0.0465393
18 0.597656 0.430469 0.65625 0.326562 0.0458679
24 0.612891 0.412109 0.700781 0.298438 0.0270691
24 0.613281 0.374609 0.585938 0.295312 0.0239563
6 0.587109 0.467578 0.597656 0.402344 0.02211
6 0.612891 0.412109 0.700781 0.298438 0.0212402
7 0.622266 0.386621 0.594531 0.262695 0.0180511
7 0.5375 0.476562 0.607813 0.403125 0.0165863
18 0.5375 0.476562 0.607813 0.403125 0.0144501
18 0.622266 0.386621 0.594531 0.262695 0.0136871
24 0.511035 0.485938 0.504492 0.342969 0.0136871
6 0.511035 0.485938 0.504492 0.342969 0.0120544
23 0.594434 0.467969 0.679883 0.410938 0.0116425
7 0.488379 0.455469 0.426367 0.304688 0.0109863
11 0.585156 0.438379 0.585938 0.335742 0.0109024
18 0.488379 0.455469 0.426367 0.304688 0.0102921
16 0.511035 0.485938 0.504492 0.342969 0.0102921
16 0.622266 0.386621 0.594531 0.262695 0.0102463
16 0.676172 0.356445 0.488281 0.293359 0.0102463
2 0.587109 0.467578 0.597656 0.402344 0.0100098
16 0.398047 0.453516 0.285156 0.257812 0.00905609
6 0.613281 0.374609 0.585938 0.295312 0.00905609
12 0.70293 0.711719 0.594141 0.576563 0.00878143
7 0.398047 0.453516 0.285156 0.257812 0.00871277
14 0.585156 0.438379 0.585938 0.335742 0.00861359
12 0.856836 0.792969 0.286328 0.414062 0.00828552
24 0.421875 0.474316 0.367188 0.31543 0.00815582
9 0.594434 0.467969 0.679883 0.410938 0.00806427
11 0.658594 0.388281 0.503125 0.271875 0.00793457
15 0.585156 0.438379 0.585938 0.335742 0.00787354
16 0.555566 0.45 0.566992 0.35 0.00769424
6 0.398047 0.453516 0.285156 0.257812 0.00751877
6 0.421875 0.474316 0.367188 0.31543 0.00746155
2 0.488379 0.455469 0.426367 0.304688 0.00728989
11 0.488379 0.455469 0.426367 0.304688 0.00658798
24 0.714844 0.349219 0.390625 0.272656 0.00658798
13 0.66875 0.361523 0.498437 0.292578 0.00629044
7 0.676172 0.356445 0.488281 0.293359 0.00624084
18 0.398047 0.453516 0.285156 0.257812 0.00609589
16 0.596484 0.457813 0.703906 0.420312 0.00600433
2 0.398047 0.453516 0.285156 0.257812 0.00568771
23 0.511035 0.485938 0.504492 0.342969 0.00534439
2 0.612891 0.412109 0.700781 0.298438 0.0053215
12 0.385547 0.453223 0.327344 0.256055 0.00526047
14 0.658594 0.388281 0.503125 0.271875 0.0051384
24 0.398047 0.453516 0.285156 0.257812 0.0051384
23 0.612891 0.412109 0.700781 0.298438 0.0050621
15 0.622266 0.386621 0.594531 0.262695 0.00500107
9 0.613281 0.374609 0.585938 0.295312 0.00498199
12 0.304688 0.460547 0.609375 0.307031 0.00494385
20 0.612891 0.412109 0.700781 0.298438 0.00475693
12 0.66875 0.361523 0.498437 0.292578 0.00460815
9 0.612891 0.412109 0.700781 0.298438 0.00460815
13 0.636035 0.408594 0.656055 0.296875 0.00434875
0 0.555566 0.45 0.566992 0.35 0.00432968
9 0.421875 0.474316 0.367188 0.31543 0.00426483
0 0.488379 0.455469 0.426367 0.304688 0.0042305
14 0.488379 0.455469 0.426367 0.304688 0.00413513
6 0.714844 0.349219 0.390625 0.272656 0.00397491
13 0.856836 0.792969 0.286328 0.414062 0.0039444
15 0.596484 0.457813 0.703906 0.420312 0.00388527
20 0.555566 0.45 0.566992 0.35 0.00376511
15 0.511035 0.485938 0.504492 0.342969 0.00376511
23 0.398047 0.453516 0.285156 0.257812 0.0037365
12 0.904688 0.740234 0.190625 0.519531 0.00356483
2 0.421875 0.474316 0.367188 0.31543 0.00355148
2 0.613281 0.374609 0.585938 0.295312 0.00353813
23 0.613281 0.374609 0.585938 0.295312 0.00340271
4 0.587109 0.467578 0.597656 0.402344 0.00336266
18 0.676172 0.356445 0.488281 0.293359 0.00335121
11 0.399609 0.453027 0.274219 0.270508 0.00329781
16 0.421875 0.474316 0.367188 0.31543 0.00329781
19 0.612891 0.412109 0.700781 0.298438 0.00323486
13 0.555566 0.45 0.566992 0.35 0.00313568
4 0.421875 0.474316 0.367188 0.31543 0.00304031
0 0.636035 0.408594 0.656055 0.296875 0.00300407
15 0.398047 0.453516 0.285156 0.257812 0.00296974
12 0.293359 0.357031 0.586719 0.570312 0.0029583
1 0.66875 0.361523 0.498437 0.292578 0.0028553
12 0.364453 0.425781 0.549219 0.425 0.00282288
13 0.407129 0.45625 0.374805 0.282031 0.00275803
0 0.596484 0.457813 0.703906 0.420312 0.00271416
4 0.612891 0.412109 0.700781 0.298438 0.00264168
14 0.399609 0.453027 0.274219 0.270508 0.00257111
16 0.486328 0.471973 0.697656 0.407617 0.00257111
9 0.714844 0.349219 0.390625 0.272656 0.00256157
19 0.743359 0.780469 0.311719 0.40625 0.00255013
9 0.377246 0.448828 0.258008 0.236719 0.00255013
12 0.511035 0.485938 0.504492 0.342969 0.00252151
11 0.730859 0.34375 0.385156 0.310937 0.00251198
4 0.511035 0.485938 0.504492 0.342969 0.00251198
11 0.596484 0.457813 0.703906 0.420312 0.0024929
23 0.421875 0.474316 0.367188 0.31543 0.00247192
13 0.488379 0.455469 0.426367 0.304688 0.00243378
15 0.486328 0.471973 0.697656 0.407617 0.00243378
12 0.683594 0.317773 0.520312 0.462891 0.00239754
16 0.863281 0.867969 0.273438 0.264062 0.00239754
13 0.398047 0.453516 0.285156 0.257812 0.002388
20 0.596484 0.457813 0.703906 0.420312 0.00237846
11 0.486328 0.471973 0.697656 0.407617 0.00232315
0 0.399609 0.453027 0.274219 0.270508 0.00231361
19 0.555566 0.45 0.566992 0.35 0.00228691
9 0.511035 0.485938 0.504492 0.342969 0.00226974
20 0.676172 0.356445 0.488281 0.293359 0.00226021
4 0.398047 0.453516 0.285156 0.257812 0.00222588
19 0.676172 0.356445 0.488281 0.293359 0.00220871
13 0.70293 0.711719 0.594141 0.576563 0.00220871
15 0.676172 0.356445 0.488281 0.293359 0.00217438
14 0.596484 0.457813 0.703906 0.420312 0.00215721
20 0.511035 0.485938 0.504492 0.342969 0.00214958
12 0.734375 0.83457 0.53125 0.330859 0.00210762
5 0.612891 0.412109 0.700781 0.298438 0.00208282
12 0.714844 0.80332 0.448438 0.393359 0.0020752
25 0.421875 0.474316 0.367188 0.31543 0.0020504
4 0.658594 0.388281 0.503125 0.271875 0.00203514
0 0.658594 0.388281 0.503125 0.271875 0.00201035
0 0.486328 0.471973 0.697656 0.407617 0.00197983
3 0.488379 0.455469 0.426367 0.304688 0.0019722
7 0.421875 0.474316 0.367188 0.31543 0.00194931
12 0.924219 0.877734 0.151562 0.244531 0.00194931
12 0.863281 0.867969 0.273438 0.264062 0.00191879
1 0.399609 0.453027 0.274219 0.270508 0.00186729
25 0.511035 0.485938 0.504492 0.342969 0.00184631
14 0.486328 0.471973 0.697656 0.407617 0.00183868
15 0.421875 0.474316 0.367188 0.31543 0.0018034
1 0.636035 0.408594 0.656055 0.296875 0.00170708
12 0.757031 0.339648 0.3375 0.348828 0.00168705
25 0.398047 0.453516 0.285156 0.257812 0.00168705
11 0.421875 0.474316 0.367188 0.31543 0.00168705
13 0.304688 0.460547 0.609375 0.307031 0.00164223
19 0.488379 0.455469 0.426367 0.304688 0.00163555
12 0.636035 0.408594 0.656055 0.296875 0.00161648
0 0.421875 0.474316 0.367188 0.31543 0.00161076
14 0.421875 0.474316 0.367188 0.31543 0.00158501
11 0.856836 0.792969 0.286328 0.414062 0.00158501
3 0.555566 0.45 0.566992 0.35 0.00157356
12 0.646777 0.695312 0.600195 0.609375 0.00156689
3 0.399609 0.453027 0.274219 0.270508 0.00156116
13 0.924219 0.877734 0.151562 0.244531 0.00154305
13 0.863281 0.867969 0.273438 0.264062 0.00153637
16 0.357422 0.446484 0.297656 0.235156 0.00153065
25 0.486328 0.471973 0.697656 0.407617 0.00153065
13 0.730859 0.34375 0.385156 0.310937 0.00143814
1 0.488379 0.455469 0.426367 0.304688 0.00143242
2 0.714844 0.349219 0.390625 0.272656 0.00143242
13 0.904688 0.740234 0.190625 0.519531 0.00141621
19 0.432129 0.423438 0.312305 0.195312 0.00141048
12 0.218164 0.667188 0.436328 0.54375 0.00140476
0 0.714844 0.349219 0.390625 0.272656 0.00139904
13 0.683594 0.317773 0.520312 0.462891 0.00138855
5 0.5375 0.476562 0.607813 0.403125 0.00138855
18 0.421875 0.474316 0.367188 0.31543 0.00136662
16 0.856836 0.792969 0.286328 0.414062 0.00135612
12 0.446875 0.392578 0.690625 0.785156 0.00132465
25 0.571973 0.482715 0.713867 0.467383 0.00132465
13 0.364453 0.425781 0.549219 0.425 0.00131512
3 0.66875 0.361523 0.498437 0.292578 0.00128937
12 0.432129 0.424219 0.39043 0.463281 0.0012846
12 0.286328 0.439063 0.572656 0.429688 0.00126457
6 0.357422 0.446484 0.297656 0.235156 0.00124454
20 0.486328 0.471973 0.697656 0.407617 0.00124454
12 0.555566 0.45 0.566992 0.35 0.00123024
16 0.734766 0.341797 0.339844 0.273438 0.00121593
20 0.398047 0.453516 0.285156 0.257812 0.00120163
10 0.538281 0.486621 0.7 0.45332 0.00119686
12 0.579785 0.648438 0.77168 0.703125 0.00119686
12 0.491016 0.42334 0.453906 0.36582 0.00118351
5 0.613281 0.374609 0.585938 0.295312 0.00114727
11 0.863281 0.867969 0.273438 0.264062 0.00113773
10 0.585156 0.438379 0.585938 0.335742 0.00112915
12 0.125684 0.435059 0.251367 0.331445 0.00112438
5 0.421875 0.474316 0.367188 0.31543 0.00110722
16 0.91875 0.871875 0.1625 0.25625 0.00110722
12 0.0982422 0.739062 0.196484 0.271875 0.00109482
3 0.636035 0.408594 0.656055 0.296875 0.00109005
19 0.694922 0.372266 0.285156 0.221094 0.00108147
13 0.293359 0.357031 0.586719 0.570312 0.00106525
23 0.714844 0.349219 0.390625 0.272656 0.00106049
11 0.70293 0.711719 0.594141 0.576563 0.00106049
11 0.650391 0.328906 0.589844 0.5125 0.00105667
20 0.421875 0.474316 0.367188 0.31543 0.00105667
25 0.613281 0.374609 0.585938 0.295312 0.00101185
7 0.539453 0.429688 0.599219 0.314063 0.0430298
24 0.539453 0.429688 0.599219 0.314063 0.0322266
18 0.539453 0.429688 0.599219 0.314063 0.0298767
23 0.539453 0.429688 0.599219 0.314063 0.0108566
6 0.550781 0.431348 0.575 0.320117 0.0085144
2 0.539453 0.429688 0.599219 0.314063 0.00800323
14 0.54834 0.422754 0.556445 0.274805 0.00679779
9 0.539453 0.429688 0.599219 0.314063 0.0051384
0 0.539453 0.429688 0.599219 0.314063 0.00455475
4 0.54834 0.422754 0.556445 0.274805 0.00443268
21 0.816406 0.234326 0.235938 0.32666 0.00439835
11 0.545703 0.429297 0.575781 0.303906 0.00348282
21 0.412891 0.499902 0.289844 0.35332 0.00329781
19 0.431348 0.506641 0.316992 0.342969 0.00274658
7 0.511719 0.443652 0.497656 0.243945 0.00263214
15 0.539453 0.425781 0.602344 0.2875 0.00254059
16 0.54541 0.419531 0.57793 0.295312 0.00246239
11 0.466797 0.535254 0.414844 0.448242 0.00214958
2 0.586719 0.41084 0.479688 0.251758 0.00203514
11 0.847656 0.254492 0.304688 0.411328 0.00175476
24 0.511719 0.443652 0.497656 0.243945 0.00171375
16 0.850781 0.234766 0.298438 0.360156 0.0017004
23 0.586719 0.41084 0.479688 0.251758 0.0017004
0 0.852734 0.224658 0.294531 0.345996 0.00150681
6 0.497559 0.61875 0.49082 0.44375 0.00148964
0 0.586719 0.41084 0.479688 0.251758 0.00147247
11 0.478125 0.624219 0.45625 0.420312 0.00145531
7 0.586719 0.41084 0.479688 0.251758 0.00135612
18 0.511719 0.443652 0.497656 0.243945 0.00130463
16 0.497559 0.61875 0.49082 0.44375 0.00127888
2 0.850781 0.234766 0.298438 0.360156 0.00123501
6 0.586719 0.41084 0.479688 0.251758 0.00119686
5 0.552344 0.423535 0.55625 0.288867 0.00117874
1 0.850781 0.234766 0.298438 0.360156 0.00116539
6 0.847266 0.238867 0.305469 0.368359 0.00115108
10 0.54834 0.422754 0.556445 0.274805 0.00108624
2 0.511719 0.443652 0.497656 0.243945 0.00105667
18 0.552734 0.433203 0.592969 0.3125 0.0469055
7 0.549219 0.41875 0.578125 0.273438 0.0393372
0 0.536816 0.438281 0.562305 0.30625 0.0267639
23 0.490723 0.429297 0.448242 0.235156 0.0249939
2 0.490723 0.429297 0.448242 0.235156 0.0234222
0 0.490723 0.429297 0.448242 0.235156 0.0221558
2 0.536816 0.438281 0.562305 0.30625 0.0194244
2 0.424219 0.428906 0.325781 0.210938 0.0179901
9 0.51875 0.419141 0.525 0.282031 0.0177765
6 0.536816 0.438281 0.562305 0.30625 0.0175781
24 0.552734 0.433203 0.592969 0.3125 0.0175781
7 0.490723 0.429297 0.448242 0.235156 0.0159607
6 0.444922 0.430078 0.367188 0.235938 0.0158386
23 0.536816 0.438281 0.562305 0.30625 0.0138474
23 0.424219 0.428906 0.325781 0.210938 0.0136337
4 0.51875 0.419141 0.525 0.282031 0.0134277
9 0.444922 0.430078 0.367188 0.235938 0.0133743
18 0.490723 0.429297 0.448242 0.235156 0.0130692
14 0.490723 0.429297 0.448242 0.235156 0.0109024
0 0.424219 0.428906 0.325781 0.210938 0.0104065
4 0.444922 0.430078 0.367188 0.235938 0.0102463
9 0.558496 0.429688 0.623633 0.375 0.00878143
25 0.444922 0.430078 0.367188 0.235938 0.00844574
15 0.536816 0.438281 0.562305 0.30625 0.00754929
4 0.558496 0.429688 0.623633 0.375 0.00754929
14 0.424219 0.428906 0.325781 0.210938 0.00712204
14 0.536816 0.438281 0.562305 0.30625 0.00712204
6 0.398047 0.439844 0.278906 0.210938 0.00624084
25 0.51875 0.419141 0.525 0.282031 0.00614548
15 0.490723 0.429297 0.448242 0.235156 0.00534439
24 0.444922 0.430078 0.367188 0.235938 0.00526047
7 0.424219 0.428906 0.325781 0.210938 0.0051384
4 0.398047 0.439844 0.278906 0.210938 0.00413513
5 0.444922 0.430078 0.367188 0.235938 0.00395966
16 0.398047 0.439844 0.278906 0.210938 0.00392914
16 0.490723 0.429297 0.448242 0.235156 0.00388527
10 0.51875 0.419141 0.525 0.282031 0.00359344
16 0.536816 0.438281 0.562305 0.30625 0.00323486
10 0.444922 0.430078 0.367188 0.235938 0.00309944
25 0.398047 0.439844 0.278906 0.210938 0.00298119
9 0.398047 0.439844 0.278906 0.210938 0.00284576
5 0.51875 0.419141 0.525 0.282031 0.00273705
3 0.424219 0.428906 0.325781 0.210938 0.00265312
10 0.398047 0.439844 0.278906 0.210938 0.00251198
20 0.444922 0.430078 0.367188 0.235938 0.0024929
18 0.424219 0.428906 0.325781 0.210938 0.00247192
17 0.424219 0.428906 0.325781 0.210938 0.0024147
7 0.592578 0.394141 0.505469 0.219531 0.00237846
7 0.558496 0.429688 0.623633 0.375 0.00234222
8 0.424219 0.428906 0.325781 0.210938 0.00229645
3 0.490723 0.429297 0.448242 0.235156 0.00223351
5 0.398047 0.439844 0.278906 0.210938 0.00217438
25 0.558496 0.429688 0.623633 0.375 0.00213242
10 0.558496 0.429688 0.623633 0.375 0.00212479
11 0.509375 0.426465 0.484375 0.239258 0.00205803
15 0.424219 0.428906 0.325781 0.210938 0.00183105
20 0.51875 0.419141 0.525 0.282031 0.00173378
11 0.543359 0.435547 0.575781 0.292969 0.00171375
2 0.63125 0.397754 0.428125 0.22168 0.00157356
2 0.559375 0.391016 0.596875 0.267188 0.00141048
0 0.592578 0.394141 0.505469 0.219531 0.00137234
21 0.398047 0.439844 0.278906 0.210938 0.0011692
20 0.398047 0.439844 0.278906 0.210938 0.00115108
11 0.445312 0.422266 0.367188 0.217188 0.0011425
24 0.398047 0.439844 0.278906 0.210938 0.0011425
1 0.398047 0.439844 0.278906 0.210938 0.00112438
12 0.448438 0.43291 0.396875 0.218555 0.00105667
14 0.592578 0.394141 0.505469 0.219531 0.00105286
6 0.592578 0.394141 0.505469 0.219531 0.00102806
5 0.558496 0.429688 0.623633 0.375 0.00102806
7 0.556641 0.398047 0.549219 0.257031 0.79834
18 0.556641 0.398047 0.549219 0.257031 0.716797
24 0.553516 0.403125 0.541406 0.276563 0.679199
9 0.559473 0.397266 0.562305 0.285938 0.205566
6 0.553809 0.397656 0.536133 0.254688 0.190674
18 0.466406 0.4125 0.401563 0.209375 0.165039
7 0.466406 0.4125 0.401563 0.209375 0.125977
2 0.407422 0.425781 0.290625 0.23125 0.0797729
16 0.559473 0.397266 0.562305 0.285938 0.076416
2 0.560059 0.399316 0.55957 0.273242 0.0661011
20 0.55 0.410547 0.546875 0.325781 0.0621033
6 0.473828 0.421484 0.424219 0.241406 0.0558167
0 0.559473 0.397266 0.562305 0.285938 0.0552063
2 0.466406 0.4125 0.401563 0.209375 0.0528259
23 0.407422 0.425781 0.290625 0.23125 0.0512695
23 0.473828 0.421484 0.424219 0.241406 0.0470886
16 0.433496 0.437891 0.342383 0.259375 0.0366211
24 0.473828 0.421484 0.424219 0.241406 0.0351562
18 0.408594 0.4125 0.285938 0.200781 0.0321045
23 0.586816 0.391797 0.506055 0.250781 0.0319824
7 0.408594 0.4125 0.285938 0.200781 0.0287628
0 0.466406 0.4125 0.401563 0.209375 0.0282135
6 0.560547 0.407129 0.574219 0.349805 0.0240021
14 0.556641 0.398047 0.549219 0.257031 0.0206451
14 0.408594 0.4125 0.285938 0.200781 0.0200195
0 0.408594 0.4125 0.285938 0.200781 0.0190125
6 0.407422 0.425781 0.290625 0.23125 0.0174408
14 0.466406 0.4125 0.401563 0.209375 0.0152512
0 0.433496 0.437891 0.342383 0.259375 0.0148392
20 0.433496 0.437891 0.342383 0.259375 0.0137405
2 0.620703 0.38916 0.442969 0.24043 0.0133286
16 0.466406 0.4125 0.401563 0.209375 0.0127258
9 0.473828 0.421484 0.424219 0.241406 0.0125732
5 0.517969 0.418359 0.485156 0.303125 0.0112915
11 0.559473 0.397266 0.562305 0.285938 0.0112457
16 0.408594 0.4125 0.285938 0.200781 0.0102463
5 0.433496 0.437891 0.342383 0.259375 0.00933838
18 0.433496 0.437891 0.342383 0.259375 0.00923157
0 0.620703 0.38916 0.442969 0.24043 0.00898743
14 0.633594 0.399219 0.421875 0.246875 0.00775528
4 0.408594 0.4125 0.285938 0.200781 0.00754929
15 0.553809 0.397656 0.536133 0.254688 0.00714874
4 0.560547 0.407129 0.574219 0.349805 0.00701141
4 0.586816 0.391797 0.506055 0.250781 0.00695801
4 0.466406 0.4125 0.401563 0.209375 0.0069046
25 0.633594 0.399219 0.421875 0.246875 0.00674438
20 0.596094 0.397656 0.49375 0.25625 0.00669098
25 0.433496 0.437891 0.342383 0.259375 0.00669098
2 0.417969 0.383594 0.307813 0.245312 0.00653839
25 0.517969 0.418359 0.485156 0.303125 0.0064888
6 0.633594 0.399219 0.421875 0.246875 0.00641251
9 0.407422 0.425781 0.290625 0.23125 0.00638962
14 0.433496 0.437891 0.342383 0.259375 0.00626373
6 0.425 0.452734 0.321094 0.310937 0.00605011
23 0.560547 0.407129 0.574219 0.349805 0.00600433
10 0.596094 0.397656 0.49375 0.25625 0.00582123
5 0.596094 0.397656 0.49375 0.25625 0.00579834
10 0.405469 0.441797 0.295312 0.25 0.00526047
3 0.473828 0.421484 0.424219 0.241406 0.0050621
3 0.407422 0.425781 0.290625 0.23125 0.00479126
15 0.560547 0.407129 0.574219 0.349805 0.00439835
2 0.399609 0.42666 0.388281 0.270117 0.00407028
4 0.433496 0.437891 0.342383 0.259375 0.00403976
24 0.59375 0.401563 0.671875 0.4625 0.00390053
10 0.561719 0.407422 0.582812 0.336719 0.00385475
7 0.433496 0.437891 0.342383 0.259375 0.0037365
16 0.495703 0.431152 0.457031 0.351758 0.00370789
16 0.620703 0.38916 0.442969 0.24043 0.00367928
5 0.466406 0.4125 0.401563 0.209375 0.00344276
9 0.633594 0.399219 0.421875 0.246875 0.00332451
24 0.407422 0.425781 0.290625 0.23125 0.00329781
3 0.586816 0.391797 0.506055 0.250781 0.00299263
15 0.473828 0.421484 0.424219 0.241406 0.0029583
5 0.408594 0.4125 0.285938 0.200781 0.00287819
10 0.473828 0.421484 0.424219 0.241406 0.00261116
21 0.647266 0.417969 0.397656 0.272656 0.00261116
6 0.495703 0.431152 0.457031 0.351758 0.00256157
3 0.517969 0.418359 0.485156 0.303125 0.00253105
2 0.464063 0.396973 0.442969 0.304492 0.0024929
16 0.59375 0.401563 0.671875 0.4625 0.0024929
25 0.408594 0.4125 0.285938 0.200781 0.00246239
4 0.647266 0.417969 0.397656 0.272656 0.00244331
24 0.495703 0.431152 0.457031 0.351758 0.0024147
24 0.602441 0.457129 0.71543 0.723242 0.0024147
11 0.465723 0.386719 0.401367 0.242969 0.00209999
1 0.408496 0.455859 0.308008 0.299219 0.00200272
5 0.647266 0.417969 0.397656 0.272656 0.00185299
20 0.647266 0.417969 0.397656 0.272656 0.00182438
8 0.633594 0.399219 0.421875 0.246875 0.00181007
23 0.417969 0.383594 0.307813 0.245312 0.00178242
9 0.59375 0.401563 0.671875 0.4625 0.00174141
8 0.405469 0.441797 0.295312 0.25 0.00172043
11 0.433496 0.437891 0.342383 0.259375 0.00170708
10 0.647266 0.417969 0.397656 0.272656 0.00168705
0 0.395215 0.411328 0.392383 0.255469 0.00166798
7 0.395215 0.411328 0.392383 0.255469 0.00166798
16 0.602441 0.457129 0.71543 0.723242 0.00164223
6 0.59375 0.401563 0.671875 0.4625 0.00162315
9 0.425 0.452734 0.321094 0.310937 0.00152493
14 0.464063 0.396973 0.442969 0.304492 0.00146675
3 0.425 0.452734 0.321094 0.310937 0.00143242
11 0.408594 0.4125 0.285938 0.200781 0.00137806
21 0.405469 0.441797 0.295312 0.25 0.00137806
21 0.517969 0.418359 0.485156 0.303125 0.00135612
9 0.495703 0.431152 0.457031 0.351758 0.00135612
15 0.407422 0.425781 0.290625 0.23125 0.00133038
14 0.395215 0.411328 0.392383 0.255469 0.0012846
0 0.59375 0.401563 0.671875 0.4625 0.00127888
24 0.425 0.452734 0.321094 0.310937 0.00127411
19 0.553809 0.397656 0.536133 0.254688 0.00125504
1 0.647266 0.417969 0.397656 0.272656 0.00124454
20 0.59375 0.401563 0.671875 0.4625 0.00123501
25 0.466406 0.4125 0.401563 0.209375 0.00118828
0 0.602441 0.457129 0.71543 0.723242 0.0011692
9 0.602441 0.457129 0.71543 0.723242 0.00116539
7 0.464063 0.396973 0.442969 0.304492 0.00115108
18 0.395215 0.411328 0.392383 0.255469 0.0011425
0 0.495703 0.431152 0.457031 0.351758 0.0011425
20 0.466406 0.4125 0.401563 0.209375 0.0011158
19 0.800195 0.825586 0.287109 0.348828 0.00103188
12 0.452344 0.659375 0.832812 0.68125 0.00101662
7 0.533594 0.411035 0.535937 0.216992 0.0499573
18 0.533594 0.411035 0.535937 0.216992 0.0267639
6 0.533594 0.411035 0.535937 0.216992 0.0138474
16 0.423535 0.412891 0.301367 0.196875 0.012825
7 0.448828 0.412109 0.35625 0.207031 0.0127258
2 0.501953 0.40459 0.463281 0.229883 0.0114212
2 0.423535 0.412891 0.301367 0.196875 0.0109024
24 0.501953 0.40459 0.463281 0.229883 0.0106964
23 0.423535 0.412891 0.301367 0.196875 0.00725937
6 0.423535 0.412891 0.301367 0.196875 0.00701141
16 0.501953 0.40459 0.463281 0.229883 0.0068779
18 0.423535 0.412891 0.301367 0.196875 0.0064621
0 0.501953 0.40459 0.463281 0.229883 0.00609589
23 0.501953 0.40459 0.463281 0.229883 0.00557709
9 0.501953 0.40459 0.463281 0.229883 0.00405502
0 0.423535 0.412891 0.301367 0.196875 0.00383949
0 0.55166 0.4375 0.593555 0.346875 0.00359344
2 0.55166 0.4375 0.593555 0.346875 0.00286674
24 0.423535 0.412891 0.301367 0.196875 0.00242424
14 0.533594 0.411035 0.535937 0.216992 0.00237846
14 0.415625 0.422656 0.29375 0.184375 0.00209045
9 0.423535 0.412891 0.301367 0.196875 0.00193405
11 0.533594 0.411035 0.535937 0.216992 0.00179577
18 0.455859 0.416504 0.38125 0.249805 0.0017004
4 0.501953 0.40459 0.463281 0.229883 0.00167465
6 0.455859 0.416504 0.38125 0.249805 0.0016613
15 0.575781 0.691406 0.760938 0.617188 0.00162315
14 0.565625 0.719141 0.75 0.561719 0.00146675
4 0.415625 0.422656 0.29375 0.184375 0.00138855
12 0.565625 0.719141 0.75 0.561719 0.00134563
15 0.533594 0.411035 0.535937 0.216992 0.00131989
16 0.55166 0.4375 0.593555 0.346875 0.00130939
11 0.448828 0.412109 0.35625 0.207031 0.00129414
9 0.55166 0.4375 0.593555 0.346875 0.00126457
3 0.415625 0.422656 0.29375 0.184375 0.00124454
11 0.565625 0.719141 0.75 0.561719 0.00122547
12 0.609766 0.802734 0.652344 0.394531 0.00115585
14 0.612598 0.791211 0.704492 0.417578 0.00102806
18 0.549609 0.417285 0.566406 0.263867 0.230225
7 0.549609 0.417285 0.566406 0.263867 0.216064
7 0.460938 0.415723 0.389062 0.212305 0.105591
24 0.512891 0.412598 0.498437 0.223242 0.0953369
23 0.460938 0.415723 0.389062 0.212305 0.0943604
2 0.424219 0.417969 0.309375 0.196875 0.0564575
18 0.460938 0.415723 0.389062 0.212305 0.0564575
16 0.424219 0.417969 0.309375 0.196875 0.0522461
2 0.512891 0.412598 0.498437 0.223242 0.0351562
6 0.460938 0.415723 0.389062 0.212305 0.0314941
24 0.555859 0.410156 0.578906 0.282813 0.0307922
16 0.512891 0.412598 0.498437 0.223242 0.0263519
9 0.551465 0.40625 0.568945 0.244531 0.0189056
0 0.460938 0.415723 0.389062 0.212305 0.018158
7 0.599219 0.393359 0.476562 0.244531 0.0156021
6 0.426563 0.428906 0.302344 0.24375 0.0115509
23 0.551465 0.40625 0.568945 0.244531 0.0113754
24 0.437891 0.429004 0.339844 0.243555 0.0112457
23 0.426563 0.428906 0.302344 0.24375 0.00985718
9 0.437891 0.429004 0.339844 0.243555 0.00985718
18 0.599219 0.393359 0.476562 0.244531 0.00763702
6 0.533594 0.428125 0.540625 0.228906 0.00634003
4 0.460938 0.415723 0.389062 0.212305 0.00629044
3 0.424219 0.417969 0.309375 0.196875 0.00605011
14 0.488184 0.433203 0.443945 0.210156 0.00595856
16 0.599219 0.393359 0.476562 0.244531 0.00579834
0 0.426563 0.428906 0.302344 0.24375 0.00568771
0 0.555371 0.425 0.583008 0.266406 0.00511932
2 0.599219 0.393359 0.476562 0.244531 0.0050621
14 0.424219 0.417969 0.309375 0.196875 0.00370789
7 0.426563 0.428906 0.302344 0.24375 0.00367928
16 0.567578 0.43584 0.622656 0.34707 0.00366402
3 0.488184 0.433203 0.443945 0.210156 0.00351143
6 0.589453 0.401172 0.499219 0.267969 0.00323486
2 0.567578 0.43584 0.622656 0.34707 0.00322342
18 0.567578 0.43584 0.622656 0.34707 0.00293541
0 0.599219 0.393359 0.476562 0.244531 0.00284576
4 0.426563 0.428906 0.302344 0.24375 0.00265312
18 0.426563 0.428906 0.302344 0.24375 0.00237846
9 0.488184 0.433203 0.443945 0.210156 0.00234222
7 0.567578 0.43584 0.622656 0.34707 0.00225258
16 0.42959 0.421094 0.336133 0.267188 0.00224304
14 0.549609 0.417285 0.566406 0.263867 0.00213242
4 0.533594 0.428125 0.540625 0.228906 0.00209045
9 0.567578 0.43584 0.622656 0.34707 0.0020504
10 0.424219 0.417969 0.309375 0.196875 0.00175476
25 0.424219 0.417969 0.309375 0.196875 0.00150108
11 0.424219 0.417969 0.309375 0.196875 0.00146675
2 0.42959 0.421094 0.336133 0.267188 0.00132465
5 0.512891 0.412598 0.498437 0.223242 0.00127411
23 0.567578 0.43584 0.622656 0.34707 0.00114727
7 0.542969 0.410547 0.56875 0.260938 0.305664
18 0.542969 0.410547 0.56875 0.260938 0.283691
24 0.545703 0.405078 0.571094 0.271094 0.100159
9 0.545703 0.405078 0.571094 0.271094 0.0863037
6 0.545703 0.405078 0.571094 0.271094 0.0296478
16 0.545703 0.405078 0.571094 0.271094 0.0145035
23 0.571094 0.400684 0.5375 0.256445 0.00800323
2 0.545703 0.405078 0.571094 0.271094 0.00482941
0 0.571094 0.400684 0.5375 0.256445 0.00348282
7 0.621875 0.401953 0.428125 0.222656 0.00331116
16 0.603516 0.394434 0.453906 0.223633 0.00234222
4 0.602344 0.395313 0.460938 0.2375 0.00219917
9 0.603516 0.394434 0.453906 0.223633 0.00178242
3 0.564453 0.408984 0.542969 0.246094 0.0015974
0 0.511035 0.428906 0.50918 0.255469 0.00143814
4 0.540234 0.414746 0.582031 0.27207 0.00139904
14 0.540234 0.414746 0.582031 0.27207 0.00130939
11 0.540234 0.414746 0.582031 0.27207 0.0012598
18 0.621875 0.401953 0.428125 0.222656 0.00118828
0 0.6375 0.392871 0.396875 0.217383 0.00106525
18 0.545703 0.403906 0.558594 0.255469 0.764648
7 0.545703 0.403906 0.558594 0.255469 0.73877
24 0.545703 0.403906 0.558594 0.255469 0.2323
6 0.545215 0.408203 0.55332 0.235938 0.0991211
9 0.545703 0.403906 0.558594 0.255469 0.0596619
2 0.545703 0.403906 0.558594 0.255469 0.0399475
7 0.504687 0.426953 0.488281 0.200781 0.0270691
16 0.545703 0.403906 0.558594 0.255469 0.0250854
7 0.621094 0.397266 0.44375 0.241406 0.0222931
23 0.545703 0.403906 0.558594 0.255469 0.0210419
6 0.621094 0.397266 0.44375 0.241406 0.0178528
18 0.621094 0.397266 0.44375 0.241406 0.0148392
18 0.504687 0.426953 0.488281 0.200781 0.012825
2 0.491016 0.429297 0.471094 0.249219 0.0102463
11 0.545215 0.408203 0.55332 0.235938 0.00905609
0 0.550781 0.407031 0.575 0.295312 0.00847626
0 0.503516 0.425098 0.49375 0.232617 0.00763702
0 0.621094 0.397266 0.44375 0.241406 0.00731659
16 0.621094 0.397266 0.44375 0.241406 0.00624084
14 0.503516 0.425098 0.49375 0.232617 0.00568771
2 0.621094 0.397266 0.44375 0.241406 0.00468063
16 0.491016 0.429297 0.471094 0.249219 0.00453949
6 0.491016 0.429297 0.471094 0.249219 0.00446701
23 0.621094 0.397266 0.44375 0.241406 0.00400543
24 0.621094 0.397266 0.44375 0.241406 0.00369263
23 0.504687 0.426953 0.488281 0.200781 0.00317192
3 0.547266 0.401563 0.582031 0.247656 0.00298119
4 0.621094 0.397266 0.44375 0.241406 0.00270462
4 0.503516 0.425098 0.49375 0.232617 0.00260162
14 0.552441 0.402734 0.54668 0.242969 0.00257111
9 0.491016 0.429297 0.471094 0.249219 0.0024147
9 0.621094 0.397266 0.44375 0.241406 0.00234222
4 0.548535 0.403906 0.59668 0.292188 0.00230598
2 0.5625 0.473047 0.634375 0.413281 0.00219917
24 0.504687 0.426953 0.488281 0.200781 0.00195694
15 0.591406 0.400098 0.5125 0.232617 0.00191212
10 0.519141 0.423828 0.511719 0.254688 0.00174141
16 0.5625 0.473047 0.634375 0.413281 0.00124931
3 0.504687 0.426953 0.488281 0.200781 0.0012207
6 0.679688 0.394434 0.323438 0.226758 0.00117397
0 0.679688 0.394434 0.323438 0.226758 0.0011158
14 0.5625 0.473047 0.634375 0.413281 0.00102425
7 0.543652 0.418848 0.581445 0.304492 0.873047
18 0.543652 0.418848 0.581445 0.304492 0.542969
24 0.543652 0.418848 0.581445 0.304492 0.0609741
7 0.457129 0.414844 0.391992 0.244531 0.0518494
9 0.543652 0.418848 0.581445 0.304492 0.0414734
2 0.539453 0.432422 0.582031 0.299219 0.0249939
18 0.457129 0.414844 0.391992 0.244531 0.012146
6 0.538184 0.415234 0.554883 0.278906 0.0106964
16 0.545703 0.438672 0.600781 0.328906 0.00821686
14 0.539453 0.432422 0.582031 0.299219 0.00740433
2 0.485254 0.413672 0.457617 0.235156 0.00717545
23 0.543652 0.418848 0.581445 0.304492 0.00624084
9 0.485254 0.413672 0.457617 0.235156 0.00538635
14 0.457129 0.414844 0.391992 0.244531 0.00486755
24 0.457129 0.414844 0.391992 0.244531 0.00477219
0 0.545703 0.424121 0.589844 0.312695 0.00392914
2 0.416016 0.416406 0.315625 0.221094 0.00379562
6 0.457129 0.414844 0.391992 0.244531 0.00335121
16 0.457129 0.414844 0.391992 0.244531 0.00213242
10 0.539453 0.432422 0.582031 0.299219 0.00205803
23 0.457129 0.414844 0.391992 0.244531 0.00195694
0 0.457129 0.414844 0.391992 0.244531 0.00174141
2 0.55459 0.507031 0.65332 0.478125 0.00132465
9 0.545313 0.487598 0.615625 0.413867 0.00113773
10 0.485254 0.413672 0.457617 0.235156 0.0011158
5 0.539453 0.432422 0.582031 0.299219 0.00105667
7 0.55459 0.507031 0.65332 0.478125 0.00103664
14 0.55459 0.507031 0.65332 0.478125 0.00101185
7 0.5375 0.41416 0.534375 0.24668 0.751953
18 0.5375 0.41416 0.534375 0.24668 0.749023
9 0.5375 0.41416 0.534375 0.24668 0.1427
24 0.5375 0.41416 0.534375 0.24668 0.0856934
2 0.5375 0.41416 0.534375 0.24668 0.0524292
7 0.464844 0.425 0.405469 0.210938 0.0474243
6 0.53291 0.424219 0.543555 0.226562 0.0247498
16 0.49375 0.421094 0.453906 0.236719 0.0213623
18 0.464844 0.425 0.405469 0.210938 0.00985718
14 0.474609 0.421484 0.425781 0.23125 0.008255
23 0.5375 0.41416 0.534375 0.24668 0.00821686
2 0.43125 0.424219 0.339063 0.224219 0.00763702
6 0.464844 0.425 0.405469 0.210938 0.0068512
23 0.464844 0.425 0.405469 0.210938 0.00359344
16 0.555469 0.411621 0.564063 0.268945 0.0026722
16 0.43125 0.424219 0.339063 0.224219 0.00263214
0 0.464844 0.425 0.405469 0.210938 0.00247192
24 0.464844 0.425 0.405469 0.210938 0.0019722
4 0.464844 0.425 0.405469 0.210938 0.00196457
9 0.464844 0.425 0.405469 0.210938 0.00190449
11 0.464844 0.425 0.405469 0.210938 0.00152493
14 0.553516 0.410547 0.558594 0.2625 0.00150108
0 0.553516 0.410547 0.558594 0.2625 0.00138855
10 0.470313 0.421875 0.41875 0.23125 0.00125504
19 0.379297 0.410059 0.227344 0.154883 0.00124931
3 0.464844 0.425 0.405469 0.210938 0.00112438
4 0.555469 0.411621 0.564063 0.268945 0.00111198
7 0.544629 0.415625 0.56543 0.254688 0.616699
18 0.544629 0.415625 0.56543 0.254688 0.288574
7 0.458203 0.421777 0.386719 0.226758 0.0596619
6 0.545313 0.421875 0.573438 0.238281 0.041626
24 0.544629 0.415625 0.56543 0.254688 0.0405273
18 0.458203 0.421777 0.386719 0.226758 0.0156021
6 0.458203 0.421777 0.386719 0.226758 0.0138474
16 0.500391 0.420703 0.485156 0.238281 0.0133743
9 0.544629 0.415625 0.56543 0.254688 0.0127258
2 0.542969 0.420215 0.573438 0.268945 0.00941467
23 0.545313 0.421875 0.573438 0.238281 0.00479126
24 0.458203 0.421777 0.386719 0.226758 0.00457382
16 0.548047 0.415625 0.569531 0.290625 0.00353813
7 0.396191 0.423828 0.274805 0.211719 0.00291252
6 0.396191 0.423828 0.274805 0.211719 0.00284576
2 0.458203 0.421777 0.386719 0.226758 0.00251198
14 0.542969 0.420215 0.573438 0.268945 0.00243378
3 0.545313 0.421875 0.573438 0.238281 0.00222588
10 0.503906 0.417578 0.479688 0.238281 0.00219917
0 0.458203 0.421777 0.386719 0.226758 0.00213242
16 0.396191 0.423828 0.274805 0.211719 0.00200272
11 0.506641 0.420703 0.477344 0.225781 0.00161076
0 0.542969 0.420215 0.573438 0.268945 0.00157356
9 0.458203 0.421777 0.386719 0.226758 0.00151253
0 0.396191 0.423828 0.274805 0.211719 0.00136185
23 0.458203 0.421777 0.386719 0.226758 0.00130463
2 0.396191 0.423828 0.274805 0.211719 0.00125504
14 0.458203 0.421777 0.386719 0.226758 0.00119209
18 0.396191 0.423828 0.274805 0.211719 0.00108147
4 0.506641 0.420703 0.477344 0.225781 0.00102043
7 0.546094 0.4 0.557813 0.264844 0.460938
18 0.546094 0.4 0.557813 0.264844 0.401611
16 0.547754 0.402734 0.560742 0.275 0.0297546
2 0.547754 0.402734 0.560742 0.275 0.0293121
9 0.546094 0.4 0.557813 0.264844 0.0281067
24 0.546094 0.4 0.557813 0.264844 0.0217743
7 0.480371 0.419141 0.43457 0.232031 0.0194244
18 0.480371 0.419141 0.43457 0.232031 0.0118713
16 0.480371 0.419141 0.43457 0.232031 0.00757599
2 0.480371 0.419141 0.43457 0.232031 0.00743103
6 0.480371 0.419141 0.43457 0.232031 0.00340271
6 0.555859 0.394141 0.561719 0.274219 0.00322342
14 0.480371 0.419141 0.43457 0.232031 0.00261116
7 0.457422 0.942969 0.453906 0.114063 0.00181007
9 0.480371 0.419141 0.43457 0.232031 0.00149536
24 0.480371 0.419141 0.43457 0.232031 0.00148964
23 0.480371 0.419141 0.43457 0.232031 0.00137806
23 0.546094 0.4 0.557813 0.264844 0.00135612
14 0.535156 0.407422 0.557813 0.261719 0.00129414
7 0.416309 0.393359 0.254883 0.15 0.00117874
7 0.419922 0.478906 0.25625 0.167969 0.00115585
10 0.480371 0.419141 0.43457 0.232031 0.00106907
0 0.480371 0.419141 0.43457 0.232031 0.00102425
7 0.456641 0.429688 0.383594 0.211719 0.541016
18 0.456641 0.429688 0.383594 0.211719 0.348633
7 0.544434 0.41875 0.520508 0.238281 0.346924
18 0.544434 0.41875 0.520508 0.238281 0.329346
2 0.446094 0.432129 0.351562 0.21543 0.0863037
14 0.44375 0.432031 0.357812 0.2125 0.0450134
9 0.544434 0.41875 0.520508 0.238281 0.025177
9 0.456641 0.429688 0.383594 0.211719 0.024231
2 0.544434 0.41875 0.520508 0.238281 0.0199127
24 0.456641 0.429688 0.383594 0.211719 0.0160217
24 0.544434 0.41875 0.520508 0.238281 0.0137405
23 0.456641 0.429688 0.383594 0.211719 0.00312424
23 0.544434 0.41875 0.520508 0.238281 0.0024147
14 0.544434 0.41875 0.520508 0.238281 0.00239754
6 0.552441 0.411816 0.548242 0.249805 0.00138855
16 0.544434 0.41875 0.520508 0.238281 0.00138855
2 0.400391 0.440234 0.261719 0.223438 0.00121593
16 0.456641 0.429688 0.383594 0.211719 0.00111198
6 0.425781 0.432813 0.314063 0.213281 0.00103188
7 0.444531 0.421777 0.35625 0.212695 0.581543
7 0.535937 0.417578 0.557813 0.246094 0.511719
18 0.535937 0.417578 0.557813 0.246094 0.183594
18 0.444531 0.421777 0.35625 0.212695 0.101562
7 0.530859 0.443359 0.622656 0.330469 0.016922
2 0.43291 0.423438 0.343555 0.207813 0.0155411
7 0.403125 0.407129 0.294531 0.173242 0.0133286
2 0.535937 0.417578 0.557813 0.246094 0.0112457
6 0.413184 0.422266 0.31582 0.2 0.0078125
16 0.435547 0.425781 0.352344 0.228125 0.00510025
18 0.530859 0.443359 0.622656 0.330469 0.00475693
24 0.444531 0.421777 0.35625 0.212695 0.00436401
24 0.535937 0.417578 0.557813 0.246094 0.00390053
7 0.454004 0.470703 0.39043 0.294531 0.00314713
23 0.413184 0.422266 0.31582 0.2 0.00291252
14 0.43291 0.423438 0.343555 0.207813 0.00282288
16 0.454004 0.470703 0.39043 0.294531 0.00263214
16 0.535937 0.417578 0.557813 0.246094 0.00216484
2 0.530859 0.443359 0.622656 0.330469 0.00211525
14 0.535937 0.417578 0.557813 0.246094 0.00177479
11 0.730859 0.312891 0.538281 0.488281 0.00160408
18 0.403125 0.407129 0.294531 0.173242 0.00148964
0 0.413184 0.422266 0.31582 0.2 0.00137234
3 0.413184 0.422266 0.31582 0.2 0.00135136
11 0.403125 0.407129 0.294531 0.173242 0.00134087
2 0.730859 0.312891 0.538281 0.488281 0.00127888
7 0.4875 0.479297 0.477344 0.3625 0.00119686
14 0.403125 0.407129 0.294531 0.173242 0.00118828
4 0.403125 0.407129 0.294531 0.173242 0.00117397
10 0.413184 0.422266 0.31582 0.2 0.00113392
23 0.535937 0.417578 0.557813 0.246094 0.00109005
2 0.403125 0.407129 0.294531 0.173242 0.00107288
11 0.810938 0.343555 0.378125 0.374609 0.00103664
7 0.549219 0.418066 0.58125 0.263867 0.770508
2 0.534375 0.430078 0.551562 0.239844 0.364746
2 0.437109 0.429297 0.340625 0.235156 0.23584
7 0.444434 0.425781 0.356445 0.224219 0.160767
18 0.549219 0.418066 0.58125 0.263867 0.149048
2 0.482812 0.462109 0.445312 0.289844 0.130737
14 0.534375 0.430078 0.551562 0.239844 0.0422363
2 0.567578 0.484375 0.633594 0.379688 0.0333252
14 0.437109 0.429297 0.340625 0.235156 0.0322266
14 0.482812 0.462109 0.445312 0.289844 0.0163422
16 0.437109 0.429297 0.340625 0.235156 0.00955963
16 0.534375 0.430078 0.551562 0.239844 0.00787354
10 0.437109 0.429297 0.340625 0.235156 0.0068512
18 0.444434 0.425781 0.356445 0.224219 0.00602722
10 0.534375 0.430078 0.551562 0.239844 0.00542831
14 0.567578 0.484375 0.633594 0.379688 0.00526047
4 0.916406 0.816992 0.167187 0.159766 0.00471878
6 0.546191 0.421875 0.56543 0.23125 0.00424957
6 0.444434 0.425781 0.356445 0.224219 0.00340271
7 0.482812 0.462109 0.445312 0.289844 0.00340271
23 0.444434 0.425781 0.356445 0.224219 0.00336266
23 0.540234 0.425 0.555469 0.238281 0.00327301
24 0.546973 0.415234 0.582617 0.257812 0.00228691
16 0.482812 0.462109 0.445312 0.289844 0.00183868
2 0.582715 0.549609 0.692383 0.560156 0.00183868
9 0.546973 0.415234 0.582617 0.257812 0.00145531
23 0.482812 0.462109 0.445312 0.289844 0.00123978
10 0.482812 0.462109 0.445312 0.289844 0.00121593
25 0.482812 0.462109 0.445312 0.289844 0.00119686
11 0.410059 0.425391 0.298633 0.214062 0.00102806
7 0.514941 0.419531 0.523242 0.235938 0.796875
18 0.534277 0.412109 0.56582 0.260156 0.569824
2 0.471973 0.428223 0.432617 0.232617 0.14563
2 0.407031 0.42334 0.307813 0.218945 0.108582
18 0.475391 0.421875 0.442188 0.225 0.049408
6 0.473047 0.42959 0.432813 0.22207 0.0266571
2 0.534277 0.412109 0.56582 0.260156 0.0194244
6 0.541406 0.428125 0.579688 0.239063 0.019165
14 0.471973 0.428223 0.432617 0.232617 0.0178528
7 0.407031 0.42334 0.307813 0.218945 0.0157776
23 0.473047 0.42959 0.432813 0.22207 0.0142822
16 0.471973 0.428223 0.432617 0.232617 0.0122375
6 0.407031 0.42334 0.307813 0.218945 0.012146
23 0.541406 0.428125 0.579688 0.239063 0.0106125
24 0.541406 0.428125 0.579688 0.239063 0.00926971
23 0.407031 0.42334 0.307813 0.218945 0.0091629
18 0.407031 0.42334 0.307813 0.218945 0.00800323
16 0.407031 0.42334 0.307813 0.218945 0.00656509
9 0.471973 0.428223 0.432617 0.232617 0.00626373
14 0.407031 0.42334 0.307813 0.218945 0.00595856
9 0.534277 0.412109 0.56582 0.260156 0.00564194
10 0.471973 0.428223 0.432617 0.232617 0.00516129
16 0.534277 0.412109 0.56582 0.260156 0.0037365
9 0.407031 0.42334 0.307813 0.218945 0.00345612
10 0.407031 0.42334 0.307813 0.218945 0.00345612
11 0.407031 0.42334 0.307813 0.218945 0.00340271
24 0.473047 0.42959 0.432813 0.22207 0.00291252
11 0.473047 0.42959 0.432813 0.22207 0.00245285
0 0.407031 0.42334 0.307813 0.218945 0.00239754
7 0.475391 0.457031 0.446875 0.269531 0.00215721
0 0.473047 0.42959 0.432813 0.22207 0.00208282
3 0.473047 0.42959 0.432813 0.22207 0.00191212
4 0.473047 0.42959 0.432813 0.22207 0.00131512
10 0.534277 0.412109 0.56582 0.260156 0.00131512
3 0.407031 0.42334 0.307813 0.218945 0.00124454
16 0.450391 0.467969 0.396094 0.29375 0.00119209
4 0.407031 0.42334 0.307813 0.218945 0.0011158
14 0.534277 0.412109 0.56582 0.260156 0.00107288
3 0.541406 0.428125 0.579688 0.239063 0.00104046
7 0.537891 0.422266 0.555469 0.278125 0.716797
18 0.537891 0.422266 0.555469 0.278125 0.6875
10 0.511621 0.458691 0.518945 0.31543 0.329346
23 0.547266 0.422266 0.549219 0.264844 0.0690308
23 0.511621 0.458691 0.518945 0.31543 0.0585632
14 0.524316 0.432031 0.543555 0.270313 0.0422363
2 0.547656 0.413672 0.564063 0.282813 0.0263519
10 0.548047 0.417285 0.553906 0.282617 0.0187683
16 0.511621 0.458691 0.518945 0.31543 0.0167847
25 0.483691 0.441406 0.460742 0.273438 0.0113754
2 0.525781 0.458496 0.545313 0.320508 0.0104523
6 0.55166 0.409766 0.557617 0.270313 0.00828552
0 0.511621 0.458691 0.518945 0.31543 0.00653839
6 0.511621 0.458691 0.518945 0.31543 0.00511932
4 0.517871 0.433496 0.529883 0.268945 0.00475693
3 0.477441 0.465527 0.44668 0.320508 0.00388527
23 0.620313 0.408594 0.415625 0.254688 0.00376511
18 0.620313 0.408594 0.415625 0.254688 0.00302696
9 0.548438 0.414062 0.55625 0.279687 0.00286674
7 0.620313 0.408594 0.415625 0.254688 0.00223351
5 0.511621 0.458691 0.518945 0.31543 0.00182438
3 0.517871 0.433496 0.529883 0.268945 0.0018034
7 0.421094 0.463281 0.301563 0.15625 0.00171375
17 0.483691 0.441406 0.460742 0.273438 0.0015974
18 0.499609 0.469141 0.491406 0.346094 0.00153637
16 0.547656 0.413672 0.564063 0.282813 0.00147247
15 0.511621 0.458691 0.518945 0.31543 0.00130463
6 0.622656 0.405566 0.404687 0.241992 0.00130463
0 0.547656 0.413672 0.564063 0.282813 0.0012598
14 0.477441 0.465527 0.44668 0.320508 0.00121593
2 0.620313 0.408594 0.415625 0.254688 0.00116062
14 0.620313 0.408594 0.415625 0.254688 0.00106049
24 0.525391 0.431152 0.533594 0.26582 0.00102806
7 0.544922 0.414746 0.544531 0.231445 0.989746
7 0.473047 0.417188 0.417969 0.215625 0.825684
18 0.544922 0.414746 0.544531 0.231445 0.397949
2 0.512891 0.421875 0.49375 0.232031 0.0453491
18 0.473047 0.417188 0.417969 0.215625 0.0263519
7 0.503906 0.451172 0.489063 0.267969 0.0152512
6 0.469531 0.40625 0.40625 0.204688 0.00878143
2 0.44541 0.416797 0.373242 0.217969 0.00740433
24 0.544434 0.410059 0.543945 0.22832 0.00658798
24 0.469531 0.40625 0.40625 0.204688 0.00416565
23 0.518359 0.418848 0.497656 0.220117 0.0037365
16 0.44541 0.416797 0.373242 0.217969 0.00282288
11 0.469531 0.40625 0.40625 0.204688 0.00279999
2 0.533203 0.452441 0.578906 0.307617 0.00244331
3 0.469531 0.40625 0.40625 0.204688 0.00227928
16 0.560156 0.404687 0.592188 0.270313 0.00182438
9 0.552246 0.40625 0.583008 0.253906 0.0017004
14 0.512891 0.421875 0.49375 0.232031 0.00124454
7 0.574121 0.369531 0.623633 0.253906 0.00105667
0 0.469531 0.40625 0.40625 0.204688 0.00100422
7 0.538281 0.419922 0.523438 0.242188 0.478516
7 0.468848 0.425 0.399805 0.226562 0.295898
18 0.551172 0.405078 0.541406 0.242188 0.247314
2 0.433496 0.426563 0.333008 0.220313 0.0820923
6 0.403027 0.427246 0.298633 0.225195 0.0462036
18 0.468848 0.425 0.399805 0.226562 0.0236969
23 0.433496 0.426563 0.333008 0.220313 0.0152512
2 0.514063 0.42334 0.461719 0.225195 0.0112
18 0.403027 0.427246 0.298633 0.225195 0.00568771
7 0.403027 0.427246 0.298633 0.225195 0.00521851
14 0.433496 0.426563 0.333008 0.220313 0.00510025
6 0.468848 0.425 0.399805 0.226562 0.00446701
16 0.411719 0.439453 0.307813 0.217188 0.00426483
23 0.551172 0.405078 0.541406 0.242188 0.00400543
0 0.403027 0.427246 0.298633 0.225195 0.00348282
3 0.403027 0.427246 0.298633 0.225195 0.00348282
16 0.551172 0.4125 0.517969 0.236719 0.00341606
15 0.403027 0.427246 0.298633 0.225195 0.00321007
6 0.551172 0.405078 0.541406 0.242188 0.00269318
24 0.551172 0.405078 0.541406 0.242188 0.00211525
10 0.433496 0.426563 0.333008 0.220313 0.00203514
9 0.551172 0.405078 0.541406 0.242188 0.00185299
25 0.403027 0.427246 0.298633 0.225195 0.00183868
11 0.433496 0.426563 0.333008 0.220313 0.00177479
16 0.466016 0.428223 0.394531 0.220117 0.00167465
2 0.565234 0.403906 0.535156 0.264062 0.0016489
14 0.538281 0.419922 0.523438 0.242188 0.00148392
7 0.596094 0.400781 0.46875 0.25 0.00136662
9 0.403027 0.427246 0.298633 0.225195 0.00123501
4 0.403027 0.427246 0.298633 0.225195 0.00121117
7 0.419629 0.398828 0.307617 0.147656 0.00115108
24 0.468848 0.425 0.399805 0.226562 0.00108147
7 0.522559 0.416406 0.551758 0.265625 0.989746
18 0.527734 0.41416 0.553906 0.279492 0.146606
7 0.469629 0.45166 0.44668 0.29043 0.0646362
6 0.449609 0.422656 0.397656 0.242969 0.0215759
2 0.508691 0.441309 0.574805 0.314258 0.0184784
10 0.453809 0.436621 0.406445 0.281445 0.0127258
2 0.49209 0.417969 0.467383 0.248438 0.0118256
23 0.449609 0.422656 0.397656 0.242969 0.00669098
23 0.522656 0.413281 0.551562 0.244531 0.00614548
18 0.449609 0.422656 0.397656 0.242969 0.00559998
14 0.510938 0.428906 0.528125 0.269531 0.00510025
3 0.449609 0.422656 0.397656 0.242969 0.00488663
24 0.449609 0.422656 0.397656 0.242969 0.0039444
24 0.524609 0.414062 0.538281 0.230469 0.0037365
0 0.449609 0.422656 0.397656 0.242969 0.00367928
6 0.453906 0.476465 0.41875 0.350195 0.00321007
16 0.449609 0.422656 0.397656 0.242969 0.00266266
15 0.453809 0.436621 0.406445 0.281445 0.0020752
0 0.508691 0.441309 0.574805 0.314258 0.00176811
0 0.524609 0.414062 0.538281 0.230469 0.0017271
6 0.524609 0.414062 0.538281 0.230469 0.0017004
16 0.524219 0.418066 0.564063 0.263867 0.00167465
25 0.508691 0.441309 0.574805 0.314258 0.00167465
16 0.453906 0.476465 0.41875 0.350195 0.00152493
7 0.457422 0.498437 0.439844 0.297656 0.00151253
25 0.453809 0.436621 0.406445 0.281445 0.00130463
4 0.453809 0.436621 0.406445 0.281445 0.00101185
7 0.555078 0.419629 0.564844 0.24668 0.81543
18 0.553906 0.405371 0.570312 0.264258 0.258301
10 0.502441 0.438184 0.470117 0.254883 0.013588
2 0.538281 0.428125 0.535937 0.235938 0.0113297
14 0.519922 0.42959 0.500781 0.239258 0.0109024
16 0.502441 0.438184 0.470117 0.254883 0.00763702
23 0.507422 0.43125 0.479688 0.234375 0.00698471
23 0.553906 0.405371 0.570312 0.264258 0.00518036
0 0.507422 0.43125 0.479688 0.234375 0.00298119
6 0.502441 0.438184 0.470117 0.254883 0.00252151
10 0.553906 0.405371 0.570312 0.264258 0.00199509
7 0.497266 0.453809 0.454688 0.264258 0.00188255
18 0.502441 0.438184 0.470117 0.254883 0.0017004
16 0.553125 0.415234 0.567187 0.240625 0.00168133
24 0.550391 0.426172 0.571094 0.264844 0.0016489
6 0.551172 0.406934 0.582031 0.251758 0.00157928
9 0.552344 0.414941 0.579688 0.276367 0.00146675
16 0.444922 0.46084 0.360156 0.300195 0.00136662
25 0.502441 0.438184 0.470117 0.254883 0.00127411
4 0.507422 0.43125 0.479688 0.234375 0.00120163
7 0.538672 0.410059 0.528906 0.243945 0.975586
18 0.552734 0.405469 0.544531 0.245312 0.092041
23 0.53584 0.417969 0.54082 0.226562 0.00324821
2 0.535937 0.413672 0.534375 0.249219 0.00293541
24 0.538672 0.417969 0.544531 0.235938 0.00288963
0 0.528125 0.416797 0.53125 0.242188 0.00259018
6 0.528125 0.416797 0.53125 0.242188 0.00234985
7 0.465234 0.420312 0.417969 0.228125 0.00215721
14 0.535937 0.413672 0.534375 0.249219 0.00155449
3 0.538672 0.417969 0.544531 0.235938 0.00133038
11 0.539453 0.419141 0.555469 0.233594 0.00130939
7 0.532422 0.415625 0.530469 0.253125 0.607422
18 0.53125 0.412891 0.532813 0.232031 0.0769653
7 0.480566 0.409375 0.420117 0.210938 0.0228882
2 0.503125 0.417285 0.46875 0.245117 0.01017
23 0.513281 0.412598 0.49375 0.223242 0.00397491
16 0.503125 0.417285 0.46875 0.245117 0.00292397
24 0.513281 0.412598 0.49375 0.223242 0.00242424
14 0.514941 0.432422 0.504492 0.263281 0.00196457
16 0.456348 0.440234 0.37793 0.272656 0.00139904
23 0.449902 0.423535 0.367383 0.241992 0.00118828
2 0.539844 0.434375 0.570312 0.311719 0.00117874
7 0.550879 0.412402 0.55293 0.273633 0.947754
18 0.557813 0.405078 0.53125 0.264844 0.0984497
2 0.551562 0.415234 0.551562 0.263281 0.0213623
14 0.551562 0.415234 0.551562 0.263281 0.00746155
7 0.665625 0.396875 0.321875 0.214844 0.00388527
23 0.550391 0.413281 0.557031 0.264844 0.00369263
18 0.665625 0.396875 0.321875 0.214844 0.00271416
16 0.665625 0.396875 0.321875 0.214844 0.00178909
16 0.558203 0.408691 0.536719 0.25293 0.00168705
7 0.538281 0.441504 0.564063 0.274805 0.602051
2 0.538965 0.448438 0.56582 0.28125 0.00561905
18 0.538281 0.436328 0.559375 0.284375 0.00403976
14 0.538965 0.448438 0.56582 0.28125 0.00239754
23 0.538281 0.441504 0.564063 0.274805 0.00104809
7 0.557422 0.424121 0.547656 0.268945 0.972168
18 0.560547 0.414844 0.549219 0.257812 0.0634766
23 0.5625 0.426172 0.546875 0.249219 0.00429916
6 0.5625 0.426172 0.546875 0.249219 0.00203514
3 0.5625 0.426172 0.546875 0.249219 0.00179577
24 0.554688 0.428516 0.540625 0.252344 0.0011034
7 0.538672 0.423828 0.530469 0.274219 0.933105
18 0.551562 0.412891 0.546875 0.291406 0.126831
6 0.509375 0.43584 0.492188 0.27207 0.122925
7 0.55166 0.51084 0.587305 0.458008 0.0306702
0 0.518359 0.428906 0.514844 0.277344 0.0274811
10 0.509375 0.43584 0.492188 0.27207 0.0256653
10 0.505371 0.5125 0.495508 0.31875 0.0228882
11 0.518359 0.428906 0.514844 0.277344 0.0194244
23 0.518359 0.428906 0.514844 0.277344 0.016922
6 0.505371 0.5125 0.495508 0.31875 0.0162811
10 0.491016 0.643457 0.775781 0.713086 0.0152512
2 0.518359 0.428906 0.514844 0.277344 0.0100555
3 0.518359 0.428906 0.514844 0.277344 0.00837708
2 0.55166 0.51084 0.587305 0.458008 0.00787354
6 0.489746 0.652734 0.733008 0.683594 0.00629044
24 0.509375 0.43584 0.492188 0.27207 0.005867
14 0.528516 0.43125 0.522656 0.274219 0.0055542
7 0.503223 0.473047 0.481055 0.344531 0.00407028
15 0.478516 0.421484 0.438281 0.258594 0.00388527
4 0.509375 0.43584 0.492188 0.27207 0.00313568
14 0.55166 0.51084 0.587305 0.458008 0.00255013
24 0.541504 0.4 0.563867 0.3125 0.00245285
18 0.523047 0.465527 0.522656 0.337695 0.0024147
6 0.481348 0.394629 0.448242 0.274805 0.00200272
6 0.541504 0.4 0.563867 0.3125 0.00133038
9 0.552734 0.413672 0.561719 0.296875 0.00112057
25 0.478125 0.438672 0.4375 0.271094 0.00104046
25 0.55166 0.51084 0.587305 0.458008 0.00104046
0 0.55166 0.51084 0.587305 0.458008 0.00102806
7 0.53584 0.427344 0.531445 0.253125 0.616699
18 0.53916 0.420703 0.54043 0.271094 0.0245209
7 0.547266 0.426953 0.566406 0.274219 0.957031
18 0.544922 0.427344 0.571094 0.259375 0.0574951
11 0.5375 0.425391 0.565625 0.3 0.00559998
23 0.544922 0.427344 0.571094 0.259375 0.00486755
0 0.529688 0.451172 0.546875 0.303125 0.00239754
24 0.544922 0.427344 0.571094 0.259375 0.00211525
14 0.54209 0.441504 0.56582 0.28418 0.0020504
3 0.544922 0.427344 0.571094 0.259375 0.00201035
2 0.537891 0.435254 0.566406 0.293555 0.0017271
6 0.544922 0.427344 0.571094 0.259375 0.0015974
7 0.54375 0.416406 0.551562 0.2375 0.984863
18 0.559277 0.408691 0.550195 0.257617 0.0347595
7 0.535059 0.480078 0.531445 0.320312 0.0265503
2 0.54375 0.416406 0.551562 0.2375 0.00400543
14 0.544434 0.428223 0.539258 0.248242 0.00186062
23 0.546094 0.413672 0.548438 0.252344 0.00112057
7 0.559473 0.42041 0.568555 0.27168 0.915527
18 0.560547 0.414062 0.569531 0.298438 0.0321045
6 0.476953 0.433496 0.430469 0.248633 0.0100098
2 0.527734 0.427246 0.530469 0.250195 0.00837708
7 0.469434 0.42959 0.417383 0.231445 0.00391388
3 0.476953 0.433496 0.430469 0.248633 0.00314713
0 0.517969 0.430566 0.510156 0.257617 0.00231361
10 0.476953 0.433496 0.430469 0.248633 0.00197983
16 0.558984 0.403809 0.569531 0.283008 0.00141048
14 0.517969 0.430566 0.510156 0.257617 0.00127411
24 0.527734 0.427246 0.530469 0.250195 0.00119686
23 0.527734 0.427246 0.530469 0.250195 0.00112915
7 0.551465 0.418848 0.54707 0.273242 0.968262
18 0.565625 0.409277 0.539062 0.25957 0.0255585
14 0.550684 0.428125 0.545508 0.260156 0.0113297
0 0.525684 0.429688 0.52207 0.253906 0.00405502
2 0.550684 0.428125 0.545508 0.260156 0.00261116
18 0.514844 0.437891 0.50625 0.258594 0.00168133
23 0.525684 0.429688 0.52207 0.253906 0.0014782
6 0.525684 0.429688 0.52207 0.253906 0.00139904
11 0.530371 0.424609 0.526758 0.250781 0.00102806
7 0.558984 0.40791 0.552344 0.249805 0.956543
18 0.561621 0.401465 0.548633 0.239258 0.128052
18 0.569531 0.4375 0.603125 0.260156 0.0180511
7 0.556348 0.446973 0.58418 0.251367 0.0135345
14 0.559766 0.432031 0.577344 0.257031 0.00564194
23 0.555469 0.418359 0.56875 0.260156 0.00518036
2 0.558984 0.40791 0.552344 0.249805 0.0017271
0 0.569531 0.4375 0.603125 0.260156 0.00131512
7 0.558594 0.428809 0.560938 0.275195 0.976562
18 0.556934 0.410254 0.55957 0.270117 0.0462036
23 0.551562 0.414062 0.554688 0.28125 0.00252151
14 0.554297 0.433496 0.547656 0.24707 0.00158501
3 0.547266 0.402734 0.583594 0.302344 0.00121117
6 0.547266 0.402734 0.583594 0.302344 0.00115108
7 0.542969 0.414844 0.535937 0.250781 0.947754
18 0.543359 0.411719 0.536719 0.25625 0.01017
2 0.543652 0.412109 0.537695 0.247656 0.00769424
14 0.543652 0.412109 0.537695 0.247656 0.00271416
23 0.544141 0.411035 0.532031 0.24668 0.00243378
7 0.548047 0.417871 0.550781 0.24707 0.958496
18 0.544141 0.414062 0.550781 0.251563 0.0173035
23 0.544531 0.412891 0.55 0.25 0.00299263
14 0.548047 0.417871 0.550781 0.24707 0.00263214
2 0.548047 0.417871 0.550781 0.24707 0.00195694
3 0.544531 0.412891 0.55 0.25 0.00129414
7 0.554297 0.419531 0.557031 0.252344 0.979492
18 0.554004 0.425 0.554492 0.253125 0.0797729
23 0.550879 0.412598 0.557617 0.251367 0.00429916
14 0.546094 0.43125 0.557813 0.25625 0.00352478
3 0.547656 0.415234 0.545313 0.255469 0.00263214
2 0.546094 0.43125 0.557813 0.25625 0.00179577
6 0.550879 0.412598 0.557617 0.251367 0.00127888
11 0.542188 0.41709 0.546875 0.25332 0.00115585
0 0.555469 0.411719 0.571875 0.246094 0.00103664
7 0.540625 0.41084 0.528125 0.256445 0.872559
18 0.532031 0.410156 0.523438 0.263281 0.0524292
0 0.527344 0.414453 0.514063 0.255469 0.00616837
7 0.459277 0.419531 0.386133 0.253125 0.00584412
23 0.532031 0.410156 0.523438 0.263281 0.00413513
2 0.540625 0.41084 0.528125 0.256445 0.00395966
14 0.527344 0.414453 0.514063 0.255469 0.00337601
11 0.532031 0.410156 0.523438 0.263281 0.00167465
6 0.532031 0.410156 0.523438 0.263281 0.00105286
9 0.532031 0.410156 0.523438 0.263281 0.00104427
7 0.543652 0.418652 0.51582 0.24707 0.834473
18 0.546094 0.408594 0.53125 0.247656 0.00974274
14 0.500684 0.425684 0.47207 0.231445 0.00638962
2 0.500684 0.425684 0.47207 0.231445 0.00572968
6 0.492188 0.433496 0.453125 0.251758 0.00116539
18 0.492188 0.433496 0.453125 0.251758 0.00109005
7 0.544922 0.407129 0.571094 0.25293 0.924805
18 0.54375 0.407031 0.573438 0.25 0.00945282
14 0.544922 0.416309 0.553906 0.24082 0.00183868
2 0.544922 0.416309 0.553906 0.24082 0.00118828
7 0.551953 0.4 0.583594 0.264062 0.954102
7 0.478809 0.4125 0.450195 0.246094 0.127197
18 0.558984 0.395215 0.567969 0.250195 0.0217743
7 0.623047 0.396484 0.435156 0.223438 0.00728989
7 0.685156 0.397266 0.304688 0.225 0.00413513
14 0.537109 0.414844 0.555469 0.255469 0.00298119
2 0.537109 0.414844 0.555469 0.255469 0.00182438
18 0.623047 0.396484 0.435156 0.223438 0.00159168
16 0.623047 0.396484 0.435156 0.223438 0.00110722
7 0.549316 0.398828 0.574805 0.249219 0.90918
18 0.544531 0.403223 0.565625 0.249805 0.0161591
14 0.545313 0.41416 0.565625 0.262305 0.00204277
2 0.545313 0.41416 0.565625 0.262305 0.00125504
7 0.557422 0.405566 0.557031 0.248242 0.946777
18 0.557813 0.400781 0.564063 0.240625 0.0281067
7 0.484375 0.416504 0.442969 0.241992 0.0213623
14 0.5375 0.411328 0.548438 0.246094 0.00460815
24 0.550781 0.389062 0.578125 0.257031 0.0020504
2 0.5375 0.411328 0.548438 0.246094 0.00162888
3 0.550781 0.389062 0.578125 0.257031 0.00142097
0 0.551172 0.407813 0.571094 0.249219 0.00135612
23 0.557813 0.400781 0.564063 0.240625 0.00126457
7 0.536719 0.399121 0.539062 0.236133 0.84082
18 0.547656 0.393652 0.55625 0.233008 0.0245209
14 0.528125 0.407813 0.523438 0.247656 0.00193405
23 0.547656 0.393652 0.55625 0.233008 0.00148964
7 0.559277 0.404785 0.54707 0.248242 0.946777
18 0.564063 0.4 0.546875 0.245312 0.0339661
14 0.543359 0.4125 0.550781 0.25 0.00217438
24 0.556641 0.385547 0.567969 0.257812 0.00137806
2 0.549316 0.407031 0.548242 0.249219 0.00125504
3 0.556641 0.385547 0.567969 0.257812 0.00106525
0 0.549316 0.407031 0.548242 0.249219 0.00101185
7 0.559375 0.411035 0.5625 0.24668 0.839844
18 0.5625 0.40625 0.55625 0.239844 0.00327301
14 0.560156 0.414746 0.557813 0.250195 0.00275803
0 0.559375 0.411035 0.5625 0.24668 0.00108147
7 0.561816 0.410156 0.570117 0.242188 0.818848
18 0.55625 0.404004 0.571875 0.257617 0.00636292
14 0.560156 0.416406 0.576563 0.25625 0.00214958
0 0.560156 0.416406 0.576563 0.25625 0.00129986
24 0.553906 0.387109 0.58125 0.233594 0.00123024
7 0.54375 0.410547 0.560938 0.249219 0.89502
7 0.478125 0.431348 0.422656 0.237305 0.0238647
2 0.535254 0.425781 0.53418 0.242188 0.00775528
14 0.535254 0.425781 0.53418 0.242188 0.00595856
18 0.549219 0.408594 0.5625 0.249219 0.00547028
7 0.55625 0.408594 0.56875 0.240625 0.790527
18 0.560254 0.402344 0.554492 0.230469 0.00309944
7 0.544922 0.412891 0.563281 0.247656 0.888184
18 0.544141 0.410059 0.553906 0.236133 0.00614548
14 0.547754 0.421191 0.566992 0.245117 0.00175476
7 0.553223 0.4125 0.55918 0.235156 0.654785
7 0.6375 0.397754 0.392188 0.201367 0.00340271
0 0.549609 0.41709 0.550781 0.237695 0.00232315
7 0.707031 0.395313 0.253125 0.189063 0.00230598
14 0.549609 0.41709 0.550781 0.237695 0.00218201
11 0.548438 0.408594 0.546875 0.232813 0.00186729
18 0.564063 0.401563 0.545313 0.217188 0.0017271
3 0.548438 0.408594 0.546875 0.232813 0.00125504
7 0.553027 0.413965 0.562695 0.258008 0.897461
18 0.558203 0.406641 0.564844 0.240625 0.0042305
14 0.551562 0.415625 0.557813 0.25625 0.00400543
2 0.551562 0.415625 0.557813 0.25625 0.00209999
0 0.551562 0.415625 0.557813 0.25625 0.00123024
11 0.518066 0.415625 0.49043 0.241406 0.00112915
7 0.444922 0.426465 0.3375 0.229883 0.00102043
7 0.542969 0.413672 0.529688 0.228906 0.832031
18 0.561816 0.409473 0.548242 0.237305 0.00309944
14 0.545703 0.418359 0.544531 0.239844 0.00211525
0 0.545703 0.418359 0.544531 0.239844 0.00112057
7 0.538281 0.417871 0.53125 0.256445 0.908691
18 0.529297 0.410547 0.525781 0.254688 0.0152512
0 0.528516 0.422754 0.527344 0.257617 0.00179577
14 0.528516 0.422754 0.527344 0.257617 0.00168705
23 0.542578 0.410059 0.528906 0.24707 0.00102043
7 0.539062 0.408594 0.515625 0.223438 0.812988
18 0.542188 0.401953 0.526563 0.216406 0.02211
24 0.542188 0.401953 0.526563 0.216406 0.00208282
0 0.542188 0.414746 0.521875 0.233008 0.00121593
14 0.542188 0.414746 0.521875 0.233008 0.00111198
2 0.542188 0.414746 0.521875 0.233008 0.00107288
7 0.550781 0.409473 0.548438 0.237305 0.888184
18 0.563281 0.407031 0.534375 0.234375 0.00806427
0 0.553223 0.413672 0.54043 0.233594 0.00346947
14 0.553223 0.413672 0.54043 0.233594 0.00218201
7 0.556641 0.415234 0.542969 0.236719 0.869629
11 0.549219 0.416406 0.535937 0.235938 0.00455475
0 0.557031 0.423828 0.542188 0.244531 0.00403976
18 0.56084 0.411035 0.543945 0.238867 0.00319672
3 0.556641 0.415234 0.542969 0.236719 0.0014782
14 0.557031 0.423828 0.542188 0.244531 0.00104046
7 0.549902 0.415625 0.53457 0.238281 0.771973
18 0.549902 0.415625 0.53457 0.238281 0.0112457
11 0.539062 0.415625 0.521875 0.239063 0.00413513
0 0.551953 0.41875 0.536719 0.239844 0.00318527
14 0.551953 0.41875 0.536719 0.239844 0.00143242
2 0.551953 0.41875 0.536719 0.239844 0.00135136
7 0.557813 0.412891 0.542188 0.220313 0.930664
18 0.565234 0.404687 0.535156 0.220313 0.00566483
0 0.554297 0.415625 0.522656 0.21875 0.00184631
14 0.554297 0.415625 0.522656 0.21875 0.00136662
7 0.548828 0.408594 0.525781 0.220313 0.873047
18 0.54375 0.410156 0.51875 0.225781 0.0163422
0 0.543848 0.41709 0.518555 0.22832 0.00107288
14 0.551172 0.41416 0.532031 0.22793 0.00102806
7 0.544434 0.411035 0.518945 0.218555 0.863281
18 0.534473 0.421875 0.493555 0.210938 0.0417786
0 0.544141 0.418652 0.505469 0.218945 0.00191212
14 0.544141 0.418652 0.505469 0.218945 0.00115108
24 0.530371 0.416309 0.481445 0.204883 0.00102806
7 0.543652 0.414453 0.500195 0.208594 0.78418
18 0.541797 0.422559 0.516406 0.211133 0.00426483
7 0.537109 0.419141 0.500781 0.2125 0.813965
18 0.539844 0.414746 0.517188 0.212695 0.00195694
0 0.534766 0.42959 0.516406 0.22832 0.0012846
7 0.553906 0.416406 0.554688 0.241406 0.888672
0 0.553125 0.421191 0.553125 0.237305 0.00192642
18 0.546191 0.4125 0.545117 0.234375 0.0012598
7 0.550781 0.409375 0.553125 0.230469 0.884766
0 0.558594 0.41709 0.55625 0.229883 0.00283432
14 0.558594 0.41709 0.55625 0.229883 0.00150681
18 0.561719 0.405371 0.548438 0.22832 0.00145531
7 0.549609 0.414844 0.536719 0.224219 0.892578
14 0.552344 0.416797 0.540625 0.225781 0.00182438
18 0.541406 0.416797 0.523438 0.225781 0.0017271
0 0.552344 0.416797 0.540625 0.225781 0.0017271
7 0.544922 0.414453 0.532031 0.221094 0.876465
18 0.5375 0.415723 0.51875 0.223242 0.00912476
0 0.547266 0.413965 0.532031 0.22207 0.00218201
7 0.555371 0.415625 0.554883 0.223438 0.915527
18 0.557422 0.405469 0.553906 0.215625 0.0019722
14 0.557031 0.41709 0.557813 0.220508 0.00149536
0 0.557031 0.41709 0.557813 0.220508 0.00142097
7 0.556641 0.412402 0.557031 0.231445 0.922852
18 0.564941 0.409375 0.545117 0.233594 0.00311089
0 0.554297 0.421484 0.553906 0.230469 0.00192642
7 0.544922 0.409375 0.541406 0.228125 0.915527
18 0.539844 0.413184 0.523438 0.23457 0.00638962
0 0.546875 0.416016 0.526563 0.228906 0.00213242
7 0.544922 0.408984 0.533594 0.215625 0.898926
18 0.556641 0.405469 0.527344 0.221875 0.00518036
0 0.54834 0.416504 0.529883 0.216992 0.00176144
7 0.546875 0.416797 0.535937 0.222656 0.913574
18 0.558203 0.407031 0.542969 0.226562 0.005867
0 0.55 0.41875 0.539062 0.221875 0.00176144
14 0.55 0.41875 0.539062 0.221875 0.00112438
7 0.546094 0.414453 0.535937 0.225 0.922363
18 0.557422 0.407813 0.546094 0.23125 0.00530243
14 0.548047 0.418359 0.539844 0.225 0.00157356
0 0.548047 0.418359 0.539844 0.225 0.00143814
7 0.53916 0.413379 0.520117 0.223242 0.898438
18 0.533984 0.414062 0.517969 0.225781 0.00460815
0 0.542969 0.416504 0.526563 0.224805 0.00182438
14 0.542969 0.416504 0.526563 0.224805 0.00161076
7 0.538672 0.414844 0.516406 0.219531 0.847168
14 0.542969 0.416797 0.525 0.221094 0.00212479
18 0.534766 0.416309 0.516406 0.22207 0.0017271
0 0.542969 0.416797 0.525 0.221094 0.00161648
2 0.542969 0.416797 0.525 0.221094 0.00111198
7 0.546973 0.410547 0.537305 0.224219 0.861328
14 0.544434 0.415723 0.526758 0.218555 0.00183105
2 0.544434 0.415723 0.526758 0.218555 0.00106525
7 0.544922 0.408984 0.532031 0.20625 0.855957
14 0.546875 0.414844 0.525 0.214062 0.0017271
18 0.561328 0.404785 0.532031 0.21543 0.0011692
0 0.546875 0.414844 0.525 0.214062 0.00104427
7 0.547754 0.412109 0.537305 0.213281 0.890137
14 0.547656 0.416504 0.529688 0.21543 0.00226974
18 0.561328 0.407129 0.536719 0.220117 0.00218201
0 0.547656 0.416504 0.529688 0.21543 0.00141621
2 0.547656 0.416504 0.529688 0.21543 0.0011692
11 0.538281 0.414941 0.521875 0.218555 0.00116062
7 0.544629 0.413184 0.529492 0.218945 0.910645
18 0.542578 0.421094 0.527344 0.217188 0.00223351
14 0.547656 0.417285 0.53125 0.218555 0.00213242
11 0.538184 0.413965 0.52207 0.22207 0.00184631
2 0.547656 0.417285 0.53125 0.218555 0.00129414
0 0.547656 0.417285 0.53125 0.218555 0.0012846
7 0.548438 0.413672 0.534375 0.211719 0.888672
14 0.550781 0.416016 0.5375 0.214844 0.00236893
18 0.56084 0.40625 0.54082 0.21875 0.00151253
2 0.550781 0.416016 0.5375 0.214844 0.00138855
0 0.550781 0.416016 0.5375 0.214844 0.00136662
11 0.538965 0.414844 0.525195 0.214062 0.00125504
7 0.54541 0.416016 0.52793 0.207813 0.884766
14 0.548047 0.418066 0.530469 0.212305 0.00208282
18 0.561719 0.40791 0.535937 0.216992 0.00174141
2 0.548047 0.418066 0.530469 0.212305 0.00126934
0 0.548047 0.418066 0.530469 0.212305 0.00102806
7 0.546094 0.414746 0.529688 0.212695 0.893066
18 0.558984 0.407129 0.538281 0.220117 0.00288963
14 0.548828 0.417188 0.532031 0.214844 0.00212479
2 0.548828 0.417188 0.532031 0.214844 0.00149536
11 0.53916 0.416406 0.524805 0.214844 0.00137234
0 0.548828 0.417188 0.532031 0.214844 0.00122547
7 0.544531 0.414062 0.529688 0.220313 0.893066
18 0.556641 0.40791 0.536719 0.224805 0.00426483
14 0.546875 0.41709 0.53125 0.218945 0.00155449
11 0.540234 0.414453 0.528906 0.225 0.00151253
0 0.546875 0.41709 0.53125 0.218945 0.00134087
2 0.546875 0.41709 0.53125 0.218945 0.00108147
7 0.546875 0.414844 0.53125 0.214062 0.88623
18 0.559375 0.408203 0.540625 0.219531 0.00370789
11 0.540527 0.415625 0.525195 0.217188 0.00175476
14 0.549121 0.417578 0.533008 0.215625 0.00161648
0 0.549121 0.417578 0.533008 0.215625 0.00124454
2 0.549121 0.417578 0.533008 0.215625 0.00108147
7 0.546484 0.413672 0.528906 0.208594 0.861328
18 0.560156 0.406641 0.540625 0.214844 0.00273705
11 0.539062 0.414941 0.520312 0.212305 0.00193405
14 0.548438 0.417188 0.53125 0.2125 0.00152493
0 0.548438 0.417188 0.53125 0.2125 0.00118828
2 0.548438 0.417188 0.53125 0.2125 0.00100422
7 0.547266 0.414062 0.530469 0.210938 0.864258
18 0.560059 0.407422 0.539258 0.216406 0.00436401
11 0.539453 0.415723 0.521094 0.213867 0.00178242
14 0.549219 0.417578 0.532813 0.213281 0.00136662
0 0.549219 0.417578 0.532813 0.213281 0.00124931
7 0.54541 0.413672 0.529492 0.213281 0.864258
18 0.558203 0.40791 0.539844 0.218555 0.00446701
11 0.539062 0.414941 0.523438 0.216992 0.00182438
0 0.547656 0.417188 0.532813 0.216406 0.00137806
14 0.547656 0.417188 0.532813 0.216406 0.00116062
7 0.544922 0.413379 0.528906 0.212305 0.85498
18 0.558594 0.407422 0.539062 0.217188 0.00331116
11 0.538672 0.414746 0.522656 0.21582 0.00179577
0 0.547266 0.417285 0.532031 0.21543 0.00154877
14 0.547266 0.417285 0.532031 0.21543 0.00109005
7 0.544531 0.413281 0.526563 0.208594 0.84375
18 0.558594 0.406934 0.5375 0.214258 0.00288963
11 0.538379 0.414941 0.52168 0.212305 0.00168705
0 0.547754 0.416797 0.531055 0.211719 0.00156116
14 0.547754 0.416797 0.531055 0.211719 0.00104427
7 0.546484 0.413281 0.530469 0.210156 0.852051
18 0.559766 0.406934 0.541406 0.21582 0.00282288
11 0.539453 0.41416 0.524219 0.213867 0.0017271
0 0.549219 0.416797 0.534375 0.213281 0.00154877
14 0.549219 0.416797 0.534375 0.213281 0.0011158
7 0.545996 0.412891 0.529883 0.2125 0.862305
18 0.558984 0.406641 0.541406 0.217969 0.0030632
11 0.539453 0.414062 0.524219 0.215625 0.00193405
0 0.548828 0.416406 0.533594 0.214062 0.00151253
14 0.548828 0.416406 0.533594 0.214062 0.00122547
7 0.545996 0.413379 0.529883 0.213867 0.865234
18 0.558691 0.407031 0.541992 0.21875 0.00342941
11 0.539453 0.414453 0.524219 0.216406 0.00206757
0 0.548438 0.416504 0.532813 0.21543 0.00158501
14 0.548438 0.416504 0.532813 0.21543 0.00117397
7 0.545313 0.413281 0.528125 0.2125 0.856934
18 0.558691 0.407031 0.54043 0.21875 0.00304031
11 0.53916 0.414062 0.523242 0.215625 0.00205803
0 0.54834 0.416406 0.531445 0.214062 0.00158501
14 0.54834 0.416406 0.531445 0.214062 0.0012064
7 0.545703 0.413281 0.528906 0.2125 0.858887
18 0.559375 0.407031 0.542188 0.21875 0.00294685
11 0.539062 0.414062 0.523438 0.215625 0.00217438
0 0.548047 0.416016 0.532031 0.214062 0.00155449
14 0.548047 0.416016 0.532031 0.214062 0.00119686
7 0.545996 0.412891 0.52832 0.210156 0.859863
18 0.559375 0.407031 0.542188 0.216406 0.00293541
11 0.538672 0.414062 0.521094 0.213281 0.00193405
0 0.548047 0.416016 0.530469 0.2125 0.00150108
14 0.548047 0.416016 0.530469 0.2125 0.0012064
7 0.546094 0.412891 0.529688 0.2125 0.86084
18 0.559375 0.407031 0.54375 0.21875 0.00300407
11 0.539062 0.41416 0.523438 0.21543 0.00191212
0 0.548047 0.416016 0.532031 0.214062 0.00152493
14 0.548047 0.416016 0.532031 0.214062 0.00116062
7 0.545996 0.412891 0.529883 0.2125 0.862305
18 0.558984 0.406641 0.541406 0.217969 0.003088
11 0.539453 0.414062 0.524219 0.215625 0.00191212
0 0.548828 0.416406 0.533594 0.214844 0.00150681
14 0.548828 0.416406 0.533594 0.214844 0.00122547
