19 0.444629 0.376465 0.281055 0.24707 0.0124817
14 0.447754 0.398047 0.326367 0.252344 0.00429916
3 0.45 0.400781 0.327344 0.254688 0.00413513
5 0.442285 0.393848 0.348242 0.25293 0.00345612
11 0.449219 0.386035 0.322656 0.254492 0.00316048
11 0.50791 0.310156 0.43418 0.44375 0.00247192
0 0.448828 0.389941 0.317969 0.249805 0.00223351
10 0.448828 0.389941 0.317969 0.249805 0.00211525
11 0.638281 0.294141 0.723437 0.453906 0.00179577
20 0.449219 0.386035 0.322656 0.254492 0.00172043
9 0.449219 0.3875 0.320312 0.283594 0.00156116
23 0.448828 0.389941 0.317969 0.249805 0.00154877
4 0.448828 0.389941 0.317969 0.249805 0.00154305
7 0.440625 0.399902 0.345313 0.256445 0.00144386
8 0.45 0.400781 0.327344 0.254688 0.00119209
2 0.440625 0.399902 0.345313 0.256445 0.00105667
3 0.50791 0.310156 0.43418 0.44375 0.00102806
17 0.668359 0.423438 0.663281 0.846875 0.858887
22 0.668359 0.423438 0.663281 0.846875 0.778809
17 0.619531 0.375391 0.760938 0.750781 0.725098
22 0.508203 0.560547 0.811719 0.841406 0.704102
17 0.291406 0.525781 0.582812 0.925 0.631836
17 0.512109 0.578906 0.830469 0.842188 0.611328
22 0.619531 0.375391 0.760938 0.750781 0.604004
17 0.645312 0.53125 0.709375 0.9375 0.569824
17 0.452734 0.542578 0.677344 0.739844 0.563965
22 0.619531 0.530469 0.760938 0.932813 0.550781
17 0.364844 0.543652 0.520312 0.548633 0.546875
17 0.557031 0.323828 0.826563 0.647656 0.505859
17 0.565625 0.485938 0.804688 0.901563 0.488281
22 0.307031 0.530859 0.614062 0.911719 0.482422
17 0.346484 0.482422 0.692969 0.910156 0.464844
17 0.616016 0.604688 0.767969 0.790625 0.464844
22 0.390625 0.577344 0.648438 0.664062 0.424316
17 0.342187 0.569531 0.684375 0.860938 0.424316
22 0.557031 0.323828 0.826563 0.647656 0.388672
17 0.364453 0.427344 0.728906 0.854688 0.377441
22 0.640234 0.603906 0.719531 0.792188 0.373047
22 0.691797 0.484375 0.616406 0.946875 0.352295
20 0.64375 0.425 0.7125 0.85 0.32251
22 0.346484 0.482422 0.692969 0.910156 0.320068
22 0.364844 0.543652 0.520312 0.548633 0.301514
20 0.390625 0.577344 0.648438 0.664062 0.297363
17 0.410938 0.29668 0.821875 0.593359 0.276611
22 0.362891 0.401953 0.725781 0.803906 0.262939
22 0.389062 0.560938 0.778125 0.878125 0.23938
17 0.736719 0.447656 0.526563 0.895312 0.219971
17 0.670703 0.321875 0.658594 0.64375 0.208862
22 0.586328 0.443359 0.827344 0.886719 0.204346
20 0.364844 0.543652 0.520312 0.548633 0.199951
14 0.381641 0.541016 0.486719 0.567969 0.19812
20 0.424316 0.553125 0.76543 0.85 0.196167
20 0.619531 0.530469 0.760938 0.932813 0.193726
17 0.490234 0.407031 0.913281 0.814063 0.190063
14 0.390234 0.403906 0.452344 0.807813 0.184814
22 0.391406 0.324219 0.782813 0.648438 0.184204
20 0.2875 0.557031 0.575 0.885938 0.178345
22 0.692969 0.348438 0.614062 0.696875 0.172119
17 0.343359 0.349609 0.686719 0.699219 0.167725
17 0.390234 0.403906 0.452344 0.807813 0.161377
14 0.64375 0.425 0.7125 0.85 0.160278
20 0.325391 0.441797 0.650781 0.883594 0.153076
22 0.453906 0.605859 0.835938 0.788281 0.150513
20 0.595703 0.379492 0.808594 0.758984 0.141235
22 0.390234 0.403906 0.452344 0.807813 0.141235
22 0.286133 0.578125 0.572266 0.84375 0.134766
3 0.668359 0.423438 0.663281 0.846875 0.130737
3 0.364844 0.543652 0.520312 0.548633 0.128052
22 0.490234 0.407031 0.913281 0.814063 0.123779
20 0.586719 0.583594 0.80625 0.832812 0.123779
3 0.390625 0.577344 0.648438 0.664062 0.117554
14 0.586328 0.443359 0.827344 0.886719 0.108582
14 0.325391 0.441797 0.650781 0.883594 0.106323
17 0.689063 0.580078 0.621875 0.839844 0.103027
17 0.295312 0.6125 0.590625 0.775 0.102295
17 0.41875 0.607031 0.8375 0.785937 0.101929
20 0.509375 0.324219 0.83125 0.648438 0.101562
14 0.275391 0.553125 0.550781 0.89375 0.100525
14 0.619531 0.530469 0.760938 0.932813 0.100159
22 0.259375 0.616797 0.51875 0.766406 0.0994873
22 0.647266 0.295898 0.705469 0.591797 0.0984497
1 0.668359 0.423438 0.663281 0.846875 0.0923462
20 0.691797 0.484375 0.616406 0.946875 0.0894775
14 0.595703 0.379492 0.808594 0.758984 0.0838623
22 0.736719 0.392578 0.526563 0.785156 0.083313
20 0.364453 0.427344 0.728906 0.854688 0.0823975
20 0.586328 0.443359 0.827344 0.886719 0.078064
3 0.325391 0.441797 0.650781 0.883594 0.0778198
3 0.619531 0.375391 0.760938 0.750781 0.0745239
3 0.390234 0.403906 0.452344 0.807813 0.0736694
17 0.622559 0.267383 0.754883 0.534766 0.072876
22 0.451172 0.26875 0.800781 0.5375 0.0718384
22 0.294336 0.424219 0.588672 0.848437 0.0703125
17 0.295703 0.398438 0.591406 0.796875 0.0687866
1 0.619531 0.375391 0.760938 0.750781 0.064209
14 0.452734 0.542578 0.677344 0.739844 0.0639648
3 0.424316 0.553125 0.76543 0.85 0.0637207
14 0.509375 0.324219 0.83125 0.648438 0.0623169
1 0.2875 0.557031 0.575 0.885938 0.0618896
3 0.2875 0.557031 0.575 0.885938 0.0611877
3 0.619531 0.530469 0.760938 0.932813 0.058136
20 0.396875 0.354688 0.79375 0.709375 0.0579224
1 0.619531 0.530469 0.760938 0.932813 0.0564575
1 0.588281 0.605859 0.817187 0.788281 0.0562439
20 0.453906 0.605859 0.835938 0.788281 0.0554199
3 0.5375 0.580078 0.810938 0.839844 0.0548096
25 0.381641 0.541016 0.486719 0.567969 0.0535889
8 0.364844 0.543652 0.520312 0.548633 0.0526123
10 0.364844 0.543652 0.520312 0.548633 0.0526123
20 0.390234 0.403906 0.452344 0.807813 0.0512695
20 0.669629 0.348242 0.660742 0.696484 0.0505066
13 0.321094 0.417188 0.627344 0.834375 0.0505066
14 0.532813 0.589453 0.807813 0.821094 0.0501404
8 0.346484 0.482422 0.692969 0.910156 0.049408
1 0.449609 0.58125 0.828906 0.8375 0.049408
14 0.342187 0.400391 0.684375 0.800781 0.0469055
22 0.320312 0.348438 0.640625 0.696875 0.0456848
3 0.557031 0.323828 0.826563 0.647656 0.0451965
13 0.369922 0.503906 0.505469 0.560938 0.0440063
1 0.557031 0.323828 0.826563 0.647656 0.0430298
13 0.56875 0.408594 0.8625 0.817187 0.0427246
14 0.691797 0.484375 0.616406 0.946875 0.0420837
3 0.557031 0.408203 0.885938 0.816406 0.0419312
8 0.64375 0.45 0.7125 0.9 0.0419312
14 0.378516 0.540625 0.757031 0.896875 0.0419312
17 0.763672 0.420703 0.472656 0.760156 0.0413208
25 0.452734 0.542578 0.677344 0.739844 0.0406799
13 0.64375 0.45 0.7125 0.9 0.0396423
17 0.641016 0.655664 0.717969 0.688672 0.0389099
8 0.390625 0.577344 0.648438 0.664062 0.0386047
1 0.390625 0.577344 0.648438 0.664062 0.0384521
20 0.666406 0.579297 0.667188 0.841406 0.0381775
13 0.286133 0.578125 0.572266 0.84375 0.0379028
1 0.691797 0.484375 0.616406 0.946875 0.0375977
1 0.362891 0.401953 0.725781 0.803906 0.0368958
14 0.669629 0.348242 0.660742 0.696484 0.036499
20 0.293359 0.449609 0.586719 0.899219 0.036499
3 0.691797 0.484375 0.616406 0.946875 0.036499
1 0.426953 0.3625 0.853906 0.725 0.036438
14 0.387891 0.296484 0.775781 0.592969 0.0363464
14 0.640234 0.603906 0.719531 0.792188 0.0351562
0 0.364844 0.543652 0.520312 0.548633 0.0348816
17 0.358984 0.662109 0.717969 0.675781 0.0346069
1 0.557031 0.408203 0.885938 0.816406 0.0345459
13 0.390234 0.403906 0.452344 0.807813 0.0339661
3 0.640234 0.603906 0.719531 0.792188 0.0339661
19 0.446875 0.350391 0.297656 0.347656 0.0318604
20 0.318164 0.374219 0.636328 0.748438 0.0318604
3 0.355664 0.53125 0.711328 0.91875 0.0311432
22 0.358984 0.662109 0.717969 0.675781 0.0307922
17 0.244922 0.555078 0.489844 0.889844 0.0305634
1 0.323047 0.450781 0.646094 0.901563 0.0305023
20 0.622656 0.296289 0.754687 0.592578 0.0302124
11 0.390625 0.577344 0.648438 0.664062 0.0302124
3 0.362891 0.401953 0.725781 0.803906 0.0296478
10 0.325391 0.441797 0.650781 0.883594 0.029541
14 0.622656 0.296289 0.754687 0.592578 0.0293121
13 0.39375 0.451172 0.7875 0.902344 0.0293121
25 0.390234 0.403906 0.452344 0.807813 0.0292053
22 0.592188 0.65625 0.815625 0.6875 0.0290833
11 0.364844 0.543652 0.520312 0.548633 0.0281067
19 0.573438 0.484277 0.285938 0.364258 0.0274811
8 0.597266 0.403906 0.805469 0.807813 0.0271759
11 0.64375 0.45 0.7125 0.9 0.0267639
1 0.367969 0.323828 0.735938 0.647656 0.0265045
1 0.335547 0.404687 0.579688 0.809375 0.0265045
1 0.379492 0.479297 0.758984 0.939844 0.0257568
20 0.71543 0.397656 0.569141 0.795313 0.0255585
1 0.664453 0.603906 0.671094 0.792188 0.0254211
3 0.410938 0.29668 0.821875 0.593359 0.0247955
11 0.390234 0.403906 0.452344 0.807813 0.0246124
14 0.426563 0.397656 0.853125 0.795313 0.0240479
16 0.364844 0.543652 0.520312 0.548633 0.0229797
17 0.29082 0.732422 0.574609 0.535156 0.0227966
9 0.390625 0.577344 0.648438 0.664062 0.0227203
20 0.259375 0.616797 0.51875 0.766406 0.0226288
10 0.390625 0.577344 0.648438 0.664062 0.0222931
13 0.596094 0.534766 0.807813 0.917969 0.021286
22 0.714844 0.585156 0.570312 0.829688 0.0209656
25 0.565625 0.485938 0.804688 0.901563 0.0207977
1 0.330469 0.660547 0.660937 0.678906 0.0205231
14 0.71543 0.397656 0.569141 0.795313 0.02034
13 0.691797 0.484375 0.616406 0.946875 0.02034
11 0.378516 0.540625 0.757031 0.896875 0.0200958
17 0.514063 0.660937 0.88125 0.678125 0.0200958
13 0.509375 0.324219 0.83125 0.648438 0.0196381
14 0.311914 0.592188 0.623828 0.815625 0.0194244
1 0.364844 0.543652 0.520312 0.548633 0.0193787
0 0.325391 0.441797 0.650781 0.883594 0.0190125
8 0.2875 0.557031 0.575 0.885938 0.0189819
1 0.616016 0.655664 0.767969 0.688672 0.0185089
20 0.736719 0.416797 0.526563 0.833594 0.0184021
8 0.691797 0.484375 0.616406 0.946875 0.0184021
19 0.465234 0.395313 0.342969 0.278125 0.0181885
16 0.321094 0.417188 0.627344 0.834375 0.0177155
8 0.424316 0.553125 0.76543 0.85 0.0177155
8 0.509375 0.324219 0.83125 0.648438 0.0176392
11 0.597266 0.403906 0.805469 0.807813 0.0172424
3 0.670703 0.321875 0.658594 0.64375 0.016922
13 0.619922 0.349609 0.760156 0.699219 0.016922
11 0.325391 0.441797 0.650781 0.883594 0.016922
13 0.539062 0.607813 0.821875 0.784375 0.0167236
14 0.41875 0.607031 0.8375 0.785937 0.0165863
13 0.390625 0.577344 0.648438 0.664062 0.0164032
20 0.330469 0.660547 0.660937 0.678906 0.0157776
1 0.670703 0.321875 0.658594 0.64375 0.0157166
11 0.286133 0.578125 0.572266 0.84375 0.0155411
13 0.342187 0.400391 0.684375 0.800781 0.0154266
0 0.390234 0.403906 0.452344 0.807813 0.0151901
13 0.403125 0.569531 0.80625 0.860938 0.0150757
11 0.508203 0.560547 0.811719 0.841406 0.0147858
1 0.297656 0.373437 0.595313 0.746875 0.0142288
3 0.293359 0.449609 0.586719 0.899219 0.0142288
9 0.424316 0.553125 0.76543 0.85 0.0138474
20 0.616016 0.655664 0.767969 0.688672 0.0137405
16 0.586328 0.443359 0.827344 0.886719 0.0136337
20 0.403125 0.267969 0.8 0.535937 0.013588
8 0.5375 0.580078 0.810938 0.839844 0.0132751
13 0.640234 0.628125 0.719531 0.74375 0.0132217
8 0.644531 0.349414 0.710938 0.698828 0.0131683
10 0.64375 0.425 0.7125 0.85 0.0130234
8 0.390234 0.403906 0.452344 0.807813 0.0129242
16 0.390234 0.403906 0.452344 0.807813 0.0128708
13 0.396875 0.354688 0.79375 0.709375 0.012825
25 0.668359 0.423438 0.663281 0.846875 0.012825
13 0.312109 0.480078 0.624219 0.936719 0.012825
1 0.259375 0.616797 0.51875 0.766406 0.012825
13 0.312891 0.654688 0.625781 0.690625 0.012825
11 0.691797 0.484375 0.616406 0.946875 0.0126266
1 0.458594 0.663672 0.873438 0.672656 0.0123367
22 0.765234 0.46875 0.469531 0.784375 0.0121918
17 0.725781 0.286914 0.548438 0.573828 0.0120544
11 0.618359 0.558203 0.763281 0.883594 0.0120544
21 0.446875 0.350391 0.297656 0.347656 0.0120087
20 0.296289 0.626953 0.592578 0.746094 0.0119629
8 0.690625 0.397266 0.61875 0.794531 0.0116882
14 0.736719 0.416797 0.526563 0.833594 0.0116882
14 0.32793 0.657031 0.655859 0.685938 0.0115051
22 0.725781 0.286914 0.548438 0.573828 0.011467
14 0.321484 0.321484 0.642969 0.642969 0.0113297
1 0.451172 0.26875 0.800781 0.5375 0.0111618
11 0.557031 0.323828 0.826563 0.647656 0.0109863
8 0.344141 0.426563 0.688281 0.853125 0.0109863
22 0.686914 0.656445 0.626172 0.687109 0.0109863
17 0.330078 0.808203 0.479688 0.383594 0.0109024
25 0.321094 0.417188 0.627344 0.834375 0.0107803
3 0.259375 0.616797 0.51875 0.766406 0.0104904
13 0.690625 0.397266 0.61875 0.794531 0.0102921
2 0.364844 0.543652 0.520312 0.548633 0.0102463
22 0.246484 0.526563 0.492969 0.93125 0.0102463
3 0.41875 0.607031 0.8375 0.785937 0.0102463
8 0.616016 0.604688 0.767969 0.790625 0.01017
22 0.737891 0.546094 0.524219 0.907813 0.0100937
5 0.346484 0.482422 0.692969 0.910156 0.0100098
10 0.378516 0.540625 0.757031 0.896875 0.00993347
3 0.342969 0.323242 0.685938 0.646484 0.00978088
17 0.74375 0.341602 0.5125 0.683203 0.00978088
10 0.275391 0.553125 0.550781 0.89375 0.00978088
11 0.690625 0.397266 0.61875 0.794531 0.00971222
22 0.29082 0.732422 0.574609 0.535156 0.00971222
22 0.330078 0.808203 0.479688 0.383594 0.00971222
10 0.5375 0.580078 0.810938 0.839844 0.00967407
11 0.644531 0.349414 0.710938 0.698828 0.00955963
3 0.736719 0.392578 0.526563 0.785156 0.00955963
8 0.396875 0.354688 0.79375 0.709375 0.00948334
20 0.34375 0.294531 0.6875 0.589063 0.00945282
21 0.573438 0.484277 0.285938 0.364258 0.00937653
0 0.586328 0.443359 0.827344 0.886719 0.00926971
13 0.425 0.634375 0.85 0.73125 0.00908661
25 0.2875 0.557031 0.575 0.885938 0.00898743
11 0.364453 0.427344 0.728906 0.854688 0.00891876
1 0.277539 0.628906 0.555078 0.742188 0.00888062
14 0.276563 0.424609 0.553125 0.849219 0.00854492
0 0.668359 0.423438 0.663281 0.846875 0.00844574
9 0.346484 0.482422 0.692969 0.910156 0.00837708
1 0.763672 0.420703 0.472656 0.760156 0.00809479
25 0.619531 0.375391 0.760938 0.750781 0.00784302
1 0.254492 0.480078 0.508984 0.933594 0.00775528
3 0.622559 0.267383 0.754883 0.534766 0.00763702
17 0.261133 0.630469 0.522266 0.739062 0.00751877
25 0.616406 0.579688 0.767188 0.840625 0.00748825
11 0.426563 0.397656 0.853125 0.795313 0.00734711
3 0.330469 0.660547 0.660937 0.678906 0.00734711
11 0.312109 0.480078 0.624219 0.936719 0.00723267
11 0.391406 0.324219 0.782813 0.648438 0.00717545
11 0.453906 0.605859 0.835938 0.788281 0.00717545
19 0.241016 0.723437 0.341406 0.364063 0.00712204
22 0.300391 0.654102 0.600781 0.691797 0.00712204
14 0.592188 0.65625 0.815625 0.6875 0.00712204
10 0.619922 0.349609 0.760156 0.699219 0.00679779
13 0.259375 0.616797 0.51875 0.766406 0.00669098
0 0.2875 0.557031 0.575 0.885938 0.00658798
5 0.390234 0.403906 0.452344 0.807813 0.00651169
13 0.276563 0.424609 0.553125 0.849219 0.00638962
21 0.465234 0.395313 0.342969 0.278125 0.00634003
1 0.300391 0.772852 0.563281 0.454297 0.00634003
1 0.330078 0.808203 0.479688 0.383594 0.00634003
25 0.512109 0.578906 0.830469 0.842188 0.00629044
20 0.29082 0.732422 0.574609 0.535156 0.00626373
13 0.297461 0.714844 0.594922 0.570312 0.00624084
1 0.622559 0.267383 0.754883 0.534766 0.00619125
5 0.390625 0.577344 0.648438 0.664062 0.00616837
13 0.321484 0.321484 0.642969 0.642969 0.00609589
16 0.39375 0.451172 0.7875 0.902344 0.00600433
10 0.619531 0.530469 0.760938 0.932813 0.00595856
22 0.496484 0.694531 0.813281 0.610938 0.00591278
10 0.390234 0.403906 0.452344 0.807813 0.00588989
10 0.714844 0.449609 0.570312 0.899219 0.00582123
3 0.592188 0.65625 0.815625 0.6875 0.00582123
2 0.325391 0.441797 0.650781 0.883594 0.00575256
0 0.507812 0.296875 0.81875 0.59375 0.00572968
14 0.257227 0.60625 0.514453 0.7875 0.00572968
14 0.292773 0.696875 0.585547 0.60625 0.00572968
2 0.390625 0.577344 0.648438 0.664062 0.00557709
13 0.545313 0.687109 0.909375 0.625781 0.00551224
0 0.5375 0.580078 0.810938 0.839844 0.00548935
11 0.640234 0.628125 0.719531 0.74375 0.00547028
19 0.463281 0.391504 0.276563 0.25293 0.0397949
16 0.46875 0.4125 0.294531 0.252344 0.00997162
1 0.226758 0.626953 0.453516 0.632031 0.00821686
19 0.226172 0.711719 0.392969 0.401563 0.0077858
16 0.193945 0.728516 0.387891 0.342969 0.00579834
16 0.434277 0.388379 0.237695 0.262305 0.00534439
11 0.341797 0.725 0.683594 0.55 0.0051384
22 0.226758 0.626953 0.453516 0.632031 0.00502014
17 0.226758 0.626953 0.453516 0.632031 0.00468063
19 0.588281 0.506348 0.303125 0.32168 0.0039444
1 0.342187 0.702148 0.684375 0.595703 0.00374985
11 0.677344 0.627734 0.5875 0.616406 0.00359344
16 0.253076 0.722656 0.384473 0.382812 0.00329781
11 0.655469 0.609375 0.689063 0.735938 0.00319672
4 0.677734 0.728125 0.563281 0.428125 0.00317192
7 0.341797 0.725 0.683594 0.55 0.00309944
12 0.226758 0.626953 0.453516 0.632031 0.00307465
11 0.677734 0.728125 0.563281 0.428125 0.00286674
14 0.341797 0.725 0.683594 0.55 0.00277901
19 0.432031 0.358984 0.23125 0.307813 0.0026207
3 0.226758 0.626953 0.453516 0.632031 0.00257111
11 0.226758 0.626953 0.453516 0.632031 0.00257111
4 0.341797 0.725 0.683594 0.55 0.00257111
4 0.65 0.605371 0.696875 0.70957 0.00255013
20 0.226758 0.626953 0.453516 0.632031 0.00250244
6 0.341797 0.725 0.683594 0.55 0.00243378
16 0.323047 0.728516 0.646094 0.542969 0.00231361
21 0.463281 0.391504 0.276563 0.25293 0.00228691
2 0.677344 0.627734 0.5875 0.616406 0.00219917
7 0.65 0.605371 0.696875 0.70957 0.00213242
1 0.322852 0.732617 0.555859 0.534766 0.00212479
16 0.589844 0.512402 0.314063 0.320508 0.00210762
2 0.323047 0.728516 0.646094 0.542969 0.00205803
12 0.333984 0.713672 0.621875 0.572656 0.0020504
0 0.677344 0.627734 0.5875 0.616406 0.00195694
4 0.21875 0.630469 0.4375 0.6125 0.00193405
19 0.18418 0.734375 0.368359 0.31875 0.00190449
6 0.65 0.605371 0.696875 0.70957 0.00179577
2 0.226758 0.626953 0.453516 0.632031 0.00177479
1 0.471973 0.40166 0.25918 0.223242 0.0017271
14 0.655469 0.609375 0.689063 0.735938 0.00172043
17 0.360938 0.694141 0.721875 0.611719 0.00171375
14 0.21875 0.630469 0.4375 0.6125 0.00168133
24 0.65 0.605371 0.696875 0.70957 0.00167465
14 0.677344 0.627734 0.5875 0.616406 0.0016613
13 0.235547 0.636816 0.471094 0.656055 0.00163555
6 0.677734 0.728125 0.563281 0.428125 0.00162315
15 0.677734 0.728125 0.563281 0.428125 0.00162315
21 0.245264 0.717188 0.380566 0.384375 0.00161076
2 0.677734 0.728125 0.563281 0.428125 0.00160408
16 0.210547 0.754687 0.421094 0.323438 0.00158501
13 0.65 0.605371 0.696875 0.70957 0.00157928
13 0.342187 0.702148 0.684375 0.595703 0.00156116
15 0.65 0.605371 0.696875 0.70957 0.00154877
18 0.677344 0.627734 0.5875 0.616406 0.00150108
4 0.6875 0.772656 0.501563 0.335938 0.00148392
3 0.323047 0.728516 0.646094 0.542969 0.00147247
12 0.677734 0.728125 0.563281 0.428125 0.00146103
18 0.677734 0.728125 0.563281 0.428125 0.00145531
12 0.65 0.605371 0.696875 0.70957 0.00144958
18 0.329688 0.726562 0.659375 0.546875 0.00144386
9 0.670703 0.771875 0.566406 0.396875 0.00143814
0 0.323047 0.728516 0.646094 0.542969 0.00143814
17 0.471973 0.40166 0.25918 0.223242 0.00142097
19 0.467578 0.459277 0.34375 0.368945 0.00139904
22 0.360938 0.694141 0.721875 0.611719 0.00139904
20 0.65 0.605371 0.696875 0.70957 0.00138855
12 0.6875 0.772656 0.501563 0.335938 0.00138855
1 0.744922 0.777344 0.375781 0.326562 0.00138855
2 0.471875 0.426563 0.25625 0.267969 0.00137234
12 0.458691 0.415527 0.281055 0.27207 0.00136662
7 0.677734 0.728125 0.563281 0.428125 0.00135612
12 0.217773 0.66875 0.435547 0.6625 0.00135136
20 0.323047 0.728516 0.646094 0.542969 0.00134563
2 0.30332 0.851758 0.606641 0.296484 0.00133514
22 0.322852 0.732617 0.555859 0.534766 0.00132465
1 0.677344 0.627734 0.5875 0.616406 0.00131989
20 0.677734 0.728125 0.563281 0.428125 0.0012846
2 0.655469 0.609375 0.689063 0.735938 0.00127411
12 0.592285 0.655469 0.793555 0.689063 0.0012598
17 0.322852 0.732617 0.555859 0.534766 0.00125504
4 0.471973 0.40166 0.25918 0.223242 0.00124454
9 0.323047 0.728516 0.646094 0.542969 0.00123501
0 0.676172 0.748438 0.524219 0.335938 0.00123024
0 0.226758 0.626953 0.453516 0.632031 0.00121593
12 0.444922 0.705664 0.747656 0.588672 0.00121593
16 0.677344 0.627734 0.5875 0.616406 0.00121117
0 0.655469 0.609375 0.689063 0.735938 0.00120163
15 0.341797 0.725 0.683594 0.55 0.00119209
11 0.30332 0.851758 0.606641 0.296484 0.00118828
1 0.676172 0.748438 0.524219 0.335938 0.00118351
13 0.677734 0.728125 0.563281 0.428125 0.00116539
16 0.677734 0.728125 0.563281 0.428125 0.00116062
0 0.471875 0.426563 0.25625 0.267969 0.00113392
9 0.226758 0.626953 0.453516 0.632031 0.00112438
14 0.677734 0.728125 0.563281 0.428125 0.00112438
8 0.226758 0.626953 0.453516 0.632031 0.00112057
13 0.216211 0.6875 0.432422 0.625 0.0011158
10 0.341797 0.725 0.683594 0.55 0.0011158
24 0.341797 0.725 0.683594 0.55 0.00111198
2 0.6875 0.772656 0.501563 0.335938 0.00109482
16 0.226758 0.626953 0.453516 0.632031 0.00106525
7 0.30332 0.851758 0.606641 0.296484 0.00106049
4 0.324219 0.853711 0.648438 0.292578 0.00106049
2 0.210938 0.125684 0.421875 0.251367 0.00105667
0 0.30332 0.851758 0.606641 0.296484 0.00104809
5 0.341797 0.725 0.683594 0.55 0.00104809
1 0.655469 0.609375 0.689063 0.735938 0.00104427
12 0.363477 0.676953 0.726953 0.646094 0.00104046
6 0.324219 0.853711 0.648438 0.292578 0.00104046
4 0.666016 0.795703 0.569531 0.408594 0.00103188
12 0.485059 0.715039 0.57207 0.569922 0.00102425
22 0.471875 0.426563 0.25625 0.267969 0.00102043
16 0.6875 0.772656 0.501563 0.335938 0.00101662
3 0.677344 0.627734 0.5875 0.616406 0.00100422
16 0.450684 0.419531 0.314258 0.2875 0.0162811
19 0.439746 0.371094 0.295508 0.389844 0.0156021
6 0.447266 0.461719 0.314063 0.369531 0.0109863
4 0.447266 0.461719 0.314063 0.369531 0.00926971
9 0.45625 0.45 0.314063 0.340625 0.00731659
20 0.447266 0.461719 0.314063 0.369531 0.0069313
2 0.450684 0.419531 0.314258 0.2875 0.00664139
4 0.456641 0.407813 0.314063 0.257812 0.00605011
16 0.453516 0.473535 0.33125 0.40293 0.00577545
23 0.450684 0.419531 0.314258 0.2875 0.00570679
0 0.450684 0.419531 0.314258 0.2875 0.0053215
25 0.447266 0.461719 0.314063 0.369531 0.0053215
1 0.194531 0.620703 0.389062 0.608594 0.00494385
21 0.447266 0.461719 0.314063 0.369531 0.00492477
19 0.585156 0.5125 0.303125 0.407813 0.00475693
5 0.45625 0.45 0.314063 0.340625 0.00457382
12 0.461719 0.422266 0.335156 0.271875 0.00455475
1 0.447266 0.461719 0.314063 0.369531 0.00443268
22 0.441797 0.489453 0.328906 0.425 0.00426483
1 0.46084 0.413281 0.32832 0.253125 0.00419998
1 0.19043 0.455859 0.380859 0.530469 0.00391388
3 0.456641 0.407813 0.314063 0.257812 0.00362206
14 0.447266 0.461719 0.314063 0.369531 0.00346947
22 0.19043 0.455859 0.380859 0.530469 0.00332451
17 0.450684 0.419531 0.314258 0.2875 0.00324821
13 0.46084 0.413281 0.32832 0.253125 0.00317192
16 0.560547 0.391797 0.536719 0.360156 0.00311089
12 0.560547 0.391797 0.536719 0.360156 0.00309944
14 0.461719 0.422266 0.335156 0.271875 0.00305176
6 0.456641 0.407813 0.314063 0.257812 0.00305176
22 0.194531 0.620703 0.389062 0.608594 0.00305176
18 0.456641 0.407813 0.314063 0.257812 0.00302696
22 0.450684 0.419531 0.314258 0.2875 0.00302696
21 0.585156 0.5125 0.303125 0.407813 0.00296974
11 0.197852 0.646484 0.395703 0.564844 0.00273705
13 0.456152 0.367969 0.354883 0.415625 0.0027256
19 0.450391 0.4875 0.325781 0.425 0.0026722
0 0.453516 0.473535 0.33125 0.40293 0.00266266
19 0.418066 0.630469 0.282617 0.376563 0.00264168
11 0.450391 0.4875 0.325781 0.425 0.00261116
10 0.45625 0.45 0.314063 0.340625 0.00257111
11 0.461719 0.422266 0.335156 0.271875 0.00253105
3 0.450391 0.4875 0.325781 0.425 0.0024929
1 0.468359 0.297266 0.39375 0.578906 0.00247192
12 0.197852 0.646484 0.395703 0.564844 0.00247192
2 0.453516 0.473535 0.33125 0.40293 0.00240517
12 0.510547 0.291016 0.499219 0.582031 0.00239754
1 0.560547 0.391797 0.536719 0.360156 0.00236893
12 0.456152 0.367969 0.354883 0.415625 0.00234985
1 0.196875 0.364453 0.39375 0.553906 0.00234222
25 0.461719 0.422266 0.335156 0.271875 0.00226974
11 0.187695 0.509766 0.375391 0.516406 0.00225258
19 0.426563 0.534375 0.28125 0.371875 0.00223351
12 0.359375 0.332813 0.71875 0.665625 0.00223351
8 0.450684 0.419531 0.314258 0.2875 0.00223351
0 0.560547 0.391797 0.536719 0.360156 0.00222588
12 0.350781 0.403906 0.701563 0.807813 0.00215721
11 0.560547 0.391797 0.536719 0.360156 0.00206757
13 0.197852 0.646484 0.395703 0.564844 0.0020504
1 0.451953 0.524902 0.352344 0.512695 0.00203514
13 0.560547 0.391797 0.536719 0.360156 0.00196457
17 0.194531 0.620703 0.389062 0.608594 0.00191879
4 0.560547 0.391797 0.536719 0.360156 0.00190449
7 0.46084 0.413281 0.32832 0.253125 0.00188923
13 0.468359 0.297266 0.39375 0.578906 0.00188255
12 0.19043 0.455859 0.380859 0.530469 0.00183105
21 0.434375 0.360547 0.288281 0.378906 0.00182438
1 0.456152 0.367969 0.354883 0.415625 0.00182438
6 0.454785 0.475 0.38418 0.48125 0.00181007
15 0.461719 0.422266 0.335156 0.271875 0.0018034
24 0.447266 0.461719 0.314063 0.369531 0.00178242
14 0.560547 0.391797 0.536719 0.360156 0.00176144
21 0.428906 0.511035 0.280469 0.37168 0.00174141
19 0.219971 0.698438 0.320215 0.44375 0.00174141
16 0.504687 0.442188 0.504687 0.55625 0.00174141
17 0.19043 0.455859 0.380859 0.530469 0.00173378
6 0.560547 0.391797 0.536719 0.360156 0.0017004
14 0.194531 0.620703 0.389062 0.608594 0.00169373
13 0.444434 0.486328 0.34707 0.430469 0.00161648
17 0.441797 0.489453 0.328906 0.425 0.00161648
22 0.590625 0.576172 0.364063 0.435156 0.0015974
11 0.456152 0.367969 0.354883 0.415625 0.00158501
22 0.196875 0.364453 0.39375 0.553906 0.00156689
12 0.196875 0.364453 0.39375 0.553906 0.00156116
21 0.41875 0.606641 0.2875 0.382031 0.00153637
19 0.216455 0.451953 0.314746 0.429688 0.00152493
11 0.504687 0.442188 0.504687 0.55625 0.00152493
13 0.19043 0.455859 0.380859 0.530469 0.0015192
12 0.583203 0.533594 0.408594 0.415625 0.0015192
16 0.583203 0.533594 0.408594 0.415625 0.00151253
2 0.560547 0.391797 0.536719 0.360156 0.00149536
12 0.564453 0.446875 0.555469 0.555469 0.00149536
13 0.504687 0.442188 0.504687 0.55625 0.00146103
1 0.590625 0.576172 0.364063 0.435156 0.00146103
13 0.583984 0.525391 0.301563 0.407813 0.00144958
16 0.456152 0.367969 0.354883 0.415625 0.00144958
20 0.194531 0.620703 0.389062 0.608594 0.00144386
11 0.193945 0.409375 0.387891 0.553906 0.00142097
13 0.359375 0.332813 0.71875 0.665625 0.00141621
12 0.503516 0.264062 0.636719 0.528125 0.00138283
12 0.447266 0.461719 0.314063 0.369531 0.00137806
17 0.560547 0.391797 0.536719 0.360156 0.00137234
13 0.559375 0.275781 0.609375 0.551562 0.00136662
1 0.504687 0.442188 0.504687 0.55625 0.00136662
1 0.550781 0.361719 0.585938 0.603125 0.00135136
21 0.456641 0.407813 0.314063 0.257812 0.00134563
12 0.278906 0.300391 0.557813 0.596094 0.00133038
20 0.456641 0.407813 0.314063 0.257812 0.00129414
4 0.454785 0.475 0.38418 0.48125 0.00129414
1 0.549121 0.514063 0.592383 0.567187 0.00127411
12 0.593848 0.582031 0.731055 0.759375 0.00127411
14 0.19043 0.455859 0.380859 0.530469 0.00126457
12 0.828906 0.329297 0.342187 0.566406 0.00123501
11 0.583203 0.533594 0.408594 0.415625 0.00123501
12 0.198437 0.261719 0.396875 0.523438 0.00123024
6 0.526172 0.420703 0.538281 0.583594 0.00121117
12 0.675098 0.449219 0.60293 0.572656 0.00121117
11 0.510547 0.291016 0.499219 0.582031 0.0012064
17 0.196875 0.364453 0.39375 0.553906 0.0012064
1 0.559375 0.275781 0.609375 0.551562 0.00120163
3 0.194531 0.620703 0.389062 0.608594 0.00118828
15 0.560547 0.391797 0.536719 0.360156 0.00118351
1 0.359375 0.332813 0.71875 0.665625 0.00117397
16 0.197852 0.646484 0.395703 0.564844 0.00113392
12 0.535254 0.566797 0.595117 0.610156 0.00112438
1 0.198437 0.261719 0.396875 0.523438 0.0011158
7 0.560547 0.391797 0.536719 0.360156 0.0011158
12 0.757031 0.307422 0.485938 0.614844 0.0011158
17 0.590625 0.576172 0.364063 0.435156 0.0011158
21 0.194531 0.620703 0.389062 0.608594 0.00111198
0 0.526172 0.420703 0.538281 0.583594 0.00110722
12 0.507422 0.511719 0.491406 0.447656 0.00110722
12 0.460156 0.534375 0.384375 0.575 0.0011034
18 0.447266 0.461719 0.314063 0.369531 0.00109863
15 0.453516 0.473535 0.33125 0.40293 0.00108147
3 0.19043 0.455859 0.380859 0.530469 0.00108147
21 0.454785 0.475 0.38418 0.48125 0.00108147
12 0.187305 0.555469 0.374609 0.520312 0.00107765
17 0.510547 0.291016 0.499219 0.582031 0.00106907
14 0.454785 0.475 0.38418 0.48125 0.00106049
12 0.613281 0.649219 0.429688 0.529688 0.00106049
20 0.19043 0.455859 0.380859 0.530469 0.00105667
22 0.549121 0.514063 0.592383 0.567187 0.00105667
12 0.337109 0.503906 0.653906 0.804688 0.00104809
12 0.375195 0.573047 0.750391 0.853906 0.00104809
1 0.278906 0.300391 0.557813 0.596094 0.00104427
12 0.578906 0.243359 0.567187 0.486719 0.00103188
12 0.413281 0.602734 0.826563 0.794531 0.00102425
2 0.194531 0.620703 0.389062 0.608594 0.00102043
3 0.560547 0.391797 0.536719 0.360156 0.00101662
12 0.545996 0.354102 0.670508 0.618359 0.00101662
13 0.196875 0.364453 0.39375 0.553906 0.00101185
12 0.541797 0.672656 0.713281 0.654688 0.00100422
19 0.440625 0.360547 0.239844 0.303906 0.185913
16 0.566016 0.905859 0.310156 0.188281 0.0351562
16 0.45166 0.404687 0.299805 0.246094 0.0226288
12 0.445703 0.408594 0.301563 0.267969 0.0207977
6 0.45166 0.404687 0.299805 0.246094 0.0141144
24 0.45166 0.404687 0.299805 0.246094 0.0132217
13 0.445703 0.408594 0.301563 0.267969 0.0124283
12 0.374609 0.391797 0.485156 0.361719 0.01017
16 0.501953 0.901563 0.439063 0.196875 0.00997162
23 0.45166 0.404687 0.299805 0.246094 0.00952148
6 0.582812 0.9 0.284375 0.2 0.00933838
16 0.457031 0.818164 0.544531 0.363672 0.00926971
13 0.452246 0.716406 0.589258 0.567187 0.00891876
19 0.434375 0.374219 0.225781 0.205469 0.0078125
23 0.566016 0.905859 0.310156 0.188281 0.00775528
12 0.452246 0.716406 0.589258 0.567187 0.00746155
13 0.501953 0.901563 0.439063 0.196875 0.00746155
2 0.566016 0.905859 0.310156 0.188281 0.00728989
11 0.457031 0.818164 0.544531 0.363672 0.00709534
11 0.452246 0.716406 0.589258 0.567187 0.0068512
2 0.45166 0.404687 0.299805 0.246094 0.00679779
7 0.45166 0.404687 0.299805 0.246094 0.00661469
7 0.566016 0.905859 0.310156 0.188281 0.00653839
12 0.501953 0.901563 0.439063 0.196875 0.0064888
11 0.566016 0.905859 0.310156 0.188281 0.00634003
1 0.437109 0.397266 0.289844 0.258594 0.00570679
16 0.452246 0.716406 0.589258 0.567187 0.00547028
11 0.501953 0.901563 0.439063 0.196875 0.00521851
9 0.449902 0.39834 0.300195 0.233008 0.00508118
1 0.501953 0.901563 0.439063 0.196875 0.00502014
12 0.575391 0.56416 0.630469 0.65293 0.00498199
0 0.453809 0.39541 0.289258 0.24043 0.00486755
14 0.437109 0.397266 0.289844 0.258594 0.00479126
7 0.457031 0.818164 0.544531 0.363672 0.00477219
12 0.527734 0.560938 0.471094 0.58125 0.00453949
0 0.589844 0.903125 0.248438 0.19375 0.00443268
9 0.582812 0.9 0.284375 0.2 0.00418091
21 0.440625 0.360547 0.239844 0.303906 0.00416565
1 0.452246 0.716406 0.589258 0.567187 0.00405502
13 0.592188 0.901953 0.25 0.196094 0.00400543
6 0.457031 0.818164 0.544531 0.363672 0.00391388
1 0.592188 0.901953 0.25 0.196094 0.00385475
3 0.501953 0.901563 0.439063 0.196875 0.00378036
11 0.442969 0.403125 0.294531 0.254688 0.0037365
4 0.449609 0.406934 0.283594 0.25957 0.00370789
18 0.449609 0.406934 0.283594 0.25957 0.00369263
13 0.457031 0.818164 0.544531 0.363672 0.00365067
25 0.442969 0.403125 0.294531 0.254688 0.00351143
24 0.566016 0.905859 0.310156 0.188281 0.00351143
3 0.449609 0.406934 0.283594 0.25957 0.00345612
12 0.310937 0.307813 0.621875 0.615625 0.00337601
13 0.374609 0.391797 0.485156 0.361719 0.00328636
16 0.445703 0.346484 0.253906 0.311719 0.00325966
18 0.566016 0.905859 0.310156 0.188281 0.00322342
13 0.527734 0.560938 0.471094 0.58125 0.00314713
17 0.442969 0.403125 0.294531 0.254688 0.00305176
2 0.501953 0.901563 0.439063 0.196875 0.00305176
23 0.457031 0.818164 0.544531 0.363672 0.00298119
12 0.592188 0.901953 0.25 0.196094 0.00294685
3 0.566016 0.905859 0.310156 0.188281 0.00294685
13 0.575391 0.56416 0.630469 0.65293 0.00286674
19 0.457031 0.818164 0.544531 0.363672 0.00282288
6 0.501953 0.901563 0.439063 0.196875 0.00279999
15 0.449609 0.406934 0.283594 0.25957 0.00273705
19 0.566016 0.905859 0.310156 0.188281 0.0027256
24 0.457031 0.818164 0.544531 0.363672 0.00269318
12 0.457031 0.818164 0.544531 0.363672 0.00263214
19 0.449609 0.406934 0.283594 0.25957 0.00259018
2 0.457031 0.818164 0.544531 0.363672 0.00257111
16 0.408984 0.398535 0.391406 0.270117 0.00255013
14 0.452246 0.716406 0.589258 0.567187 0.00251198
12 0.573828 0.566406 0.736719 0.801562 0.00248146
14 0.501953 0.901563 0.439063 0.196875 0.00243378
12 0.461328 0.413965 0.49375 0.604883 0.0024147
17 0.501953 0.901563 0.439063 0.196875 0.00235939
1 0.527734 0.560938 0.471094 0.58125 0.00234222
18 0.457031 0.818164 0.544531 0.363672 0.00226974
19 0.570312 0.507129 0.257812 0.32793 0.00222588
6 0.452246 0.716406 0.589258 0.567187 0.00222588
4 0.501953 0.901563 0.439063 0.196875 0.00222588
12 0.375879 0.310937 0.487305 0.48125 0.00218201
12 0.411719 0.60625 0.823438 0.7875 0.00218201
0 0.501953 0.901563 0.439063 0.196875 0.00217438
3 0.452246 0.716406 0.589258 0.567187 0.00216484
13 0.461328 0.413965 0.49375 0.604883 0.00210762
20 0.45166 0.404687 0.299805 0.246094 0.00209999
4 0.452246 0.716406 0.589258 0.567187 0.00204277
25 0.592188 0.901953 0.25 0.196094 0.00201988
7 0.452246 0.716406 0.589258 0.567187 0.00192642
14 0.592188 0.901953 0.25 0.196094 0.00188923
4 0.589844 0.903125 0.248438 0.19375 0.00188923
2 0.452246 0.716406 0.589258 0.567187 0.00187492
13 0.449609 0.642578 0.315625 0.399219 0.00183105
13 0.46084 0.617188 0.376758 0.492188 0.00182438
17 0.592188 0.901953 0.25 0.196094 0.00179577
7 0.501953 0.901563 0.439063 0.196875 0.00173378
16 0.449609 0.642578 0.315625 0.399219 0.00172043
18 0.452246 0.716406 0.589258 0.567187 0.0017004
8 0.437109 0.397266 0.289844 0.258594 0.00167465
16 0.461328 0.413965 0.49375 0.604883 0.0016613
13 0.310937 0.307813 0.621875 0.615625 0.00165462
1 0.449609 0.642578 0.315625 0.399219 0.00161648
18 0.501953 0.901563 0.439063 0.196875 0.0015974
25 0.501953 0.901563 0.439063 0.196875 0.00158501
19 0.591406 0.873242 0.25 0.253516 0.00157356
6 0.408984 0.398535 0.391406 0.270117 0.00157356
15 0.404687 0.742188 0.699219 0.515625 0.00154305
4 0.457031 0.818164 0.544531 0.363672 0.00153637
5 0.449609 0.406934 0.283594 0.25957 0.00153065
15 0.457031 0.818164 0.544531 0.363672 0.00152493
20 0.566016 0.905859 0.310156 0.188281 0.00152493
20 0.501953 0.901563 0.439063 0.196875 0.00150681
12 0.449609 0.642578 0.315625 0.399219 0.00149536
11 0.449609 0.642578 0.315625 0.399219 0.00146103
16 0.521094 0.58125 0.490625 0.554688 0.00146103
14 0.457031 0.818164 0.544531 0.363672 0.00144386
12 0.46084 0.617188 0.376758 0.492188 0.00142097
23 0.501953 0.901563 0.439063 0.196875 0.00141048
16 0.437891 0.348779 0.391406 0.364941 0.00137234
13 0.416016 0.708008 0.758594 0.583984 0.00136662
13 0.375879 0.310937 0.487305 0.48125 0.00134563
0 0.452246 0.716406 0.589258 0.567187 0.00134563
11 0.521094 0.58125 0.490625 0.554688 0.00133514
20 0.457031 0.818164 0.544531 0.363672 0.00133514
0 0.457031 0.818164 0.544531 0.363672 0.00132465
3 0.457031 0.818164 0.544531 0.363672 0.00131512
9 0.457031 0.818164 0.544531 0.363672 0.00131512
11 0.374609 0.391797 0.485156 0.361719 0.00126457
1 0.461328 0.413965 0.49375 0.604883 0.00126457
12 0.516406 0.518359 0.43125 0.394531 0.00126457
1 0.575391 0.56416 0.630469 0.65293 0.00125504
16 0.575391 0.56416 0.630469 0.65293 0.00124931
19 0.452246 0.716406 0.589258 0.567187 0.00123501
8 0.501953 0.901563 0.439063 0.196875 0.00121593
11 0.416016 0.708008 0.758594 0.583984 0.00120163
5 0.566016 0.905859 0.310156 0.188281 0.00119209
13 0.573828 0.566406 0.736719 0.801562 0.00117397
17 0.452246 0.716406 0.589258 0.567187 0.0011692
16 0.621875 0.896094 0.309375 0.207813 0.00116539
12 0.374219 0.297656 0.6125 0.595313 0.00115585
15 0.501953 0.901563 0.439063 0.196875 0.00115108
2 0.453125 0.416797 0.349219 0.305469 0.00114727
1 0.457031 0.818164 0.544531 0.363672 0.00114727
1 0.573828 0.566406 0.736719 0.801562 0.0011158
19 0.501953 0.901563 0.439063 0.196875 0.0011158
20 0.452246 0.716406 0.589258 0.567187 0.00110722
11 0.46084 0.617188 0.376758 0.492188 0.00109482
13 0.516406 0.518359 0.43125 0.394531 0.00109005
10 0.452344 0.395703 0.29375 0.236719 0.00107288
8 0.592188 0.901953 0.25 0.196094 0.00104427
21 0.434375 0.374219 0.225781 0.205469 0.00103188
17 0.527734 0.560938 0.471094 0.58125 0.00103188
1 0.375879 0.310937 0.487305 0.48125 0.00102043
12 0.437891 0.348779 0.391406 0.364941 0.00101185
0 0.453125 0.416797 0.349219 0.305469 0.00100803
12 0.381152 0.432422 0.620508 0.785156 0.00100422
19 0.430859 0.357812 0.242188 0.347656 0.183594
23 0.433203 0.411328 0.253906 0.241406 0.122925
4 0.433203 0.411328 0.253906 0.241406 0.0643921
19 0.566797 0.515625 0.244531 0.326562 0.0564575
14 0.433203 0.411328 0.253906 0.241406 0.0399475
0 0.433203 0.411328 0.253906 0.241406 0.0282135
21 0.430859 0.357812 0.242188 0.347656 0.0250854
6 0.438672 0.409277 0.269531 0.237695 0.0171814
12 0.433203 0.411328 0.253906 0.241406 0.016983
9 0.438672 0.409277 0.269531 0.237695 0.0167847
16 0.436328 0.403125 0.261719 0.220313 0.014389
2 0.433203 0.411328 0.253906 0.241406 0.0131683
25 0.433203 0.411328 0.253906 0.241406 0.0123367
7 0.433203 0.411328 0.253906 0.241406 0.0109482
21 0.560938 0.513965 0.240625 0.326758 0.0105667
3 0.433203 0.411328 0.253906 0.241406 0.00831604
11 0.433203 0.411328 0.253906 0.241406 0.00743103
19 0.43125 0.380469 0.224219 0.23125 0.00579834
18 0.433203 0.411328 0.253906 0.241406 0.00510025
15 0.433203 0.411328 0.253906 0.241406 0.00428009
14 0.448438 0.417285 0.3 0.291992 0.0041008
0 0.448438 0.417285 0.3 0.291992 0.00400543
16 0.5625 0.549219 0.235938 0.254688 0.00397491
4 0.455469 0.469922 0.290625 0.367969 0.00376511
10 0.433203 0.411328 0.253906 0.241406 0.00367928
4 0.448438 0.417285 0.3 0.291992 0.00353813
24 0.438672 0.409277 0.269531 0.237695 0.00345612
5 0.436328 0.403125 0.261719 0.220313 0.00316048
12 0.448438 0.417285 0.3 0.291992 0.00275803
13 0.49375 0.427734 0.435156 0.559375 0.00275803
6 0.469531 0.48125 0.339063 0.43125 0.00270462
8 0.448828 0.41084 0.280469 0.239258 0.00265312
2 0.448438 0.417285 0.3 0.291992 0.00263214
11 0.448438 0.417285 0.3 0.291992 0.0026207
0 0.5625 0.549219 0.235938 0.254688 0.00261116
12 0.560156 0.484277 0.259375 0.412695 0.00253105
11 0.5625 0.549219 0.235938 0.254688 0.00251198
20 0.448047 0.410059 0.276563 0.242383 0.00243378
11 0.560156 0.484277 0.259375 0.412695 0.00239754
2 0.469531 0.48125 0.339063 0.43125 0.00235939
6 0.5625 0.549219 0.235938 0.254688 0.00232315
4 0.560156 0.484277 0.259375 0.412695 0.00220871
17 0.441504 0.418066 0.281055 0.287305 0.00219154
21 0.43125 0.380469 0.224219 0.23125 0.00214005
17 0.560156 0.484277 0.259375 0.412695 0.00211525
11 0.49375 0.427734 0.435156 0.559375 0.00209045
14 0.455469 0.469922 0.290625 0.367969 0.00205803
3 0.560156 0.484277 0.259375 0.412695 0.00203514
13 0.560156 0.484277 0.259375 0.412695 0.00201988
1 0.49375 0.427734 0.435156 0.559375 0.00193405
16 0.567969 0.462891 0.26875 0.450781 0.00193405
12 0.49375 0.427734 0.435156 0.559375 0.00191879
1 0.560156 0.484277 0.259375 0.412695 0.00187492
4 0.5625 0.549219 0.235938 0.254688 0.00182438
0 0.560156 0.484277 0.259375 0.412695 0.00178909
2 0.5625 0.549219 0.235938 0.254688 0.00178242
11 0.455469 0.469922 0.290625 0.367969 0.00177479
23 0.5625 0.549219 0.235938 0.254688 0.00175476
4 0.49375 0.427734 0.435156 0.559375 0.0017004
16 0.49375 0.427734 0.435156 0.559375 0.0017004
17 0.49375 0.427734 0.435156 0.559375 0.00163555
9 0.469531 0.48125 0.339063 0.43125 0.00162315
12 0.5625 0.549219 0.235938 0.254688 0.00162315
0 0.455469 0.469922 0.290625 0.367969 0.0015974
3 0.49375 0.427734 0.435156 0.559375 0.00154877
2 0.560156 0.484277 0.259375 0.412695 0.00149536
16 0.439746 0.358203 0.26582 0.341406 0.00141048
14 0.560156 0.484277 0.259375 0.412695 0.00140476
3 0.448438 0.417285 0.3 0.291992 0.00136185
6 0.560156 0.484277 0.259375 0.412695 0.00130939
1 0.469531 0.48125 0.339063 0.43125 0.00130463
8 0.49375 0.427734 0.435156 0.559375 0.00127888
12 0.688281 0.457031 0.526563 0.5125 0.00127888
12 0.455469 0.469922 0.290625 0.367969 0.00123978
25 0.448438 0.417285 0.3 0.291992 0.00121593
1 0.5625 0.549219 0.235938 0.254688 0.00120163
8 0.560156 0.484277 0.259375 0.412695 0.00118828
12 0.582812 0.401563 0.596875 0.315625 0.00117874
3 0.5625 0.549219 0.235938 0.254688 0.0011425
19 0.439063 0.38291 0.332813 0.34043 0.00107288
16 0.469531 0.48125 0.339063 0.43125 0.00107288
6 0.49375 0.427734 0.435156 0.559375 0.00107288
0 0.49375 0.427734 0.435156 0.559375 0.00106525
23 0.462402 0.411719 0.318945 0.230469 0.221313
6 0.455859 0.400684 0.322656 0.225195 0.187744
9 0.461621 0.402441 0.323633 0.220117 0.0933228
0 0.458984 0.408203 0.320312 0.23125 0.0753174
19 0.422754 0.366992 0.251367 0.336328 0.0682983
4 0.458984 0.408203 0.320312 0.23125 0.0514526
14 0.463672 0.405469 0.315625 0.234375 0.0490417
2 0.462402 0.411719 0.318945 0.230469 0.0423889
16 0.462402 0.411719 0.318945 0.230469 0.0368958
24 0.461621 0.402441 0.323633 0.220117 0.0339661
25 0.458984 0.408203 0.320312 0.23125 0.0296478
7 0.462402 0.411719 0.318945 0.230469 0.02034
10 0.458984 0.408203 0.320312 0.23125 0.0175171
3 0.463672 0.405469 0.315625 0.234375 0.0157166
5 0.461621 0.402441 0.323633 0.220117 0.0154266
19 0.422754 0.391406 0.243555 0.219531 0.0134811
12 0.464844 0.401172 0.314063 0.235156 0.0119171
15 0.464844 0.401172 0.314063 0.235156 0.0104065
20 0.461621 0.402441 0.323633 0.220117 0.00989532
11 0.458984 0.408203 0.320312 0.23125 0.00948334
17 0.463672 0.405469 0.315625 0.234375 0.00854492
18 0.462402 0.411719 0.318945 0.230469 0.00743103
8 0.463672 0.405469 0.315625 0.234375 0.00595856
13 0.455078 0.409766 0.327344 0.238281 0.00572968
19 0.462402 0.411719 0.318945 0.230469 0.00293541
16 0.422754 0.366992 0.251367 0.336328 0.00233269
1 0.464746 0.391406 0.314258 0.240625 0.00219154
21 0.450879 0.407422 0.324805 0.225781 0.00145531
23 0.422754 0.391406 0.243555 0.219531 0.00112057
16 0.422754 0.391406 0.243555 0.219531 0.00102806
23 0.455859 0.387891 0.295312 0.239063 0.223999
25 0.459766 0.386328 0.292969 0.246094 0.0678101
14 0.455859 0.387891 0.295312 0.239063 0.0648804
2 0.455859 0.387891 0.295312 0.239063 0.0566406
19 0.433496 0.373242 0.23457 0.271484 0.0450134
0 0.459766 0.386328 0.292969 0.246094 0.037323
4 0.455859 0.387891 0.295312 0.239063 0.0292053
6 0.460547 0.418359 0.289844 0.263281 0.0273285
5 0.455859 0.415234 0.307031 0.263281 0.0220337
9 0.454785 0.403027 0.30293 0.243945 0.0189056
16 0.454785 0.403027 0.30293 0.243945 0.0181274
20 0.460547 0.418359 0.289844 0.263281 0.0162201
3 0.455859 0.387891 0.295312 0.239063 0.0159607
10 0.454785 0.403027 0.30293 0.243945 0.0116882
8 0.458691 0.398535 0.293555 0.24668 0.0113754
7 0.442578 0.391309 0.285156 0.236133 0.00978088
21 0.460547 0.418359 0.289844 0.263281 0.00901794
18 0.442578 0.391309 0.285156 0.236133 0.00763702
1 0.465625 0.416797 0.291406 0.267188 0.00629044
12 0.568359 0.536328 0.652344 0.742969 0.00609589
15 0.459766 0.386328 0.292969 0.246094 0.00572968
12 0.585547 0.557031 0.778906 0.885938 0.00502014
17 0.462109 0.397559 0.290625 0.24707 0.00484848
12 0.459766 0.386328 0.292969 0.246094 0.00432968
22 0.465625 0.416797 0.291406 0.267188 0.00429916
11 0.458691 0.398535 0.293555 0.24668 0.00415039
12 0.619531 0.617578 0.709375 0.677344 0.00391388
24 0.455859 0.415234 0.307031 0.263281 0.00383949
13 0.568359 0.536328 0.652344 0.742969 0.00317192
6 0.435156 0.386035 0.292188 0.22793 0.00309944
1 0.455566 0.369531 0.36543 0.415625 0.00293541
13 0.585547 0.557031 0.778906 0.885938 0.00273705
12 0.414453 0.374609 0.394531 0.274219 0.00269318
12 0.575391 0.310156 0.580469 0.4375 0.00264168
19 0.455859 0.415234 0.307031 0.263281 0.00230598
12 0.612891 0.430078 0.774219 0.752344 0.00230598
1 0.612109 0.573438 0.767969 0.853125 0.00226021
12 0.578125 0.596191 0.440625 0.543555 0.0020504
22 0.455566 0.369531 0.36543 0.415625 0.0019722
1 0.549609 0.519141 0.624219 0.733594 0.00195694
5 0.435156 0.386035 0.292188 0.22793 0.00191879
13 0.619531 0.617578 0.709375 0.677344 0.00189686
13 0.452734 0.395996 0.332813 0.30957 0.00185299
17 0.455566 0.369531 0.36543 0.415625 0.0018177
13 0.435156 0.386035 0.292188 0.22793 0.00176811
12 0.571191 0.507422 0.410742 0.450781 0.0017004
3 0.452734 0.395996 0.332813 0.30957 0.00161076
2 0.414453 0.374609 0.394531 0.274219 0.00158501
13 0.455566 0.369531 0.36543 0.415625 0.00154877
12 0.666406 0.449609 0.601562 0.582031 0.00154877
17 0.612109 0.573438 0.767969 0.853125 0.00152493
12 0.533984 0.714844 0.810156 0.570312 0.00144958
16 0.446094 0.375781 0.273438 0.322656 0.00141048
12 0.432031 0.550781 0.864062 0.898438 0.00139904
1 0.571191 0.507422 0.410742 0.450781 0.00138283
14 0.540527 0.436328 0.63457 0.713281 0.00134563
17 0.452734 0.395996 0.332813 0.30957 0.00134563
4 0.540527 0.436328 0.63457 0.713281 0.00133038
13 0.578125 0.596191 0.440625 0.543555 0.00129414
14 0.414453 0.374609 0.394531 0.274219 0.00127888
0 0.540527 0.436328 0.63457 0.713281 0.00126457
12 0.520215 0.626563 0.501758 0.465625 0.00124931
13 0.612891 0.430078 0.774219 0.752344 0.00121593
11 0.540527 0.436328 0.63457 0.713281 0.00117397
13 0.571191 0.507422 0.410742 0.450781 0.00114727
22 0.549609 0.519141 0.624219 0.733594 0.0011425
4 0.452734 0.395996 0.332813 0.30957 0.00113392
14 0.495313 0.426953 0.4875 0.510156 0.00112915
11 0.414453 0.374609 0.394531 0.274219 0.00112438
17 0.549609 0.519141 0.624219 0.733594 0.00112438
10 0.455566 0.369531 0.36543 0.415625 0.00111198
11 0.612109 0.573438 0.767969 0.853125 0.00110722
12 0.531641 0.755859 0.527344 0.488281 0.00108624
12 0.455566 0.369531 0.36543 0.415625 0.00106525
2 0.540527 0.436328 0.63457 0.713281 0.00105286
12 0.415234 0.343555 0.450781 0.558984 0.00104809
21 0.455566 0.369531 0.36543 0.415625 0.00104809
6 0.455566 0.369531 0.36543 0.415625 0.00102043
15 0.585547 0.557031 0.778906 0.885938 0.00101185
12 0.603906 0.635547 0.792188 0.728906 0.00100422
14 0.460547 0.403906 0.269531 0.223438 0.122131
23 0.460938 0.404687 0.269531 0.225 0.100525
25 0.460547 0.403906 0.269531 0.223438 0.0866089
4 0.463379 0.401172 0.266992 0.214844 0.0495911
2 0.460547 0.403906 0.269531 0.223438 0.0387573
0 0.460547 0.403906 0.269531 0.223438 0.0384521
9 0.463379 0.401172 0.266992 0.214844 0.0311432
8 0.460059 0.396777 0.26582 0.212695 0.0151291
5 0.463379 0.401172 0.266992 0.214844 0.0148392
3 0.460547 0.403906 0.269531 0.223438 0.0139542
10 0.460938 0.404687 0.269531 0.225 0.0137405
6 0.4625 0.397754 0.267969 0.20918 0.0121002
12 0.514063 0.558691 0.720313 0.698242 0.00926971
17 0.460938 0.404687 0.269531 0.225 0.00763702
20 0.4625 0.397754 0.267969 0.20918 0.00737381
16 0.460059 0.396777 0.26582 0.212695 0.00701141
12 0.502734 0.553027 0.505469 0.642383 0.00634003
19 0.455566 0.355859 0.312305 0.349219 0.00530243
13 0.514063 0.558691 0.720313 0.698242 0.00446701
12 0.407422 0.538672 0.797656 0.785156 0.00407028
13 0.502734 0.553027 0.505469 0.642383 0.00337601
12 0.460059 0.396777 0.26582 0.212695 0.00336266
1 0.461719 0.405469 0.276563 0.24375 0.00301552
11 0.594141 0.619531 0.747656 0.732813 0.00283432
11 0.460059 0.396777 0.26582 0.212695 0.00279999
24 0.463379 0.401172 0.266992 0.214844 0.00245285
15 0.594141 0.619531 0.747656 0.732813 0.00227928
18 0.461719 0.405469 0.276563 0.24375 0.0020504
13 0.407422 0.538672 0.797656 0.785156 0.00168705
7 0.461719 0.405469 0.276563 0.24375 0.0015974
21 0.4625 0.397754 0.267969 0.20918 0.00133514
22 0.4625 0.397754 0.267969 0.20918 0.00130463
15 0.460547 0.403906 0.269531 0.223438 0.00129414
14 0.594141 0.619531 0.747656 0.732813 0.0012846
12 0.593359 0.619043 0.792969 0.761914 0.00127411
13 0.453027 0.406348 0.262695 0.229492 0.0011158
16 0.455566 0.355859 0.312305 0.349219 0.00104427
15 0.617578 0.670313 0.655469 0.507812 0.00102806
11 0.617578 0.670313 0.655469 0.507812 0.00100803
23 0.453027 0.408496 0.283008 0.24082 0.275146
14 0.453027 0.408496 0.283008 0.24082 0.116333
9 0.455566 0.414844 0.281055 0.2625 0.0913696
25 0.459766 0.405859 0.274219 0.239844 0.0687866
0 0.456641 0.398438 0.282813 0.225 0.044342
16 0.453125 0.399609 0.285938 0.221094 0.0411377
4 0.453027 0.408496 0.283008 0.24082 0.0358276
8 0.460156 0.396973 0.272656 0.223242 0.0358276
20 0.455566 0.414844 0.281055 0.2625 0.0351562
6 0.45166 0.414453 0.288867 0.257031 0.0330811
5 0.455566 0.414844 0.281055 0.2625 0.0316162
2 0.453027 0.408496 0.283008 0.24082 0.0313721
24 0.455566 0.414844 0.281055 0.2625 0.0250854
3 0.453125 0.399609 0.285938 0.221094 0.0245209
17 0.463379 0.404004 0.26543 0.223242 0.0119629
11 0.456641 0.398438 0.282813 0.225 0.0088501
12 0.459766 0.405859 0.274219 0.239844 0.00728989
19 0.433594 0.360742 0.230469 0.301172 0.00666809
19 0.455566 0.414844 0.281055 0.2625 0.00521851
10 0.456641 0.398438 0.282813 0.225 0.00397491
15 0.459766 0.405859 0.274219 0.239844 0.00300407
7 0.453125 0.399609 0.285938 0.221094 0.00291252
1 0.460938 0.401563 0.277344 0.225 0.00288963
18 0.460938 0.401563 0.277344 0.225 0.00273705
19 0.559375 0.517969 0.232813 0.330469 0.00219154
13 0.446973 0.400781 0.295117 0.241406 0.00217438
21 0.460938 0.401563 0.277344 0.225 0.00190449
16 0.459277 0.357812 0.29707 0.322656 0.00167465
22 0.454688 0.414453 0.290625 0.261719 0.00163555
12 0.445703 0.407422 0.338281 0.278125 0.00116539
21 0.566797 0.513672 0.228906 0.328906 0.00110722
23 0.456348 0.406641 0.28418 0.216406 0.294189
9 0.457031 0.39834 0.266406 0.204883 0.157104
4 0.457031 0.39834 0.266406 0.204883 0.155029
14 0.456348 0.406641 0.28418 0.216406 0.130249
0 0.459375 0.404297 0.264062 0.214062 0.0910645
2 0.459375 0.404297 0.264062 0.214062 0.0451965
6 0.457031 0.39834 0.266406 0.204883 0.0219879
25 0.457031 0.39834 0.266406 0.204883 0.0216217
7 0.459375 0.404297 0.264062 0.214062 0.0151291
5 0.452344 0.399902 0.289844 0.208008 0.0134277
10 0.457031 0.39834 0.266406 0.204883 0.0121002
19 0.455566 0.357422 0.331055 0.338281 0.011116
3 0.456348 0.406641 0.28418 0.216406 0.0107803
18 0.449609 0.409766 0.292188 0.225781 0.00878143
15 0.45625 0.405469 0.292969 0.228906 0.00634003
8 0.457813 0.399609 0.271094 0.217969 0.00538635
24 0.452344 0.399902 0.289844 0.208008 0.00416565
16 0.457031 0.39834 0.266406 0.204883 0.00416565
20 0.452344 0.399902 0.289844 0.208008 0.00253105
11 0.459375 0.404297 0.264062 0.214062 0.00251198
12 0.442871 0.413672 0.337695 0.26875 0.00232315
13 0.449609 0.409766 0.292188 0.225781 0.00151253
16 0.455566 0.357422 0.331055 0.338281 0.00141048
17 0.459375 0.404297 0.264062 0.214062 0.00134563
13 0.478223 0.478906 0.376367 0.415625 0.0011158
12 0.457813 0.399609 0.271094 0.217969 0.00110722
4 0.456641 0.401953 0.300781 0.248438 0.398926
23 0.460156 0.403125 0.295312 0.229687 0.259033
14 0.460156 0.403125 0.295312 0.229687 0.121704
9 0.455371 0.4125 0.30332 0.248438 0.100525
0 0.456641 0.401953 0.300781 0.248438 0.0878906
19 0.463672 0.353711 0.332031 0.347266 0.0299835
8 0.456641 0.401953 0.300781 0.248438 0.0249939
6 0.45791 0.411328 0.298242 0.248438 0.0233307
25 0.462891 0.399609 0.288281 0.223438 0.02211
15 0.460156 0.403125 0.295312 0.229687 0.021698
3 0.470215 0.403809 0.270508 0.242383 0.0153046
5 0.455371 0.4125 0.30332 0.248438 0.0146713
2 0.462891 0.399609 0.288281 0.223438 0.0139542
24 0.455371 0.4125 0.30332 0.248438 0.0085144
11 0.456641 0.401953 0.300781 0.248438 0.00806427
10 0.45791 0.411328 0.298242 0.248438 0.00638962
20 0.455371 0.4125 0.30332 0.248438 0.0046463
18 0.460156 0.403125 0.295312 0.229687 0.00457382
17 0.471875 0.398438 0.269531 0.217188 0.00385475
12 0.465723 0.404004 0.27168 0.232617 0.00380898
19 0.433691 0.372266 0.231055 0.278906 0.00336266
16 0.45791 0.411328 0.298242 0.248438 0.00314713
12 0.451172 0.398438 0.342187 0.28125 0.002388
1 0.467578 0.412598 0.286719 0.254492 0.00226021
13 0.451172 0.401563 0.302344 0.239844 0.0019722
7 0.462891 0.399609 0.288281 0.223438 0.00156116
16 0.463672 0.353711 0.332031 0.347266 0.00126934
4 0.460938 0.453516 0.357812 0.439844 0.00103664
4 0.45166 0.398047 0.299805 0.259375 0.564941
9 0.451465 0.395313 0.301758 0.234375 0.556641
23 0.452734 0.402344 0.296875 0.25 0.348633
14 0.452734 0.402344 0.296875 0.25 0.336426
0 0.452734 0.402344 0.296875 0.25 0.150513
25 0.456348 0.397266 0.291992 0.266406 0.100891
19 0.463672 0.36543 0.325781 0.402734 0.0713501
5 0.451465 0.395313 0.301758 0.234375 0.0401001
6 0.451465 0.395313 0.301758 0.234375 0.0285492
2 0.456348 0.397266 0.291992 0.266406 0.0280151
24 0.451465 0.395313 0.301758 0.234375 0.0186157
15 0.450879 0.402734 0.285742 0.242969 0.0123367
19 0.459473 0.391406 0.291992 0.23125 0.0103683
20 0.451465 0.395313 0.301758 0.234375 0.00948334
17 0.454004 0.401953 0.291992 0.260156 0.00933838
8 0.456348 0.397266 0.291992 0.266406 0.00831604
10 0.451465 0.395313 0.301758 0.234375 0.00695801
12 0.452734 0.402344 0.296875 0.25 0.0037365
3 0.450781 0.396777 0.298438 0.258008 0.00353813
16 0.463672 0.36543 0.325781 0.402734 0.00351143
18 0.447266 0.397754 0.329688 0.27168 0.00277901
16 0.44541 0.408203 0.332617 0.2875 0.00273705
1 0.460059 0.403125 0.293945 0.267969 0.0026207
12 0.6875 0.430078 0.625 0.657031 0.00261116
11 0.447266 0.397754 0.329688 0.27168 0.00257111
12 0.624219 0.396484 0.751563 0.792969 0.00174141
21 0.460059 0.403125 0.293945 0.267969 0.00171375
13 0.460059 0.403125 0.293945 0.267969 0.00159168
15 0.654688 0.425098 0.690625 0.729492 0.00151253
13 0.438379 0.482422 0.42168 0.474219 0.00141048
7 0.447266 0.397754 0.329688 0.27168 0.00137806
12 0.421973 0.396484 0.39043 0.29375 0.00128937
13 0.6875 0.430078 0.625 0.657031 0.00123024
22 0.460059 0.403125 0.293945 0.267969 0.00119686
12 0.212109 0.489844 0.424219 0.682813 0.00118828
14 0.458984 0.40625 0.303125 0.25625 0.338135
4 0.458984 0.40625 0.303125 0.25625 0.303223
9 0.455469 0.407813 0.307813 0.25 0.100891
0 0.45625 0.403906 0.301563 0.250781 0.053009
23 0.45625 0.403906 0.301563 0.250781 0.0380249
2 0.45625 0.403906 0.301563 0.250781 0.0233307
25 0.458984 0.40625 0.303125 0.25625 0.0219421
6 0.452441 0.407031 0.301367 0.246094 0.0190887
5 0.455469 0.407813 0.307813 0.25 0.00993347
8 0.456348 0.408594 0.307617 0.251563 0.008255
10 0.452441 0.407031 0.301367 0.246094 0.00538635
11 0.454297 0.402246 0.302344 0.24707 0.00359344
20 0.452441 0.407031 0.301367 0.246094 0.00235939
3 0.454297 0.402246 0.302344 0.24707 0.00223351
16 0.452441 0.407031 0.301367 0.246094 0.00192642
1 0.458594 0.411816 0.31875 0.249805 0.00160408
24 0.455469 0.407813 0.307813 0.25 0.00160408
17 0.463281 0.405566 0.304688 0.256055 0.00139904
22 0.458594 0.411816 0.31875 0.249805 0.00121117
4 0.45459 0.408496 0.29707 0.251758 0.435791
23 0.459375 0.407422 0.29375 0.253906 0.305664
9 0.450879 0.403906 0.299805 0.245312 0.294189
14 0.45459 0.408496 0.29707 0.251758 0.194336
2 0.459375 0.407422 0.29375 0.253906 0.0720825
25 0.45625 0.400391 0.294531 0.242188 0.0394897
0 0.45459 0.408496 0.29707 0.251758 0.0268555
6 0.450879 0.403906 0.299805 0.245312 0.014061
5 0.450879 0.403906 0.299805 0.245312 0.0115509
8 0.461035 0.408984 0.299805 0.257031 0.00841522
24 0.450879 0.403906 0.299805 0.245312 0.00564194
10 0.45625 0.400391 0.294531 0.242188 0.00271416
20 0.45625 0.400391 0.294531 0.242188 0.00261116
7 0.498047 0.890234 0.439844 0.219531 0.0024929
12 0.45459 0.408496 0.29707 0.251758 0.00219154
3 0.461035 0.408984 0.299805 0.257031 0.00214958
16 0.489453 0.894922 0.451562 0.210156 0.00210762
11 0.450879 0.403906 0.299805 0.245312 0.00142097
16 0.45625 0.400391 0.294531 0.242188 0.00126457
17 0.461035 0.408984 0.299805 0.257031 0.00121593
7 0.460547 0.403809 0.307031 0.25957 0.00117874
15 0.45459 0.408496 0.29707 0.251758 0.00110722
4 0.460938 0.401563 0.305469 0.240625 0.834961
9 0.462891 0.404004 0.298438 0.251367 0.533203
14 0.460938 0.401563 0.305469 0.240625 0.513672
23 0.460938 0.401563 0.305469 0.240625 0.513672
25 0.460938 0.401563 0.305469 0.240625 0.110107
0 0.466016 0.40166 0.296094 0.238867 0.0583496
2 0.466016 0.40166 0.296094 0.238867 0.0381775
12 0.458691 0.407813 0.306055 0.255469 0.0181885
5 0.459473 0.401465 0.307617 0.25332 0.0165253
8 0.462891 0.404004 0.298438 0.251367 0.00568771
10 0.467578 0.40166 0.294531 0.248242 0.00388527
6 0.467578 0.40166 0.294531 0.248242 0.0026722
1 0.460156 0.405859 0.315625 0.253125 0.00261116
16 0.467578 0.40166 0.294531 0.248242 0.00226021
7 0.486816 0.882812 0.44668 0.234375 0.0020752
17 0.466406 0.395703 0.303125 0.242969 0.00185299
18 0.470703 0.398047 0.297656 0.241406 0.00158501
22 0.460156 0.405859 0.315625 0.253125 0.00157356
11 0.458594 0.401172 0.297656 0.253906 0.00121593
4 0.461816 0.407129 0.306055 0.257617 0.881348
0 0.461816 0.407129 0.306055 0.257617 0.521484
23 0.461816 0.407129 0.306055 0.257617 0.373779
14 0.459277 0.402246 0.287695 0.214258 0.331055
9 0.460156 0.406641 0.297656 0.255469 0.288574
25 0.459277 0.402246 0.287695 0.214258 0.0991211
7 0.488672 0.876758 0.521094 0.246484 0.035675
5 0.455469 0.408203 0.29375 0.227344 0.0284424
2 0.465723 0.406641 0.306055 0.253906 0.0254669
18 0.488672 0.876758 0.521094 0.246484 0.0139008
12 0.457715 0.408496 0.301758 0.251758 0.00582123
8 0.460156 0.406641 0.297656 0.255469 0.00564194
7 0.500098 0.860156 0.423242 0.215625 0.0051384
17 0.466504 0.400684 0.316992 0.262695 0.0041008
24 0.455469 0.408203 0.29375 0.227344 0.0041008
7 0.408691 0.838672 0.645117 0.322656 0.00309944
9 0.492969 0.874805 0.467187 0.247266 0.00307465
24 0.488672 0.876758 0.521094 0.246484 0.00245285
10 0.4625 0.403125 0.311719 0.249219 0.00221634
18 0.408691 0.838672 0.645117 0.322656 0.0020504
6 0.457422 0.414844 0.316406 0.245312 0.00176144
7 0.529688 0.864062 0.626563 0.271875 0.0017004
3 0.466797 0.408691 0.310156 0.257617 0.00169373
18 0.500098 0.860156 0.423242 0.215625 0.00148392
11 0.461719 0.399316 0.327344 0.26543 0.00122547
14 0.450391 0.405078 0.347656 0.282813 0.00116539
20 0.455469 0.408203 0.29375 0.227344 0.00106525
14 0.455566 0.403027 0.299805 0.231445 0.692871
23 0.459375 0.405859 0.294531 0.235156 0.341553
25 0.459375 0.405859 0.294531 0.235156 0.151978
2 0.459375 0.405859 0.294531 0.235156 0.123779
4 0.454688 0.414062 0.302344 0.240625 0.103027
0 0.459375 0.405859 0.294531 0.235156 0.0374756
19 0.466309 0.365234 0.304883 0.365625 0.0281067
9 0.455859 0.412109 0.300781 0.24375 0.0143356
8 0.458496 0.40459 0.298633 0.248633 0.0108185
6 0.454688 0.414062 0.302344 0.240625 0.0100937
5 0.454688 0.414062 0.302344 0.240625 0.00619125
12 0.454688 0.414062 0.302344 0.240625 0.00559998
10 0.459375 0.405859 0.294531 0.235156 0.00542831
1 0.454688 0.414062 0.302344 0.240625 0.00277901
7 0.373828 0.786719 0.747656 0.426563 0.00237846
16 0.467969 0.869141 0.573438 0.261719 0.00195694
7 0.408203 0.821875 0.660156 0.328125 0.0018177
16 0.562891 0.881055 0.326562 0.234766 0.00176144
17 0.460547 0.403516 0.304688 0.252344 0.00157928
11 0.376953 0.725 0.753906 0.55 0.00154877
6 0.408203 0.821875 0.660156 0.328125 0.00153065
16 0.373828 0.786719 0.747656 0.426563 0.00137806
7 0.380859 0.729688 0.761719 0.540625 0.00126934
11 0.455859 0.412109 0.300781 0.24375 0.00118351
12 0.226953 0.527344 0.453906 0.657813 0.00107288
6 0.380859 0.729688 0.761719 0.540625 0.00105286
23 0.463281 0.403906 0.298438 0.2375 0.733887
14 0.463281 0.403906 0.298438 0.2375 0.488281
2 0.469629 0.404004 0.287305 0.237305 0.168823
4 0.461035 0.40459 0.29668 0.223633 0.137939
9 0.461035 0.40459 0.29668 0.223633 0.0609741
25 0.463281 0.403906 0.298438 0.2375 0.0470886
6 0.461035 0.40459 0.29668 0.223633 0.0158997
0 0.463281 0.403906 0.298438 0.2375 0.0140076
10 0.463281 0.403906 0.298438 0.2375 0.00809479
4 0.406152 0.367578 0.211133 0.159375 0.0064888
17 0.46875 0.398438 0.303906 0.239844 0.00564194
5 0.461035 0.40459 0.29668 0.223633 0.00466537
8 0.46875 0.399902 0.284375 0.237695 0.00253105
11 0.466504 0.405078 0.281055 0.223438 0.00168705
7 0.469434 0.876563 0.737695 0.246875 0.00168705
16 0.466504 0.405078 0.281055 0.223438 0.00113392
7 0.467578 0.402734 0.3 0.246094 0.00110722
12 0.461035 0.40459 0.29668 0.223633 0.00103664
1 0.468848 0.405078 0.279492 0.228125 0.00103188
3 0.46875 0.398438 0.303906 0.239844 0.00101662
4 0.45459 0.409375 0.300195 0.25 0.827148
9 0.45459 0.409375 0.300195 0.25 0.286865
14 0.45459 0.409375 0.300195 0.25 0.259766
23 0.458691 0.399609 0.295117 0.247656 0.069519
19 0.460156 0.359766 0.297656 0.349219 0.0609741
25 0.459375 0.406641 0.295312 0.247656 0.0432129
0 0.461328 0.4 0.300781 0.249219 0.0352783
2 0.461328 0.4 0.300781 0.249219 0.0254669
5 0.459375 0.406641 0.295312 0.247656 0.0238647
12 0.45459 0.401172 0.300195 0.252344 0.0154266
17 0.46084 0.405469 0.295508 0.257812 0.00534439
6 0.451465 0.408594 0.314258 0.249219 0.00258064
24 0.459375 0.406641 0.295312 0.247656 0.00247192
1 0.451465 0.408594 0.314258 0.249219 0.00221634
8 0.46084 0.405469 0.295508 0.257812 0.00153637
10 0.462598 0.404687 0.307617 0.259375 0.00107288
4 0.459473 0.412891 0.307617 0.275 0.98584
14 0.459473 0.412891 0.307617 0.275 0.868652
9 0.459766 0.405078 0.305469 0.278906 0.370117
23 0.459473 0.412891 0.307617 0.275 0.325928
5 0.460059 0.409766 0.301758 0.263281 0.0180511
2 0.460547 0.408984 0.320312 0.271875 0.0164032
25 0.457031 0.401465 0.307813 0.24707 0.0149002
1 0.466797 0.412598 0.307031 0.260742 0.00740433
12 0.459766 0.405078 0.305469 0.278906 0.00728989
0 0.459473 0.412891 0.307617 0.275 0.00355148
6 0.460059 0.409766 0.301758 0.263281 0.00282288
19 0.458203 0.367578 0.30625 0.364844 0.00186729
11 0.457031 0.401465 0.307813 0.24707 0.00158501
4 0.459766 0.402734 0.294531 0.235938 0.844727
14 0.459766 0.402734 0.294531 0.235938 0.32251
23 0.45791 0.401172 0.295117 0.228906 0.220703
9 0.459375 0.410059 0.2875 0.237695 0.129395
2 0.460156 0.397754 0.308594 0.235742 0.0766602
0 0.459766 0.402734 0.294531 0.235938 0.0682983
25 0.459766 0.402734 0.294531 0.235938 0.0427246
5 0.459375 0.410059 0.2875 0.237695 0.0222015
1 0.454785 0.410156 0.304492 0.238281 0.008255
8 0.464453 0.401563 0.284375 0.239063 0.0055542
6 0.459375 0.410059 0.2875 0.237695 0.0046463
20 0.454785 0.410156 0.304492 0.238281 0.00300407
17 0.464746 0.395313 0.301758 0.264062 0.00253105
12 0.45791 0.397266 0.293555 0.250781 0.00245285
22 0.454785 0.410156 0.304492 0.238281 0.00198746
19 0.459277 0.362695 0.312695 0.364453 0.00171375
10 0.460156 0.397754 0.308594 0.235742 0.00115108
15 0.466406 0.402344 0.282813 0.232031 0.00105667
4 0.463965 0.403027 0.301758 0.239258 0.778809
0 0.463965 0.403027 0.301758 0.239258 0.401611
23 0.46709 0.401172 0.295508 0.235938 0.14563
9 0.464063 0.404297 0.294531 0.235156 0.0270691
14 0.463965 0.403027 0.301758 0.239258 0.0236053
8 0.46709 0.400781 0.298633 0.252344 0.0228882
25 0.461328 0.403125 0.304688 0.260156 0.0156708
5 0.46084 0.403125 0.300195 0.235938 0.0112915
12 0.452344 0.403223 0.292188 0.243555 0.00772476
2 0.465625 0.403906 0.298438 0.252344 0.00473785
6 0.452344 0.403223 0.292188 0.243555 0.00341606
1 0.452344 0.403223 0.292188 0.243555 0.00319672
15 0.455566 0.404687 0.273242 0.232031 0.0029583
19 0.460547 0.360938 0.291406 0.354688 0.00203514
20 0.452344 0.403223 0.292188 0.243555 0.00181007
17 0.462891 0.398828 0.294531 0.261719 0.00107765
4 0.459375 0.412109 0.295312 0.260938 0.935059
0 0.463672 0.407422 0.292188 0.236719 0.702637
9 0.457813 0.410156 0.292188 0.238281 0.605957
23 0.466406 0.411328 0.299219 0.257031 0.414795
5 0.457813 0.410156 0.292188 0.238281 0.220703
14 0.463672 0.407422 0.292188 0.236719 0.0607605
19 0.445215 0.367969 0.276758 0.35 0.0499573
8 0.459375 0.412109 0.295312 0.260938 0.0343628
25 0.457813 0.410156 0.292188 0.238281 0.0303345
20 0.461816 0.410547 0.310742 0.2375 0.0292053
24 0.464063 0.407813 0.283594 0.239063 0.0139542
2 0.463281 0.410156 0.289062 0.266406 0.0116882
11 0.462891 0.408203 0.298438 0.234375 0.00926971
6 0.457813 0.410156 0.292188 0.238281 0.0068512
3 0.466406 0.411328 0.299219 0.257031 0.00510025
10 0.470703 0.405566 0.296094 0.229492 0.00419998
19 0.458203 0.396094 0.286719 0.264062 0.00307465
22 0.4625 0.409766 0.289062 0.255469 0.00248146
19 0.558594 0.535547 0.276563 0.384375 0.00210762
15 0.578906 0.625781 0.745313 0.642188 0.00148392
12 0.578906 0.625781 0.745313 0.642188 0.00146103
17 0.470703 0.405566 0.296094 0.229492 0.00141048
4 0.424219 0.376172 0.20625 0.14375 0.00131512
16 0.4625 0.409766 0.289062 0.255469 0.00113392
15 0.464063 0.407813 0.283594 0.239063 0.00112915
4 0.457031 0.407031 0.303125 0.269531 0.974121
14 0.457031 0.407031 0.303125 0.269531 0.324219
23 0.458594 0.396094 0.296875 0.2625 0.0778198
0 0.457031 0.407031 0.303125 0.269531 0.0611877
9 0.458203 0.401953 0.302344 0.247656 0.0462036
25 0.457031 0.407031 0.303125 0.269531 0.0322266
5 0.458203 0.401953 0.302344 0.247656 0.0117798
12 0.455078 0.402734 0.302344 0.239844 0.00521851
8 0.462109 0.393359 0.296094 0.257031 0.0050621
2 0.460547 0.39209 0.298438 0.254883 0.00434875
6 0.455078 0.402734 0.302344 0.239844 0.00319672
1 0.455078 0.402734 0.302344 0.239844 0.00271416
20 0.455078 0.402734 0.302344 0.239844 0.0016613
19 0.466309 0.367773 0.317383 0.379297 0.00138855
4 0.466016 0.408984 0.299219 0.24375 0.663574
0 0.466016 0.41084 0.3 0.24082 0.140869
9 0.466016 0.408984 0.299219 0.24375 0.119202
23 0.4625 0.403809 0.298438 0.248633 0.0827026
14 0.466016 0.41084 0.3 0.24082 0.0648804
5 0.465527 0.410156 0.301758 0.245312 0.0266571
25 0.465527 0.410156 0.301758 0.245312 0.0230713
2 0.461816 0.406152 0.30293 0.24707 0.0130234
8 0.465625 0.402441 0.303125 0.237305 0.00317192
24 0.465527 0.410156 0.301758 0.245312 0.0029583
6 0.460938 0.408496 0.311719 0.248633 0.00213242
12 0.465527 0.410156 0.301758 0.245312 0.00188923
10 0.464453 0.411816 0.299219 0.25293 0.00165462
12 0.3625 0.288672 0.725 0.577344 0.00138855
20 0.460938 0.408496 0.311719 0.248633 0.00123978
1 0.385938 0.285156 0.771875 0.570312 0.0012064
11 0.46416 0.408203 0.304492 0.235156 0.00119209
12 0.458594 0.282813 0.917188 0.565625 0.00111198
3 0.465625 0.402441 0.303125 0.237305 0.00109863
4 0.457813 0.399219 0.286719 0.232813 0.769043
14 0.457813 0.399219 0.286719 0.232813 0.175537
0 0.457813 0.399219 0.286719 0.232813 0.16394
23 0.452734 0.394531 0.292969 0.245312 0.0827026
25 0.455078 0.397559 0.289844 0.24707 0.0258636
5 0.454297 0.407715 0.288281 0.25332 0.0183411
9 0.454297 0.400391 0.292969 0.235156 0.0125732
8 0.455469 0.400391 0.28125 0.24375 0.0109024
12 0.454297 0.407715 0.288281 0.25332 0.00331116
2 0.449316 0.396484 0.304492 0.242969 0.00279045
20 0.450879 0.405469 0.29043 0.236719 0.00275803
19 0.46416 0.358984 0.313867 0.3625 0.00222588
3 0.455469 0.400391 0.28125 0.24375 0.00196457
1 0.454297 0.407715 0.288281 0.25332 0.00126457
4 0.459277 0.406934 0.295508 0.245508 0.452393
23 0.462891 0.412891 0.298438 0.252344 0.366699
9 0.461621 0.409375 0.29082 0.246094 0.113953
0 0.462891 0.412891 0.298438 0.252344 0.0903931
2 0.458594 0.413379 0.300781 0.25293 0.0646362
6 0.461621 0.409375 0.29082 0.246094 0.0614319
14 0.459277 0.406934 0.295508 0.245508 0.0211182
19 0.464941 0.358008 0.30918 0.355078 0.0162201
11 0.457031 0.407129 0.303906 0.25918 0.0029583
25 0.459277 0.406934 0.295508 0.245508 0.00251198
24 0.459277 0.406934 0.295508 0.245508 0.00211525
5 0.459277 0.406934 0.295508 0.245508 0.00201988
3 0.466797 0.411328 0.299219 0.241406 0.00198746
10 0.466797 0.411328 0.299219 0.241406 0.00179577
15 0.466797 0.411328 0.299219 0.241406 0.00150108
7 0.458594 0.413379 0.300781 0.25293 0.00106907
4 0.453223 0.405566 0.298242 0.25293 0.62793
14 0.45791 0.410254 0.291992 0.257617 0.399902
23 0.456152 0.408203 0.293945 0.250781 0.0817871
9 0.453223 0.405566 0.298242 0.25293 0.0544128
2 0.450391 0.404785 0.30625 0.25293 0.0332031
0 0.45791 0.410254 0.291992 0.257617 0.0202179
19 0.464844 0.357422 0.30625 0.357031 0.0140076
6 0.454297 0.411035 0.291406 0.24043 0.0106506
25 0.455078 0.406934 0.291406 0.251758 0.00948334
5 0.454297 0.411035 0.291406 0.24043 0.00677109
19 0.433203 0.360352 0.236719 0.322266 0.00671768
12 0.454297 0.411035 0.291406 0.24043 0.00296974
8 0.456152 0.408203 0.293945 0.250781 0.00269318
11 0.450098 0.406348 0.29668 0.237305 0.00216484
1 0.455078 0.411719 0.299219 0.245312 0.00198746
20 0.455078 0.411719 0.299219 0.245312 0.00139427
4 0.466406 0.407813 0.292969 0.257031 0.63623
9 0.470313 0.406152 0.295312 0.258008 0.0734253
0 0.469141 0.413281 0.285938 0.257031 0.024704
2 0.469434 0.405859 0.293945 0.253125 0.0227966
5 0.471484 0.406348 0.301563 0.248242 0.0219421
23 0.464844 0.407715 0.289062 0.25332 0.0178528
6 0.466797 0.407813 0.292188 0.247656 0.0142822
14 0.471484 0.406348 0.301563 0.248242 0.0135345
11 0.470703 0.405469 0.292969 0.248438 0.0088501
19 0.439453 0.365234 0.252344 0.332031 0.00847626
4 0.552734 0.870313 0.2 0.171875 0.00351143
15 0.466797 0.407813 0.292188 0.247656 0.00305176
25 0.464844 0.407715 0.289062 0.25332 0.00265312
24 0.471484 0.406348 0.301563 0.248242 0.00244331
12 0.466406 0.407813 0.292969 0.257031 0.00221634
8 0.470313 0.406152 0.295312 0.258008 0.00219917
20 0.463965 0.41084 0.287695 0.250195 0.00126457
4 0.659375 0.661328 0.224219 0.163281 0.00102425
4 0.456152 0.406934 0.301758 0.237695 0.939453
0 0.468848 0.412891 0.29043 0.252344 0.0427246
9 0.455859 0.41875 0.315625 0.260938 0.0347595
5 0.452344 0.417969 0.308594 0.260938 0.00948334
8 0.463281 0.411328 0.292188 0.246875 0.00695801
14 0.457129 0.410254 0.301367 0.25293 0.00426483
2 0.454688 0.412109 0.313281 0.255469 0.00302696
23 0.457129 0.410254 0.301367 0.25293 0.00291252
25 0.456152 0.406934 0.301758 0.237695 0.00268364
12 0.460156 0.407031 0.292969 0.235938 0.00169373
20 0.460156 0.407031 0.292969 0.235938 0.00148964
1 0.69375 0.558203 0.6125 0.883594 0.00138283
15 0.608691 0.615234 0.779492 0.700781 0.0011158
24 0.456152 0.406934 0.301758 0.237695 0.00102806
4 0.462402 0.407715 0.28457 0.24082 0.814453
0 0.459375 0.405371 0.289062 0.24082 0.133911
5 0.459375 0.409473 0.289844 0.24668 0.0984497
8 0.459375 0.405371 0.289062 0.24082 0.0214539
14 0.462402 0.407715 0.28457 0.24082 0.0104904
9 0.4625 0.403516 0.28125 0.228906 0.00985718
20 0.459277 0.403516 0.27832 0.228125 0.00460815
11 0.459375 0.409473 0.289844 0.24668 0.00322342
25 0.459375 0.405371 0.289062 0.24082 0.00302696
22 0.459277 0.403516 0.27832 0.228125 0.00275803
23 0.4625 0.403516 0.28125 0.228906 0.00234985
1 0.459277 0.403516 0.27832 0.228125 0.00173378
4 0.464453 0.411816 0.2875 0.25293 0.981445
14 0.464453 0.411816 0.2875 0.25293 0.126831
9 0.46416 0.414062 0.287305 0.248438 0.0549927
5 0.46416 0.4125 0.288867 0.253125 0.0298767
8 0.46416 0.414062 0.287305 0.248438 0.0275879
23 0.46416 0.414062 0.287305 0.248438 0.0259552
0 0.466016 0.412598 0.289062 0.257617 0.025177
25 0.46416 0.414062 0.287305 0.248438 0.0219421
2 0.467871 0.409766 0.292383 0.25625 0.00664139
4 0.419141 0.378906 0.207813 0.134375 0.00340271
12 0.463672 0.414844 0.275781 0.25625 0.0029583
11 0.46416 0.4125 0.288867 0.253125 0.00252151
20 0.463672 0.414844 0.275781 0.25625 0.00149536
4 0.465723 0.407813 0.298242 0.25 0.958496
5 0.466309 0.398047 0.300195 0.232031 0.0465393
9 0.466309 0.398047 0.300195 0.232031 0.0283356
14 0.469922 0.408496 0.296875 0.243945 0.0263519
0 0.469922 0.408496 0.296875 0.243945 0.0219421
8 0.465723 0.407813 0.298242 0.25 0.00521851
25 0.4625 0.408203 0.295312 0.250781 0.00502014
23 0.469922 0.408496 0.296875 0.243945 0.00400543
11 0.465625 0.405078 0.301563 0.254688 0.00225258
12 0.461719 0.399219 0.296875 0.228906 0.00185299
2 0.469922 0.408496 0.296875 0.243945 0.00167465
22 0.461719 0.399609 0.271094 0.228906 0.00123501
4 0.467187 0.410547 0.309375 0.264844 0.958984
14 0.471094 0.409375 0.30625 0.2625 0.400635
9 0.467871 0.408496 0.29707 0.267383 0.0340881
25 0.467871 0.408496 0.29707 0.267383 0.0123367
5 0.46416 0.407715 0.30293 0.258008 0.00669098
12 0.466406 0.409375 0.291406 0.258594 0.00542831
23 0.467871 0.408496 0.29707 0.267383 0.00475693
0 0.470703 0.405078 0.303125 0.258594 0.00460815
2 0.470703 0.405078 0.303125 0.258594 0.00413513
8 0.469531 0.409375 0.299219 0.257031 0.00271416
20 0.466406 0.409375 0.291406 0.258594 0.00250244
11 0.469531 0.409375 0.299219 0.257031 0.00119686
4 0.458594 0.414062 0.292188 0.252344 0.99707
14 0.458594 0.414062 0.292188 0.252344 0.101562
9 0.459277 0.405469 0.292383 0.25625 0.0830078
5 0.457813 0.402246 0.29375 0.242383 0.0127716
25 0.455469 0.409277 0.29375 0.250195 0.0111618
0 0.459766 0.406934 0.29375 0.258008 0.0109024
23 0.459766 0.406934 0.29375 0.258008 0.00867462
2 0.459766 0.406934 0.29375 0.258008 0.00530243
12 0.454297 0.401563 0.292969 0.233594 0.0049057
6 0.460938 0.40791 0.289062 0.248242 0.00115585
1 0.460938 0.40791 0.289062 0.248242 0.00109482
4 0.461328 0.411719 0.297656 0.24375 0.98291
14 0.461816 0.408203 0.29668 0.240625 0.0265503
5 0.461328 0.411719 0.297656 0.24375 0.0226288
9 0.461328 0.411719 0.297656 0.24375 0.014061
0 0.458984 0.404297 0.292969 0.235938 0.00723267
25 0.469434 0.404297 0.300195 0.238281 0.00521851
12 0.463281 0.411035 0.292188 0.241992 0.00400543
11 0.460938 0.414062 0.294531 0.261719 0.00150108
4 0.413281 0.380859 0.215625 0.150781 0.0014267
24 0.463281 0.411035 0.292188 0.241992 0.0012846
1 0.460254 0.411816 0.293555 0.248242 0.00105286
4 0.459766 0.408203 0.296094 0.259375 0.785156
0 0.456934 0.411328 0.30957 0.261719 0.177246
4 0.406641 0.380859 0.211719 0.149219 0.0362244
5 0.459766 0.410156 0.294531 0.253906 0.00674438
8 0.460938 0.409375 0.285938 0.258594 0.00638962
14 0.460156 0.41084 0.301563 0.264258 0.00475693
12 0.459375 0.410547 0.284375 0.248438 0.00359344
23 0.460938 0.409375 0.285938 0.258594 0.00171375
25 0.460938 0.409375 0.285938 0.258594 0.00138855
1 0.455859 0.408984 0.289844 0.246875 0.00129414
4 0.371094 0.355469 0.119531 0.09375 0.00100803
4 0.4625 0.403125 0.294531 0.239063 0.996094
14 0.460547 0.411719 0.294531 0.236719 0.0923462
0 0.462598 0.404687 0.288867 0.239063 0.0280151
9 0.460547 0.407129 0.299219 0.235742 0.0217743
25 0.460547 0.407129 0.299219 0.235742 0.00766754
5 0.460547 0.407129 0.299219 0.235742 0.00551224
12 0.456348 0.406641 0.291992 0.227344 0.00298119
23 0.457422 0.404687 0.296875 0.232813 0.00296974
2 0.462598 0.404687 0.288867 0.239063 0.00147247
4 0.457715 0.40791 0.295508 0.241992 0.905273
5 0.455859 0.410254 0.290625 0.249805 0.0558167
0 0.458594 0.410547 0.298438 0.24375 0.0516663
14 0.458594 0.410547 0.298438 0.24375 0.0102463
22 0.460938 0.403809 0.285938 0.225195 0.0068779
11 0.455859 0.410254 0.290625 0.249805 0.00674438
9 0.458594 0.410547 0.298438 0.24375 0.00317192
25 0.463672 0.411328 0.286719 0.239063 0.00234222
8 0.458984 0.409473 0.292969 0.24043 0.00224304
12 0.460938 0.403809 0.285938 0.225195 0.00151253
20 0.460938 0.403809 0.285938 0.225195 0.00137806
2 0.458594 0.410547 0.298438 0.24375 0.00117874
4 0.459277 0.400879 0.298633 0.235742 0.914062
0 0.460156 0.401172 0.29375 0.241406 0.0284424
14 0.460156 0.401172 0.29375 0.241406 0.00577545
12 0.459766 0.401953 0.300781 0.233594 0.00183868
25 0.459277 0.400879 0.298633 0.235742 0.00181007
9 0.464453 0.402246 0.294531 0.24082 0.00155449
5 0.461816 0.404687 0.29668 0.229687 0.00132465
4 0.457715 0.402441 0.30332 0.248242 0.953613
0 0.457031 0.403125 0.300781 0.245312 0.0299835
14 0.457031 0.403125 0.300781 0.245312 0.0200195
5 0.456152 0.399219 0.30332 0.24375 0.00479126
12 0.456152 0.399219 0.30332 0.24375 0.00457382
25 0.456641 0.402734 0.297656 0.245312 0.00382423
4 0.399902 0.376172 0.218945 0.153125 0.00292397
9 0.457031 0.403223 0.296875 0.243555 0.00192642
23 0.456641 0.402734 0.297656 0.245312 0.00154305
4 0.462109 0.39541 0.291406 0.241992 0.980469
0 0.464063 0.392285 0.295312 0.241992 0.00974274
12 0.462109 0.39541 0.291406 0.241992 0.00653839
14 0.461328 0.394531 0.303906 0.245312 0.00206757
5 0.461816 0.398828 0.27168 0.230469 0.0011158
4 0.464941 0.392871 0.29668 0.229883 0.865234
0 0.463672 0.391016 0.285156 0.230469 0.0120544
9 0.465625 0.39375 0.282031 0.227344 0.00270462
14 0.463672 0.391016 0.285156 0.230469 0.00261116
5 0.461035 0.393066 0.293555 0.231055 0.00253105
12 0.462402 0.392969 0.292383 0.230469 0.00248146
22 0.462402 0.392969 0.292383 0.230469 0.00150108
25 0.463379 0.393359 0.28418 0.225781 0.00129414
4 0.460254 0.389453 0.291992 0.225781 0.975098
9 0.459277 0.391797 0.287695 0.224219 0.035553
0 0.460547 0.388672 0.295312 0.227344 0.0113754
14 0.458203 0.389453 0.3 0.224219 0.00891876
6 0.458203 0.389453 0.3 0.224219 0.00612259
23 0.459277 0.391797 0.287695 0.224219 0.00455475
25 0.459277 0.391797 0.287695 0.224219 0.00431442
12 0.458691 0.388281 0.299805 0.228125 0.00421524
24 0.458203 0.389453 0.3 0.224219 0.00253105
5 0.458203 0.389453 0.3 0.224219 0.00161648
2 0.461719 0.389844 0.294531 0.224219 0.00107765
4 0.458594 0.390234 0.284375 0.230469 0.875488
22 0.461816 0.384766 0.281055 0.239844 0.00746155
0 0.4625 0.389062 0.266406 0.228125 0.00502014
5 0.459473 0.386328 0.288867 0.242188 0.00351143
14 0.462891 0.388672 0.278125 0.235156 0.00109005
4 0.463672 0.388281 0.279687 0.222656 0.936035
5 0.461719 0.387891 0.284375 0.234375 0.0228882
0 0.466016 0.390234 0.271875 0.220313 0.0112457
14 0.461719 0.387891 0.284375 0.234375 0.0045929
9 0.466016 0.390234 0.271875 0.220313 0.00365067
22 0.461719 0.387891 0.278125 0.232813 0.00307465
25 0.461719 0.387891 0.284375 0.234375 0.00236893
24 0.461719 0.387891 0.284375 0.234375 0.00235939
12 0.461035 0.388184 0.27793 0.220508 0.00218201
4 0.457813 0.387598 0.2875 0.231055 0.973145
0 0.457715 0.387891 0.283008 0.235938 0.00985718
14 0.454004 0.381348 0.287305 0.232617 0.00723267
9 0.461035 0.387109 0.274805 0.232031 0.00712204
25 0.461035 0.387109 0.274805 0.232031 0.00317192
5 0.454004 0.381348 0.287305 0.232617 0.00206757
12 0.457129 0.381641 0.27793 0.233594 0.00147247
23 0.461035 0.387109 0.274805 0.232031 0.00125504
19 0.460547 0.355078 0.324219 0.350781 0.00103188
4 0.45459 0.39375 0.300195 0.228906 0.939453
0 0.459766 0.393066 0.289062 0.23418 0.0105667
5 0.454688 0.390234 0.3 0.235156 0.00666809
14 0.453906 0.395313 0.3 0.232813 0.00498199
9 0.453906 0.395313 0.3 0.232813 0.00178242
4 0.415234 0.371094 0.225 0.154688 0.00145531
12 0.458496 0.393066 0.286133 0.229492 0.0012846
4 0.458691 0.395313 0.30918 0.233594 0.943359
0 0.460059 0.399219 0.308008 0.239063 0.00772476
5 0.458203 0.392188 0.309375 0.247656 0.00403976
14 0.460059 0.399219 0.308008 0.239063 0.00337601
9 0.460059 0.399219 0.308008 0.239063 0.00245285
22 0.457422 0.392188 0.3 0.246875 0.00129414
4 0.461328 0.392578 0.280469 0.217969 0.945312
14 0.460547 0.388672 0.292969 0.227344 0.0102463
9 0.459766 0.391797 0.289062 0.213281 0.00701141
0 0.461621 0.395215 0.283008 0.22207 0.00503922
5 0.460547 0.388672 0.292969 0.227344 0.00419998
25 0.460547 0.389062 0.292969 0.225781 0.00133514
4 0.456934 0.396875 0.289258 0.217188 0.876953
0 0.460156 0.396094 0.283594 0.223438 0.00971222
14 0.460156 0.396094 0.283594 0.223438 0.00871277
5 0.457031 0.39209 0.289844 0.22832 0.00468063
12 0.458691 0.391016 0.28418 0.225 0.00153637
9 0.460156 0.396094 0.283594 0.223438 0.0012846
25 0.458691 0.391016 0.28418 0.225 0.00122547
4 0.460547 0.394629 0.285156 0.212305 0.946777
14 0.460938 0.395215 0.282813 0.21582 0.0122375
0 0.460938 0.395215 0.282813 0.21582 0.00475693
5 0.457715 0.391406 0.289258 0.221094 0.0030632
9 0.460938 0.395215 0.282813 0.21582 0.00263214
12 0.460156 0.391797 0.28125 0.220313 0.00184631
4 0.457422 0.398047 0.292969 0.223438 0.87793
0 0.456641 0.396484 0.291406 0.225 0.0419312
14 0.45625 0.39834 0.289844 0.229883 0.00912476
9 0.45625 0.39834 0.289844 0.229883 0.00183868
5 0.453906 0.391797 0.29375 0.235156 0.00156689
25 0.456641 0.396875 0.289844 0.225 0.00116062
4 0.465625 0.396191 0.271875 0.210742 0.944336
14 0.46416 0.392871 0.281055 0.223633 0.0104904
5 0.46416 0.392871 0.281055 0.223633 0.00591278
9 0.465625 0.396191 0.271875 0.210742 0.00468063
0 0.46875 0.397656 0.267188 0.213281 0.00221634
25 0.463184 0.393848 0.27832 0.22168 0.00201035
12 0.463184 0.393848 0.27832 0.22168 0.00154877
4 0.462402 0.396973 0.267383 0.210742 0.907715
0 0.463672 0.397656 0.267969 0.215625 0.0069046
14 0.458984 0.393652 0.271875 0.220508 0.00619125
9 0.463672 0.397656 0.267969 0.215625 0.00192642
5 0.46084 0.393652 0.26582 0.218945 0.00138855
4 0.463965 0.39834 0.276758 0.218945 0.833008
14 0.4625 0.400391 0.278125 0.224219 0.00263214
0 0.4625 0.400391 0.278125 0.224219 0.00189686
9 0.4625 0.400391 0.278125 0.224219 0.00167465
4 0.463379 0.403809 0.285742 0.236133 0.947754
14 0.455469 0.404297 0.297656 0.2375 0.00388527
0 0.455469 0.404297 0.297656 0.2375 0.00226974
9 0.455469 0.404297 0.297656 0.2375 0.00186729
5 0.458984 0.398828 0.292969 0.242188 0.00121117
4 0.458691 0.398535 0.266992 0.216992 0.844238
5 0.459766 0.396094 0.276563 0.226562 0.00369263
14 0.459766 0.396094 0.276563 0.226562 0.00269318
0 0.461816 0.397754 0.273242 0.218555 0.00188923
9 0.461816 0.397754 0.273242 0.218555 0.00121117
4 0.463965 0.395996 0.262695 0.212695 0.878906
0 0.458496 0.396094 0.254883 0.214844 0.00366402
14 0.463379 0.393848 0.268555 0.22168 0.00324821
5 0.463379 0.393848 0.268555 0.22168 0.00210762
12 0.462109 0.393848 0.267188 0.22168 0.00156116
1 0.458203 0.396094 0.257812 0.220313 0.00107765
4 0.460254 0.401172 0.263867 0.222656 0.854004
0 0.456348 0.402246 0.257617 0.22207 0.00898743
14 0.455859 0.403906 0.260156 0.232031 0.00365067
5 0.456641 0.403125 0.260938 0.235156 0.00271416
25 0.456348 0.402246 0.257617 0.22207 0.0011425
4 0.4625 0.400391 0.269531 0.219531 0.900879
0 0.464063 0.403027 0.265625 0.225195 0.00233269
14 0.464063 0.403027 0.265625 0.225195 0.00147247
4 0.4625 0.397754 0.257812 0.210742 0.961426
9 0.465625 0.398438 0.259375 0.209375 0.00359344
14 0.465625 0.398438 0.259375 0.209375 0.00344276
5 0.463672 0.397656 0.263281 0.215625 0.00163555
4 0.464844 0.397266 0.251563 0.201563 0.915527
0 0.467969 0.397266 0.247656 0.205469 0.0112
14 0.467969 0.397266 0.247656 0.205469 0.00457382
25 0.458496 0.397656 0.25332 0.205469 0.00148964
12 0.460938 0.396875 0.250781 0.20625 0.0012846
9 0.467969 0.397266 0.247656 0.205469 0.00108624
5 0.460938 0.396875 0.250781 0.20625 0.00107765
4 0.464063 0.399219 0.25625 0.203125 0.864258
0 0.465723 0.399219 0.254492 0.207813 0.0283356
14 0.457813 0.399121 0.258594 0.20957 0.00387001
5 0.457813 0.399121 0.258594 0.20957 0.00247192
25 0.456641 0.4 0.255469 0.208594 0.00133514
4 0.454785 0.40166 0.263867 0.20918 0.896484
9 0.460059 0.40166 0.268945 0.206055 0.0166626
14 0.456348 0.401172 0.27168 0.209375 0.00498199
25 0.456348 0.401172 0.27168 0.209375 0.00104046
4 0.453516 0.403125 0.259375 0.213281 0.921875
0 0.458496 0.404297 0.254883 0.216406 0.00450516
14 0.453223 0.404785 0.262305 0.216992 0.0041008
9 0.456152 0.403223 0.258008 0.207617 0.00165462
5 0.453223 0.404785 0.262305 0.216992 0.00137806
4 0.45791 0.400098 0.26543 0.218555 0.888184
14 0.456641 0.401172 0.271094 0.221094 0.00301552
0 0.462109 0.401953 0.259375 0.219531 0.00239754
5 0.456641 0.401172 0.271094 0.221094 0.00237846
9 0.462109 0.401953 0.259375 0.219531 0.00130939
4 0.457422 0.398828 0.273438 0.217969 0.937988
9 0.456641 0.401563 0.282031 0.220313 0.0051384
14 0.458984 0.399219 0.283594 0.226562 0.00331116
5 0.458984 0.399219 0.283594 0.226562 0.00298119
0 0.461719 0.401465 0.275 0.223633 0.00152493
4 0.463672 0.402344 0.275781 0.221094 0.92627
9 0.463672 0.402344 0.275781 0.221094 0.0041008
14 0.463965 0.4 0.283008 0.225 0.00321007
5 0.463965 0.4 0.283008 0.225 0.00226974
0 0.465527 0.401172 0.27207 0.225781 0.00142097
4 0.465723 0.397656 0.263867 0.20625 0.921875
9 0.467969 0.397656 0.253125 0.210938 0.00658798
0 0.467969 0.397656 0.253125 0.210938 0.00453949
14 0.463965 0.396777 0.270508 0.211133 0.0029583
5 0.463965 0.396777 0.270508 0.211133 0.0015192
4 0.463379 0.401465 0.26543 0.21582 0.955078
0 0.463281 0.401172 0.2625 0.221094 0.00342941
9 0.463281 0.401172 0.2625 0.221094 0.00288963
14 0.461719 0.399316 0.266406 0.220117 0.00263214
5 0.461719 0.399316 0.266406 0.220117 0.0014782
25 0.457031 0.400684 0.265625 0.21582 0.00104046
4 0.462891 0.40166 0.26875 0.21543 0.942871
9 0.461035 0.403027 0.266992 0.22207 0.00288963
14 0.461035 0.403027 0.266992 0.22207 0.00261116
0 0.461035 0.403027 0.266992 0.22207 0.002388
4 0.466016 0.401563 0.267969 0.21875 0.940918
9 0.465234 0.403027 0.266406 0.220508 0.00905609
4 0.4625 0.399609 0.267188 0.210156 0.956543
9 0.462891 0.401172 0.261719 0.213281 0.00282288
14 0.4625 0.399609 0.267188 0.210156 0.00130463
4 0.464746 0.399316 0.261133 0.20918 0.961914
9 0.464746 0.399316 0.261133 0.20918 0.00432968
14 0.464746 0.399316 0.261133 0.20918 0.0018034
4 0.461719 0.401172 0.271094 0.214062 0.944824
9 0.461621 0.402734 0.268945 0.21875 0.00284576
14 0.461621 0.402734 0.268945 0.21875 0.00140476
4 0.462109 0.401563 0.277344 0.221094 0.962891
9 0.462598 0.401563 0.276367 0.217188 0.00479126
14 0.460938 0.403516 0.277344 0.222656 0.00130463
4 0.463281 0.401563 0.271875 0.217969 0.9375
9 0.461621 0.403027 0.27207 0.22207 0.00413513
14 0.461621 0.403027 0.27207 0.22207 0.00126457
4 0.460254 0.400098 0.274805 0.21543 0.939941
9 0.461719 0.402344 0.270313 0.216406 0.00324821
14 0.460938 0.400879 0.273438 0.218555 0.00143242
4 0.464063 0.400879 0.26875 0.212305 0.939453
9 0.462598 0.402246 0.266992 0.21582 0.00448608
14 0.461328 0.400781 0.270313 0.216406 0.00137234
4 0.463965 0.40166 0.268945 0.21543 0.936523
9 0.461816 0.403027 0.268555 0.218945 0.00332451
14 0.461816 0.403027 0.268555 0.218945 0.00121117
4 0.460547 0.400781 0.272656 0.216406 0.938965
9 0.463281 0.403125 0.26875 0.21875 0.00268364
14 0.463281 0.403125 0.26875 0.21875 0.00118828
4 0.463281 0.400781 0.269531 0.210156 0.946289
9 0.462109 0.402344 0.267969 0.216406 0.00323486
14 0.462109 0.402344 0.267969 0.216406 0.00135612
4 0.463379 0.40166 0.27168 0.213867 0.943848
9 0.462402 0.403125 0.270508 0.219531 0.00486755
14 0.462402 0.403125 0.270508 0.219531 0.0015192
4 0.463672 0.401953 0.269531 0.214844 0.933594
9 0.4625 0.403516 0.267969 0.220313 0.00340271
14 0.4625 0.403516 0.267969 0.220313 0.00138855
4 0.459375 0.400781 0.270313 0.214844 0.936035
9 0.463281 0.403125 0.264844 0.217969 0.00298119
14 0.463281 0.403125 0.264844 0.217969 0.00126457
4 0.458594 0.401563 0.270313 0.216406 0.939453
9 0.463184 0.403906 0.264258 0.21875 0.00252151
14 0.463184 0.403906 0.264258 0.21875 0.00129414
4 0.457813 0.400879 0.270313 0.213867 0.937012
9 0.462109 0.402734 0.266406 0.216406 0.00236893
14 0.462109 0.402734 0.266406 0.216406 0.00118351
4 0.463672 0.401172 0.266406 0.211719 0.936035
9 0.4625 0.403223 0.264062 0.216992 0.00291252
14 0.4625 0.403223 0.264062 0.216992 0.00115108
4 0.463281 0.401465 0.267969 0.212695 0.94043
9 0.462109 0.403516 0.265625 0.21875 0.00293541
14 0.462109 0.403516 0.265625 0.21875 0.00133514
4 0.463672 0.40166 0.26875 0.213867 0.945312
9 0.462891 0.403027 0.266406 0.218945 0.00286674
14 0.462891 0.403027 0.266406 0.218945 0.0014267
4 0.463672 0.400879 0.267188 0.212305 0.944824
9 0.462891 0.403027 0.264062 0.217383 0.00263214
14 0.462891 0.403027 0.264062 0.217383 0.00137806
4 0.463281 0.400879 0.26875 0.213867 0.946289
9 0.462891 0.403223 0.265625 0.218555 0.00327301
14 0.462891 0.403223 0.265625 0.218555 0.00140476
4 0.463281 0.400879 0.26875 0.213867 0.946289
9 0.4625 0.402734 0.265625 0.217969 0.00319672
14 0.4625 0.402734 0.265625 0.217969 0.0014267
4 0.463281 0.401172 0.267969 0.213281 0.945801
9 0.462402 0.402734 0.264258 0.217969 0.00317192
14 0.462402 0.402734 0.264258 0.217969 0.00148392
4 0.463184 0.401172 0.267383 0.2125 0.944824
9 0.462891 0.402734 0.264062 0.217188 0.00312424
14 0.462891 0.402734 0.264062 0.217188 0.00144958
4 0.463379 0.401172 0.266992 0.2125 0.943848
9 0.463379 0.402734 0.263867 0.217188 0.0030632
14 0.463379 0.402734 0.263867 0.217188 0.00148964
4 0.463379 0.401172 0.266992 0.2125 0.945801
9 0.462891 0.402734 0.264062 0.216406 0.00286674
14 0.462891 0.402734 0.264062 0.216406 0.00144958
4 0.463379 0.401172 0.268555 0.213281 0.944336
9 0.4625 0.402734 0.265625 0.217969 0.00290108
14 0.4625 0.402734 0.265625 0.217969 0.0015192
4 0.463281 0.400879 0.26875 0.213867 0.946777
9 0.4625 0.402734 0.265625 0.217969 0.00319672
14 0.4625 0.402734 0.265625 0.217969 0.0014267
