11 0.561719 0.355664 0.829688 0.711328 0.0119171
11 0.486328 0.400391 0.541406 0.610156 0.00912476
11 0.578125 0.447656 0.771875 0.540625 0.00821686
14 0.578125 0.447656 0.771875 0.540625 0.00757599
11 0.483203 0.408691 0.489063 0.437305 0.00701141
14 0.483203 0.408691 0.489063 0.437305 0.0068512
5 0.56875 0.403027 0.8125 0.67207 0.00526047
14 0.550781 0.362109 0.85 0.720313 0.0051384
19 0.580469 0.417578 0.309375 0.35 0.00443268
3 0.546875 0.385156 0.36875 0.380469 0.00351143
14 0.486328 0.400391 0.541406 0.610156 0.00342941
9 0.486328 0.400391 0.541406 0.610156 0.00313568
4 0.483203 0.408691 0.489063 0.437305 0.003088
14 0.546875 0.385156 0.36875 0.380469 0.00299263
11 0.546875 0.385156 0.36875 0.380469 0.00298119
3 0.483203 0.408691 0.489063 0.437305 0.00276756
4 0.486328 0.400391 0.541406 0.610156 0.0027256
20 0.483203 0.408691 0.489063 0.437305 0.00263214
5 0.529004 0.459277 0.68418 0.518945 0.00263214
5 0.486328 0.400391 0.541406 0.610156 0.00253105
10 0.483203 0.408691 0.489063 0.437305 0.0024929
20 0.578125 0.447656 0.771875 0.540625 0.00244331
7 0.560547 0.432129 0.753906 0.593555 0.00233269
3 0.578125 0.447656 0.771875 0.540625 0.00226974
3 0.561719 0.355664 0.829688 0.711328 0.00203514
20 0.561719 0.355664 0.829688 0.711328 0.0019722
19 0.554688 0.457813 0.348438 0.367188 0.00193405
4 0.550781 0.362109 0.85 0.720313 0.00193405
10 0.486328 0.400391 0.541406 0.610156 0.00191879
0 0.546875 0.385156 0.36875 0.380469 0.00185299
10 0.519531 0.456934 0.659375 0.517383 0.00182438
11 0.632812 0.383594 0.734375 0.700781 0.0018034
9 0.519531 0.456934 0.659375 0.517383 0.00175476
9 0.561719 0.355664 0.829688 0.711328 0.00174141
2 0.546875 0.385156 0.36875 0.380469 0.00162315
4 0.519531 0.456934 0.659375 0.517383 0.00162315
9 0.483203 0.408691 0.489063 0.437305 0.00161648
2 0.573047 0.453223 0.675781 0.526367 0.00153637
20 0.546875 0.385156 0.36875 0.380469 0.00142097
0 0.573047 0.453223 0.675781 0.526367 0.00137806
20 0.486328 0.400391 0.541406 0.610156 0.00135612
3 0.486328 0.400391 0.541406 0.610156 0.00133514
5 0.483203 0.408691 0.489063 0.437305 0.00129414
10 0.550781 0.362109 0.85 0.720313 0.00126457
19 0.574219 0.323633 0.319531 0.412109 0.00124454
7 0.488672 0.400391 0.550781 0.647656 0.00123501
17 0.546875 0.385156 0.36875 0.380469 0.00122547
5 0.550781 0.420312 0.682813 0.840625 0.00121593
8 0.546875 0.385156 0.36875 0.380469 0.0011425
2 0.492285 0.426172 0.495117 0.496094 0.00110722
18 0.483203 0.419531 0.522656 0.514063 0.00109863
19 0.507031 0.340234 0.278125 0.301563 0.00108147
2 0.589063 0.406641 0.7375 0.777344 0.00105286
24 0.550781 0.362109 0.85 0.720313 0.00105286
19 0.491309 0.389844 0.30957 0.357031 0.00103188
22 0.456152 0.489063 0.529883 0.65625 0.994141
22 0.528906 0.473438 0.442188 0.59375 0.990723
17 0.456152 0.489063 0.529883 0.65625 0.97998
22 0.515723 0.501953 0.74668 0.825781 0.976074
22 0.492578 0.431934 0.457031 0.475195 0.974121
17 0.492578 0.431934 0.457031 0.475195 0.968262
17 0.515723 0.501953 0.74668 0.825781 0.962891
20 0.491797 0.465625 0.635156 0.7625 0.943359
17 0.528906 0.473438 0.442188 0.59375 0.930176
20 0.469531 0.462402 0.522656 0.533008 0.895508
22 0.444922 0.430469 0.727344 0.860938 0.847168
17 0.437402 0.403125 0.739258 0.80625 0.817383
20 0.437891 0.475293 0.650781 0.618164 0.78125
3 0.491797 0.465625 0.635156 0.7625 0.704102
3 0.492578 0.431934 0.457031 0.475195 0.692871
22 0.512891 0.562891 0.571094 0.839844 0.662109
22 0.570703 0.476562 0.508594 0.721875 0.660156
14 0.480078 0.43125 0.752344 0.8625 0.644043
14 0.437891 0.475293 0.650781 0.618164 0.620605
17 0.512891 0.562891 0.571094 0.839844 0.5
14 0.469531 0.462402 0.522656 0.533008 0.496094
11 0.480078 0.43125 0.752344 0.8625 0.486328
22 0.551172 0.397656 0.3875 0.404687 0.414795
17 0.551172 0.397656 0.3875 0.404687 0.38208
25 0.492578 0.431934 0.457031 0.475195 0.377441
20 0.437402 0.403125 0.739258 0.80625 0.373779
3 0.437891 0.475293 0.650781 0.618164 0.373047
17 0.570703 0.476562 0.508594 0.721875 0.308105
20 0.509375 0.560938 0.798438 0.878125 0.303955
22 0.637109 0.552344 0.725781 0.86875 0.265869
11 0.456152 0.489063 0.529883 0.65625 0.265137
3 0.528906 0.473438 0.442188 0.59375 0.262207
14 0.527734 0.399902 0.390625 0.406445 0.245117
25 0.491797 0.465625 0.635156 0.7625 0.21936
20 0.548828 0.418359 0.395313 0.449219 0.201782
20 0.508984 0.531152 0.503125 0.731445 0.190063
10 0.491797 0.465625 0.635156 0.7625 0.172729
13 0.480078 0.43125 0.752344 0.8625 0.167236
17 0.393066 0.590625 0.773242 0.81875 0.165039
17 0.637109 0.552344 0.725781 0.86875 0.161865
22 0.393066 0.590625 0.773242 0.81875 0.15918
10 0.469531 0.462402 0.522656 0.533008 0.156128
3 0.437402 0.403125 0.739258 0.80625 0.135742
17 0.34707 0.54375 0.694141 0.89375 0.134766
14 0.420996 0.375586 0.72207 0.751172 0.122925
14 0.509375 0.560938 0.798438 0.878125 0.108215
5 0.480078 0.43125 0.752344 0.8625 0.107422
8 0.437891 0.475293 0.650781 0.618164 0.0974121
1 0.446875 0.524121 0.559375 0.764258 0.0974121
8 0.492578 0.431934 0.457031 0.475195 0.0970459
9 0.491797 0.465625 0.635156 0.7625 0.0943604
8 0.480078 0.43125 0.752344 0.8625 0.0913696
10 0.437891 0.475293 0.650781 0.618164 0.0823975
20 0.393066 0.590625 0.773242 0.81875 0.0823975
25 0.528906 0.473438 0.442188 0.59375 0.0806274
1 0.515723 0.501953 0.74668 0.825781 0.0806274
25 0.437891 0.475293 0.650781 0.618164 0.0797729
0 0.527734 0.399902 0.390625 0.406445 0.078064
13 0.509375 0.560938 0.798438 0.878125 0.0734253
11 0.492578 0.431934 0.457031 0.475195 0.0731812
13 0.437891 0.475293 0.650781 0.618164 0.0628052
1 0.469531 0.462402 0.522656 0.533008 0.0628052
17 0.198437 0.641406 0.396875 0.717188 0.0618896
22 0.65625 0.548047 0.54375 0.810156 0.0605164
17 0.517188 0.587109 0.84375 0.825781 0.0596619
11 0.509375 0.560938 0.798438 0.878125 0.0594177
22 0.34707 0.54375 0.694141 0.89375 0.0579224
2 0.492578 0.431934 0.457031 0.475195 0.0549927
25 0.551172 0.397656 0.3875 0.404687 0.0541992
1 0.444922 0.430469 0.727344 0.860938 0.0518494
17 0.65625 0.548047 0.54375 0.810156 0.0503235
22 0.342578 0.637891 0.685156 0.724219 0.0503235
3 0.509375 0.560938 0.798438 0.878125 0.0492249
14 0.508984 0.531152 0.503125 0.731445 0.0484924
22 0.517188 0.587109 0.84375 0.825781 0.0476074
17 0.342578 0.637891 0.685156 0.724219 0.0472412
22 0.198437 0.641406 0.396875 0.717188 0.0463867
17 0.5875 0.685156 0.825 0.629687 0.0440063
24 0.491797 0.479297 0.763281 0.875781 0.0435181
3 0.551172 0.397656 0.3875 0.404687 0.0433655
0 0.469531 0.462402 0.522656 0.533008 0.041626
13 0.469531 0.462402 0.522656 0.533008 0.0402527
22 0.5875 0.685156 0.825 0.629687 0.0391846
22 0.246289 0.664062 0.492578 0.671875 0.0377502
9 0.469531 0.462402 0.522656 0.533008 0.0375977
14 0.393066 0.590625 0.773242 0.81875 0.0366211
22 0.376953 0.402344 0.753906 0.804688 0.0358276
17 0.263086 0.659375 0.526172 0.68125 0.0347595
22 0.560059 0.359961 0.473633 0.719922 0.0342407
17 0.307227 0.391016 0.614453 0.746094 0.0337219
10 0.437402 0.403125 0.739258 0.80625 0.0335999
14 0.357422 0.455469 0.714844 0.845313 0.0322266
22 0.307227 0.391016 0.614453 0.746094 0.0309143
5 0.437891 0.475293 0.650781 0.618164 0.0292053
13 0.357422 0.455469 0.714844 0.845313 0.028656
3 0.584375 0.525391 0.595313 0.788281 0.0280151
8 0.46709 0.555859 0.612695 0.849219 0.026062
17 0.615625 0.614453 0.76875 0.771094 0.0247955
11 0.528906 0.473438 0.442188 0.59375 0.0238647
2 0.456152 0.489063 0.529883 0.65625 0.0234222
17 0.457031 0.658594 0.848437 0.682813 0.0233307
25 0.437402 0.403125 0.739258 0.80625 0.0230713
17 0.205469 0.35918 0.410938 0.537891 0.0227966
24 0.456152 0.489063 0.529883 0.65625 0.0226288
0 0.437891 0.475293 0.650781 0.618164 0.0220337
13 0.393066 0.590625 0.773242 0.81875 0.0217743
17 0.71875 0.331641 0.5625 0.663281 0.0213623
22 0.615625 0.614453 0.76875 0.771094 0.0212097
3 0.393066 0.590625 0.773242 0.81875 0.0210419
22 0.457031 0.658594 0.848437 0.682813 0.0192719
1 0.393066 0.590625 0.773242 0.81875 0.0189362
17 0.746875 0.313281 0.50625 0.626563 0.018692
22 0.71875 0.331641 0.5625 0.663281 0.0178528
22 0.647656 0.426563 0.704688 0.853125 0.0174408
20 0.357422 0.455469 0.714844 0.845313 0.0173798
5 0.45459 0.5625 0.779883 0.875 0.0172424
3 0.357422 0.455469 0.714844 0.845313 0.0167847
20 0.589063 0.589844 0.821875 0.820312 0.0165253
22 0.746875 0.313281 0.50625 0.626563 0.0163422
13 0.420996 0.375586 0.72207 0.751172 0.0152512
17 0.294531 0.573047 0.589063 0.853906 0.0151901
1 0.263086 0.659375 0.526172 0.68125 0.0150757
16 0.492578 0.431934 0.457031 0.475195 0.0147324
1 0.198437 0.641406 0.396875 0.717188 0.0144501
9 0.437891 0.475293 0.650781 0.618164 0.014389
20 0.271094 0.36875 0.542188 0.7375 0.0142288
16 0.496973 0.525391 0.77168 0.894531 0.0139542
5 0.469531 0.462402 0.522656 0.533008 0.0137939
1 0.326562 0.615234 0.653125 0.769531 0.0137939
0 0.491797 0.465625 0.635156 0.7625 0.0136871
1 0.611719 0.576172 0.776563 0.847656 0.0136337
22 0.274023 0.604688 0.548047 0.790625 0.0136337
22 0.253516 0.367969 0.507031 0.735938 0.0131683
17 0.560059 0.359961 0.473633 0.719922 0.0131683
0 0.437402 0.403125 0.739258 0.80625 0.0130234
17 0.376563 0.363281 0.753125 0.726562 0.0128708
20 0.198437 0.641406 0.396875 0.717188 0.0123367
22 0.714844 0.480859 0.559375 0.869531 0.0121918
24 0.528906 0.473438 0.442188 0.59375 0.012146
1 0.34707 0.54375 0.694141 0.89375 0.0120544
10 0.527734 0.399902 0.390625 0.406445 0.0119629
8 0.420996 0.375586 0.72207 0.751172 0.0113754
16 0.437891 0.475293 0.650781 0.618164 0.0113754
2 0.528906 0.473438 0.442188 0.59375 0.0113297
1 0.578906 0.711719 0.804688 0.576563 0.0113297
20 0.192188 0.356055 0.384375 0.525391 0.0112457
21 0.497656 0.411719 0.453906 0.43125 0.0112457
17 0.680469 0.676562 0.639063 0.646875 0.0110703
13 0.508984 0.531152 0.503125 0.731445 0.0109482
17 0.714844 0.480859 0.559375 0.869531 0.0109482
22 0.670605 0.697656 0.658789 0.604688 0.0108185
20 0.639063 0.557031 0.61875 0.839063 0.0106964
11 0.368555 0.604688 0.737109 0.790625 0.0106506
22 0.205469 0.35918 0.410938 0.537891 0.0106125
17 0.253516 0.367969 0.507031 0.735938 0.0105667
3 0.6375 0.571484 0.725 0.857031 0.01017
20 0.326562 0.615234 0.653125 0.769531 0.00993347
20 0.565625 0.471191 0.465625 0.570117 0.00974274
1 0.639063 0.557031 0.61875 0.839063 0.00955963
9 0.509375 0.560938 0.798438 0.878125 0.00941467
14 0.589063 0.589844 0.821875 0.820312 0.00941467
17 0.188477 0.365234 0.376953 0.538281 0.00926971
13 0.548828 0.418359 0.395313 0.449219 0.00905609
1 0.454688 0.686328 0.846875 0.627344 0.00905609
17 0.39375 0.708008 0.7875 0.583984 0.00898743
17 0.330469 0.44375 0.660937 0.8875 0.00894928
1 0.715625 0.368359 0.56875 0.736719 0.00891876
22 0.294922 0.682813 0.589844 0.634375 0.00891876
11 0.512891 0.562891 0.571094 0.839844 0.0088501
20 0.263086 0.659375 0.526172 0.68125 0.00854492
5 0.357422 0.455469 0.714844 0.845313 0.0085144
1 0.564844 0.638672 0.848437 0.722656 0.00844574
20 0.558594 0.683789 0.848437 0.632422 0.00844574
14 0.192188 0.356055 0.384375 0.525391 0.00831604
10 0.393066 0.590625 0.773242 0.81875 0.00831604
20 0.344727 0.530469 0.689453 0.923438 0.008255
14 0.326562 0.615234 0.653125 0.769531 0.008255
17 0.728125 0.800195 0.54375 0.399609 0.00806427
2 0.551172 0.397656 0.3875 0.404687 0.00793457
14 0.244922 0.635938 0.489844 0.728125 0.00784302
13 0.570703 0.476562 0.508594 0.721875 0.0078125
4 0.437891 0.475293 0.650781 0.618164 0.00775528
0 0.560059 0.359961 0.473633 0.719922 0.00766754
21 0.437891 0.475293 0.650781 0.618164 0.00763702
13 0.589063 0.589844 0.821875 0.820312 0.00763702
17 0.715625 0.402344 0.56875 0.804688 0.00760651
17 0.647656 0.426563 0.704688 0.853125 0.00737381
22 0.792969 0.260938 0.414062 0.521875 0.00717545
1 0.736719 0.358594 0.526563 0.717188 0.00709534
16 0.416016 0.429297 0.707031 0.858594 0.00709534
1 0.376953 0.402344 0.753906 0.804688 0.00706482
22 0.39375 0.708008 0.7875 0.583984 0.00695801
14 0.558594 0.683789 0.848437 0.632422 0.0069313
9 0.393066 0.590625 0.773242 0.81875 0.0069046
3 0.198437 0.641406 0.396875 0.717188 0.0069046
22 0.330469 0.44375 0.660937 0.8875 0.0068512
2 0.491797 0.479297 0.763281 0.875781 0.00674438
17 0.666699 0.71543 0.666602 0.569141 0.00674438
24 0.548828 0.418359 0.395313 0.449219 0.00669098
4 0.480078 0.43125 0.752344 0.8625 0.00666809
14 0.570703 0.476562 0.508594 0.721875 0.00658798
22 0.76543 0.759961 0.469141 0.480078 0.00656509
1 0.308203 0.410938 0.616406 0.821875 0.00653839
3 0.5875 0.685156 0.825 0.629687 0.00651169
25 0.531152 0.564063 0.775195 0.871875 0.0064888
8 0.517188 0.587109 0.84375 0.825781 0.0064621
20 0.728125 0.800195 0.54375 0.399609 0.00629044
22 0.188477 0.365234 0.376953 0.538281 0.00626373
1 0.408203 0.632812 0.816406 0.734375 0.00624084
11 0.420996 0.375586 0.72207 0.751172 0.00621796
1 0.527734 0.399902 0.390625 0.406445 0.00621796
24 0.517188 0.587109 0.84375 0.825781 0.00619125
0 0.565625 0.471191 0.465625 0.570117 0.00614548
16 0.528906 0.473438 0.442188 0.59375 0.00614548
14 0.344727 0.530469 0.689453 0.923438 0.00614548
17 0.175684 0.316992 0.351367 0.418359 0.00602722
17 0.795703 0.819531 0.408594 0.360938 0.00600433
22 0.715625 0.402344 0.56875 0.804688 0.00595856
8 0.528906 0.473438 0.442188 0.59375 0.00593567
3 0.663281 0.584766 0.560938 0.817969 0.00591278
1 0.316602 0.710938 0.633203 0.578125 0.00588989
3 0.342578 0.637891 0.685156 0.724219 0.005867
22 0.795703 0.819531 0.408594 0.360938 0.00577545
2 0.46709 0.555859 0.612695 0.849219 0.00572968
13 0.558594 0.683789 0.848437 0.632422 0.00572968
3 0.271094 0.36875 0.542188 0.7375 0.00568771
8 0.357422 0.455469 0.714844 0.845313 0.00568771
21 0.491797 0.465625 0.635156 0.7625 0.00559998
13 0.2875 0.682031 0.575 0.635938 0.00559998
3 0.560059 0.359961 0.473633 0.719922 0.0055542
19 0.150781 0.0826172 0.301563 0.165234 0.00553513
1 0.410156 0.738086 0.820312 0.523828 0.00551224
4 0.469531 0.462402 0.522656 0.533008 0.00548935
3 0.246289 0.664062 0.492578 0.671875 0.00548935
25 0.584375 0.525391 0.595313 0.788281 0.00547028
17 0.794141 0.238281 0.411719 0.476562 0.00540543
14 0.670605 0.697656 0.658789 0.604688 0.00538635
1 0.69375 0.308594 0.6125 0.617188 0.00534439
14 0.560059 0.359961 0.473633 0.719922 0.0053215
14 0.728125 0.800195 0.54375 0.399609 0.00530243
22 0.679297 0.644238 0.641406 0.711523 0.00526047
14 0.271094 0.36875 0.542188 0.7375 0.00518036
14 0.639063 0.557031 0.61875 0.839063 0.00518036
1 0.637109 0.680859 0.725781 0.638281 0.00518036
10 0.508984 0.531152 0.503125 0.731445 0.00510025
11 0.357422 0.455469 0.714844 0.845313 0.0050621
20 0.670605 0.697656 0.658789 0.604688 0.00502014
24 0.570703 0.476562 0.508594 0.721875 0.00498199
8 0.392578 0.604297 0.785156 0.791406 0.00498199
11 0.570703 0.476562 0.508594 0.721875 0.00496292
20 0.782031 0.8125 0.435937 0.375 0.00494385
1 0.290234 0.560547 0.580469 0.878906 0.00492477
14 0.185547 0.307813 0.371094 0.397656 0.0049057
13 0.326562 0.615234 0.653125 0.769531 0.00488663
11 0.589063 0.589844 0.821875 0.820312 0.00488663
13 0.636719 0.70625 0.726562 0.5875 0.00488663
16 0.538281 0.371094 0.371094 0.348438 0.00479126
20 0.71875 0.331641 0.5625 0.663281 0.00475693
13 0.308203 0.410938 0.616406 0.821875 0.00475693
3 0.192188 0.356055 0.384375 0.525391 0.00471878
20 0.414453 0.686328 0.828906 0.627344 0.00469971
13 0.408203 0.632812 0.816406 0.734375 0.00462723
10 0.531152 0.564063 0.775195 0.871875 0.00457382
16 0.560156 0.588281 0.832812 0.823438 0.00453949
14 0.414453 0.686328 0.828906 0.627344 0.00453949
14 0.207031 0.336914 0.414062 0.673828 0.00450516
3 0.344727 0.530469 0.689453 0.923438 0.00443268
11 0.701953 0.740625 0.596094 0.51875 0.00439835
11 0.539062 0.370313 0.363281 0.345313 0.00434875
1 0.769141 0.265625 0.461719 0.53125 0.00432968
14 0.264062 0.6875 0.528125 0.625 0.00432968
25 0.560059 0.359961 0.473633 0.719922 0.00429916
1 0.679297 0.644238 0.641406 0.711523 0.00426483
14 0.782031 0.8125 0.435937 0.375 0.00426483
13 0.205859 0.664844 0.411719 0.670313 0.00424957
11 0.271094 0.36875 0.542188 0.7375 0.0041008
16 0.782031 0.8125 0.435937 0.375 0.00408554
0 0.205469 0.35918 0.410938 0.537891 0.00407028
3 0.71875 0.331641 0.5625 0.663281 0.00403976
5 0.539062 0.370313 0.363281 0.345313 0.00403976
13 0.680469 0.676562 0.639063 0.646875 0.00403976
5 0.510059 0.410938 0.462695 0.425781 0.00399017
13 0.416406 0.710156 0.832812 0.579688 0.00399017
18 0.451953 0.439746 0.578906 0.487695 0.00397491
17 0.645312 0.311523 0.709375 0.623047 0.00395966
14 0.71875 0.331641 0.5625 0.663281 0.0039444
13 0.701953 0.740625 0.596094 0.51875 0.0039444
21 0.528906 0.473438 0.442188 0.59375 0.00391388
18 0.510059 0.410938 0.462695 0.425781 0.00388527
2 0.437402 0.403125 0.739258 0.80625 0.00388527
22 0.504687 0.737695 0.857813 0.524609 0.00388527
1 0.192188 0.356055 0.384375 0.525391 0.00385475
22 0.744531 0.805664 0.510938 0.388672 0.00385475
13 0.695508 0.341016 0.608984 0.682031 0.00383949
25 0.393066 0.590625 0.773242 0.81875 0.00376511
13 0.728125 0.800195 0.54375 0.399609 0.00376511
8 0.539062 0.370313 0.363281 0.345313 0.0037365
12 0.55791 0.571875 0.774805 0.85625 0.00372124
0 0.34707 0.54375 0.694141 0.89375 0.00370789
3 0.728125 0.800195 0.54375 0.399609 0.00370789
21 0.564453 0.404297 0.360156 0.358594 0.0257568
19 0.564453 0.404297 0.360156 0.358594 0.0233307
16 0.494629 0.572656 0.441992 0.2875 0.0197144
11 0.544434 0.426172 0.698633 0.659375 0.0138474
22 0.485156 0.393848 0.554688 0.749805 0.0113297
20 0.543359 0.38916 0.699219 0.720117 0.00891876
4 0.544434 0.426172 0.698633 0.659375 0.00844574
1 0.485156 0.393848 0.554688 0.749805 0.00821686
19 0.530859 0.536719 0.402344 0.320312 0.00806427
19 0.430469 0.55 0.345313 0.329688 0.00803375
17 0.528906 0.386328 0.689063 0.772656 0.00728989
16 0.168945 0.0828125 0.337891 0.165625 0.00720596
19 0.494629 0.572656 0.441992 0.2875 0.0068779
14 0.543359 0.38916 0.699219 0.720117 0.00666809
1 0.471094 0.461816 0.529688 0.531055 0.00643921
4 0.475781 0.42041 0.54375 0.438867 0.00612259
12 0.543359 0.38916 0.699219 0.720117 0.00591278
17 0.471094 0.461816 0.529688 0.531055 0.00553513
24 0.544434 0.426172 0.698633 0.659375 0.00548935
22 0.471094 0.461816 0.529688 0.531055 0.00526047
3 0.528906 0.386328 0.689063 0.772656 0.00498199
9 0.544434 0.426172 0.698633 0.659375 0.00498199
16 0.544434 0.426172 0.698633 0.659375 0.00479126
19 0.153516 0.0753906 0.307031 0.150781 0.00469971
16 0.475 0.404004 0.454688 0.323242 0.00457382
16 0.530859 0.536719 0.402344 0.320312 0.00431442
0 0.475781 0.42041 0.54375 0.438867 0.00388527
5 0.544434 0.426172 0.698633 0.659375 0.00380898
13 0.544434 0.426172 0.698633 0.659375 0.00353813
6 0.521191 0.446484 0.629492 0.564063 0.00351143
2 0.475781 0.42041 0.54375 0.438867 0.00345612
13 0.58125 0.414062 0.31875 0.328125 0.00328636
16 0.136816 0.0729492 0.273633 0.145898 0.00319672
3 0.471094 0.461816 0.529688 0.531055 0.00319672
12 0.471094 0.461816 0.529688 0.531055 0.00317192
1 0.552344 0.458691 0.682813 0.70918 0.0029583
11 0.475781 0.42041 0.54375 0.438867 0.00282288
7 0.544434 0.426172 0.698633 0.659375 0.00282288
20 0.475781 0.42041 0.54375 0.438867 0.0026722
12 0.475391 0.451953 0.674219 0.671094 0.00265312
0 0.497266 0.430371 0.632031 0.614258 0.00257111
22 0.552344 0.458691 0.682813 0.70918 0.00253105
14 0.475781 0.42041 0.54375 0.438867 0.00251198
2 0.540234 0.402344 0.697656 0.717969 0.00237846
19 0.544434 0.426172 0.698633 0.659375 0.00226021
16 0.430469 0.55 0.345313 0.329688 0.00221634
17 0.477344 0.399609 0.494531 0.386719 0.00211525
1 0.477344 0.399609 0.494531 0.386719 0.00203514
8 0.485156 0.393848 0.554688 0.749805 0.00196457
16 0.555469 0.403906 0.399219 0.385156 0.00193405
19 0.80332 0.408984 0.337109 0.386719 0.00184631
0 0.532031 0.392188 0.725 0.784375 0.00184631
19 0.483203 0.383984 0.394531 0.346094 0.00183105
9 0.471094 0.461816 0.529688 0.531055 0.00181007
18 0.543359 0.38916 0.699219 0.720117 0.0018034
10 0.497266 0.430371 0.632031 0.614258 0.00177479
25 0.528906 0.386328 0.689063 0.772656 0.00174141
8 0.475781 0.42041 0.54375 0.438867 0.00169373
1 0.498437 0.526465 0.489844 0.712695 0.00168705
25 0.474121 0.421777 0.511133 0.429883 0.0016489
12 0.38457 0.567969 0.769141 0.845313 0.00161076
6 0.514844 0.396484 0.726562 0.725781 0.00157928
6 0.481152 0.486035 0.492383 0.476367 0.00149536
21 0.532031 0.392188 0.725 0.784375 0.00148964
19 0.838867 0.185742 0.316016 0.371484 0.00142097
16 0.495703 0.421191 0.630469 0.495117 0.00136185
1 0.700977 0.614062 0.598047 0.76875 0.00136185
18 0.475781 0.42041 0.54375 0.438867 0.00134087
22 0.513965 0.427734 0.437695 0.423438 0.00133514
15 0.543359 0.38916 0.699219 0.720117 0.00133514
12 0.518359 0.520312 0.488281 0.598437 0.00132465
12 0.419434 0.431934 0.49707 0.662695 0.00131989
11 0.503516 0.474609 0.564844 0.610156 0.00129414
12 0.700977 0.614062 0.598047 0.76875 0.00126457
12 0.235938 0.661328 0.471875 0.677344 0.00120163
12 0.321875 0.611719 0.64375 0.776563 0.00118351
11 0.7125 0.624609 0.575 0.750781 0.00117397
19 0.416406 0.396484 0.389844 0.302344 0.00115108
22 0.498437 0.526465 0.489844 0.712695 0.0011425
19 0.701953 0.676953 0.261719 0.313281 0.00110722
15 0.495703 0.421191 0.630469 0.495117 0.00109005
13 0.7125 0.624609 0.575 0.750781 0.00104809
12 0.601172 0.437402 0.542969 0.743945 0.00104427
12 0.223633 0.600781 0.447266 0.685938 0.00103664
13 0.495703 0.421191 0.630469 0.495117 0.00103188
12 0.366211 0.4625 0.712891 0.784375 0.00103188
12 0.617188 0.605078 0.765625 0.789844 0.00102425
12 0.477344 0.399609 0.494531 0.386719 0.00101662
1 0.217383 0.650391 0.434766 0.699219 0.00101662
12 0.211328 0.670313 0.422656 0.65 0.00101662
11 0.469531 0.436719 0.532813 0.471875 0.253906
24 0.466797 0.472266 0.538281 0.538281 0.216675
22 0.479297 0.43125 0.486719 0.45625 0.0792236
5 0.471777 0.471191 0.52832 0.541992 0.0742188
19 0.471777 0.471191 0.52832 0.541992 0.0632324
21 0.466797 0.472266 0.538281 0.538281 0.0618896
9 0.466797 0.472266 0.538281 0.538281 0.0564575
20 0.466797 0.472266 0.538281 0.538281 0.0534058
19 0.569531 0.389062 0.310937 0.416406 0.0474243
21 0.569531 0.389062 0.310937 0.416406 0.0342407
1 0.498535 0.400879 0.46543 0.398242 0.0332031
21 0.500391 0.370313 0.283594 0.379688 0.0233307
11 0.483203 0.3375 0.565625 0.548438 0.0227966
14 0.47041 0.404297 0.529492 0.398438 0.0216217
13 0.469531 0.436719 0.532813 0.471875 0.0210419
4 0.469531 0.436719 0.532813 0.471875 0.0195007
18 0.47041 0.404297 0.529492 0.398438 0.0177155
17 0.479297 0.43125 0.486719 0.45625 0.0168457
3 0.476953 0.435156 0.526563 0.484375 0.0165253
19 0.496191 0.384766 0.29043 0.371094 0.0162811
19 0.759375 0.508984 0.295312 0.4 0.0150146
16 0.469531 0.436719 0.532813 0.471875 0.0146179
1 0.480469 0.305469 0.570312 0.610938 0.0145569
25 0.466797 0.472266 0.538281 0.538281 0.0128708
1 0.474219 0.468066 0.496875 0.524805 0.0126724
22 0.549219 0.4375 0.342187 0.435937 0.0126266
20 0.483203 0.3375 0.565625 0.548438 0.0125275
14 0.461719 0.460547 0.546875 0.558594 0.0124283
14 0.483203 0.3375 0.565625 0.548438 0.0114212
0 0.47041 0.404297 0.529492 0.398438 0.0104904
18 0.483203 0.3375 0.565625 0.548438 0.0102081
13 0.483203 0.3375 0.565625 0.548438 0.00993347
12 0.477734 0.4 0.528906 0.40625 0.00878143
16 0.483203 0.3375 0.565625 0.548438 0.008255
17 0.549219 0.4375 0.342187 0.435937 0.00793457
8 0.479297 0.43125 0.486719 0.45625 0.00775528
4 0.483203 0.3375 0.565625 0.548438 0.00769424
10 0.466797 0.472266 0.538281 0.538281 0.00748825
20 0.498535 0.400879 0.46543 0.398242 0.00737381
15 0.466797 0.472266 0.538281 0.538281 0.00723267
3 0.483203 0.3375 0.565625 0.548438 0.00706482
1 0.549219 0.4375 0.342187 0.435937 0.00703812
21 0.483203 0.3375 0.565625 0.548438 0.0069046
17 0.516309 0.300195 0.543945 0.600391 0.00679779
0 0.483203 0.3375 0.565625 0.548438 0.00658798
24 0.456152 0.39375 0.475195 0.45 0.00579834
6 0.464844 0.499316 0.492188 0.479492 0.00544739
2 0.498535 0.400879 0.46543 0.398242 0.00530243
12 0.461719 0.460547 0.546875 0.558594 0.00527954
22 0.476172 0.815625 0.485156 0.36875 0.00479126
6 0.474609 0.424609 0.534375 0.466406 0.0045929
22 0.516309 0.300195 0.543945 0.600391 0.00450516
9 0.483203 0.3375 0.565625 0.548438 0.00439835
21 0.759375 0.508984 0.295312 0.4 0.00419998
22 0.483203 0.3375 0.565625 0.548438 0.00418091
5 0.483203 0.3375 0.565625 0.548438 0.00413513
12 0.483203 0.3375 0.565625 0.548438 0.00413513
2 0.483203 0.3375 0.565625 0.548438 0.00376511
24 0.483203 0.3375 0.565625 0.548438 0.00372124
15 0.483203 0.3375 0.565625 0.548438 0.00367928
16 0.471094 0.525 0.49375 0.492188 0.00366402
5 0.456152 0.39375 0.475195 0.45 0.00355148
14 0.475781 0.331641 0.68125 0.663281 0.00353813
11 0.476172 0.815625 0.485156 0.36875 0.00324821
21 0.498535 0.400879 0.46543 0.398242 0.00317192
1 0.476172 0.815625 0.485156 0.36875 0.00314713
13 0.569531 0.389062 0.310937 0.416406 0.003088
0 0.475781 0.331641 0.68125 0.663281 0.00307465
11 0.475781 0.331641 0.68125 0.663281 0.00307465
19 0.456152 0.39375 0.475195 0.45 0.00300407
25 0.498535 0.400879 0.46543 0.398242 0.00293541
19 0.530859 0.352539 0.335156 0.448047 0.00288963
17 0.483203 0.3375 0.565625 0.548438 0.00284576
4 0.475781 0.331641 0.68125 0.663281 0.00277901
11 0.471094 0.525 0.49375 0.492188 0.00277901
13 0.475781 0.331641 0.68125 0.663281 0.00269318
12 0.516309 0.300195 0.543945 0.600391 0.00266266
19 0.203906 0.607422 0.296094 0.397656 0.00259018
3 0.516309 0.300195 0.543945 0.600391 0.00257111
0 0.461719 0.460547 0.546875 0.558594 0.00254059
0 0.82832 0.18418 0.343359 0.368359 0.00253105
19 0.483203 0.3375 0.565625 0.548438 0.00247192
1 0.82832 0.18418 0.343359 0.368359 0.00246239
6 0.825 0.198633 0.35 0.397266 0.00234222
8 0.480469 0.305469 0.570312 0.610938 0.00230598
4 0.471094 0.525 0.49375 0.492188 0.00230598
16 0.825 0.198633 0.35 0.397266 0.00228691
18 0.475781 0.331641 0.68125 0.663281 0.00227928
2 0.82832 0.18418 0.343359 0.368359 0.00226974
19 0.821875 0.19082 0.298438 0.381641 0.00226021
13 0.51709 0.363672 0.314258 0.420312 0.00220871
18 0.461719 0.460547 0.546875 0.558594 0.00218201
9 0.456152 0.39375 0.475195 0.45 0.00217438
7 0.469531 0.436719 0.532813 0.471875 0.00213242
12 0.549219 0.4375 0.342187 0.435937 0.00213242
16 0.475781 0.331641 0.68125 0.663281 0.00212479
4 0.82832 0.18418 0.343359 0.368359 0.00210762
15 0.475781 0.331641 0.68125 0.663281 0.00208282
23 0.469531 0.436719 0.532813 0.471875 0.00206757
22 0.825 0.198633 0.35 0.397266 0.0020504
11 0.825 0.198633 0.35 0.397266 0.00200272
2 0.549219 0.4375 0.342187 0.435937 0.00199509
22 0.471094 0.525 0.49375 0.492188 0.00199509
21 0.821875 0.19082 0.298438 0.381641 0.00196457
13 0.471094 0.525 0.49375 0.492188 0.00196457
25 0.483203 0.3375 0.565625 0.548438 0.00189686
17 0.476172 0.815625 0.485156 0.36875 0.00186062
14 0.82832 0.18418 0.343359 0.368359 0.00182438
0 0.549219 0.4375 0.342187 0.435937 0.00181007
3 0.530078 0.403906 0.392969 0.407813 0.00179577
11 0.549219 0.4375 0.342187 0.435937 0.00178909
1 0.557031 0.219336 0.410938 0.438672 0.00178242
1 0.184375 0.607031 0.36875 0.642188 0.00174141
2 0.475781 0.331641 0.68125 0.663281 0.00171375
6 0.473535 0.317969 0.541992 0.584375 0.0017004
2 0.471484 0.472266 0.536719 0.535156 0.00167465
1 0.464746 0.793555 0.437695 0.412891 0.00164223
19 0.198633 0.674609 0.312109 0.432031 0.00163555
21 0.530859 0.352539 0.335156 0.448047 0.00160408
21 0.475781 0.331641 0.68125 0.663281 0.00157356
20 0.475781 0.331641 0.68125 0.663281 0.00150108
7 0.483203 0.3375 0.565625 0.548438 0.00150108
20 0.825 0.198633 0.35 0.397266 0.00149536
9 0.467871 0.541309 0.458008 0.45332 0.00148392
10 0.483203 0.3375 0.565625 0.548438 0.0014267
25 0.549219 0.4375 0.342187 0.435937 0.00141621
3 0.82832 0.18418 0.343359 0.368359 0.00139904
25 0.516309 0.300195 0.543945 0.600391 0.00139427
4 0.549219 0.4375 0.342187 0.435937 0.00139427
12 0.589844 0.442188 0.820312 0.884375 0.00137806
13 0.539746 0.295508 0.473633 0.591016 0.00137234
19 0.782031 0.448828 0.303125 0.40625 0.00136185
24 0.825 0.198633 0.35 0.397266 0.00135612
23 0.483203 0.3375 0.565625 0.548438 0.00132465
1 0.576563 0.815625 0.5375 0.36875 0.00130463
12 0.185547 0.648047 0.371094 0.564844 0.00129414
1 0.824609 0.269141 0.350781 0.525781 0.00128937
6 0.475781 0.331641 0.68125 0.663281 0.0012846
10 0.498535 0.400879 0.46543 0.398242 0.0012846
20 0.549219 0.4375 0.342187 0.435937 0.00127411
12 0.557031 0.219336 0.410938 0.438672 0.00126457
5 0.825 0.198633 0.35 0.397266 0.00124931
12 0.446094 0.346484 0.842188 0.692969 0.00124931
12 0.464746 0.793555 0.437695 0.412891 0.00124454
0 0.477734 0.80918 0.472656 0.381641 0.00122547
24 0.467871 0.541309 0.458008 0.45332 0.0012207
22 0.576563 0.815625 0.5375 0.36875 0.0012207
22 0.525 0.441016 0.432031 0.575781 0.00117874
13 0.759375 0.508984 0.295312 0.4 0.00117397
12 0.82832 0.18418 0.343359 0.368359 0.00117397
12 0.817969 0.298438 0.364063 0.5375 0.00117397
14 0.476172 0.815625 0.485156 0.36875 0.00116539
6 0.549219 0.4375 0.342187 0.435937 0.00115585
1 0.184766 0.711328 0.369531 0.577344 0.00115585
13 0.476172 0.815625 0.485156 0.36875 0.00114727
19 0.587891 0.159277 0.325781 0.318555 0.0011425
1 0.430469 0.35 0.505469 0.55625 0.0011425
4 0.476172 0.815625 0.485156 0.36875 0.0011425
7 0.471094 0.525 0.49375 0.492188 0.00113392
21 0.476172 0.815625 0.485156 0.36875 0.00112438
13 0.825 0.198633 0.35 0.397266 0.00112057
25 0.82832 0.18418 0.343359 0.368359 0.00109863
3 0.476172 0.815625 0.485156 0.36875 0.00109863
3 0.471094 0.525 0.49375 0.492188 0.00108624
12 0.594141 0.769336 0.692969 0.461328 0.00108624
12 0.768555 0.69375 0.462891 0.5625 0.00107288
17 0.471094 0.525 0.49375 0.492188 0.00106907
1 0.594141 0.769336 0.692969 0.461328 0.00106525
21 0.394434 0.489453 0.301758 0.399219 0.00106049
20 0.476172 0.815625 0.485156 0.36875 0.00105286
15 0.456152 0.39375 0.475195 0.45 0.00104046
13 0.55 0.460938 0.342187 0.50625 0.00101662
12 0.466016 0.705469 0.442188 0.573438 0.00101185
12 0.576563 0.815625 0.5375 0.36875 0.00100422
12 0.464746 0.418652 0.726758 0.706445 0.0206451
13 0.488672 0.435156 0.652344 0.670313 0.0141754
19 0.567187 0.359766 0.301563 0.385938 0.00985718
12 0.503027 0.451953 0.531445 0.561719 0.00844574
13 0.503027 0.451953 0.531445 0.561719 0.0078125
24 0.447266 0.423047 0.774219 0.648438 0.00661469
12 0.396875 0.673828 0.79375 0.652344 0.00638962
11 0.464746 0.418652 0.726758 0.706445 0.00614548
12 0.393359 0.700781 0.45625 0.598437 0.00614548
16 0.488672 0.435156 0.652344 0.670313 0.00593567
12 0.496191 0.384473 0.513867 0.360742 0.00591278
6 0.447266 0.423047 0.774219 0.648438 0.00468063
24 0.458594 0.486816 0.517969 0.48418 0.00457382
12 0.403906 0.532031 0.782813 0.803125 0.00441742
12 0.725 0.703906 0.55 0.592188 0.00392914
13 0.393359 0.700781 0.45625 0.598437 0.00378036
1 0.503027 0.451953 0.531445 0.561719 0.00331116
13 0.496191 0.384473 0.513867 0.360742 0.00327301
24 0.493359 0.479688 0.600781 0.596875 0.00309944
17 0.493359 0.479688 0.600781 0.596875 0.00302696
22 0.493359 0.479688 0.600781 0.596875 0.00298119
16 0.503027 0.451953 0.531445 0.561719 0.0029583
12 0.428516 0.661328 0.602344 0.677344 0.00282288
12 0.553125 0.364453 0.370313 0.35625 0.00269318
12 0.417969 0.783789 0.31875 0.432422 0.0026722
12 0.76875 0.700391 0.4625 0.599219 0.00265312
15 0.464746 0.418652 0.726758 0.706445 0.0026207
6 0.458594 0.486816 0.517969 0.48418 0.00261116
13 0.403906 0.532031 0.782813 0.803125 0.00247192
1 0.488672 0.435156 0.652344 0.670313 0.00242424
11 0.496191 0.3875 0.556055 0.410938 0.00237846
12 0.215234 0.698047 0.430469 0.603906 0.00230598
21 0.599219 0.349023 0.270313 0.364453 0.00220871
12 0.408594 0.388379 0.53125 0.520117 0.00219917
7 0.447266 0.423047 0.774219 0.648438 0.00218201
13 0.417969 0.783789 0.31875 0.432422 0.00218201
12 0.316992 0.714063 0.633984 0.571875 0.00216484
17 0.464746 0.418652 0.726758 0.706445 0.00214958
6 0.493359 0.479688 0.600781 0.596875 0.00210762
13 0.764844 0.709766 0.470313 0.580469 0.00209045
4 0.464746 0.418652 0.726758 0.706445 0.00200272
20 0.488672 0.435156 0.652344 0.670313 0.0019722
15 0.493359 0.479688 0.600781 0.596875 0.00194168
11 0.470996 0.463184 0.595508 0.587695 0.00189686
16 0.142773 0.0804688 0.285547 0.160938 0.00185299
13 0.396875 0.673828 0.79375 0.652344 0.00184631
16 0.336523 0.730859 0.515234 0.538281 0.00181007
12 0.524609 0.351758 0.616406 0.468359 0.00178909
25 0.493359 0.479688 0.600781 0.596875 0.00178242
21 0.493359 0.479688 0.600781 0.596875 0.00174809
1 0.557813 0.362695 0.33125 0.343359 0.00174141
14 0.464746 0.418652 0.726758 0.706445 0.0017271
12 0.383398 0.557422 0.766797 0.885156 0.00171375
0 0.493359 0.479688 0.600781 0.596875 0.00170708
14 0.493359 0.479688 0.600781 0.596875 0.0017004
11 0.162012 0.0907227 0.324023 0.181445 0.0016489
16 0.496191 0.384473 0.513867 0.360742 0.00162888
19 0.522656 0.26958 0.264844 0.249902 0.0015974
11 0.336523 0.730859 0.515234 0.538281 0.0015974
6 0.485254 0.390625 0.498242 0.391406 0.00151253
19 0.447266 0.423047 0.774219 0.648438 0.00150681
1 0.51416 0.387109 0.423242 0.372656 0.00150108
9 0.447266 0.423047 0.774219 0.648438 0.00147247
15 0.485254 0.390625 0.498242 0.391406 0.00144958
13 0.428516 0.661328 0.602344 0.677344 0.00142097
20 0.501563 0.482812 0.525 0.55 0.00133514
3 0.488672 0.435156 0.652344 0.670313 0.00133514
2 0.557813 0.362695 0.33125 0.343359 0.0012846
4 0.485254 0.390625 0.498242 0.391406 0.0012846
17 0.51416 0.387109 0.423242 0.372656 0.00126457
19 0.490234 0.290625 0.232031 0.217188 0.00124454
2 0.142773 0.0804688 0.285547 0.160938 0.00123978
7 0.142773 0.0804688 0.285547 0.160938 0.00121593
9 0.458594 0.486816 0.517969 0.48418 0.00121593
12 0.840234 0.181055 0.319531 0.362109 0.00117874
16 0.407813 0.810156 0.342187 0.379688 0.00117874
11 0.764844 0.709766 0.470313 0.580469 0.00117874
13 0.553125 0.364453 0.370313 0.35625 0.00117397
1 0.417969 0.783789 0.31875 0.432422 0.00116062
22 0.464746 0.418652 0.726758 0.706445 0.00115108
16 0.764844 0.709766 0.470313 0.580469 0.00115108
6 0.142773 0.0804688 0.285547 0.160938 0.0011425
5 0.488672 0.435156 0.652344 0.670313 0.0011425
14 0.557813 0.362695 0.33125 0.343359 0.00112915
4 0.493359 0.479688 0.600781 0.596875 0.00112915
16 0.797266 0.820703 0.405469 0.358594 0.00112057
0 0.142773 0.0804688 0.285547 0.160938 0.0011158
6 0.557813 0.362695 0.33125 0.343359 0.00109863
2 0.51416 0.387109 0.423242 0.372656 0.00107288
2 0.493359 0.479688 0.600781 0.596875 0.00106049
17 0.557813 0.362695 0.33125 0.343359 0.00105667
11 0.373047 0.703516 0.746094 0.592969 0.00105286
13 0.408594 0.388379 0.53125 0.520117 0.00104046
0 0.557813 0.362695 0.33125 0.343359 0.00103664
14 0.487109 0.390527 0.486719 0.386133 0.00103188
24 0.488672 0.4125 0.489844 0.440625 0.0558167
14 0.459277 0.398828 0.537695 0.434375 0.0408325
11 0.488672 0.4125 0.489844 0.440625 0.0391846
11 0.467285 0.345117 0.562305 0.668359 0.0389099
4 0.484375 0.399609 0.491406 0.403906 0.0301514
14 0.467285 0.345117 0.562305 0.668359 0.0279083
6 0.488672 0.4125 0.489844 0.440625 0.0278015
21 0.390527 0.479004 0.293945 0.35293 0.0248871
21 0.556641 0.383984 0.330469 0.409375 0.0241394
4 0.467285 0.345117 0.562305 0.668359 0.0216217
24 0.471875 0.432129 0.548438 0.649805 0.0166626
7 0.488672 0.4125 0.489844 0.440625 0.0146713
18 0.484375 0.399609 0.491406 0.403906 0.0132217
6 0.467285 0.345117 0.562305 0.668359 0.0130234
9 0.488672 0.4125 0.489844 0.440625 0.0122375
0 0.484375 0.399609 0.491406 0.403906 0.0113297
15 0.488672 0.4125 0.489844 0.440625 0.0110703
11 0.470313 0.489844 0.484375 0.50625 0.0102921
17 0.560547 0.415234 0.291406 0.403125 0.00930023
9 0.467285 0.345117 0.562305 0.668359 0.00878143
24 0.47666 0.512109 0.457617 0.428906 0.00871277
6 0.470313 0.489844 0.484375 0.50625 0.00831604
2 0.484375 0.399609 0.491406 0.403906 0.00809479
15 0.467285 0.345117 0.562305 0.668359 0.00793457
7 0.470313 0.489844 0.484375 0.50625 0.0078125
14 0.485938 0.437109 0.501563 0.613281 0.00720596
16 0.471875 0.432129 0.548438 0.649805 0.00717545
0 0.485938 0.437109 0.501563 0.613281 0.00712204
20 0.485938 0.437109 0.501563 0.613281 0.0069046
18 0.467285 0.345117 0.562305 0.668359 0.00682449
19 0.556641 0.383984 0.330469 0.409375 0.00656509
21 0.5875 0.39375 0.264062 0.357031 0.00651169
4 0.485938 0.437109 0.501563 0.613281 0.00643921
5 0.467285 0.345117 0.562305 0.668359 0.00634003
17 0.459766 0.399316 0.514844 0.445117 0.00602722
1 0.459766 0.399316 0.514844 0.445117 0.00582123
18 0.485938 0.437109 0.501563 0.613281 0.00577545
1 0.560547 0.415234 0.291406 0.403125 0.00538635
23 0.484375 0.399609 0.491406 0.403906 0.00534439
2 0.471875 0.432129 0.548438 0.649805 0.00534439
7 0.467285 0.345117 0.562305 0.668359 0.0051384
0 0.467285 0.345117 0.562305 0.668359 0.00460815
22 0.457813 0.366797 0.515625 0.628125 0.00448608
5 0.488672 0.4125 0.489844 0.440625 0.00446701
12 0.459766 0.399316 0.514844 0.445117 0.00429916
16 0.470313 0.489844 0.484375 0.50625 0.00397491
3 0.459766 0.399316 0.514844 0.445117 0.0039444
23 0.467285 0.345117 0.562305 0.668359 0.00391388
18 0.47666 0.512109 0.457617 0.428906 0.00379562
21 0.50791 0.339453 0.293555 0.397656 0.0036068
8 0.459766 0.399316 0.514844 0.445117 0.00338936
8 0.560547 0.415234 0.291406 0.403125 0.00336266
22 0.55 0.441406 0.314063 0.455469 0.00329781
1 0.456348 0.423047 0.516992 0.633594 0.00324821
25 0.457813 0.366797 0.515625 0.628125 0.00319672
20 0.467285 0.345117 0.562305 0.668359 0.00298119
4 0.560547 0.415234 0.291406 0.403125 0.00286674
13 0.473828 0.398047 0.577344 0.714844 0.00286674
16 0.488672 0.4125 0.489844 0.440625 0.00276756
17 0.505469 0.449609 0.405469 0.539844 0.00275803
23 0.470313 0.489844 0.484375 0.50625 0.00274658
17 0.456348 0.423047 0.516992 0.633594 0.00269318
2 0.470313 0.489844 0.484375 0.50625 0.00269318
25 0.55 0.441406 0.314063 0.455469 0.00261116
12 0.456348 0.423047 0.516992 0.633594 0.00261116
13 0.488672 0.4125 0.489844 0.440625 0.00242424
11 0.533594 0.892969 0.416406 0.214062 0.0024147
9 0.464453 0.452441 0.535156 0.58418 0.00239754
12 0.560547 0.415234 0.291406 0.403125 0.00234222
2 0.560547 0.415234 0.291406 0.403125 0.00223351
21 0.784375 0.456348 0.290625 0.404492 0.00213242
14 0.560547 0.415234 0.291406 0.403125 0.00211525
16 0.533594 0.890625 0.407031 0.21875 0.00211525
19 0.467285 0.345117 0.562305 0.668359 0.00209999
3 0.560547 0.415234 0.291406 0.403125 0.00208282
0 0.560547 0.415234 0.291406 0.403125 0.00206757
13 0.470313 0.489844 0.484375 0.50625 0.0020504
15 0.464453 0.452441 0.535156 0.58418 0.00201988
20 0.459766 0.399316 0.514844 0.445117 0.0019722
19 0.488672 0.4125 0.489844 0.440625 0.0019722
9 0.47666 0.512109 0.457617 0.428906 0.00193405
25 0.464453 0.387598 0.508594 0.39043 0.00189686
21 0.457813 0.366797 0.515625 0.628125 0.00188255
6 0.533594 0.890625 0.407031 0.21875 0.00186062
10 0.484375 0.399609 0.491406 0.403906 0.00183868
1 0.505469 0.449609 0.405469 0.539844 0.00183868
10 0.467285 0.345117 0.562305 0.668359 0.00174141
19 0.776758 0.479297 0.299609 0.408594 0.00169373
14 0.486328 0.361719 0.471875 0.335938 0.00164223
19 0.50791 0.339453 0.293555 0.397656 0.0015974
0 0.47666 0.512109 0.457617 0.428906 0.00157928
11 0.55 0.441406 0.314063 0.455469 0.00157356
10 0.485938 0.437109 0.501563 0.613281 0.00156116
13 0.55 0.441406 0.314063 0.455469 0.00145531
6 0.55 0.441406 0.314063 0.455469 0.00143242
19 0.40625 0.466406 0.321875 0.382031 0.00135136
3 0.456348 0.423047 0.516992 0.633594 0.00129414
22 0.505469 0.449609 0.405469 0.539844 0.00126457
12 0.505469 0.449609 0.405469 0.539844 0.00125504
11 0.507715 0.885156 0.511133 0.229687 0.0012207
2 0.533594 0.890625 0.407031 0.21875 0.0011692
19 0.5875 0.39375 0.264062 0.357031 0.00113392
0 0.533594 0.890625 0.407031 0.21875 0.00107288
4 0.47666 0.512109 0.457617 0.428906 0.00106907
24 0.477344 0.60625 0.378125 0.257031 0.00102806
20 0.560547 0.415234 0.291406 0.403125 0.00101662
8 0.505469 0.449609 0.405469 0.539844 0.00101185
4 0.486328 0.401953 0.499219 0.432031 0.114746
11 0.486328 0.401953 0.499219 0.432031 0.0797729
14 0.486328 0.401953 0.499219 0.432031 0.0753174
0 0.486328 0.401953 0.499219 0.432031 0.0383301
9 0.482031 0.429297 0.5125 0.507031 0.0305634
24 0.482031 0.429297 0.5125 0.507031 0.0276947
2 0.492969 0.394531 0.478906 0.400781 0.0226288
6 0.482031 0.429297 0.5125 0.507031 0.0201416
15 0.486328 0.401953 0.499219 0.432031 0.0173035
23 0.486328 0.401953 0.499219 0.432031 0.0136871
10 0.481641 0.391016 0.5125 0.43125 0.0126724
25 0.481641 0.391016 0.5125 0.43125 0.0121002
5 0.482031 0.429297 0.5125 0.507031 0.0109863
11 0.475 0.453906 0.534375 0.61875 0.00912476
4 0.475 0.453906 0.534375 0.61875 0.00844574
14 0.475 0.453906 0.534375 0.61875 0.00837708
18 0.486328 0.401953 0.499219 0.432031 0.00828552
20 0.485156 0.452734 0.553125 0.647656 0.00800323
2 0.544531 0.371094 0.36875 0.33125 0.0078125
15 0.475 0.453906 0.534375 0.61875 0.00775528
14 0.544531 0.371094 0.36875 0.33125 0.0068779
0 0.544531 0.371094 0.36875 0.33125 0.00600433
7 0.486328 0.401953 0.499219 0.432031 0.00582123
1 0.501172 0.390625 0.466406 0.389062 0.00494385
12 0.476172 0.460254 0.553906 0.623242 0.00494385
4 0.544531 0.371094 0.36875 0.33125 0.00479126
20 0.48584 0.37998 0.49082 0.411914 0.00429916
17 0.501172 0.390625 0.466406 0.389062 0.00424957
0 0.475 0.453906 0.534375 0.61875 0.00408554
1 0.476172 0.460254 0.553906 0.623242 0.00408554
8 0.48125 0.393652 0.505469 0.400195 0.00407028
13 0.475 0.453906 0.534375 0.61875 0.00400543
21 0.48584 0.37998 0.49082 0.411914 0.00397491
25 0.475 0.453906 0.534375 0.61875 0.00388527
3 0.48125 0.393652 0.505469 0.400195 0.00376511
21 0.475 0.453906 0.534375 0.61875 0.00336266
6 0.488184 0.41709 0.520508 0.33457 0.00321007
19 0.482031 0.429297 0.5125 0.507031 0.00287819
12 0.492969 0.394531 0.478906 0.400781 0.00281143
13 0.489844 0.403809 0.521875 0.45332 0.00224304
16 0.489844 0.403809 0.521875 0.45332 0.00219917
10 0.475 0.453906 0.534375 0.61875 0.00211525
22 0.476172 0.460254 0.553906 0.623242 0.00209999
25 0.546973 0.370898 0.391992 0.378516 0.00205803
23 0.544531 0.371094 0.36875 0.33125 0.00195694
3 0.485156 0.452734 0.553125 0.647656 0.00185299
7 0.544531 0.371094 0.36875 0.33125 0.00178242
2 0.485059 0.439844 0.526758 0.544531 0.0017271
22 0.479688 0.392578 0.503125 0.436719 0.00169373
17 0.544531 0.371094 0.36875 0.33125 0.00157356
5 0.488184 0.41709 0.520508 0.33457 0.00156116
17 0.475 0.453906 0.534375 0.61875 0.00153637
24 0.488184 0.41709 0.520508 0.33457 0.00146675
21 0.546973 0.370898 0.391992 0.378516 0.00137806
6 0.544531 0.371094 0.36875 0.33125 0.00131989
1 0.459473 0.493652 0.48418 0.361133 0.00127888
16 0.485156 0.452734 0.553125 0.647656 0.00123978
1 0.446484 0.429688 0.442188 0.217969 0.0011692
10 0.544531 0.371094 0.36875 0.33125 0.0011425
3 0.544531 0.371094 0.36875 0.33125 0.00108624
12 0.546973 0.370898 0.391992 0.378516 0.00107288
9 0.501172 0.390625 0.466406 0.389062 0.00106525
18 0.485156 0.452734 0.553125 0.647656 0.00106049
8 0.544531 0.371094 0.36875 0.33125 0.00102806
14 0.479688 0.384375 0.486719 0.428125 0.0953369
2 0.523828 0.362891 0.392969 0.374219 0.0705566
4 0.480566 0.381934 0.47793 0.420508 0.0603027
23 0.523828 0.362891 0.392969 0.374219 0.0458679
0 0.480566 0.381934 0.47793 0.420508 0.0445251
12 0.498047 0.612598 0.561719 0.641992 0.0387573
25 0.475684 0.384277 0.506445 0.414258 0.0362244
9 0.483594 0.370703 0.471094 0.411719 0.0306702
14 0.540527 0.355664 0.370508 0.368359 0.0272675
0 0.540527 0.355664 0.370508 0.368359 0.0224152
2 0.475684 0.384277 0.506445 0.414258 0.0220337
13 0.498047 0.612598 0.561719 0.641992 0.0209656
12 0.398047 0.644531 0.333594 0.5375 0.0207214
11 0.483594 0.370703 0.471094 0.411719 0.0191956
18 0.481641 0.375488 0.485938 0.422461 0.0164032
25 0.554688 0.380566 0.348438 0.399805 0.0149002
15 0.481641 0.375488 0.485938 0.422461 0.0129242
13 0.398047 0.644531 0.333594 0.5375 0.0123367
4 0.540527 0.355664 0.370508 0.368359 0.0119629
6 0.48125 0.376074 0.479688 0.413477 0.0119171
24 0.481348 0.371094 0.482617 0.414062 0.00989532
7 0.489844 0.365674 0.459375 0.384277 0.00985718
10 0.479688 0.384375 0.486719 0.428125 0.00728989
20 0.467187 0.37959 0.517188 0.408008 0.00641251
12 0.48125 0.440625 0.535937 0.6 0.00638962
5 0.48125 0.376074 0.479688 0.413477 0.00591278
1 0.48291 0.450879 0.535742 0.610742 0.00542831
23 0.475684 0.384277 0.506445 0.414258 0.00502014
17 0.559375 0.378027 0.334375 0.389258 0.00486755
13 0.48125 0.440625 0.535937 0.6 0.00460815
3 0.475684 0.384277 0.506445 0.414258 0.00450516
21 0.467187 0.37959 0.517188 0.408008 0.00431442
21 0.559375 0.378027 0.334375 0.389258 0.00421524
22 0.559375 0.378027 0.334375 0.389258 0.00413513
12 0.485059 0.367773 0.520508 0.428516 0.00405502
6 0.540527 0.355664 0.370508 0.368359 0.00397491
18 0.540527 0.355664 0.370508 0.368359 0.00392914
10 0.540527 0.355664 0.370508 0.368359 0.00388527
12 0.516504 0.598828 0.695117 0.802344 0.00362206
11 0.48291 0.450879 0.535742 0.610742 0.00353813
14 0.48291 0.450879 0.535742 0.610742 0.00335121
3 0.523828 0.362891 0.392969 0.374219 0.00333786
22 0.467187 0.37959 0.517188 0.408008 0.00332451
16 0.523828 0.362891 0.392969 0.374219 0.00307465
9 0.540527 0.355664 0.370508 0.368359 0.00307465
15 0.48291 0.450879 0.535742 0.610742 0.0030632
2 0.553125 0.314453 0.334375 0.272656 0.00305176
8 0.554688 0.380566 0.348438 0.399805 0.00298119
1 0.559375 0.378027 0.334375 0.389258 0.00292397
4 0.48291 0.450879 0.535742 0.610742 0.00287819
22 0.48291 0.450879 0.535742 0.610742 0.00275803
17 0.398047 0.644531 0.333594 0.5375 0.00254059
17 0.498047 0.612598 0.561719 0.641992 0.00252151
20 0.554688 0.380566 0.348438 0.399805 0.00247192
16 0.485059 0.367773 0.520508 0.428516 0.00243378
8 0.475684 0.384277 0.506445 0.414258 0.00240517
14 0.553125 0.314453 0.334375 0.272656 0.00239754
12 0.414062 0.619922 0.8125 0.760156 0.00228691
1 0.498047 0.612598 0.561719 0.641992 0.00225258
15 0.474609 0.632129 0.474219 0.595117 0.00222588
5 0.540527 0.355664 0.370508 0.368359 0.00219154
1 0.467187 0.37959 0.517188 0.408008 0.00214958
17 0.475684 0.384277 0.506445 0.414258 0.00209999
15 0.398047 0.644531 0.333594 0.5375 0.0020504
25 0.48291 0.450879 0.535742 0.610742 0.00198746
21 0.508496 0.452734 0.545508 0.582812 0.00195694
0 0.553125 0.314453 0.334375 0.272656 0.00188923
17 0.48291 0.450879 0.535742 0.610742 0.00185299
13 0.485059 0.367773 0.520508 0.428516 0.00168705
12 0.559375 0.378027 0.334375 0.389258 0.00159168
12 0.487891 0.736328 0.549219 0.527344 0.00158501
12 0.392188 0.796875 0.25 0.260938 0.00154305
7 0.553125 0.314453 0.334375 0.272656 0.00152493
1 0.398047 0.644531 0.333594 0.5375 0.00150108
25 0.521094 0.612109 0.598437 0.683594 0.00149536
20 0.48291 0.450879 0.535742 0.610742 0.00140476
16 0.398047 0.644531 0.333594 0.5375 0.00139427
16 0.521094 0.612109 0.598437 0.683594 0.00138283
0 0.508496 0.452734 0.545508 0.582812 0.00137806
6 0.48291 0.450879 0.535742 0.610742 0.00129986
15 0.521094 0.612109 0.598437 0.683594 0.00127411
16 0.474609 0.632129 0.474219 0.595117 0.00125504
25 0.474609 0.632129 0.474219 0.595117 0.00125504
12 0.361914 0.766406 0.299609 0.328125 0.00119686
7 0.471875 0.363477 0.551562 0.462109 0.00112057
24 0.508496 0.452734 0.545508 0.582812 0.0011158
13 0.372461 0.795117 0.255078 0.250391 0.00110722
15 0.554688 0.380566 0.348438 0.399805 0.0011034
25 0.398047 0.644531 0.333594 0.5375 0.00106525
23 0.553125 0.314453 0.334375 0.272656 0.00105667
19 0.467187 0.37959 0.517188 0.408008 0.00104046
2 0.48291 0.450879 0.535742 0.610742 0.00102425
20 0.478027 0.445312 0.504883 0.579688 0.0994873
4 0.475781 0.385547 0.4875 0.384375 0.0548096
9 0.476953 0.385254 0.4875 0.382617 0.0446777
24 0.476953 0.385254 0.4875 0.382617 0.0413208
14 0.475879 0.388672 0.485742 0.398438 0.0399475
22 0.475 0.450098 0.542188 0.624805 0.0375977
20 0.476953 0.385254 0.4875 0.382617 0.0362244
5 0.472754 0.391797 0.491992 0.403906 0.0298767
21 0.478027 0.445312 0.504883 0.579688 0.0259552
1 0.475 0.450098 0.542188 0.624805 0.0212097
5 0.478027 0.445312 0.504883 0.579688 0.0175781
9 0.478027 0.445312 0.504883 0.579688 0.0146179
12 0.480469 0.388281 0.489063 0.395313 0.0135345
15 0.478809 0.375488 0.517383 0.431836 0.0118713
19 0.540723 0.360156 0.374805 0.470313 0.0116882
24 0.478027 0.445312 0.504883 0.579688 0.0110703
6 0.476953 0.385254 0.4875 0.382617 0.0105667
25 0.475879 0.388672 0.485742 0.398438 0.0104904
17 0.474219 0.389941 0.485938 0.39043 0.00985718
11 0.472754 0.391797 0.491992 0.403906 0.00905609
2 0.475879 0.388672 0.485742 0.398438 0.00638962
19 0.478027 0.445312 0.504883 0.579688 0.00638962
11 0.474219 0.456152 0.510156 0.604883 0.00624084
22 0.472754 0.391797 0.491992 0.403906 0.00588989
13 0.475 0.450098 0.542188 0.624805 0.00572968
1 0.475879 0.388672 0.485742 0.398438 0.00551224
17 0.475 0.450098 0.542188 0.624805 0.00502014
8 0.475879 0.388672 0.485742 0.398438 0.00482941
19 0.472754 0.391797 0.491992 0.403906 0.00418091
21 0.52666 0.365625 0.35293 0.451562 0.00395966
3 0.475 0.450098 0.542188 0.624805 0.00376511
12 0.841406 0.809375 0.317188 0.346875 0.00370789
0 0.475879 0.388672 0.485742 0.398438 0.00355148
14 0.485938 0.459375 0.523438 0.623438 0.00348282
21 0.472754 0.391797 0.491992 0.403906 0.00335121
13 0.841406 0.809375 0.317188 0.346875 0.00314713
8 0.474219 0.456152 0.510156 0.604883 0.00305176
6 0.485938 0.459375 0.523438 0.623438 0.00283432
18 0.485156 0.380078 0.49375 0.408594 0.00268364
12 0.475 0.450098 0.542188 0.624805 0.0026722
16 0.473828 0.460254 0.558594 0.645117 0.00266266
12 0.785352 0.728125 0.429297 0.540625 0.00243378
25 0.478027 0.445312 0.504883 0.579688 0.00239754
13 0.478809 0.375488 0.517383 0.431836 0.00231361
7 0.485156 0.380078 0.49375 0.408594 0.00229645
10 0.475 0.450098 0.542188 0.624805 0.00221634
4 0.478027 0.445312 0.504883 0.579688 0.00214005
17 0.577344 0.381641 0.26875 0.36875 0.00188255
12 0.190039 0.708984 0.380078 0.510156 0.00187492
0 0.485938 0.459375 0.523438 0.623438 0.00183868
3 0.475879 0.388672 0.485742 0.398438 0.00183105
12 0.427441 0.310547 0.68418 0.621094 0.00181007
20 0.486328 0.471973 0.607031 0.712305 0.00158501
13 0.785352 0.728125 0.429297 0.540625 0.00144386
12 0.532813 0.634375 0.840625 0.73125 0.00142097
12 0.723828 0.6875 0.552344 0.625 0.00142097
15 0.485938 0.459375 0.523438 0.623438 0.00133514
5 0.486328 0.471973 0.607031 0.712305 0.00128937
18 0.485938 0.459375 0.523438 0.623438 0.00126934
10 0.472754 0.391797 0.491992 0.403906 0.00118828
2 0.473828 0.460254 0.558594 0.645117 0.00117874
24 0.486328 0.471973 0.607031 0.712305 0.00116539
23 0.480469 0.388281 0.489063 0.395313 0.00113392
19 0.486328 0.471973 0.607031 0.712305 0.0011158
21 0.486328 0.471973 0.607031 0.712305 0.00103664
4 0.469922 0.39834 0.459375 0.398633 0.0596619
9 0.468066 0.404297 0.463867 0.402344 0.0386047
11 0.469922 0.39834 0.459375 0.398633 0.0334778
5 0.468066 0.404297 0.463867 0.402344 0.0323486
24 0.468066 0.404297 0.463867 0.402344 0.0289764
0 0.478125 0.399219 0.473438 0.40625 0.0214081
22 0.466504 0.421875 0.466992 0.454688 0.0186157
14 0.474902 0.388379 0.476758 0.379492 0.0175781
21 0.467578 0.409375 0.467187 0.423438 0.0161591
19 0.467578 0.427734 0.473438 0.460156 0.0160217
1 0.467578 0.409375 0.467187 0.423438 0.0124283
8 0.470313 0.408594 0.46875 0.423438 0.0113754
15 0.478125 0.399219 0.473438 0.40625 0.0104904
17 0.467578 0.409375 0.467187 0.423438 0.00905609
20 0.467578 0.427734 0.473438 0.460156 0.00847626
6 0.468066 0.404297 0.463867 0.402344 0.00787354
3 0.470313 0.408594 0.46875 0.423438 0.00757599
25 0.471094 0.392969 0.476562 0.3875 0.00629044
17 0.558594 0.399902 0.2875 0.398633 0.00629044
12 0.474902 0.388379 0.476758 0.379492 0.00526047
2 0.474902 0.388379 0.476758 0.379492 0.00498199
18 0.478125 0.399219 0.473438 0.40625 0.00426483
12 0.464453 0.465234 0.488281 0.564063 0.00397491
10 0.467578 0.427734 0.473438 0.460156 0.00323486
13 0.464453 0.465234 0.488281 0.564063 0.00274658
22 0.558594 0.399902 0.2875 0.398633 0.0024929
5 0.464453 0.465234 0.488281 0.564063 0.00247192
11 0.464453 0.465234 0.488281 0.564063 0.00243378
21 0.558594 0.399902 0.2875 0.398633 0.00200272
23 0.474902 0.388379 0.476758 0.379492 0.00171375
4 0.464453 0.465234 0.488281 0.564063 0.00166798
14 0.464453 0.465234 0.488281 0.564063 0.0016613
25 0.464453 0.465234 0.488281 0.564063 0.0016489
15 0.464453 0.465234 0.488281 0.564063 0.00155449
1 0.558594 0.399902 0.2875 0.398633 0.00129986
25 0.558594 0.399902 0.2875 0.398633 0.00122547
24 0.464453 0.465234 0.488281 0.564063 0.0011034
9 0.464453 0.465234 0.488281 0.564063 0.00104809
4 0.480078 0.391406 0.475781 0.4 0.0703125
14 0.480078 0.391406 0.475781 0.4 0.0386047
9 0.480078 0.391406 0.475781 0.4 0.0335999
2 0.480078 0.391406 0.475781 0.4 0.0142822
0 0.480078 0.391406 0.475781 0.4 0.0107346
5 0.480469 0.389941 0.471875 0.398242 0.00901794
24 0.480469 0.389941 0.471875 0.398242 0.00717545
6 0.480469 0.389941 0.471875 0.398242 0.0055542
23 0.480078 0.391406 0.475781 0.4 0.00534439
20 0.480469 0.389941 0.471875 0.398242 0.00527954
15 0.47959 0.394141 0.483008 0.414844 0.00457382
25 0.47959 0.394141 0.483008 0.414844 0.00418091
11 0.47959 0.394141 0.483008 0.414844 0.00391388
8 0.478223 0.390527 0.47793 0.393945 0.00234222
18 0.478516 0.392969 0.474219 0.399219 0.00228691
12 0.474316 0.391797 0.48418 0.394531 0.00167465
22 0.488672 0.388965 0.4875 0.423633 0.0016489
10 0.47959 0.394141 0.483008 0.414844 0.00161076
17 0.477344 0.386328 0.475781 0.377344 0.00152493
3 0.478223 0.390527 0.47793 0.393945 0.00150108
14 0.536719 0.366797 0.354688 0.334375 0.00116062
4 0.478223 0.409766 0.49668 0.442188 0.365723
14 0.478223 0.409766 0.49668 0.442188 0.171631
14 0.553516 0.326758 0.31875 0.230859 0.0739746
9 0.478223 0.409766 0.49668 0.442188 0.0589905
0 0.486719 0.408691 0.496875 0.44668 0.0531921
25 0.478223 0.409766 0.49668 0.442188 0.0481262
4 0.553516 0.326758 0.31875 0.230859 0.0445251
4 0.540234 0.389746 0.353906 0.375195 0.0266113
23 0.553516 0.326758 0.31875 0.230859 0.0233307
5 0.488672 0.403516 0.491406 0.438281 0.0232391
23 0.478906 0.402246 0.492188 0.418945 0.0230713
20 0.486621 0.449219 0.492383 0.551562 0.0198669
11 0.488672 0.403516 0.491406 0.438281 0.0197906
14 0.540234 0.389746 0.353906 0.375195 0.0194244
8 0.478906 0.402246 0.492188 0.418945 0.0141754
25 0.540234 0.389746 0.353906 0.375195 0.0133286
12 0.474219 0.446875 0.513281 0.6 0.01297
15 0.476953 0.431641 0.499219 0.503125 0.0125732
2 0.486719 0.408691 0.496875 0.44668 0.0124283
0 0.540234 0.389746 0.353906 0.375195 0.0123367
0 0.553516 0.326758 0.31875 0.230859 0.0115051
17 0.577344 0.378223 0.26875 0.360742 0.0100098
12 0.480859 0.397559 0.475 0.412695 0.00967407
8 0.540234 0.389746 0.353906 0.375195 0.00933838
5 0.474219 0.446875 0.513281 0.6 0.0088501
24 0.486621 0.449219 0.492383 0.551562 0.00712204
13 0.473438 0.444922 0.532813 0.601562 0.0068512
1 0.474219 0.446875 0.513281 0.6 0.00679779
2 0.553516 0.326758 0.31875 0.230859 0.00671768
22 0.474219 0.446875 0.513281 0.6 0.00671768
17 0.480859 0.397559 0.475 0.412695 0.00664139
22 0.488672 0.403516 0.491406 0.438281 0.00653839
25 0.553516 0.326758 0.31875 0.230859 0.00638962
11 0.474219 0.446875 0.513281 0.6 0.00530243
9 0.540234 0.389746 0.353906 0.375195 0.00524139
1 0.480859 0.397559 0.475 0.412695 0.00508118
6 0.486621 0.449219 0.492383 0.551562 0.00502014
10 0.478223 0.409766 0.49668 0.442188 0.00397491
3 0.486719 0.408691 0.496875 0.44668 0.00380898
9 0.553516 0.326758 0.31875 0.230859 0.00312424
21 0.546484 0.388379 0.369531 0.420117 0.00305176
23 0.540234 0.389746 0.353906 0.375195 0.00293541
2 0.540234 0.389746 0.353906 0.375195 0.00286674
12 0.540234 0.389746 0.353906 0.375195 0.00274658
22 0.577344 0.378223 0.26875 0.360742 0.00271416
17 0.553906 0.327734 0.314063 0.225781 0.00265312
1 0.577344 0.378223 0.26875 0.360742 0.00242424
8 0.553516 0.326758 0.31875 0.230859 0.00216484
3 0.540234 0.389746 0.353906 0.375195 0.00209045
16 0.475391 0.448535 0.54375 0.58418 0.00191212
18 0.494922 0.397656 0.492969 0.453125 0.00190449
21 0.577344 0.378223 0.26875 0.360742 0.00174809
14 0.473438 0.444922 0.532813 0.601562 0.0016613
15 0.553516 0.326758 0.31875 0.230859 0.00153637
21 0.469629 0.408594 0.504492 0.459375 0.00148964
6 0.553516 0.326758 0.31875 0.230859 0.00143242
17 0.474219 0.446875 0.513281 0.6 0.00141048
25 0.473438 0.444922 0.532813 0.601562 0.00115108
12 0.5875 0.393848 0.25 0.373242 0.0011425
15 0.540234 0.389746 0.353906 0.375195 0.00109005
2 0.475391 0.448535 0.54375 0.58418 0.00103664
4 0.473828 0.399609 0.492188 0.427344 0.548828
14 0.472656 0.396191 0.478125 0.423242 0.401611
9 0.478027 0.392285 0.495508 0.40918 0.197388
0 0.474121 0.40166 0.498633 0.445117 0.0769653
25 0.473828 0.394531 0.486719 0.423438 0.0745239
5 0.476953 0.394141 0.492188 0.410938 0.0656128
24 0.478906 0.387891 0.495313 0.397656 0.0600891
4 0.548828 0.34375 0.3125 0.304688 0.0381775
14 0.548828 0.34375 0.3125 0.304688 0.035675
11 0.474121 0.40166 0.498633 0.445117 0.0192719
0 0.548828 0.34375 0.3125 0.304688 0.0184021
2 0.472656 0.396191 0.478125 0.423242 0.0182953
15 0.474121 0.40166 0.498633 0.445117 0.0127258
6 0.478906 0.387891 0.495313 0.397656 0.0115051
20 0.478906 0.387891 0.495313 0.397656 0.0105286
23 0.472656 0.396191 0.478125 0.423242 0.0102463
8 0.480566 0.395996 0.460742 0.42207 0.00582123
10 0.471875 0.392188 0.482812 0.420312 0.00450516
23 0.548828 0.34375 0.3125 0.304688 0.00439835
2 0.548828 0.34375 0.3125 0.304688 0.0042305
25 0.548828 0.34375 0.3125 0.304688 0.00416565
18 0.476953 0.394141 0.492188 0.410938 0.00383949
12 0.473828 0.394531 0.486719 0.423438 0.00336266
1 0.473828 0.394531 0.486719 0.423438 0.00251198
17 0.521484 0.388965 0.395313 0.411133 0.0024929
12 0.191406 0.6875 0.382812 0.548438 0.00230598
22 0.473828 0.394531 0.486719 0.423438 0.00221634
8 0.548828 0.34375 0.3125 0.304688 0.00195694
24 0.48125 0.489844 0.523438 0.5 0.00176811
3 0.474121 0.40166 0.498633 0.445117 0.0017004
9 0.548828 0.34375 0.3125 0.304688 0.00161076
16 0.477734 0.396484 0.491406 0.391406 0.00153065
21 0.473828 0.394531 0.486719 0.423438 0.00127411
7 0.478906 0.387891 0.495313 0.397656 0.00127411
17 0.548828 0.34375 0.3125 0.304688 0.00126934
14 0.538184 0.375781 0.35332 0.385938 0.00121117
16 0.48125 0.489844 0.523438 0.5 0.00120163
6 0.48125 0.489844 0.523438 0.5 0.00101662
4 0.475391 0.384473 0.500781 0.398242 0.142212
0 0.473438 0.386328 0.491406 0.4 0.0405273
14 0.472266 0.391309 0.496094 0.400195 0.0270691
9 0.473438 0.386328 0.491406 0.4 0.0154877
5 0.475 0.388379 0.504687 0.406055 0.00806427
25 0.473438 0.386328 0.491406 0.4 0.00626373
11 0.475879 0.389062 0.504492 0.41875 0.00564194
8 0.472266 0.391309 0.496094 0.400195 0.00527954
2 0.478125 0.391016 0.496875 0.399219 0.00338936
22 0.475 0.388379 0.504687 0.406055 0.00307465
14 0.534375 0.380469 0.388281 0.369531 0.00220871
24 0.475 0.388379 0.504687 0.406055 0.00209999
17 0.472266 0.391309 0.496094 0.400195 0.00182438
12 0.478125 0.391016 0.496875 0.399219 0.00143242
20 0.475 0.388379 0.504687 0.406055 0.0014267
23 0.473438 0.386328 0.491406 0.4 0.00127411
6 0.475 0.388379 0.504687 0.406055 0.00123978
15 0.475879 0.389062 0.504492 0.41875 0.00117874
1 0.475879 0.389062 0.504492 0.41875 0.0011692
14 0.474121 0.398535 0.48457 0.413867 0.313965
4 0.474121 0.398535 0.48457 0.413867 0.201782
25 0.477246 0.398535 0.481445 0.40293 0.0359497
2 0.482812 0.40625 0.497656 0.422656 0.0303345
14 0.546484 0.372266 0.332031 0.338281 0.0228882
9 0.474121 0.398535 0.48457 0.413867 0.0202484
4 0.546484 0.372266 0.332031 0.338281 0.0145035
23 0.485938 0.404785 0.463281 0.416992 0.0102463
0 0.480078 0.4 0.499219 0.439063 0.00985718
12 0.477246 0.398535 0.481445 0.40293 0.0088501
25 0.54541 0.392188 0.348242 0.375 0.0085144
11 0.480078 0.4 0.499219 0.439063 0.00818634
23 0.546484 0.372266 0.332031 0.338281 0.00766754
2 0.546484 0.372266 0.332031 0.338281 0.00542831
0 0.546484 0.372266 0.332031 0.338281 0.00453949
5 0.482422 0.399316 0.496094 0.39668 0.00382423
1 0.477246 0.398535 0.481445 0.40293 0.00356483
8 0.516016 0.397266 0.407813 0.395313 0.00348282
24 0.480566 0.397559 0.487305 0.39707 0.00299263
22 0.482422 0.399316 0.496094 0.39668 0.00269318
17 0.516016 0.397266 0.407813 0.395313 0.00223351
6 0.478125 0.397266 0.5 0.416406 0.00174809
20 0.482422 0.399316 0.496094 0.39668 0.00168705
4 0.479688 0.389062 0.489063 0.425 0.360352
14 0.479688 0.389062 0.489063 0.425 0.181274
14 0.553906 0.369336 0.329688 0.351172 0.0607605
9 0.479688 0.389062 0.489063 0.425 0.0337219
4 0.553906 0.369336 0.329688 0.351172 0.0274353
25 0.479688 0.389062 0.489063 0.425 0.0227203
5 0.482715 0.3875 0.495508 0.426563 0.0194244
2 0.553906 0.369336 0.329688 0.351172 0.0184784
2 0.502344 0.392188 0.450781 0.425781 0.0179901
0 0.502344 0.392188 0.450781 0.425781 0.0140076
23 0.553906 0.369336 0.329688 0.351172 0.0108566
22 0.482715 0.3875 0.495508 0.426563 0.0108185
0 0.553906 0.369336 0.329688 0.351172 0.0078125
24 0.482715 0.3875 0.495508 0.426563 0.00757599
25 0.553906 0.369336 0.329688 0.351172 0.00728989
12 0.501172 0.389453 0.442969 0.424219 0.00542831
11 0.482715 0.3875 0.495508 0.426563 0.00432968
23 0.501172 0.389453 0.442969 0.424219 0.00367928
8 0.490625 0.385254 0.476562 0.420117 0.00332451
9 0.553906 0.369336 0.329688 0.351172 0.00264168
1 0.465234 0.386719 0.521094 0.425 0.00236893
20 0.486621 0.387109 0.501758 0.447656 0.00194168
17 0.490625 0.385254 0.476562 0.420117 0.0015192
8 0.553906 0.369336 0.329688 0.351172 0.00104809
4 0.475781 0.38916 0.5 0.412305 0.926758
0 0.476172 0.391016 0.492969 0.420312 0.222656
0 0.535254 0.375879 0.366992 0.36543 0.166626
4 0.535254 0.375879 0.366992 0.36543 0.160278
14 0.474121 0.392578 0.49707 0.424219 0.160278
5 0.476172 0.386816 0.492188 0.412305 0.156616
9 0.475781 0.38916 0.5 0.412305 0.0812378
25 0.476172 0.394141 0.489063 0.424219 0.0700684
14 0.535254 0.375879 0.366992 0.36543 0.0545959
20 0.478223 0.382422 0.499805 0.422656 0.0202484
24 0.476172 0.386816 0.492188 0.412305 0.016098
12 0.476172 0.394141 0.489063 0.424219 0.013588
23 0.480078 0.39375 0.477344 0.416406 0.011116
23 0.535254 0.375879 0.366992 0.36543 0.0109024
22 0.476172 0.386816 0.492188 0.412305 0.0104904
25 0.535254 0.375879 0.366992 0.36543 0.00751877
11 0.474219 0.38916 0.504687 0.441992 0.00577545
15 0.478223 0.389844 0.50918 0.411719 0.00443268
9 0.535254 0.375879 0.366992 0.36543 0.00431442
8 0.517188 0.389746 0.409375 0.406445 0.00365067
2 0.507031 0.380469 0.435937 0.384375 0.00359344
8 0.546875 0.367578 0.3375 0.335156 0.00239754
2 0.546875 0.367578 0.3375 0.335156 0.00176811
17 0.546875 0.367578 0.3375 0.335156 0.00159168
11 0.417969 0.859375 0.463281 0.28125 0.00138855
13 0.477734 0.385547 0.516406 0.43125 0.00134087
6 0.417969 0.859375 0.463281 0.28125 0.0011692
1 0.474121 0.392578 0.49707 0.424219 0.00116539
4 0.476562 0.4 0.5 0.4125 0.854492
14 0.474609 0.399609 0.482031 0.411719 0.247314
4 0.537109 0.39375 0.351562 0.39375 0.0869141
14 0.546875 0.34707 0.321875 0.280859 0.0651245
14 0.537109 0.39375 0.351562 0.39375 0.0611877
0 0.537109 0.39375 0.351562 0.39375 0.0414734
4 0.546875 0.34707 0.321875 0.280859 0.0405273
9 0.474609 0.399609 0.482031 0.411719 0.0405273
23 0.546875 0.34707 0.321875 0.280859 0.0250854
0 0.476562 0.4 0.5 0.4125 0.0233765
5 0.478516 0.393359 0.502344 0.410938 0.0204163
25 0.474609 0.399609 0.482031 0.411719 0.0185394
23 0.525684 0.398828 0.373633 0.400781 0.0175171
0 0.546875 0.34707 0.321875 0.280859 0.0162811
25 0.537109 0.39375 0.351562 0.39375 0.0134277
25 0.546875 0.34707 0.321875 0.280859 0.0107803
8 0.537109 0.39375 0.351562 0.39375 0.00894928
2 0.546875 0.34707 0.321875 0.280859 0.00757599
8 0.476562 0.4 0.5 0.4125 0.00502014
11 0.478516 0.393359 0.502344 0.410938 0.00429916
22 0.478516 0.393359 0.502344 0.410938 0.00348282
9 0.537109 0.39375 0.351562 0.39375 0.0030632
2 0.479688 0.400684 0.499219 0.423633 0.00305176
24 0.478516 0.393359 0.502344 0.410938 0.0028553
2 0.537109 0.39375 0.351562 0.39375 0.00228691
9 0.546875 0.34707 0.321875 0.280859 0.00185299
8 0.546875 0.34707 0.321875 0.280859 0.00179577
17 0.537109 0.39375 0.351562 0.39375 0.0014782
15 0.478516 0.393359 0.502344 0.410938 0.00134563
11 0.288477 0.843359 0.453516 0.313281 0.00131512
1 0.472266 0.393359 0.489063 0.410938 0.00128937
4 0.478125 0.388184 0.489063 0.392383 0.881348
14 0.478125 0.388184 0.489063 0.392383 0.449463
9 0.478125 0.388184 0.489063 0.392383 0.303955
25 0.478125 0.388184 0.489063 0.392383 0.0239563
2 0.478906 0.377734 0.496875 0.384375 0.0227203
23 0.479785 0.382422 0.48418 0.389062 0.0170441
0 0.48125 0.384375 0.475 0.395313 0.0125732
5 0.484277 0.388184 0.48457 0.395508 0.0113754
12 0.483594 0.386621 0.48125 0.392383 0.00460815
22 0.484277 0.388184 0.48457 0.395508 0.00457382
24 0.484277 0.388184 0.48457 0.395508 0.00174141
17 0.478906 0.377734 0.496875 0.384375 0.00149536
11 0.477344 0.389062 0.496094 0.401563 0.00143242
1 0.478906 0.377734 0.496875 0.384375 0.00103188
4 0.473828 0.390234 0.4875 0.398438 0.926758
9 0.475781 0.388672 0.488281 0.402344 0.349609
14 0.475 0.389844 0.492188 0.401563 0.271973
5 0.473438 0.389941 0.490625 0.39668 0.0665894
25 0.473828 0.390234 0.4875 0.398438 0.0247955
4 0.524219 0.370117 0.378125 0.334766 0.014061
14 0.524219 0.370117 0.378125 0.334766 0.014061
0 0.524219 0.370117 0.378125 0.334766 0.0120087
2 0.487891 0.375879 0.457031 0.36543 0.00841522
24 0.468359 0.387402 0.490625 0.398633 0.008255
0 0.472266 0.383691 0.491406 0.407617 0.00614548
22 0.473438 0.389941 0.490625 0.39668 0.00612259
23 0.474609 0.385254 0.492969 0.41543 0.00438309
12 0.476172 0.384766 0.486719 0.411719 0.00380898
11 0.470313 0.382129 0.488281 0.420117 0.00268364
20 0.472266 0.383691 0.491406 0.407617 0.00264168
25 0.524219 0.370117 0.378125 0.334766 0.00141048
1 0.476953 0.378809 0.496094 0.386133 0.00123501
6 0.472266 0.383691 0.491406 0.407617 0.00102806
4 0.480859 0.391797 0.505469 0.433594 0.987793
14 0.479688 0.391016 0.50625 0.416406 0.625977
9 0.480859 0.391797 0.505469 0.433594 0.368408
5 0.478516 0.403906 0.494531 0.45625 0.0997925
23 0.480371 0.391797 0.492383 0.420312 0.0522461
25 0.478516 0.403906 0.494531 0.45625 0.0196381
0 0.478906 0.395703 0.497656 0.446094 0.00734711
2 0.49375 0.368359 0.451562 0.342969 0.00530243
24 0.478516 0.403906 0.494531 0.45625 0.00477219
12 0.480859 0.391797 0.505469 0.433594 0.00312424
14 0.504687 0.358594 0.43125 0.316406 0.00252151
25 0.49375 0.368359 0.451562 0.342969 0.00175476
15 0.478516 0.403906 0.494531 0.45625 0.00161076
2 0.468359 0.389551 0.519531 0.431836 0.00141048
20 0.478516 0.403906 0.494531 0.45625 0.00130463
0 0.49375 0.368359 0.451562 0.342969 0.00123501
6 0.477734 0.388672 0.507031 0.430469 0.00122547
4 0.480078 0.388379 0.49375 0.391992 0.971191
14 0.475781 0.389941 0.482812 0.398242 0.511719
9 0.479004 0.385938 0.499805 0.386719 0.176147
5 0.476465 0.388281 0.483008 0.389062 0.0917358
0 0.49209 0.36543 0.451758 0.341016 0.0317383
23 0.49209 0.36543 0.451758 0.341016 0.0311432
25 0.480078 0.388379 0.49375 0.391992 0.0227966
2 0.502344 0.37168 0.448438 0.369141 0.0200958
0 0.503809 0.380176 0.543945 0.416211 0.00993347
24 0.476465 0.388281 0.483008 0.389062 0.00919342
22 0.479297 0.390527 0.496094 0.395508 0.00748825
11 0.503809 0.380176 0.543945 0.416211 0.00737381
4 0.510156 0.351562 0.40625 0.302344 0.00703812
2 0.503906 0.373828 0.576563 0.471094 0.00542831
14 0.510156 0.351562 0.40625 0.302344 0.00516129
6 0.48916 0.380469 0.510742 0.398438 0.00316048
25 0.510156 0.351562 0.40625 0.302344 0.0020504
12 0.480078 0.388379 0.49375 0.391992 0.00157356
8 0.468359 0.385938 0.510156 0.400781 0.00138855
15 0.479688 0.384766 0.498437 0.396094 0.00136185
20 0.48916 0.380469 0.510742 0.398438 0.0012064
4 0.475 0.384375 0.478125 0.383594 0.912598
0 0.491016 0.383594 0.453125 0.399219 0.181274
5 0.477344 0.381934 0.479688 0.386133 0.0750122
9 0.477344 0.381934 0.479688 0.386133 0.0317383
14 0.477441 0.385938 0.476367 0.383594 0.0311432
23 0.479297 0.382812 0.480469 0.39375 0.0107803
25 0.475 0.384375 0.478125 0.383594 0.00971222
24 0.477344 0.381934 0.479688 0.386133 0.0069046
12 0.478516 0.388281 0.471094 0.392188 0.00460815
2 0.477441 0.383203 0.49043 0.400781 0.00305176
22 0.475879 0.387891 0.48418 0.414844 0.00302696
15 0.477441 0.383203 0.49043 0.400781 0.00263214
0 0.541406 0.347461 0.315625 0.295703 0.00239754
8 0.491016 0.383594 0.453125 0.399219 0.00230598
11 0.477344 0.381934 0.479688 0.386133 0.00196457
4 0.472266 0.396777 0.501563 0.418945 0.968262
5 0.470703 0.392578 0.482031 0.408594 0.248657
9 0.474316 0.396094 0.488867 0.420312 0.143677
14 0.47666 0.396875 0.495117 0.428125 0.100159
0 0.47666 0.396875 0.495117 0.428125 0.088501
25 0.474316 0.396094 0.488867 0.420312 0.0177765
23 0.473047 0.403027 0.508594 0.433008 0.0165863
24 0.470703 0.392578 0.482031 0.408594 0.00516129
2 0.476172 0.4 0.500781 0.442188 0.00370789
11 0.474316 0.396094 0.488867 0.420312 0.00314713
8 0.47666 0.396875 0.495117 0.428125 0.00284576
20 0.470703 0.392578 0.482031 0.408594 0.00263214
10 0.474316 0.396094 0.488867 0.420312 0.00225258
15 0.476172 0.4 0.500781 0.442188 0.00163555
22 0.470703 0.392578 0.482031 0.408594 0.00150108
4 0.481641 0.394629 0.492188 0.401367 0.588867
5 0.482715 0.40459 0.481445 0.401758 0.211426
14 0.481641 0.394629 0.492188 0.401367 0.0303345
9 0.481641 0.394629 0.492188 0.401367 0.025177
0 0.480078 0.394629 0.48125 0.407617 0.0130234
22 0.480469 0.397656 0.496875 0.410938 0.00812531
24 0.482129 0.39834 0.485742 0.393945 0.00436401
12 0.481348 0.401563 0.49043 0.414062 0.00403976
25 0.480078 0.404687 0.492969 0.415625 0.00385475
20 0.482129 0.39834 0.485742 0.393945 0.00279999
1 0.463672 0.399902 0.514063 0.433008 0.00234985
15 0.480469 0.397656 0.496875 0.410938 0.00183868
11 0.482129 0.39834 0.485742 0.393945 0.0017271
2 0.481641 0.394629 0.492188 0.401367 0.00167465
19 0.220703 0.744141 0.341406 0.442969 0.00134563
23 0.481641 0.394629 0.492188 0.401367 0.00130463
4 0.469922 0.396973 0.489063 0.401367 0.779785
5 0.477734 0.394434 0.476562 0.395508 0.430176
9 0.477734 0.396094 0.482812 0.403125 0.183594
14 0.472559 0.400391 0.500195 0.403125 0.0479431
20 0.475 0.3875 0.475 0.384375 0.0276947
22 0.477344 0.391797 0.485938 0.396094 0.0210419
0 0.472559 0.400391 0.500195 0.403125 0.0202179
24 0.477734 0.394434 0.476562 0.395508 0.0129242
25 0.477734 0.396094 0.482812 0.403125 0.00561905
2 0.476172 0.400391 0.492969 0.407031 0.00486755
8 0.478223 0.4 0.48418 0.4125 0.00145531
4 0.475391 0.386719 0.496094 0.403125 0.935059
5 0.475781 0.385938 0.489063 0.403125 0.161377
0 0.509766 0.381934 0.404687 0.392383 0.0507202
14 0.476562 0.390625 0.495313 0.414062 0.0455322
9 0.475684 0.387598 0.498633 0.399805 0.0406799
4 0.544531 0.370703 0.334375 0.336719 0.0289307
23 0.475684 0.387598 0.498633 0.399805 0.0156708
2 0.544531 0.370703 0.334375 0.336719 0.0134277
14 0.544531 0.370703 0.334375 0.336719 0.0106964
23 0.544531 0.370703 0.334375 0.336719 0.0088501
25 0.475684 0.387598 0.498633 0.399805 0.00636292
2 0.474121 0.386035 0.500195 0.41543 0.00619125
15 0.474121 0.386035 0.500195 0.41543 0.00391388
8 0.509766 0.381934 0.404687 0.392383 0.00335121
25 0.544531 0.370703 0.334375 0.336719 0.00283432
24 0.475781 0.385938 0.489063 0.403125 0.00279045
12 0.474121 0.386035 0.500195 0.41543 0.00191879
11 0.484473 0.390234 0.501367 0.408594 0.00186729
9 0.536816 0.377734 0.37793 0.354688 0.00159168
20 0.475781 0.385938 0.489063 0.403125 0.00136185
4 0.463672 0.401172 0.497656 0.4 0.982422
9 0.466797 0.400391 0.490625 0.399219 0.113159
14 0.469922 0.400391 0.477344 0.397656 0.0856934
5 0.466797 0.400391 0.490625 0.399219 0.0281067
0 0.467578 0.390625 0.488281 0.38125 0.0265503
12 0.465625 0.400098 0.492188 0.393555 0.0219421
15 0.46709 0.389844 0.49707 0.39375 0.0173798
25 0.466797 0.400391 0.490625 0.399219 0.016098
23 0.467187 0.397656 0.489063 0.390625 0.011116
24 0.466797 0.400391 0.490625 0.399219 0.0042305
6 0.467871 0.5 0.520508 0.51875 0.00299263
20 0.466016 0.401172 0.494531 0.396094 0.00174141
6 0.466016 0.401172 0.494531 0.396094 0.00156116
2 0.46709 0.389844 0.49707 0.39375 0.00109863
1 0.463672 0.401172 0.497656 0.4 0.00107765
17 0.467969 0.480371 0.523438 0.54082 0.00104427
4 0.467969 0.394141 0.484375 0.403906 0.90625
4 0.490527 0.384766 0.368945 0.357031 0.0786133
14 0.468359 0.395313 0.477344 0.4 0.0603027
9 0.467969 0.394141 0.484375 0.403906 0.0151901
0 0.490527 0.384766 0.368945 0.357031 0.00955963
5 0.468359 0.395313 0.477344 0.4 0.00674438
25 0.467969 0.394141 0.484375 0.403906 0.00445175
11 0.477246 0.396484 0.493945 0.398438 0.00429916
14 0.490527 0.384766 0.368945 0.357031 0.00416565
0 0.468359 0.395313 0.477344 0.4 0.00367928
23 0.473438 0.399316 0.478125 0.401367 0.00325966
8 0.470313 0.395703 0.482812 0.40625 0.00174141
6 0.477246 0.396484 0.493945 0.398438 0.0016613
12 0.466016 0.394141 0.476562 0.401563 0.00164223
4 0.514063 0.317383 0.270313 0.214453 0.00159168
8 0.490527 0.384766 0.368945 0.357031 0.00135612
0 0.514063 0.317383 0.270313 0.214453 0.0012846
4 0.474609 0.400781 0.491406 0.41875 0.86377
5 0.474121 0.399219 0.48457 0.4125 0.0245209
9 0.474609 0.400781 0.491406 0.41875 0.0222931
14 0.475391 0.403516 0.477344 0.402344 0.0186157
0 0.471875 0.396094 0.485938 0.410938 0.00878143
25 0.474121 0.399219 0.48457 0.4125 0.00584412
23 0.474609 0.400781 0.491406 0.41875 0.00362206
15 0.474609 0.400781 0.491406 0.41875 0.00259018
20 0.471875 0.396094 0.485938 0.410938 0.00245285
1 0.473438 0.401172 0.467969 0.399219 0.00219154
24 0.471875 0.396094 0.485938 0.410938 0.00192642
12 0.473828 0.401953 0.474219 0.403906 0.0018034
11 0.474121 0.399219 0.48457 0.4125 0.00167465
4 0.3625 0.414941 0.225781 0.160742 0.00127411
4 0.475391 0.392969 0.470313 0.401563 0.976562
9 0.477441 0.390234 0.49043 0.397656 0.0585632
5 0.475 0.391406 0.471094 0.409375 0.058136
14 0.475391 0.388379 0.474219 0.39668 0.0152512
0 0.475 0.391406 0.471094 0.409375 0.00952148
24 0.478125 0.390723 0.464063 0.399805 0.00494385
6 0.349219 0.799414 0.698438 0.401172 0.0049057
25 0.481152 0.39209 0.470508 0.400195 0.00426483
22 0.475 0.391406 0.471094 0.409375 0.00367928
20 0.478125 0.390723 0.464063 0.399805 0.00340271
23 0.475391 0.389941 0.492969 0.40918 0.00292397
12 0.478516 0.391406 0.475781 0.404687 0.00247192
15 0.475391 0.389941 0.492969 0.40918 0.00229645
11 0.475 0.391406 0.471094 0.409375 0.00223351
8 0.475 0.391406 0.471094 0.409375 0.00145531
11 0.378125 0.719922 0.75625 0.560156 0.00145531
6 0.475391 0.396875 0.460156 0.3875 0.00137234
2 0.475391 0.389941 0.492969 0.40918 0.00130463
14 0.682617 0.452344 0.634766 0.834375 0.00115108
4 0.470703 0.386621 0.464844 0.386133 0.981445
5 0.468359 0.392578 0.4625 0.384375 0.144653
14 0.471875 0.385938 0.471875 0.383594 0.0678101
24 0.465625 0.389453 0.464063 0.382031 0.0359497
9 0.469141 0.38916 0.471094 0.395117 0.0321045
0 0.468848 0.382715 0.468555 0.373633 0.0125275
20 0.465625 0.389453 0.464063 0.382031 0.00997162
25 0.469141 0.38916 0.471094 0.395117 0.00888062
11 0.468359 0.392578 0.4625 0.384375 0.00706482
22 0.468359 0.392578 0.4625 0.384375 0.00479126
6 0.465723 0.417188 0.460742 0.332813 0.00322342
4 0.472656 0.394141 0.473438 0.402344 0.999023
14 0.474609 0.402246 0.488281 0.417383 0.0750122
9 0.474609 0.402246 0.488281 0.417383 0.0713501
5 0.469531 0.395703 0.475 0.400781 0.0492249
25 0.472656 0.394141 0.473438 0.402344 0.013588
4 0.519922 0.36582 0.377344 0.315234 0.00695801
24 0.469531 0.395703 0.475 0.400781 0.00624084
14 0.519922 0.36582 0.377344 0.315234 0.00551224
23 0.474219 0.396777 0.478906 0.398633 0.00471878
0 0.475391 0.396094 0.482031 0.398438 0.00429916
2 0.519922 0.36582 0.377344 0.315234 0.00294685
0 0.519922 0.36582 0.377344 0.315234 0.00198746
23 0.519922 0.36582 0.377344 0.315234 0.00149536
9 0.519922 0.36582 0.377344 0.315234 0.00142097
20 0.471191 0.395313 0.474805 0.398438 0.00142097
11 0.480078 0.396094 0.500781 0.413281 0.00134563
12 0.474219 0.395215 0.474219 0.400195 0.00125504
2 0.468848 0.396094 0.498242 0.407813 0.00122547
15 0.469531 0.395703 0.475 0.400781 0.00106049
4 0.473047 0.391406 0.482812 0.403125 0.98291
14 0.473828 0.393359 0.486719 0.407031 0.0430298
5 0.474121 0.391309 0.470508 0.40957 0.0366211
9 0.477734 0.392578 0.469531 0.392969 0.0287628
24 0.475879 0.389453 0.470117 0.407813 0.0167847
25 0.477734 0.392578 0.469531 0.392969 0.0117798
20 0.475879 0.389453 0.470117 0.407813 0.00666809
23 0.477246 0.394141 0.470508 0.395313 0.00294685
12 0.476953 0.393359 0.471094 0.394531 0.00250244
0 0.474121 0.391309 0.470508 0.40957 0.00130463
4 0.478516 0.397266 0.5 0.407031 0.991699
14 0.477734 0.400391 0.502344 0.425781 0.0991211
9 0.478125 0.401563 0.509375 0.430469 0.0263519
14 0.522656 0.371094 0.398438 0.346875 0.0222931
5 0.479297 0.402441 0.505469 0.40293 0.00898743
2 0.522656 0.371094 0.398438 0.346875 0.00857544
25 0.478125 0.401563 0.509375 0.430469 0.00844574
23 0.478125 0.401563 0.509375 0.430469 0.00413513
4 0.522656 0.371094 0.398438 0.346875 0.00292397
0 0.479297 0.402441 0.505469 0.40293 0.00254059
15 0.474609 0.402344 0.524219 0.453906 0.00237846
12 0.480469 0.397656 0.501563 0.422656 0.00202751
6 0.46875 0.51875 0.503125 0.408594 0.00198746
0 0.522656 0.371094 0.398438 0.346875 0.00191212
8 0.522656 0.371094 0.398438 0.346875 0.00183868
24 0.479297 0.402441 0.505469 0.40293 0.00168705
23 0.522656 0.371094 0.398438 0.346875 0.00109005
16 0.46875 0.51875 0.503125 0.408594 0.00106907
4 0.473438 0.40625 0.48125 0.425 0.995117
14 0.473438 0.40625 0.48125 0.425 0.0715942
9 0.474219 0.40625 0.489063 0.417188 0.0577087
5 0.472656 0.425781 0.501563 0.479688 0.0181274
12 0.47334 0.407031 0.493945 0.423438 0.0119629
25 0.470996 0.406348 0.493945 0.431055 0.0108185
23 0.474219 0.40625 0.489063 0.417188 0.00600433
12 0.220703 0.653125 0.441406 0.65 0.00284576
1 0.220703 0.653125 0.441406 0.65 0.00226974
2 0.488281 0.369727 0.453906 0.326953 0.00201988
15 0.468359 0.405469 0.500781 0.43125 0.00185299
24 0.472656 0.425781 0.501563 0.479688 0.00148964
0 0.471484 0.403125 0.502344 0.415625 0.00138283
22 0.477734 0.458984 0.521094 0.575 0.00124454
4 0.474609 0.382812 0.499219 0.4125 0.936035
14 0.475391 0.411035 0.519531 0.451367 0.00844574
4 0.520703 0.348242 0.375 0.273828 0.00728989
0 0.471484 0.386035 0.485156 0.376367 0.00421524
25 0.485254 0.380078 0.499805 0.407813 0.00275803
5 0.478516 0.381641 0.499219 0.413281 0.00206757
0 0.520703 0.348242 0.375 0.273828 0.0017271
9 0.478906 0.406934 0.520312 0.458008 0.00138855
6 0.483984 0.505469 0.500781 0.458594 0.00110722
15 0.478906 0.406934 0.520312 0.458008 0.00107288
24 0.485254 0.380078 0.499805 0.407813 0.00101662
20 0.483984 0.505469 0.500781 0.458594 0.00100803
4 0.472266 0.394141 0.494531 0.407031 0.983398
5 0.474609 0.395215 0.486719 0.420508 0.112793
14 0.472266 0.394141 0.494531 0.407031 0.012825
0 0.476953 0.395313 0.505469 0.41875 0.00941467
25 0.476562 0.396484 0.4875 0.414844 0.00363541
22 0.474609 0.395215 0.486719 0.420508 0.00353813
9 0.476562 0.396484 0.4875 0.414844 0.00275803
23 0.476953 0.395313 0.505469 0.41875 0.00203514
20 0.475391 0.39375 0.483594 0.414062 0.00158501
24 0.475391 0.39375 0.483594 0.414062 0.00150108
15 0.476953 0.395313 0.505469 0.41875 0.00142097
4 0.477734 0.39375 0.496094 0.397656 0.985352
5 0.478125 0.3875 0.489063 0.397656 0.0614319
14 0.476172 0.382422 0.48125 0.363281 0.0323486
22 0.480078 0.380078 0.489844 0.382031 0.00734711
0 0.477734 0.389746 0.491406 0.375195 0.00564194
4 0.532715 0.364063 0.35957 0.317969 0.00255013
25 0.477734 0.39375 0.496094 0.397656 0.00221634
9 0.480078 0.380078 0.489844 0.382031 0.00195694
24 0.480078 0.380078 0.489844 0.382031 0.00191212
20 0.480078 0.380078 0.489844 0.382031 0.00171375
23 0.477734 0.39375 0.496094 0.397656 0.00106907
4 0.477344 0.388184 0.479688 0.395508 0.967773
14 0.474609 0.391309 0.485156 0.40332 0.0189056
5 0.475781 0.386719 0.478906 0.395313 0.0149002
0 0.474219 0.389941 0.489063 0.407617 0.00419998
22 0.476562 0.380371 0.473438 0.386133 0.00327301
9 0.474219 0.389941 0.489063 0.407617 0.00261116
25 0.477344 0.388184 0.479688 0.395508 0.00211525
20 0.476562 0.380371 0.473438 0.386133 0.00167465
24 0.477734 0.379004 0.474219 0.37793 0.00143242
4 0.475 0.396484 0.488281 0.416406 0.977051
5 0.475 0.408691 0.485938 0.451367 0.0204926
14 0.475 0.396484 0.488281 0.416406 0.012291
25 0.475 0.396484 0.488281 0.416406 0.00462723
20 0.474121 0.456934 0.492383 0.543945 0.00333786
0 0.475 0.389062 0.478125 0.3875 0.00274658
9 0.475 0.389062 0.478125 0.3875 0.00174141
24 0.475781 0.400781 0.4875 0.432813 0.00142097
23 0.475 0.396484 0.488281 0.416406 0.00117874
12 0.474121 0.399902 0.492383 0.431445 0.00100803
4 0.472754 0.380859 0.49668 0.396094 0.984375
14 0.474121 0.382422 0.49082 0.394531 0.0318604
9 0.474609 0.386328 0.496094 0.398438 0.0230713
25 0.472754 0.380859 0.49668 0.396094 0.0116425
5 0.471875 0.380078 0.491406 0.392188 0.00362206
23 0.473438 0.381934 0.49375 0.400195 0.00335121
24 0.471875 0.380078 0.491406 0.392188 0.00188255
0 0.473438 0.381934 0.49375 0.400195 0.00168133
12 0.474316 0.380859 0.493555 0.396094 0.0015192
4 0.474609 0.380469 0.464844 0.38125 0.94043
0 0.478809 0.384766 0.468945 0.383594 0.0214844
5 0.475391 0.384375 0.467187 0.382031 0.00723267
14 0.477344 0.385254 0.465625 0.374805 0.00259018
4 0.479004 0.383594 0.481055 0.396875 0.945801
0 0.482812 0.38125 0.485156 0.398438 0.00712204
9 0.482812 0.38125 0.485156 0.398438 0.00595856
14 0.479004 0.383594 0.481055 0.396875 0.00582123
25 0.478809 0.378125 0.489258 0.397656 0.00234222
5 0.476562 0.374219 0.483594 0.39375 0.00174141
12 0.471484 0.377344 0.486719 0.403125 0.00151253
4 0.476465 0.373437 0.48457 0.3875 0.982422
14 0.473438 0.369922 0.482031 0.376563 0.0168457
6 0.477734 0.517188 0.480469 0.399219 0.00775528
9 0.476465 0.36875 0.48457 0.379688 0.00740433
25 0.476465 0.373437 0.48457 0.3875 0.00519943
0 0.476465 0.36875 0.48457 0.379688 0.00305176
5 0.474609 0.374219 0.478906 0.382812 0.00253105
23 0.476465 0.36875 0.48457 0.379688 0.00194168
12 0.474609 0.374219 0.478906 0.382812 0.00178909
24 0.478125 0.373633 0.485156 0.383984 0.0015974
0 0.475781 0.517285 0.490625 0.398242 0.00124454
4 0.472266 0.375879 0.472656 0.374805 0.947754
14 0.472266 0.375879 0.472656 0.374805 0.00731659
9 0.475391 0.373047 0.482031 0.373437 0.00302696
5 0.469922 0.376172 0.477344 0.386719 0.00174141
25 0.477734 0.371289 0.486719 0.380859 0.0012846
4 0.483691 0.382715 0.487305 0.375195 0.981445
5 0.483984 0.382031 0.485156 0.370313 0.0146179
9 0.478516 0.379297 0.482031 0.372656 0.00790405
24 0.483984 0.382031 0.485156 0.370313 0.00390053
14 0.475391 0.382031 0.482031 0.375 0.00282288
25 0.483984 0.382031 0.485156 0.370313 0.0026207
0 0.475391 0.382031 0.482031 0.375 0.00226974
22 0.476172 0.385938 0.482031 0.38125 0.00126934
6 0.47959 0.514746 0.47832 0.40332 0.00112915
4 0.477344 0.379297 0.475 0.378906 0.982422
14 0.478027 0.384473 0.462695 0.376367 0.0149536
9 0.475391 0.378809 0.472656 0.37207 0.00769424
5 0.478906 0.377734 0.482812 0.374219 0.0069046
25 0.478027 0.375 0.475195 0.372656 0.00341606
6 0.476465 0.5125 0.451758 0.364844 0.00311089
24 0.478027 0.375 0.475195 0.372656 0.0026722
0 0.475391 0.378809 0.472656 0.37207 0.00146103
4 0.473047 0.383594 0.478906 0.36875 0.955078
5 0.473438 0.381641 0.476562 0.364063 0.0651245
14 0.473438 0.383594 0.48125 0.370313 0.00322342
0 0.472266 0.382812 0.485156 0.371875 0.00263214
9 0.472266 0.382812 0.485156 0.371875 0.00230598
6 0.470313 0.491504 0.473438 0.426367 0.00211525
24 0.473438 0.381641 0.476562 0.364063 0.00191212
22 0.475 0.384277 0.482812 0.37207 0.0014267
4 0.481152 0.390723 0.486133 0.38418 0.970215
5 0.48125 0.388281 0.473438 0.3875 0.00723267
0 0.483496 0.3875 0.46582 0.373437 0.00337601
14 0.480859 0.390234 0.475781 0.38125 0.00277901
9 0.479785 0.392188 0.48418 0.383594 0.00185299
25 0.481152 0.390723 0.486133 0.38418 0.00113392
1 0.804102 0.379688 0.391797 0.759375 0.00103664
4 0.482422 0.387402 0.483594 0.367383 0.972656
5 0.479297 0.388281 0.465625 0.36875 0.0758667
0 0.482031 0.384375 0.461719 0.36875 0.0284424
24 0.483203 0.385254 0.480469 0.362305 0.00468063
14 0.480078 0.383984 0.469531 0.366406 0.00342941
11 0.479297 0.388281 0.465625 0.36875 0.00185299
22 0.479297 0.388281 0.465625 0.36875 0.0016613
15 0.482422 0.387402 0.483594 0.367383 0.00137234
9 0.480078 0.383984 0.469531 0.366406 0.00118828
25 0.483203 0.385254 0.480469 0.362305 0.00105286
4 0.479297 0.384375 0.469531 0.371875 0.973145
14 0.477734 0.38291 0.469531 0.370117 0.0137405
9 0.477246 0.381934 0.470508 0.370508 0.00353813
5 0.479004 0.381348 0.470117 0.362305 0.00353813
25 0.479004 0.381348 0.470117 0.362305 0.00178242
0 0.476172 0.383594 0.464844 0.370313 0.0017271
24 0.479004 0.381348 0.470117 0.362305 0.00151253
6 0.473438 0.495313 0.45 0.35 0.00108147
4 0.480469 0.393066 0.482812 0.373242 0.980469
14 0.471777 0.394141 0.48457 0.380469 0.00324821
5 0.479004 0.390625 0.479492 0.367969 0.00225258
9 0.478809 0.39209 0.479883 0.379883 0.00154305
25 0.479004 0.390625 0.479492 0.367969 0.00100803
4 0.479004 0.39375 0.474805 0.379688 0.972656
5 0.473438 0.392578 0.471875 0.382031 0.0307922
0 0.474219 0.391504 0.471875 0.382617 0.00349617
14 0.478027 0.391406 0.475195 0.379688 0.00146103
9 0.478027 0.392285 0.476758 0.381055 0.00128937
15 0.478027 0.392285 0.476758 0.381055 0.00124931
25 0.478027 0.391406 0.475195 0.379688 0.00107288
4 0.479688 0.388184 0.4625 0.37207 0.982422
14 0.480469 0.385156 0.4625 0.372656 0.00600433
5 0.479004 0.386719 0.463867 0.373437 0.00600433
9 0.480078 0.38584 0.46875 0.373633 0.00340271
25 0.479688 0.388184 0.4625 0.37207 0.00206757
24 0.479004 0.386719 0.463867 0.373437 0.00148964
4 0.479688 0.387109 0.453125 0.358594 0.972656
14 0.478906 0.384375 0.452344 0.3625 0.00542831
0 0.478906 0.384375 0.452344 0.3625 0.00209999
9 0.478027 0.389453 0.45332 0.35 0.0015192
5 0.478516 0.387109 0.452344 0.360938 0.00124454
25 0.478516 0.387109 0.452344 0.360938 0.00115585
4 0.484277 0.390234 0.46582 0.367969 0.916992
0 0.483984 0.388184 0.460938 0.367383 0.005867
14 0.483984 0.388184 0.460938 0.367383 0.00181007
5 0.483594 0.388672 0.464063 0.367188 0.0011158
4 0.47959 0.390234 0.483008 0.36875 0.981934
14 0.475781 0.391309 0.475781 0.383008 0.00221634
4 0.484766 0.389844 0.455469 0.360156 0.948242
5 0.482422 0.388965 0.453906 0.361133 0.00614548
14 0.484277 0.389844 0.45332 0.371875 0.00176811
16 0.620703 0.810156 0.139063 0.0765625 0.0011034
24 0.482422 0.388965 0.453906 0.361133 0.00106049
4 0.483496 0.39209 0.458008 0.364258 0.952637
0 0.482031 0.388965 0.455469 0.36582 0.00356483
14 0.482031 0.388965 0.455469 0.36582 0.00329781
5 0.482422 0.391309 0.455469 0.364258 0.00162315
4 0.483691 0.386621 0.448242 0.351758 0.96582
14 0.482422 0.388281 0.45 0.367188 0.00220871
5 0.482031 0.387402 0.45 0.354883 0.0020504
0 0.483203 0.382422 0.448438 0.346094 0.00116539
4 0.47959 0.384375 0.456445 0.366406 0.960938
5 0.477441 0.387891 0.454492 0.374219 0.00151253
4 0.483496 0.387109 0.445508 0.352344 0.976562
5 0.48125 0.3875 0.445312 0.353125 0.00388527
14 0.483203 0.386719 0.442188 0.359375 0.00186729
24 0.48125 0.3875 0.445312 0.353125 0.00115585
9 0.483203 0.386719 0.442188 0.359375 0.00112438
4 0.483203 0.3875 0.459375 0.366406 0.958496
14 0.474902 0.392188 0.450195 0.370313 0.00251198
0 0.474902 0.389453 0.451758 0.374219 0.00168705
5 0.482129 0.3875 0.457617 0.364063 0.00150108
4 0.484473 0.388184 0.456055 0.358008 0.979492
14 0.477734 0.391797 0.457031 0.371094 0.00348282
5 0.483203 0.389062 0.455469 0.35625 0.00128937
0 0.477734 0.391797 0.457031 0.371094 0.0012846
9 0.483203 0.386621 0.460156 0.361133 0.0011692
25 0.483203 0.389062 0.455469 0.35625 0.00113392
24 0.483203 0.389062 0.455469 0.35625 0.00107288
4 0.480859 0.390723 0.464844 0.363867 0.951172
9 0.485547 0.389941 0.480469 0.354492 0.00239754
14 0.469531 0.39541 0.464844 0.37793 0.00228691
5 0.480078 0.391797 0.464844 0.366406 0.00112057
6 0.469629 0.508594 0.443555 0.364063 0.00105286
4 0.478125 0.395703 0.465625 0.372656 0.966797
0 0.473828 0.394629 0.460156 0.381055 0.00498199
6 0.468848 0.519531 0.451367 0.382031 0.0019722
14 0.477246 0.394434 0.468945 0.375195 0.00170708
4 0.481641 0.390625 0.475781 0.390625 0.949707
14 0.480469 0.39375 0.475 0.394531 0.0017004
6 0.476953 0.519141 0.460156 0.385156 0.00161648
4 0.484375 0.386621 0.479688 0.39082 0.975586
14 0.476562 0.389062 0.478125 0.39375 0.00243378
4 0.484277 0.386328 0.46582 0.374219 0.97168
14 0.485156 0.386719 0.469531 0.376563 0.0017004
4 0.484766 0.39375 0.463281 0.371875 0.955078
14 0.483984 0.392969 0.463281 0.380469 0.00178909
0 0.483984 0.392969 0.463281 0.380469 0.0011425
5 0.484473 0.392285 0.46543 0.374805 0.00100803
4 0.481934 0.388379 0.458008 0.366992 0.977539
14 0.476953 0.391797 0.458594 0.378906 0.00217438
5 0.481934 0.389453 0.45957 0.369531 0.00109863
4 0.48125 0.390625 0.460156 0.365625 0.969727
14 0.480859 0.392871 0.455469 0.37207 0.00275803
6 0.476953 0.500391 0.45625 0.355469 0.00144958
4 0.482129 0.388281 0.460742 0.371875 0.958984
14 0.478125 0.391016 0.465625 0.378906 0.00230598
4 0.479688 0.389844 0.46875 0.378906 0.97168
14 0.476953 0.392578 0.457031 0.382812 0.00293541
4 0.480078 0.385059 0.461719 0.36582 0.963379
14 0.47666 0.391016 0.457617 0.378906 0.00136185
4 0.480859 0.387598 0.466406 0.373242 0.957031
14 0.475684 0.390234 0.462695 0.380469 0.00265312
4 0.480566 0.389062 0.463867 0.371875 0.977051
14 0.478906 0.391504 0.461719 0.382617 0.00245285
4 0.482129 0.389453 0.460742 0.371094 0.95752
14 0.480469 0.391797 0.458594 0.382031 0.00273705
6 0.475391 0.503809 0.461719 0.387695 0.00188255
4 0.482031 0.389062 0.465625 0.369531 0.969727
14 0.479688 0.391504 0.461719 0.379492 0.00247192
4 0.482422 0.389453 0.463281 0.372656 0.961426
14 0.47959 0.392188 0.461133 0.382812 0.00244331
4 0.480469 0.389453 0.4625 0.372656 0.960449
14 0.477734 0.39209 0.460156 0.381445 0.0024147
4 0.480469 0.390527 0.466406 0.375195 0.962891
14 0.478516 0.393848 0.464844 0.38418 0.00213242
4 0.481152 0.389844 0.467383 0.373437 0.963379
14 0.478125 0.392969 0.464063 0.382812 0.00247192
4 0.480859 0.389453 0.467187 0.375781 0.960449
14 0.478906 0.39209 0.463281 0.383008 0.00281143
4 0.481641 0.389746 0.465625 0.37832 0.963379
14 0.478027 0.392285 0.462695 0.38418 0.00279999
4 0.48125 0.389453 0.4625 0.373437 0.960449
14 0.478223 0.39209 0.45918 0.379883 0.00208282
4 0.481641 0.38916 0.460938 0.37168 0.963867
14 0.478809 0.392578 0.458008 0.379688 0.00234222
4 0.480371 0.388281 0.461133 0.369531 0.957031
14 0.478516 0.391504 0.460156 0.37793 0.00230598
4 0.480371 0.389844 0.45957 0.372656 0.953613
14 0.478027 0.392578 0.458008 0.378125 0.00216484
4 0.480078 0.389062 0.461719 0.373437 0.958008
14 0.477344 0.391797 0.459375 0.378906 0.0024147
4 0.480469 0.389062 0.4625 0.373437 0.958984
14 0.478125 0.391797 0.460156 0.378906 0.00263214
4 0.480566 0.388184 0.460742 0.370508 0.95752
14 0.478516 0.392285 0.458594 0.37793 0.00239754
4 0.48125 0.388965 0.4625 0.37207 0.959961
14 0.478906 0.39209 0.459375 0.37832 0.00258064
4 0.480859 0.388965 0.460938 0.37207 0.960449
14 0.478125 0.391797 0.458594 0.378906 0.00248146
4 0.480371 0.388965 0.461133 0.37207 0.960449
14 0.478125 0.39209 0.458594 0.37832 0.00239754
4 0.480469 0.389062 0.460938 0.372656 0.959473
14 0.478125 0.39209 0.458594 0.37832 0.0024147
4 0.480469 0.389453 0.460938 0.373437 0.958984
14 0.478223 0.392188 0.45918 0.378906 0.00234222
4 0.480566 0.389453 0.460742 0.371875 0.960449
14 0.478516 0.392188 0.458594 0.378125 0.00225258
4 0.480859 0.389453 0.461719 0.372656 0.959473
14 0.478809 0.391797 0.45957 0.378906 0.00243378
4 0.480859 0.388965 0.461719 0.37207 0.960449
14 0.478027 0.391797 0.458008 0.378906 0.0024929
