19 0.499609 0.377344 0.308594 0.265625 0.00566483
19 0.498828 0.399316 0.313281 0.424805 0.00274658
11 0.489844 0.453125 0.336719 0.373437 0.00250244
3 0.489844 0.455469 0.336719 0.354688 0.00219917
14 0.481152 0.453906 0.34707 0.371875 0.00198746
11 0.646387 0.425 0.707227 0.43125 0.0019722
11 0.646875 0.360156 0.70625 0.720313 0.00158501
11 0.451172 0.418359 0.428906 0.442969 0.00142097
2 0.489844 0.453125 0.336719 0.373437 0.00127888
5 0.525 0.373242 0.715625 0.558203 0.0012207
4 0.481152 0.453906 0.34707 0.371875 0.00117874
1 0.481641 0.444922 0.358594 0.39375 0.00116062
0 0.489844 0.455469 0.336719 0.354688 0.00112438
19 0.484375 0.418848 0.300781 0.298242 0.00111198
5 0.451172 0.418359 0.428906 0.442969 0.00109863
9 0.481641 0.444922 0.358594 0.39375 0.00108147
9 0.646387 0.425 0.707227 0.43125 0.00108147
22 0.521484 0.557031 0.797656 0.835938 0.984863
22 0.480078 0.572266 0.682031 0.664844 0.98291
17 0.480078 0.572266 0.682031 0.664844 0.966309
17 0.474902 0.551953 0.77832 0.847656 0.962402
22 0.602344 0.483594 0.790625 0.882812 0.95752
17 0.602344 0.483594 0.790625 0.882812 0.934082
17 0.535156 0.65625 0.810938 0.6875 0.92041
17 0.641016 0.605469 0.717969 0.789062 0.909668
17 0.416016 0.536816 0.525 0.529492 0.896973
20 0.456641 0.578223 0.702344 0.656055 0.883301
22 0.535156 0.65625 0.810938 0.6875 0.879883
22 0.433594 0.472266 0.765625 0.896094 0.877441
22 0.641016 0.605469 0.717969 0.789062 0.835449
22 0.426563 0.525391 0.492188 0.510156 0.811523
20 0.474902 0.551953 0.77832 0.847656 0.785156
17 0.446094 0.607422 0.820312 0.785156 0.686035
17 0.667578 0.529297 0.664844 0.936719 0.668945
17 0.395313 0.468359 0.764063 0.922656 0.665527
20 0.591406 0.656445 0.817187 0.687109 0.584961
17 0.620313 0.679688 0.759375 0.640625 0.584961
22 0.667578 0.529297 0.664844 0.936719 0.581543
22 0.446094 0.607422 0.820312 0.785156 0.57373
17 0.713281 0.582031 0.573438 0.835938 0.569824
3 0.456641 0.578223 0.702344 0.656055 0.560059
20 0.602344 0.483594 0.790625 0.882812 0.552734
17 0.691211 0.423828 0.617578 0.847656 0.542969
20 0.416016 0.536816 0.525 0.529492 0.521484
20 0.641016 0.605469 0.717969 0.789062 0.478516
22 0.691211 0.423828 0.617578 0.847656 0.474609
17 0.41875 0.682422 0.8375 0.635156 0.46875
22 0.620313 0.679688 0.759375 0.640625 0.457031
17 0.665625 0.371094 0.66875 0.742188 0.455078
22 0.713281 0.582031 0.573438 0.835938 0.451416
17 0.363867 0.586719 0.727734 0.826563 0.432129
22 0.41875 0.682422 0.8375 0.635156 0.401611
3 0.474902 0.551953 0.77832 0.847656 0.394287
20 0.485938 0.632031 0.804688 0.735938 0.373779
22 0.665625 0.371094 0.66875 0.742188 0.352295
22 0.376563 0.634766 0.753125 0.730469 0.351318
14 0.426563 0.525391 0.492188 0.510156 0.347656
22 0.360156 0.536719 0.720313 0.907813 0.345215
14 0.433594 0.533594 0.775 0.898438 0.324219
14 0.480078 0.572266 0.682031 0.664844 0.314941
14 0.535156 0.65625 0.810938 0.6875 0.300781
20 0.395313 0.468359 0.764063 0.922656 0.265869
22 0.614062 0.4125 0.771875 0.825 0.254639
17 0.357812 0.659766 0.715625 0.680469 0.24939
14 0.616406 0.60625 0.767188 0.7875 0.228149
3 0.535156 0.65625 0.810938 0.6875 0.226074
3 0.426563 0.525391 0.492188 0.510156 0.221313
3 0.602344 0.483594 0.790625 0.882812 0.216064
17 0.614062 0.4125 0.771875 0.825 0.203735
14 0.609766 0.432422 0.775781 0.864844 0.172729
17 0.438184 0.479297 0.442383 0.399219 0.172119
25 0.426563 0.525391 0.492188 0.510156 0.170532
22 0.456348 0.483594 0.413867 0.410938 0.167236
20 0.667578 0.529297 0.664844 0.936719 0.165039
3 0.641016 0.605469 0.717969 0.789062 0.155029
1 0.483496 0.657031 0.798633 0.685938 0.153564
25 0.480078 0.572266 0.682031 0.664844 0.153076
14 0.456348 0.483594 0.413867 0.410938 0.146606
1 0.475684 0.575 0.795508 0.85 0.139404
17 0.619141 0.324023 0.761719 0.648047 0.138916
1 0.616406 0.630469 0.767188 0.739062 0.135254
1 0.456641 0.578223 0.702344 0.656055 0.126343
20 0.363867 0.586719 0.727734 0.826563 0.119629
20 0.691211 0.628906 0.617578 0.742188 0.119202
11 0.474902 0.551953 0.77832 0.847656 0.111633
14 0.689258 0.603906 0.621484 0.792188 0.108215
14 0.387109 0.435937 0.753906 0.871875 0.105591
8 0.433594 0.472266 0.765625 0.896094 0.102661
14 0.446094 0.607422 0.820312 0.785156 0.100891
20 0.645703 0.424609 0.708594 0.849219 0.0994873
20 0.41875 0.682422 0.8375 0.635156 0.0984497
14 0.644531 0.532813 0.710938 0.93125 0.0923462
14 0.642188 0.654688 0.715625 0.690625 0.0910645
3 0.395313 0.468359 0.764063 0.922656 0.0900879
22 0.619141 0.324023 0.761719 0.648047 0.088501
8 0.456641 0.578223 0.702344 0.656055 0.0881958
25 0.602344 0.483594 0.790625 0.882812 0.0878906
11 0.456641 0.578223 0.702344 0.656055 0.0863037
8 0.416016 0.536816 0.525 0.529492 0.0800781
17 0.694141 0.653906 0.611719 0.692187 0.0800781
1 0.642969 0.558984 0.714063 0.882031 0.076416
14 0.667188 0.422656 0.665625 0.845313 0.0736694
22 0.735938 0.454688 0.528125 0.878125 0.0731812
3 0.446094 0.607422 0.820312 0.785156 0.0708008
10 0.456641 0.578223 0.702344 0.656055 0.069519
22 0.694141 0.653906 0.611719 0.692187 0.0692749
1 0.689258 0.603906 0.621484 0.792188 0.0690308
17 0.735938 0.454688 0.528125 0.878125 0.0687866
13 0.433594 0.533594 0.775 0.898438 0.0687866
10 0.433594 0.472266 0.765625 0.896094 0.0682983
3 0.667578 0.529297 0.664844 0.936719 0.0656128
0 0.426563 0.525391 0.492188 0.510156 0.0637207
17 0.766016 0.618066 0.467969 0.666992 0.0632324
25 0.521484 0.557031 0.797656 0.835938 0.0614319
1 0.569531 0.705078 0.860938 0.589844 0.0594177
8 0.475684 0.575 0.795508 0.85 0.0589905
10 0.416016 0.536816 0.525 0.529492 0.0579224
1 0.433594 0.472266 0.765625 0.896094 0.0570679
1 0.363867 0.586719 0.727734 0.826563 0.0566406
22 0.769531 0.589941 0.460938 0.679492 0.0560303
13 0.640625 0.629687 0.71875 0.740625 0.0548096
1 0.373047 0.661133 0.746094 0.677734 0.0548096
17 0.692187 0.289844 0.615625 0.579688 0.0522461
14 0.363867 0.586719 0.727734 0.826563 0.0522461
3 0.620313 0.679688 0.759375 0.640625 0.0520325
1 0.667969 0.448438 0.664062 0.896875 0.0503235
14 0.41875 0.682422 0.8375 0.635156 0.0501404
8 0.640625 0.629687 0.71875 0.740625 0.0486755
20 0.644531 0.679102 0.710938 0.641797 0.0484924
3 0.363867 0.586719 0.727734 0.826563 0.0469055
3 0.691211 0.423828 0.617578 0.847656 0.0467224
8 0.548438 0.679688 0.83125 0.640625 0.0458679
13 0.548438 0.679688 0.83125 0.640625 0.0456848
20 0.666406 0.345898 0.667188 0.691797 0.0455322
22 0.692187 0.289844 0.615625 0.579688 0.0453491
25 0.433594 0.472266 0.765625 0.896094 0.0440063
13 0.456641 0.578223 0.702344 0.656055 0.0438538
3 0.41875 0.682422 0.8375 0.635156 0.0437012
1 0.644531 0.373437 0.710938 0.746875 0.0428772
11 0.591406 0.656445 0.817187 0.687109 0.042572
25 0.456348 0.483594 0.413867 0.410938 0.0423889
3 0.713281 0.582031 0.573438 0.835938 0.0423889
20 0.357812 0.659766 0.715625 0.680469 0.0403748
3 0.456348 0.483594 0.413867 0.410938 0.0389099
9 0.456641 0.578223 0.702344 0.656055 0.0383301
0 0.609766 0.432422 0.775781 0.864844 0.0380249
3 0.665625 0.371094 0.66875 0.742188 0.0363464
14 0.596875 0.704688 0.80625 0.590625 0.0352783
3 0.614062 0.4125 0.771875 0.825 0.0324707
13 0.535937 0.582812 0.825 0.834375 0.0314941
17 0.354492 0.424609 0.708984 0.849219 0.0311432
21 0.326172 0.79375 0.317188 0.4125 0.0306702
20 0.714844 0.450781 0.570312 0.901563 0.0294189
14 0.644922 0.347656 0.710156 0.695312 0.028656
11 0.602344 0.483594 0.790625 0.882812 0.028656
20 0.438184 0.479297 0.442383 0.399219 0.0272675
13 0.446094 0.632422 0.81875 0.735156 0.0269623
13 0.602344 0.483594 0.790625 0.882812 0.0261536
0 0.407422 0.547754 0.675 0.598242 0.0256653
17 0.523828 0.297461 0.855469 0.594922 0.0247955
11 0.485938 0.632031 0.804688 0.735938 0.024704
17 0.571094 0.733203 0.857813 0.533594 0.0244293
13 0.716992 0.630469 0.566016 0.739062 0.0243378
11 0.666406 0.628906 0.667188 0.742188 0.0233307
11 0.616406 0.582812 0.767188 0.834375 0.0231476
14 0.450391 0.396094 0.424219 0.792188 0.0228882
1 0.602344 0.483594 0.790625 0.882812 0.0228424
3 0.357812 0.659766 0.715625 0.680469 0.0227203
20 0.735352 0.596094 0.529297 0.807813 0.0226288
22 0.363672 0.7125 0.727344 0.575 0.0226288
14 0.357812 0.659766 0.715625 0.680469 0.0225372
8 0.592188 0.582812 0.815625 0.834375 0.0222015
8 0.446094 0.632422 0.81875 0.735156 0.0212097
22 0.352734 0.409375 0.682031 0.81875 0.0211182
13 0.426563 0.525391 0.492188 0.510156 0.0210419
2 0.416016 0.536816 0.525 0.529492 0.0207214
13 0.387109 0.435937 0.753906 0.871875 0.0205688
9 0.433594 0.472266 0.765625 0.896094 0.0204926
22 0.571094 0.733203 0.857813 0.533594 0.0204926
10 0.535156 0.65625 0.810938 0.6875 0.0204163
1 0.416016 0.536816 0.525 0.529492 0.0203705
20 0.621484 0.295703 0.757031 0.591406 0.0202484
1 0.595313 0.325195 0.809375 0.650391 0.0202484
13 0.363867 0.586719 0.727734 0.826563 0.0202484
13 0.620313 0.424609 0.759375 0.849219 0.0201721
21 0.344141 0.525098 0.286719 0.407617 0.0200958
13 0.667188 0.555469 0.665625 0.889063 0.0200958
13 0.621875 0.704688 0.75625 0.590625 0.0198669
11 0.426563 0.525391 0.492188 0.510156 0.0197144
8 0.667188 0.555469 0.665625 0.889063 0.0197144
1 0.714844 0.532813 0.570312 0.934375 0.0196381
17 0.327148 0.60625 0.654297 0.7875 0.0191956
21 0.316748 0.735156 0.291504 0.403125 0.0190582
25 0.592578 0.60625 0.814844 0.7875 0.0189056
1 0.644531 0.679102 0.710938 0.641797 0.018692
11 0.395313 0.468359 0.764063 0.922656 0.0179138
10 0.475684 0.575 0.795508 0.85 0.0174408
14 0.714844 0.483984 0.570312 0.935156 0.0167236
10 0.616406 0.60625 0.767188 0.7875 0.0165253
22 0.523828 0.297461 0.855469 0.594922 0.0163422
8 0.360156 0.536719 0.720313 0.907813 0.0163422
22 0.450391 0.396094 0.424219 0.792188 0.0159607
8 0.667188 0.422656 0.665625 0.845313 0.0158997
0 0.456348 0.483594 0.413867 0.410938 0.0151901
25 0.614062 0.4125 0.771875 0.825 0.0150757
13 0.691016 0.449219 0.617969 0.898438 0.0148392
5 0.433594 0.533594 0.775 0.898438 0.0147858
8 0.712891 0.605469 0.574219 0.789062 0.0147324
11 0.50625 0.70625 0.8375 0.5875 0.0146179
22 0.741797 0.330859 0.516406 0.661719 0.0145569
13 0.373047 0.686719 0.746094 0.626563 0.0142288
22 0.327148 0.60625 0.654297 0.7875 0.014061
11 0.646875 0.45 0.70625 0.9 0.0140076
24 0.521484 0.557031 0.797656 0.835938 0.0139542
2 0.480078 0.572266 0.682031 0.664844 0.0133743
14 0.597266 0.296875 0.805469 0.59375 0.0131226
17 0.450391 0.396094 0.424219 0.792188 0.0130234
1 0.668359 0.292188 0.663281 0.584375 0.01297
11 0.363867 0.586719 0.727734 0.826563 0.012825
3 0.619141 0.324023 0.761719 0.648047 0.0125732
1 0.358984 0.444141 0.717969 0.888281 0.0125275
13 0.456348 0.483594 0.413867 0.410938 0.0124283
0 0.433594 0.472266 0.765625 0.896094 0.012146
19 0.316016 0.746875 0.292188 0.384375 0.0119171
25 0.592969 0.680273 0.814063 0.639453 0.0116425
13 0.665625 0.371094 0.66875 0.742188 0.0115967
25 0.666797 0.579688 0.666406 0.840625 0.0114212
17 0.591406 0.242578 0.771875 0.485156 0.0113297
17 0.326172 0.477344 0.652344 0.926562 0.0111618
1 0.327148 0.60625 0.654297 0.7875 0.0111618
0 0.616406 0.630469 0.767188 0.739062 0.0111618
8 0.602344 0.483594 0.790625 0.882812 0.0109482
24 0.602344 0.483594 0.790625 0.882812 0.0109024
8 0.373047 0.661133 0.746094 0.677734 0.0109024
11 0.690625 0.554688 0.61875 0.890625 0.0108185
9 0.521484 0.557031 0.797656 0.835938 0.0107346
21 0.487109 0.711719 0.269531 0.429688 0.0106964
16 0.407422 0.547754 0.675 0.598242 0.0106964
3 0.694141 0.653906 0.611719 0.692187 0.0105667
13 0.480469 0.736328 0.870313 0.527344 0.0105667
16 0.416016 0.536816 0.525 0.529492 0.0104065
1 0.428125 0.74043 0.85625 0.519141 0.0103302
19 0.341992 0.505469 0.283203 0.345313 0.0102081
17 0.741797 0.330859 0.516406 0.661719 0.01017
8 0.438184 0.479297 0.442383 0.399219 0.01017
1 0.316797 0.748438 0.633594 0.503125 0.00993347
1 0.766016 0.618066 0.467969 0.666992 0.00978088
25 0.483496 0.657031 0.798633 0.685938 0.00978088
20 0.354492 0.424609 0.708984 0.849219 0.00974274
10 0.595313 0.548438 0.809375 0.878125 0.00945282
3 0.766016 0.618066 0.467969 0.666992 0.00945282
20 0.523828 0.735547 0.864844 0.528906 0.00941467
21 0.498828 0.792188 0.276563 0.415625 0.00923157
3 0.735938 0.454688 0.528125 0.878125 0.0091629
13 0.619141 0.324023 0.761719 0.648047 0.00912476
17 0.392188 0.350391 0.784375 0.700781 0.00898743
16 0.609766 0.432422 0.775781 0.864844 0.00871277
22 0.374609 0.375977 0.749219 0.751953 0.0086441
20 0.766016 0.618066 0.467969 0.666992 0.0086441
10 0.689258 0.603906 0.621484 0.792188 0.00861359
24 0.480078 0.572266 0.682031 0.664844 0.00857544
14 0.692187 0.289844 0.615625 0.579688 0.0085144
11 0.373047 0.661133 0.746094 0.677734 0.00837708
10 0.646484 0.482031 0.707031 0.934375 0.00831604
1 0.422656 0.320312 0.845313 0.640625 0.008255
10 0.360156 0.536719 0.720313 0.907813 0.008255
1 0.374609 0.375977 0.749219 0.751953 0.00818634
1 0.526563 0.378906 0.885938 0.757812 0.00806427
20 0.327148 0.60625 0.654297 0.7875 0.00796509
8 0.621875 0.704688 0.75625 0.590625 0.00796509
8 0.644922 0.347656 0.710156 0.695312 0.00793457
0 0.689258 0.603906 0.621484 0.792188 0.00793457
22 0.326172 0.477344 0.652344 0.926562 0.0078125
14 0.476953 0.275195 0.852344 0.550391 0.00769424
11 0.69043 0.398438 0.619141 0.796875 0.00754929
21 0.485059 0.633203 0.283008 0.421094 0.00717545
8 0.352734 0.409375 0.682031 0.81875 0.00717545
17 0.316797 0.748438 0.633594 0.503125 0.00714874
8 0.425 0.70918 0.85 0.581641 0.00712204
14 0.327148 0.60625 0.654297 0.7875 0.00709534
10 0.438184 0.479297 0.442383 0.399219 0.00706482
3 0.692187 0.289844 0.615625 0.579688 0.00701141
16 0.666406 0.628906 0.667188 0.742188 0.00701141
1 0.329297 0.705469 0.658594 0.589063 0.00701141
1 0.413672 0.414062 0.648438 0.828125 0.0069313
3 0.450391 0.396094 0.424219 0.792188 0.0069046
1 0.326172 0.477344 0.652344 0.926562 0.0069046
14 0.735156 0.574609 0.529688 0.850781 0.00679779
11 0.621875 0.704688 0.75625 0.590625 0.00677109
3 0.339453 0.394531 0.678906 0.789062 0.00671768
14 0.355273 0.478125 0.710547 0.9375 0.00651169
5 0.456641 0.578223 0.702344 0.656055 0.00651169
13 0.450391 0.396094 0.424219 0.792188 0.0064888
1 0.735547 0.421875 0.528906 0.84375 0.00643921
0 0.521484 0.557031 0.797656 0.835938 0.00638962
13 0.523828 0.297461 0.855469 0.594922 0.00634003
19 0.529004 0.806445 0.329492 0.387109 0.00629044
1 0.450391 0.396094 0.424219 0.792188 0.00629044
21 0.416016 0.536816 0.525 0.529492 0.00626373
2 0.609766 0.432422 0.775781 0.864844 0.00624084
10 0.666406 0.396484 0.667188 0.792969 0.00619125
17 0.671094 0.732617 0.657813 0.534766 0.00619125
2 0.521484 0.557031 0.797656 0.835938 0.00612259
11 0.456348 0.483594 0.413867 0.410938 0.00609589
25 0.414062 0.583984 0.828125 0.832031 0.00609589
10 0.357812 0.659766 0.715625 0.680469 0.00602722
8 0.714844 0.483984 0.570312 0.935156 0.00600433
13 0.327148 0.654297 0.654297 0.691406 0.00600433
14 0.523828 0.735547 0.864844 0.528906 0.00600433
16 0.596875 0.704688 0.80625 0.590625 0.00595856
22 0.671094 0.732617 0.657813 0.534766 0.00595856
0 0.485938 0.632031 0.804688 0.735938 0.00591278
20 0.519922 0.325391 0.860156 0.650781 0.005867
10 0.620313 0.679688 0.759375 0.640625 0.00579834
16 0.456348 0.483594 0.413867 0.410938 0.00577545
10 0.416797 0.632031 0.833594 0.735938 0.00577545
25 0.691211 0.423828 0.617578 0.847656 0.00561905
19 0.495215 0.363477 0.354883 0.363672 0.0258636
19 0.508496 0.438281 0.358008 0.428906 0.0116882
16 0.488379 0.374805 0.363867 0.419141 0.00387001
12 0.41084 0.493359 0.53457 0.464844 0.00317192
16 0.498047 0.445703 0.35 0.390625 0.00314713
21 0.507422 0.425781 0.357031 0.447656 0.00286674
17 0.418359 0.477344 0.466406 0.401563 0.00275803
1 0.418359 0.477344 0.466406 0.401563 0.00261116
12 0.392969 0.480566 0.615625 0.648242 0.00260162
16 0.213672 0.0908203 0.417969 0.181641 0.00243378
19 0.554688 0.467871 0.320312 0.31582 0.0024147
12 0.464453 0.463281 0.758594 0.83125 0.00222588
22 0.418359 0.477344 0.466406 0.401563 0.00179577
21 0.495215 0.363477 0.354883 0.363672 0.00172043
4 0.41084 0.493359 0.53457 0.464844 0.0015974
2 0.427344 0.47666 0.442188 0.398242 0.00156116
19 0.213672 0.0908203 0.417969 0.181641 0.00149536
1 0.43125 0.498828 0.528125 0.635156 0.00139904
13 0.502734 0.460156 0.785156 0.817187 0.00135136
17 0.43125 0.498828 0.528125 0.635156 0.00134563
16 0.421094 0.457715 0.297656 0.323633 0.00126934
13 0.41084 0.493359 0.53457 0.464844 0.00126934
16 0.299219 0.0851074 0.454688 0.170215 0.00126457
16 0.550781 0.483984 0.301563 0.307031 0.00125504
22 0.43125 0.498828 0.528125 0.635156 0.00124931
1 0.502734 0.460156 0.785156 0.817187 0.00123024
13 0.43125 0.498828 0.528125 0.635156 0.00123024
19 0.530371 0.803906 0.333008 0.392188 0.0012207
16 0.41084 0.493359 0.53457 0.464844 0.00121593
11 0.41084 0.493359 0.53457 0.464844 0.00118828
0 0.427344 0.47666 0.442188 0.398242 0.00118351
1 0.378906 0.434766 0.585938 0.573438 0.00116062
12 0.441309 0.566406 0.648633 0.795313 0.0011425
12 0.419141 0.457422 0.444531 0.361719 0.00112057
11 0.502734 0.460156 0.785156 0.817187 0.00110722
20 0.41084 0.493359 0.53457 0.464844 0.00104046
21 0.496484 0.639844 0.314063 0.382812 0.00103188
14 0.41084 0.493359 0.53457 0.464844 0.00103188
13 0.516797 0.457031 0.357812 0.384375 0.00101662
16 0.831445 0.833398 0.337109 0.333203 0.00100422
24 0.474219 0.466016 0.55 0.371875 0.110107
11 0.463184 0.461328 0.454883 0.371875 0.0705566
19 0.491797 0.357031 0.292969 0.405469 0.0445251
13 0.488672 0.468066 0.478906 0.366992 0.0363464
16 0.488672 0.468066 0.478906 0.366992 0.0287628
19 0.488672 0.468066 0.478906 0.366992 0.0246124
5 0.488672 0.468066 0.478906 0.366992 0.0240479
22 0.517871 0.466406 0.368945 0.366406 0.0232391
9 0.488672 0.468066 0.478906 0.366992 0.0214539
19 0.331641 0.714453 0.244531 0.352344 0.0192719
20 0.488672 0.468066 0.478906 0.366992 0.0179901
1 0.511719 0.468652 0.355469 0.383008 0.0179138
12 0.499219 0.46709 0.428906 0.362695 0.0164032
17 0.517871 0.466406 0.368945 0.366406 0.0113754
22 0.474219 0.466016 0.55 0.371875 0.0112915
11 0.592188 0.434766 0.626563 0.450781 0.0109482
3 0.499219 0.46709 0.428906 0.362695 0.0104065
21 0.307617 0.718359 0.250391 0.360156 0.00828552
18 0.495703 0.465723 0.424219 0.387305 0.00828552
21 0.496484 0.475 0.575781 0.394531 0.00772476
1 0.505566 0.464941 0.53418 0.406055 0.00740433
4 0.511719 0.468652 0.355469 0.383008 0.00674438
14 0.495703 0.465723 0.424219 0.387305 0.0064888
19 0.329883 0.789062 0.248828 0.35625 0.00636292
6 0.463184 0.461328 0.454883 0.371875 0.00634003
19 0.504687 0.431934 0.299219 0.40957 0.00593567
20 0.434375 0.502344 0.460938 0.448438 0.00593567
0 0.51875 0.462598 0.353125 0.39043 0.00553513
4 0.417969 0.467578 0.453125 0.375781 0.00542831
8 0.499219 0.46709 0.428906 0.362695 0.0049057
22 0.592188 0.434766 0.626563 0.450781 0.00486755
17 0.474219 0.466016 0.55 0.371875 0.00468063
22 0.433691 0.53125 0.441992 0.503125 0.0046463
9 0.434375 0.502344 0.460938 0.448438 0.00436401
4 0.505566 0.464941 0.53418 0.406055 0.00426483
12 0.592188 0.434766 0.626563 0.450781 0.00405502
21 0.329492 0.763281 0.248828 0.353125 0.00400543
13 0.592188 0.434766 0.626563 0.450781 0.00397491
5 0.434375 0.502344 0.460938 0.448438 0.00397491
2 0.511719 0.468652 0.355469 0.383008 0.00388527
24 0.517871 0.466406 0.368945 0.366406 0.00376511
3 0.496484 0.475 0.575781 0.394531 0.00370789
1 0.640234 0.335156 0.719531 0.670313 0.00369263
25 0.517871 0.466406 0.368945 0.366406 0.00369263
1 0.592188 0.434766 0.626563 0.450781 0.00362206
21 0.494629 0.373047 0.306055 0.439844 0.00355148
19 0.501563 0.634375 0.283594 0.38125 0.00352478
16 0.515234 0.466797 0.335938 0.358594 0.00348282
16 0.592188 0.434766 0.626563 0.450781 0.00346947
1 0.42041 0.585938 0.456055 0.564063 0.00342941
16 0.434375 0.502344 0.460938 0.448438 0.00328636
0 0.592188 0.434766 0.626563 0.450781 0.00323486
1 0.540234 0.738281 0.392969 0.523438 0.00322342
19 0.500684 0.361914 0.27832 0.256641 0.00311089
25 0.474219 0.466016 0.55 0.371875 0.00309944
24 0.57959 0.448535 0.601758 0.466992 0.003088
12 0.549609 0.757031 0.419531 0.485938 0.00298119
17 0.592188 0.434766 0.626563 0.450781 0.0029583
4 0.592188 0.434766 0.626563 0.450781 0.00293541
0 0.640234 0.335156 0.719531 0.670313 0.00288963
1 0.468359 0.61875 0.588281 0.671875 0.00288963
21 0.334375 0.690234 0.239063 0.347656 0.00283432
2 0.490625 0.467285 0.538281 0.37793 0.00282288
13 0.307617 0.718359 0.250391 0.360156 0.00281143
0 0.505566 0.464941 0.53418 0.406055 0.00273705
11 0.640234 0.335156 0.719531 0.670313 0.00271416
13 0.494629 0.373047 0.306055 0.439844 0.00257111
23 0.474219 0.466016 0.55 0.371875 0.00251198
22 0.468359 0.61875 0.588281 0.671875 0.00250244
14 0.592188 0.434766 0.626563 0.450781 0.00245285
15 0.490625 0.467285 0.538281 0.37793 0.00244331
6 0.416797 0.522559 0.480469 0.495508 0.00244331
22 0.549609 0.742188 0.426563 0.515625 0.00243378
20 0.425 0.58125 0.49375 0.582812 0.00237846
21 0.499219 0.46709 0.428906 0.362695 0.00234222
3 0.592188 0.434766 0.626563 0.450781 0.00232315
17 0.549609 0.742188 0.426563 0.515625 0.00225258
6 0.592188 0.434766 0.626563 0.450781 0.00222588
19 0.539453 0.457813 0.285156 0.357031 0.00215721
14 0.434375 0.502344 0.460938 0.448438 0.00209999
7 0.474219 0.466016 0.55 0.371875 0.00205803
12 0.468359 0.61875 0.588281 0.671875 0.00205803
14 0.640234 0.335156 0.719531 0.670313 0.00204277
1 0.728906 0.398047 0.392188 0.483594 0.00198746
20 0.592188 0.434766 0.626563 0.450781 0.0019722
1 0.434375 0.502344 0.460938 0.448438 0.0019722
17 0.42041 0.585938 0.456055 0.564063 0.00196457
9 0.425 0.58125 0.49375 0.582812 0.00194168
11 0.549609 0.757031 0.419531 0.485938 0.00192642
5 0.57959 0.448535 0.601758 0.466992 0.00191879
12 0.42041 0.585938 0.456055 0.564063 0.00191879
12 0.669531 0.461719 0.660937 0.438281 0.00191212
22 0.760742 0.378125 0.478516 0.532813 0.00191212
13 0.434375 0.502344 0.460938 0.448438 0.00191212
1 0.669531 0.461719 0.660937 0.438281 0.00188923
17 0.468359 0.61875 0.588281 0.671875 0.00188923
12 0.640234 0.335156 0.719531 0.670313 0.00188255
13 0.425 0.58125 0.49375 0.582812 0.00188255
4 0.425 0.58125 0.49375 0.582812 0.00181007
12 0.478223 0.425098 0.491992 0.493555 0.00178909
0 0.669531 0.461719 0.660937 0.438281 0.00177479
17 0.640234 0.335156 0.719531 0.670313 0.00175476
13 0.515234 0.466797 0.335938 0.358594 0.0017271
2 0.640234 0.335156 0.719531 0.670313 0.00171375
22 0.713672 0.413965 0.491406 0.493945 0.00171375
2 0.592188 0.434766 0.626563 0.450781 0.0017004
10 0.488672 0.468066 0.478906 0.366992 0.00168705
12 0.508203 0.642188 0.811719 0.715625 0.00165462
21 0.433691 0.53125 0.441992 0.503125 0.0016489
14 0.549609 0.742188 0.426563 0.515625 0.0016489
21 0.509277 0.628906 0.311133 0.428125 0.00164223
13 0.549609 0.757031 0.419531 0.485938 0.00163555
16 0.425 0.58125 0.49375 0.582812 0.00162888
19 0.376563 0.44541 0.300781 0.40918 0.00161076
4 0.640234 0.335156 0.719531 0.670313 0.00160408
13 0.640234 0.335156 0.719531 0.670313 0.00159168
15 0.531641 0.466309 0.352344 0.35957 0.00158501
25 0.592188 0.434766 0.626563 0.450781 0.00157928
13 0.517578 0.632715 0.717969 0.69082 0.00154305
0 0.549609 0.742188 0.426563 0.515625 0.00152493
16 0.553906 0.785352 0.420312 0.429297 0.00150108
3 0.433691 0.53125 0.441992 0.503125 0.00148964
24 0.425 0.58125 0.49375 0.582812 0.00148392
0 0.528125 0.590625 0.416406 0.5625 0.00148392
1 0.760742 0.378125 0.478516 0.532813 0.0014782
12 0.713672 0.413965 0.491406 0.493945 0.0014782
22 0.640234 0.335156 0.719531 0.670313 0.00147247
15 0.434375 0.502344 0.460938 0.448438 0.00143814
11 0.762891 0.299609 0.474219 0.564844 0.00136662
11 0.42041 0.585938 0.456055 0.564063 0.00135136
5 0.425 0.58125 0.49375 0.582812 0.00135136
12 0.59375 0.721875 0.573438 0.55625 0.00134087
19 0.868164 0.810938 0.263672 0.378125 0.00133514
12 0.746094 0.412109 0.507812 0.611719 0.00133514
12 0.762891 0.299609 0.474219 0.564844 0.00132465
14 0.425 0.58125 0.49375 0.582812 0.00131512
25 0.425 0.58125 0.49375 0.582812 0.00129414
16 0.515723 0.506641 0.435742 0.517969 0.00128937
19 0.434375 0.502344 0.460938 0.448438 0.00126457
12 0.502734 0.703125 0.694531 0.59375 0.00126457
11 0.528125 0.590625 0.416406 0.5625 0.00122547
2 0.669531 0.461719 0.660937 0.438281 0.00121593
0 0.417969 0.467578 0.453125 0.375781 0.00121593
11 0.468359 0.61875 0.588281 0.671875 0.0012064
2 0.549609 0.742188 0.426563 0.515625 0.00120163
17 0.760742 0.378125 0.478516 0.532813 0.00119686
14 0.669531 0.461719 0.660937 0.438281 0.00119209
6 0.515723 0.506641 0.435742 0.517969 0.00118828
1 0.755664 0.283594 0.488672 0.567187 0.0011692
23 0.511719 0.468652 0.355469 0.383008 0.0011692
2 0.528125 0.590625 0.416406 0.5625 0.00116062
2 0.434375 0.502344 0.460938 0.448438 0.00114727
1 0.528125 0.590625 0.416406 0.5625 0.00114727
21 0.592188 0.434766 0.626563 0.450781 0.0011425
4 0.549609 0.742188 0.426563 0.515625 0.0011425
13 0.669531 0.461719 0.660937 0.438281 0.00113773
17 0.669531 0.461719 0.660937 0.438281 0.00113773
3 0.640234 0.335156 0.719531 0.670313 0.00113773
6 0.531641 0.466309 0.352344 0.35957 0.00113392
13 0.762891 0.299609 0.474219 0.564844 0.00113392
6 0.640234 0.335156 0.719531 0.670313 0.00112915
4 0.669531 0.461719 0.660937 0.438281 0.00112438
16 0.669531 0.461719 0.660937 0.438281 0.00112438
12 0.525 0.708594 0.371875 0.495313 0.0011158
15 0.592188 0.434766 0.626563 0.450781 0.00110722
20 0.549609 0.742188 0.426563 0.515625 0.0011034
1 0.59375 0.721875 0.573438 0.55625 0.00109005
25 0.549609 0.742188 0.426563 0.515625 0.00108624
13 0.713672 0.413965 0.491406 0.493945 0.00107765
1 0.344336 0.693359 0.291016 0.532031 0.00107288
19 0.471484 0.455469 0.272656 0.350781 0.00106907
14 0.728906 0.398047 0.392188 0.483594 0.00106907
7 0.517871 0.466406 0.368945 0.366406 0.00106525
19 0.57959 0.448535 0.601758 0.466992 0.00106525
11 0.713672 0.413965 0.491406 0.493945 0.00105667
14 0.762891 0.299609 0.474219 0.564844 0.00104809
9 0.592188 0.434766 0.626563 0.450781 0.00104046
17 0.713672 0.413965 0.491406 0.493945 0.00104046
14 0.528125 0.590625 0.416406 0.5625 0.00104046
11 0.59375 0.721875 0.573438 0.55625 0.00104046
14 0.478223 0.425098 0.491992 0.493555 0.00102806
12 0.674609 0.491797 0.650781 0.619531 0.00102425
1 0.737109 0.303906 0.403906 0.514063 0.00102043
11 0.539941 0.472754 0.463867 0.39043 0.00100803
12 0.437109 0.481348 0.507031 0.34668 0.0393372
12 0.482812 0.437891 0.590625 0.453906 0.0352783
24 0.444141 0.460059 0.539844 0.386133 0.0259552
13 0.482812 0.437891 0.590625 0.453906 0.0186462
13 0.437109 0.481348 0.507031 0.34668 0.0143356
6 0.444141 0.460059 0.539844 0.386133 0.0139542
19 0.496973 0.359766 0.262305 0.26875 0.0124283
16 0.466797 0.478125 0.461719 0.347656 0.0103302
19 0.490527 0.373828 0.24707 0.194531 0.0102081
11 0.435937 0.468359 0.564063 0.374219 0.00861359
7 0.444141 0.460059 0.539844 0.386133 0.008255
24 0.510156 0.509375 0.359375 0.253125 0.00787354
6 0.503906 0.504687 0.382812 0.299219 0.00577545
1 0.442871 0.466309 0.47207 0.417383 0.00575256
12 0.474902 0.453125 0.433008 0.4375 0.00526047
12 0.47666 0.35957 0.52793 0.638672 0.0050621
24 0.303711 0.101758 0.607422 0.203516 0.00494385
17 0.442871 0.466309 0.47207 0.417383 0.00455475
7 0.276953 0.100293 0.553906 0.200586 0.00428009
16 0.448047 0.416406 0.578906 0.478125 0.00407028
4 0.437109 0.481348 0.507031 0.34668 0.00391388
11 0.503906 0.504687 0.382812 0.299219 0.00385475
9 0.466797 0.478125 0.461719 0.347656 0.00367928
15 0.435937 0.468359 0.564063 0.374219 0.00340271
19 0.435937 0.468359 0.564063 0.374219 0.00336266
12 0.503906 0.504687 0.382812 0.299219 0.00327301
17 0.491016 0.493652 0.422656 0.318945 0.00317192
1 0.491016 0.493652 0.422656 0.318945 0.00314713
13 0.503906 0.504687 0.382812 0.299219 0.00312424
9 0.510156 0.509375 0.359375 0.253125 0.00307465
16 0.510156 0.509375 0.359375 0.253125 0.00307465
14 0.442871 0.466309 0.47207 0.417383 0.00300407
19 0.500781 0.345703 0.28125 0.365625 0.00275803
11 0.299219 0.105859 0.598437 0.211719 0.00264168
7 0.503906 0.504687 0.382812 0.299219 0.00257111
7 0.324219 0.111133 0.648438 0.222266 0.00248146
1 0.514063 0.774609 0.303906 0.450781 0.00243378
13 0.474902 0.453125 0.433008 0.4375 0.0024147
19 0.325391 0.960156 0.280469 0.0796875 0.00232315
24 0.449121 0.487402 0.45332 0.317383 0.00227928
13 0.47666 0.35957 0.52793 0.638672 0.00226021
23 0.444141 0.460059 0.539844 0.386133 0.00225258
3 0.442871 0.466309 0.47207 0.417383 0.00216484
2 0.442871 0.466309 0.47207 0.417383 0.00214005
25 0.442871 0.466309 0.47207 0.417383 0.00211525
6 0.449121 0.487402 0.45332 0.317383 0.00210762
6 0.276953 0.100293 0.553906 0.200586 0.0019722
20 0.437109 0.481348 0.507031 0.34668 0.00176144
19 0.316016 0.717188 0.232031 0.340625 0.0017004
12 0.411719 0.421484 0.585938 0.538281 0.00168705
18 0.276953 0.100293 0.553906 0.200586 0.00163555
5 0.437109 0.481348 0.507031 0.34668 0.00162315
4 0.482812 0.437891 0.590625 0.453906 0.00161076
13 0.555566 0.770117 0.40293 0.459766 0.00157356
2 0.48916 0.457031 0.363867 0.373437 0.00151253
22 0.514063 0.774609 0.303906 0.450781 0.00150108
0 0.48916 0.457031 0.363867 0.373437 0.00149536
18 0.444141 0.460059 0.539844 0.386133 0.00146675
11 0.474902 0.453125 0.433008 0.4375 0.00144386
15 0.491016 0.493652 0.422656 0.318945 0.00144386
9 0.448047 0.416406 0.578906 0.478125 0.00143814
11 0.47666 0.35957 0.52793 0.638672 0.0014267
14 0.299219 0.105859 0.598437 0.211719 0.00139904
3 0.491016 0.493652 0.422656 0.318945 0.00139904
14 0.491016 0.493652 0.422656 0.318945 0.00133038
17 0.514063 0.774609 0.303906 0.450781 0.00131512
22 0.442871 0.466309 0.47207 0.417383 0.00129414
0 0.442871 0.466309 0.47207 0.417383 0.00127888
25 0.491016 0.493652 0.422656 0.318945 0.00126457
12 0.527441 0.772852 0.34043 0.454297 0.00126457
23 0.276953 0.100293 0.553906 0.200586 0.0012207
24 0.212891 0.0911133 0.425781 0.182227 0.00121593
13 0.299219 0.105859 0.598437 0.211719 0.0012064
19 0.496875 0.434766 0.299219 0.404687 0.00119209
22 0.491016 0.493652 0.422656 0.318945 0.00118351
19 0.534375 0.458203 0.273438 0.33125 0.00116062
4 0.474902 0.453125 0.433008 0.4375 0.00116062
15 0.276953 0.100293 0.553906 0.200586 0.00114727
12 0.474316 0.485156 0.638867 0.651563 0.00112438
1 0.505566 0.759766 0.424805 0.480469 0.0011158
12 0.538965 0.410938 0.66582 0.801562 0.00109005
15 0.324219 0.111133 0.648438 0.222266 0.00108624
4 0.503906 0.504687 0.382812 0.299219 0.00106049
6 0.324219 0.111133 0.648438 0.222266 0.00102425
19 0.499219 0.365234 0.29375 0.413281 0.0411377
4 0.489453 0.463281 0.291406 0.346875 0.0297546
12 0.471875 0.469531 0.365625 0.382812 0.0245209
14 0.478125 0.477344 0.309375 0.389062 0.0224609
4 0.470313 0.404004 0.63125 0.526367 0.0223236
11 0.525781 0.401563 0.648438 0.549219 0.0218658
0 0.484766 0.463672 0.269531 0.350781 0.0185852
24 0.539062 0.365234 0.696875 0.582031 0.0185394
2 0.478125 0.477344 0.309375 0.389062 0.0185089
14 0.525781 0.401563 0.648438 0.549219 0.0166626
25 0.484766 0.463672 0.269531 0.350781 0.0145569
6 0.489063 0.386328 0.645312 0.525781 0.0137405
19 0.500391 0.369141 0.271875 0.288281 0.011467
7 0.489063 0.386328 0.645312 0.525781 0.011116
21 0.494922 0.379297 0.296875 0.40625 0.0107803
23 0.489453 0.463281 0.291406 0.346875 0.0102921
14 0.606641 0.352734 0.667969 0.658594 0.0102921
12 0.470313 0.404004 0.63125 0.526367 0.0100937
17 0.489453 0.463281 0.291406 0.346875 0.00985718
9 0.470313 0.404004 0.63125 0.526367 0.00963593
11 0.606641 0.352734 0.667969 0.658594 0.0091629
13 0.470313 0.404004 0.63125 0.526367 0.00898743
4 0.606641 0.352734 0.667969 0.658594 0.00891876
2 0.606641 0.352734 0.667969 0.658594 0.00800323
12 0.484766 0.463672 0.269531 0.350781 0.00787354
25 0.471875 0.469531 0.365625 0.382812 0.00695801
0 0.606641 0.352734 0.667969 0.658594 0.00643921
8 0.489453 0.463281 0.291406 0.346875 0.00638962
23 0.470313 0.404004 0.63125 0.526367 0.00605011
0 0.471875 0.469531 0.365625 0.382812 0.00591278
2 0.470313 0.404004 0.63125 0.526367 0.00588989
3 0.471875 0.469531 0.365625 0.382812 0.00564194
11 0.478125 0.477344 0.309375 0.389062 0.0055542
18 0.470313 0.404004 0.63125 0.526367 0.00527954
6 0.588965 0.366211 0.723633 0.615234 0.0051384
3 0.484766 0.463672 0.269531 0.350781 0.00486755
16 0.470313 0.404004 0.63125 0.526367 0.00482941
7 0.588965 0.366211 0.723633 0.615234 0.00432968
24 0.490527 0.408203 0.54707 0.482031 0.00429916
15 0.470313 0.404004 0.63125 0.526367 0.0042305
12 0.462109 0.415625 0.457031 0.5 0.00376511
24 0.523828 0.512402 0.399219 0.27832 0.0036068
1 0.478125 0.477344 0.309375 0.389062 0.00358009
14 0.491016 0.430078 0.267188 0.307031 0.00351143
9 0.471875 0.469531 0.365625 0.382812 0.00345612
12 0.606641 0.352734 0.667969 0.658594 0.00342941
0 0.616016 0.408594 0.641406 0.470313 0.00332451
25 0.606641 0.352734 0.667969 0.658594 0.00332451
16 0.471875 0.469531 0.365625 0.382812 0.00329781
15 0.471875 0.469531 0.365625 0.382812 0.00321007
6 0.478125 0.477344 0.309375 0.389062 0.00314713
20 0.478125 0.477344 0.309375 0.389062 0.00309944
9 0.577734 0.361914 0.716406 0.644922 0.003088
15 0.577734 0.361914 0.716406 0.644922 0.00290108
4 0.616016 0.408594 0.641406 0.470313 0.00288963
21 0.509375 0.629297 0.296094 0.388281 0.00287819
13 0.462109 0.415625 0.457031 0.5 0.00286674
19 0.489063 0.386328 0.645312 0.525781 0.00282288
17 0.606641 0.352734 0.667969 0.658594 0.00281143
12 0.616016 0.408594 0.641406 0.470313 0.00275803
2 0.616016 0.408594 0.641406 0.470313 0.00253105
6 0.523828 0.512402 0.399219 0.27832 0.00252151
13 0.577734 0.361914 0.716406 0.644922 0.00245285
13 0.495703 0.464453 0.317969 0.38125 0.00244331
15 0.484766 0.463672 0.269531 0.350781 0.00240517
10 0.489453 0.463281 0.291406 0.346875 0.00235939
2 0.491016 0.430078 0.267188 0.307031 0.00234222
1 0.606641 0.352734 0.667969 0.658594 0.00234222
5 0.470313 0.404004 0.63125 0.526367 0.00234222
24 0.619141 0.368945 0.761719 0.708203 0.00232315
14 0.616016 0.408594 0.641406 0.470313 0.00217438
25 0.470313 0.404004 0.63125 0.526367 0.00212479
11 0.462109 0.415625 0.457031 0.5 0.00206757
3 0.606641 0.352734 0.667969 0.658594 0.00195694
19 0.710938 0.2625 0.303125 0.377344 0.00188923
3 0.470313 0.404004 0.63125 0.526367 0.00188255
22 0.471875 0.469531 0.365625 0.382812 0.00186729
18 0.577734 0.361914 0.716406 0.644922 0.00182438
11 0.616016 0.408594 0.641406 0.470313 0.0018177
8 0.606641 0.352734 0.667969 0.658594 0.00170708
7 0.537402 0.513672 0.429883 0.277344 0.0016613
19 0.515527 0.646094 0.326758 0.417188 0.00161076
16 0.484766 0.463672 0.269531 0.350781 0.00161076
20 0.470313 0.404004 0.63125 0.526367 0.00153065
20 0.606641 0.352734 0.667969 0.658594 0.00148964
7 0.489453 0.463281 0.291406 0.346875 0.00144386
5 0.471875 0.469531 0.365625 0.382812 0.00143242
18 0.471875 0.469531 0.365625 0.382812 0.00141048
16 0.606641 0.352734 0.667969 0.658594 0.00138283
21 0.477441 0.598437 0.29668 0.3875 0.00137806
0 0.470313 0.404004 0.63125 0.526367 0.00137806
17 0.616016 0.408594 0.641406 0.470313 0.00130463
9 0.523828 0.512402 0.399219 0.27832 0.00129986
15 0.638281 0.348047 0.723437 0.696094 0.00127411
15 0.616016 0.408594 0.641406 0.470313 0.00124454
9 0.484766 0.463672 0.269531 0.350781 0.00123501
1 0.616016 0.408594 0.641406 0.470313 0.00122547
6 0.616016 0.408594 0.641406 0.470313 0.00113392
17 0.485156 0.408984 0.532813 0.500781 0.00109005
23 0.606641 0.352734 0.667969 0.658594 0.00104046
25 0.496484 0.450781 0.310156 0.33125 0.0888062
13 0.48916 0.449219 0.332617 0.36875 0.0797729
12 0.500879 0.453809 0.323242 0.356445 0.0753174
23 0.500879 0.453809 0.323242 0.356445 0.0538025
6 0.507129 0.484766 0.335742 0.277344 0.0538025
14 0.496484 0.450781 0.310156 0.33125 0.035675
16 0.500879 0.453809 0.323242 0.356445 0.0321045
9 0.494922 0.454688 0.338281 0.347656 0.0292053
15 0.500879 0.453809 0.323242 0.356445 0.0250854
4 0.494922 0.454688 0.338281 0.347656 0.0245209
12 0.468359 0.418066 0.474219 0.456055 0.0237732
2 0.496484 0.450781 0.310156 0.33125 0.0228882
17 0.496484 0.450781 0.310156 0.33125 0.0201721
0 0.508594 0.453906 0.3375 0.33125 0.019455
3 0.499121 0.45 0.298633 0.33125 0.0141754
19 0.486328 0.345313 0.282813 0.320312 0.0135345
13 0.468359 0.418066 0.474219 0.456055 0.0135345
7 0.503906 0.482422 0.334375 0.305469 0.0112915
5 0.500879 0.453809 0.323242 0.356445 0.00803375
16 0.505371 0.500781 0.329883 0.241406 0.00800323
8 0.50166 0.45625 0.313867 0.348438 0.00796509
20 0.496484 0.450781 0.310156 0.33125 0.00787354
6 0.48916 0.449219 0.332617 0.36875 0.00787354
23 0.505371 0.500781 0.329883 0.241406 0.00766754
11 0.498437 0.466406 0.344531 0.340625 0.00714874
1 0.488184 0.451562 0.306445 0.328125 0.00701141
9 0.505371 0.500781 0.329883 0.241406 0.00695801
24 0.505371 0.500781 0.329883 0.241406 0.00674438
10 0.494922 0.454688 0.338281 0.347656 0.00542831
4 0.505371 0.500781 0.329883 0.241406 0.00534439
24 0.500879 0.453809 0.323242 0.356445 0.00482941
19 0.503906 0.482422 0.334375 0.305469 0.0046463
18 0.500879 0.453809 0.323242 0.356445 0.00359344
0 0.492969 0.499219 0.303125 0.246875 0.00323486
2 0.505371 0.500781 0.329883 0.241406 0.00309944
15 0.505371 0.500781 0.329883 0.241406 0.00228691
20 0.505371 0.500781 0.329883 0.241406 0.00227928
1 0.501172 0.430469 0.478906 0.403125 0.00184631
16 0.468359 0.418066 0.474219 0.456055 0.00183105
15 0.468359 0.418066 0.474219 0.456055 0.00177479
17 0.468359 0.418066 0.474219 0.456055 0.0017004
25 0.505371 0.500781 0.329883 0.241406 0.0016613
0 0.495703 0.407422 0.299219 0.277344 0.00162888
12 0.495703 0.407422 0.299219 0.277344 0.00161076
11 0.516016 0.442578 0.433594 0.374219 0.00155449
19 0.486816 0.377441 0.26543 0.19043 0.00154877
10 0.505371 0.500781 0.329883 0.241406 0.00154877
11 0.468359 0.418066 0.474219 0.456055 0.00145531
18 0.505371 0.500781 0.329883 0.241406 0.00144386
5 0.505371 0.500781 0.329883 0.241406 0.00143242
14 0.468359 0.418066 0.474219 0.456055 0.00141048
3 0.505371 0.500781 0.329883 0.241406 0.00137806
11 0.505371 0.500781 0.329883 0.241406 0.00136185
4 0.468359 0.418066 0.474219 0.456055 0.00132465
2 0.515234 0.439941 0.420312 0.37793 0.00121593
14 0.515234 0.439941 0.420312 0.37793 0.0011158
21 0.508594 0.453906 0.3375 0.33125 0.00111198
22 0.510156 0.452734 0.370313 0.345313 0.00104809
16 0.486328 0.345313 0.282813 0.320312 0.00104046
0 0.516016 0.442578 0.433594 0.374219 0.00103188
12 0.458984 0.380078 0.402344 0.509375 0.369385
25 0.500879 0.445996 0.29043 0.37832 0.336426
12 0.494922 0.44541 0.290625 0.356055 0.329346
13 0.458984 0.380078 0.402344 0.509375 0.141724
13 0.492188 0.425781 0.315625 0.403906 0.112
14 0.49541 0.449219 0.293555 0.379688 0.0930176
17 0.501172 0.444531 0.291406 0.35625 0.0402527
2 0.494434 0.432031 0.279883 0.326562 0.0367737
4 0.494922 0.44541 0.290625 0.356055 0.0340881
0 0.502344 0.422266 0.274219 0.303906 0.0278015
23 0.49541 0.449219 0.293555 0.379688 0.0202484
3 0.500879 0.445996 0.29043 0.37832 0.0194244
15 0.494922 0.44541 0.290625 0.356055 0.0184784
20 0.501172 0.444531 0.291406 0.35625 0.0155411
9 0.501172 0.444531 0.291406 0.35625 0.0137939
17 0.458984 0.380078 0.402344 0.509375 0.0137405
12 0.471875 0.370703 0.525 0.592969 0.0104904
1 0.494922 0.44541 0.290625 0.356055 0.0104523
12 0.444531 0.478125 0.371875 0.323438 0.0104065
22 0.501172 0.444531 0.291406 0.35625 0.00997162
10 0.49541 0.449219 0.293555 0.379688 0.00952148
15 0.458984 0.380078 0.402344 0.509375 0.00926971
12 0.474609 0.508984 0.300781 0.255469 0.00926971
25 0.458984 0.380078 0.402344 0.509375 0.00881195
5 0.494922 0.44541 0.290625 0.356055 0.00857544
16 0.484375 0.423438 0.324219 0.407031 0.00766754
12 0.642188 0.353125 0.715625 0.70625 0.00748825
13 0.444531 0.478125 0.371875 0.323438 0.00720596
8 0.500879 0.445996 0.29043 0.37832 0.00714874
4 0.458984 0.380078 0.402344 0.509375 0.00701141
1 0.458984 0.380078 0.402344 0.509375 0.00651169
2 0.484375 0.423438 0.324219 0.407031 0.00629044
13 0.474609 0.508984 0.300781 0.255469 0.00629044
6 0.498828 0.444629 0.320312 0.363867 0.00614548
16 0.458984 0.380078 0.402344 0.509375 0.00530243
6 0.474609 0.508984 0.300781 0.255469 0.0051384
12 0.614941 0.340234 0.637305 0.646875 0.0050621
4 0.642188 0.353125 0.715625 0.70625 0.00498199
4 0.614941 0.340234 0.637305 0.646875 0.0046463
23 0.458984 0.380078 0.402344 0.509375 0.0046463
14 0.474609 0.437891 0.389062 0.435156 0.00421524
1 0.490234 0.492285 0.317969 0.288867 0.00419998
17 0.490234 0.492285 0.317969 0.288867 0.00413513
15 0.474609 0.508984 0.300781 0.255469 0.0041008
0 0.642188 0.353125 0.715625 0.70625 0.00367928
0 0.484375 0.423438 0.324219 0.407031 0.00356483
8 0.49541 0.525391 0.263867 0.2625 0.00353813
5 0.458984 0.380078 0.402344 0.509375 0.00352478
14 0.642188 0.353125 0.715625 0.70625 0.00342941
4 0.474609 0.508984 0.300781 0.255469 0.00337601
11 0.614941 0.340234 0.637305 0.646875 0.00321007
15 0.614941 0.340234 0.637305 0.646875 0.00319672
1 0.49541 0.525391 0.263867 0.2625 0.00319672
15 0.642188 0.353125 0.715625 0.70625 0.00301552
7 0.490234 0.442188 0.290625 0.352344 0.00298119
2 0.642188 0.353125 0.715625 0.70625 0.00288963
19 0.497266 0.371094 0.264844 0.245312 0.00277901
16 0.474609 0.508984 0.300781 0.255469 0.0027256
18 0.494922 0.451172 0.294531 0.383594 0.00263214
6 0.458984 0.380078 0.402344 0.509375 0.00257111
1 0.444531 0.478125 0.371875 0.323438 0.00253105
11 0.484375 0.423438 0.324219 0.407031 0.00245285
11 0.458984 0.380078 0.402344 0.509375 0.00245285
16 0.444531 0.478125 0.371875 0.323438 0.00245285
0 0.614941 0.340234 0.637305 0.646875 0.00243378
15 0.444531 0.478125 0.371875 0.323438 0.0024147
17 0.444531 0.478125 0.371875 0.323438 0.00235939
6 0.444531 0.478125 0.371875 0.323438 0.00234985
4 0.444531 0.478125 0.371875 0.323438 0.00232315
0 0.463281 0.376953 0.419531 0.524219 0.00230598
0 0.49541 0.525391 0.263867 0.2625 0.00227928
16 0.502344 0.422266 0.274219 0.303906 0.00222588
14 0.614941 0.340234 0.637305 0.646875 0.00220871
19 0.497656 0.374219 0.283594 0.345313 0.00217438
11 0.642188 0.353125 0.715625 0.70625 0.00214958
3 0.458984 0.380078 0.402344 0.509375 0.00213242
25 0.614941 0.340234 0.637305 0.646875 0.00211525
2 0.463281 0.376953 0.419531 0.524219 0.00201988
25 0.474609 0.508984 0.300781 0.255469 0.00201035
13 0.471875 0.370703 0.525 0.592969 0.00200272
21 0.506641 0.446875 0.286719 0.357812 0.00195694
9 0.474609 0.508984 0.300781 0.255469 0.00195694
23 0.444531 0.478125 0.371875 0.323438 0.00191212
20 0.458984 0.380078 0.402344 0.509375 0.00186729
22 0.458984 0.380078 0.402344 0.509375 0.00186062
23 0.474609 0.508984 0.300781 0.255469 0.00178242
1 0.642188 0.353125 0.715625 0.70625 0.00175476
9 0.458984 0.380078 0.402344 0.509375 0.0017004
25 0.642188 0.353125 0.715625 0.70625 0.00165462
3 0.474609 0.508984 0.300781 0.255469 0.00164223
13 0.614941 0.340234 0.637305 0.646875 0.00157928
12 0.553125 0.373047 0.51875 0.549219 0.00156116
22 0.493359 0.539844 0.260156 0.267188 0.00154877
14 0.454785 0.380469 0.44043 0.521875 0.00150681
0 0.490234 0.492285 0.317969 0.288867 0.00146675
5 0.479785 0.523438 0.257617 0.265625 0.00143814
2 0.490234 0.492285 0.317969 0.288867 0.00142097
2 0.614941 0.340234 0.637305 0.646875 0.00137234
0 0.444531 0.478125 0.371875 0.323438 0.00134563
14 0.474609 0.508984 0.300781 0.255469 0.00133038
24 0.484375 0.423438 0.324219 0.407031 0.00132465
17 0.49541 0.525391 0.263867 0.2625 0.00131989
3 0.444531 0.478125 0.371875 0.323438 0.00125504
19 0.494922 0.44541 0.290625 0.356055 0.00124454
20 0.479785 0.523438 0.257617 0.265625 0.00123501
6 0.642188 0.353125 0.715625 0.70625 0.00119209
15 0.471875 0.370703 0.525 0.592969 0.00119209
21 0.479785 0.530859 0.282617 0.266406 0.00117397
13 0.642188 0.353125 0.715625 0.70625 0.0011692
11 0.553125 0.373047 0.51875 0.549219 0.00116539
24 0.458984 0.380078 0.402344 0.509375 0.00116062
6 0.614941 0.340234 0.637305 0.646875 0.0011158
22 0.490234 0.492285 0.317969 0.288867 0.00111198
20 0.490234 0.492285 0.317969 0.288867 0.00110722
17 0.614941 0.340234 0.637305 0.646875 0.00109863
9 0.444531 0.478125 0.371875 0.323438 0.00103664
5 0.490234 0.492285 0.317969 0.288867 0.00103664
2 0.479785 0.523438 0.257617 0.265625 0.00103188
9 0.614941 0.340234 0.637305 0.646875 0.00102425
11 0.502344 0.422266 0.274219 0.303906 0.00100422
2 0.444531 0.478125 0.371875 0.323438 0.00100422
12 0.494922 0.451172 0.259375 0.353906 0.119995
13 0.490723 0.440234 0.307617 0.389844 0.105957
12 0.478125 0.391016 0.409375 0.507031 0.0806274
13 0.478125 0.391016 0.409375 0.507031 0.053009
25 0.501953 0.451465 0.257031 0.34707 0.0488586
17 0.501953 0.451465 0.257031 0.34707 0.0303345
12 0.508984 0.339453 0.475 0.678906 0.0125275
14 0.502344 0.452734 0.253125 0.339844 0.00812531
1 0.501953 0.451465 0.257031 0.34707 0.00548935
0 0.502344 0.452734 0.253125 0.339844 0.00534439
3 0.501953 0.451465 0.257031 0.34707 0.00518036
4 0.492578 0.451465 0.258594 0.336133 0.0050621
2 0.502344 0.452734 0.253125 0.339844 0.0050621
15 0.494922 0.451172 0.259375 0.353906 0.00453949
8 0.502344 0.452734 0.253125 0.339844 0.00436401
13 0.476562 0.361328 0.507812 0.625781 0.00424957
10 0.501953 0.451465 0.257031 0.34707 0.00342941
22 0.501953 0.451465 0.257031 0.34707 0.00290108
20 0.501953 0.451465 0.257031 0.34707 0.00282288
23 0.502344 0.452734 0.253125 0.339844 0.00242424
12 0.49541 0.437891 0.351367 0.400781 0.0024147
16 0.501953 0.451465 0.257031 0.34707 0.00208282
6 0.501953 0.451465 0.257031 0.34707 0.00188255
17 0.504687 0.424219 0.303125 0.428125 0.00172043
15 0.478125 0.391016 0.409375 0.507031 0.0016613
9 0.501953 0.451465 0.257031 0.34707 0.00164223
12 0.649707 0.352734 0.700586 0.705469 0.00160408
12 0.426172 0.359375 0.692969 0.71875 0.00158501
5 0.494922 0.451172 0.259375 0.353906 0.00151253
14 0.504687 0.424219 0.303125 0.428125 0.00132465
17 0.500391 0.378125 0.249219 0.208594 0.00122547
1 0.504687 0.424219 0.303125 0.428125 0.0012064
25 0.504687 0.424219 0.303125 0.428125 0.00108147
13 0.490234 0.453125 0.28125 0.388281 0.392334
12 0.490625 0.457715 0.270313 0.367383 0.351318
12 0.478125 0.4375 0.342187 0.428125 0.19873
25 0.496973 0.452441 0.251367 0.351367 0.129883
14 0.48916 0.451562 0.260742 0.351562 0.0486755
17 0.496973 0.452441 0.251367 0.351367 0.0433655
23 0.490625 0.457715 0.270313 0.367383 0.0244293
2 0.48916 0.451562 0.260742 0.351562 0.0213623
4 0.48916 0.451562 0.260742 0.351562 0.0121002
13 0.460547 0.439063 0.432813 0.44375 0.0100937
8 0.496973 0.452441 0.251367 0.351367 0.00955963
14 0.492188 0.406641 0.242188 0.253906 0.00419998
3 0.496973 0.452441 0.251367 0.351367 0.00388527
0 0.496973 0.452441 0.251367 0.351367 0.00352478
5 0.48916 0.451562 0.260742 0.351562 0.00345612
16 0.496973 0.457422 0.256055 0.363281 0.00337601
15 0.490625 0.457715 0.270313 0.367383 0.0024929
2 0.492188 0.406641 0.242188 0.253906 0.00221634
13 0.490625 0.489453 0.313281 0.284375 0.00216484
1 0.496973 0.457422 0.256055 0.363281 0.00214958
25 0.498828 0.403516 0.238281 0.246094 0.00200272
17 0.498828 0.403516 0.238281 0.246094 0.00196457
12 0.628516 0.372266 0.742969 0.744531 0.00191212
20 0.496973 0.457422 0.256055 0.363281 0.00161648
22 0.496973 0.457422 0.256055 0.363281 0.0015974
9 0.496973 0.452441 0.251367 0.351367 0.00157928
10 0.496973 0.457422 0.256055 0.363281 0.00141048
12 0.435547 0.372656 0.514063 0.623438 0.00127411
23 0.478125 0.4375 0.342187 0.428125 0.00110722
15 0.478125 0.4375 0.342187 0.428125 0.00105286
12 0.500098 0.458984 0.318555 0.357812 0.459961
13 0.500098 0.458984 0.318555 0.357812 0.450439
13 0.539844 0.463281 0.229687 0.330469 0.0587769
15 0.500098 0.458984 0.318555 0.357812 0.0328369
25 0.503906 0.467187 0.284375 0.355469 0.0299835
12 0.478516 0.401953 0.483594 0.544531 0.0294189
17 0.501563 0.456152 0.288281 0.35332 0.0247955
12 0.539844 0.463281 0.229687 0.330469 0.0222931
23 0.501563 0.456152 0.288281 0.35332 0.0212097
15 0.512598 0.514844 0.287305 0.253906 0.0175171
17 0.539844 0.463281 0.229687 0.330469 0.0153656
13 0.478516 0.401953 0.483594 0.544531 0.012291
4 0.512598 0.514844 0.287305 0.253906 0.0109863
23 0.512598 0.514844 0.287305 0.253906 0.00754929
15 0.539844 0.463281 0.229687 0.330469 0.00723267
9 0.501563 0.456152 0.288281 0.35332 0.00717545
14 0.503906 0.467187 0.284375 0.355469 0.00634003
17 0.512598 0.514844 0.287305 0.253906 0.00619125
4 0.501563 0.46084 0.279687 0.351758 0.00605011
17 0.547656 0.526563 0.2125 0.223438 0.00582123
0 0.512598 0.514844 0.287305 0.253906 0.00572968
13 0.547656 0.526563 0.2125 0.223438 0.00547028
12 0.50459 0.521875 0.339258 0.246875 0.00536346
9 0.512598 0.514844 0.287305 0.253906 0.00534439
13 0.512598 0.514844 0.287305 0.253906 0.0051384
2 0.503906 0.467187 0.284375 0.355469 0.00502014
15 0.547656 0.526563 0.2125 0.223438 0.00460815
8 0.547656 0.526563 0.2125 0.223438 0.00448608
23 0.487109 0.439941 0.357812 0.420117 0.00432968
6 0.528125 0.519531 0.253906 0.20625 0.00399017
4 0.547656 0.526563 0.2125 0.223438 0.0039444
23 0.539844 0.463281 0.229687 0.330469 0.00367928
0 0.501563 0.46084 0.279687 0.351758 0.00355148
8 0.512598 0.514844 0.287305 0.253906 0.00348282
12 0.547656 0.526563 0.2125 0.223438 0.00286674
3 0.501563 0.456152 0.288281 0.35332 0.00270462
8 0.501563 0.46084 0.279687 0.351758 0.00257111
0 0.547656 0.526563 0.2125 0.223438 0.00253105
4 0.539844 0.463281 0.229687 0.330469 0.0024147
8 0.539844 0.463281 0.229687 0.330469 0.00226974
6 0.501563 0.456152 0.288281 0.35332 0.00222588
9 0.539844 0.463281 0.229687 0.330469 0.00215721
3 0.512598 0.514844 0.287305 0.253906 0.00214958
23 0.547656 0.526563 0.2125 0.223438 0.00211525
6 0.539844 0.463281 0.229687 0.330469 0.00209045
12 0.536719 0.433984 0.31875 0.411719 0.00208282
10 0.512598 0.514844 0.287305 0.253906 0.00206757
3 0.539844 0.463281 0.229687 0.330469 0.00200272
16 0.501563 0.456152 0.288281 0.35332 0.00194168
10 0.501563 0.456152 0.288281 0.35332 0.00171375
25 0.512598 0.514844 0.287305 0.253906 0.00168705
12 0.630078 0.369922 0.611719 0.647656 0.00160408
13 0.536719 0.433984 0.31875 0.411719 0.00156116
1 0.547656 0.526563 0.2125 0.223438 0.00156116
3 0.547656 0.526563 0.2125 0.223438 0.00150681
25 0.547656 0.526563 0.2125 0.223438 0.00148964
1 0.495703 0.472559 0.307031 0.370508 0.00141048
10 0.547656 0.526563 0.2125 0.223438 0.00140476
6 0.50459 0.521875 0.339258 0.246875 0.00137806
9 0.547656 0.526563 0.2125 0.223438 0.00136185
10 0.539844 0.463281 0.229687 0.330469 0.00133514
5 0.528125 0.519531 0.253906 0.20625 0.00130939
20 0.501563 0.456152 0.288281 0.35332 0.00127411
0 0.539844 0.463281 0.229687 0.330469 0.00125504
15 0.478516 0.401953 0.483594 0.544531 0.00123978
1 0.503516 0.526563 0.33125 0.225 0.00121593
24 0.500098 0.458984 0.318555 0.357812 0.0012064
5 0.500098 0.458984 0.318555 0.357812 0.00119209
16 0.539844 0.463281 0.229687 0.330469 0.00113392
14 0.512598 0.514844 0.287305 0.253906 0.00102425
12 0.490625 0.448828 0.291406 0.379688 0.789062
13 0.490625 0.448828 0.291406 0.379688 0.668945
12 0.455078 0.422656 0.442969 0.474219 0.100525
13 0.455078 0.422656 0.442969 0.474219 0.0552063
25 0.503516 0.456641 0.269531 0.341406 0.0538025
15 0.497656 0.452734 0.28125 0.367969 0.0363464
17 0.503516 0.456641 0.269531 0.341406 0.0262604
23 0.497656 0.452734 0.28125 0.367969 0.0183411
14 0.495703 0.460938 0.2875 0.357812 0.0112915
13 0.516797 0.488379 0.280469 0.298242 0.00978088
4 0.495703 0.460938 0.2875 0.357812 0.00818634
2 0.503516 0.456641 0.269531 0.341406 0.00411606
15 0.455078 0.422656 0.442969 0.474219 0.00397491
12 0.441309 0.369922 0.51582 0.628125 0.00353813
12 0.516797 0.488379 0.280469 0.298242 0.00265312
13 0.502734 0.352734 0.494531 0.609375 0.00230598
0 0.503516 0.456641 0.269531 0.341406 0.00225258
12 0.625781 0.378125 0.748438 0.75625 0.00202751
17 0.463379 0.443066 0.34668 0.406055 0.00176144
8 0.503516 0.453516 0.271875 0.361719 0.00175476
5 0.497656 0.452734 0.28125 0.367969 0.00165462
1 0.495703 0.460938 0.2875 0.357812 0.00156689
9 0.503516 0.453516 0.271875 0.361719 0.00150681
0 0.5 0.5125 0.275 0.274219 0.00141621
6 0.5 0.5125 0.275 0.274219 0.00140476
4 0.5 0.5125 0.275 0.274219 0.00117397
3 0.482422 0.474609 0.326562 0.327344 0.0011692
17 0.497656 0.397266 0.253125 0.234375 0.00105667
19 0.499219 0.357617 0.275 0.276953 0.00102425
12 0.498535 0.440234 0.301367 0.389062 0.95166
13 0.498535 0.440234 0.301367 0.389062 0.932617
25 0.500684 0.447266 0.287695 0.376563 0.712402
13 0.477441 0.423438 0.40918 0.442969 0.0903931
23 0.496777 0.449609 0.29082 0.377344 0.0897827
15 0.496777 0.449609 0.29082 0.377344 0.0766602
14 0.494531 0.456641 0.288281 0.370313 0.0607605
12 0.453027 0.435547 0.45332 0.453906 0.0544128
4 0.494531 0.456641 0.288281 0.370313 0.0526123
17 0.500098 0.452734 0.28418 0.357812 0.0411377
9 0.500684 0.447266 0.287695 0.376563 0.0174408
19 0.496191 0.354297 0.26543 0.303125 0.0142288
5 0.496777 0.449609 0.29082 0.377344 0.0135345
0 0.494531 0.456641 0.288281 0.370313 0.00978088
15 0.453027 0.435547 0.45332 0.453906 0.00812531
2 0.500098 0.452734 0.28418 0.357812 0.00743103
17 0.491797 0.390234 0.258594 0.228906 0.00674438
8 0.500098 0.452734 0.28418 0.357812 0.00577545
14 0.491797 0.390234 0.258594 0.228906 0.00572968
25 0.491797 0.390234 0.258594 0.228906 0.00511932
0 0.491797 0.390234 0.258594 0.228906 0.00362206
4 0.491797 0.390234 0.258594 0.228906 0.00333786
1 0.500684 0.447266 0.287695 0.376563 0.00293541
13 0.61377 0.391406 0.772461 0.66875 0.00286674
17 0.497266 0.422656 0.357812 0.4375 0.00247192
2 0.491797 0.390234 0.258594 0.228906 0.00245285
20 0.496777 0.449609 0.29082 0.377344 0.00220871
12 0.639063 0.360156 0.721875 0.720313 0.00209999
12 0.61377 0.391406 0.772461 0.66875 0.00209045
10 0.500781 0.43916 0.30625 0.388867 0.0017271
3 0.500684 0.447266 0.287695 0.376563 0.00168705
22 0.496777 0.449609 0.29082 0.377344 0.00156116
6 0.491797 0.446777 0.285156 0.395508 0.00145531
23 0.491797 0.390234 0.258594 0.228906 0.00137806
19 0.500391 0.369922 0.260156 0.188281 0.00135612
24 0.496777 0.449609 0.29082 0.377344 0.00133514
8 0.491797 0.390234 0.258594 0.228906 0.00129414
15 0.491797 0.390234 0.258594 0.228906 0.00126934
4 0.47959 0.432422 0.383008 0.457813 0.00117397
16 0.500879 0.366016 0.268555 0.291406 0.00115585
13 0.425098 0.430371 0.504492 0.54707 0.00109482
14 0.47959 0.432422 0.383008 0.457813 0.00109005
1 0.491797 0.390234 0.258594 0.228906 0.00108147
12 0.491797 0.390234 0.258594 0.228906 0.00107288
16 0.500781 0.43916 0.30625 0.388867 0.00106525
0 0.47959 0.432422 0.383008 0.457813 0.00103188
15 0.61377 0.391406 0.772461 0.66875 0.00100422
12 0.4875 0.453516 0.325781 0.410156 0.357666
13 0.491016 0.452344 0.314844 0.404687 0.351318
13 0.471973 0.433203 0.404492 0.464844 0.183594
12 0.466309 0.432031 0.43457 0.484375 0.0544128
15 0.4875 0.453516 0.325781 0.410156 0.00912476
15 0.466309 0.432031 0.43457 0.484375 0.0041008
25 0.495313 0.454004 0.285938 0.37168 0.00189686
15 0.300391 0.111328 0.600781 0.222656 0.00186729
17 0.495313 0.454004 0.285938 0.37168 0.00129986
12 0.499121 0.457031 0.275195 0.360938 0.847168
13 0.498047 0.448828 0.283594 0.3875 0.695312
12 0.462402 0.445703 0.364258 0.403906 0.519531
25 0.506641 0.453516 0.274219 0.352344 0.366699
13 0.474219 0.429004 0.3625 0.44668 0.104492
14 0.498437 0.460254 0.278125 0.36543 0.0257568
12 0.474121 0.432813 0.50957 0.460938 0.0200195
13 0.474121 0.432813 0.50957 0.460938 0.0184021
15 0.499121 0.457031 0.275195 0.360938 0.0180511
17 0.506641 0.453516 0.274219 0.352344 0.0109024
23 0.506641 0.453516 0.274219 0.352344 0.0106506
2 0.506641 0.453516 0.274219 0.352344 0.00945282
4 0.498437 0.460254 0.278125 0.36543 0.00926971
15 0.462402 0.445703 0.364258 0.403906 0.00812531
9 0.505859 0.45625 0.275781 0.35625 0.00294685
8 0.506641 0.453516 0.274219 0.352344 0.00236893
15 0.467187 0.428516 0.4625 0.4625 0.00201988
1 0.499121 0.457031 0.275195 0.360938 0.00155449
19 0.495215 0.362109 0.254883 0.175 0.00150108
12 0.653906 0.360938 0.692187 0.721875 0.00146675
5 0.499121 0.457031 0.275195 0.360938 0.00137806
23 0.462402 0.445703 0.364258 0.403906 0.00106049
19 0.505859 0.45625 0.275781 0.35625 0.00103188
12 0.501465 0.453516 0.28457 0.355469 0.941406
13 0.505078 0.434766 0.298438 0.400781 0.717773
25 0.504297 0.453906 0.283594 0.357812 0.507812
23 0.503516 0.451953 0.282813 0.363281 0.0305634
12 0.512109 0.423828 0.347656 0.44375 0.0257568
13 0.498437 0.421094 0.420312 0.458594 0.0255585
12 0.497266 0.418652 0.495313 0.493945 0.0220337
14 0.499609 0.456641 0.285938 0.360156 0.0206451
4 0.499609 0.456641 0.285938 0.360156 0.00941467
15 0.501465 0.453516 0.28457 0.355469 0.00898743
2 0.504297 0.453906 0.283594 0.357812 0.00751877
9 0.504297 0.453906 0.283594 0.357812 0.00619125
12 0.595703 0.39541 0.558594 0.57793 0.00486755
17 0.499609 0.456641 0.285938 0.360156 0.00434875
13 0.595703 0.39541 0.558594 0.57793 0.0017004
1 0.503906 0.463965 0.28125 0.376758 0.00139904
7 0.299414 0.961719 0.260547 0.0765625 0.00137806
14 0.498828 0.383594 0.263281 0.219531 0.00109005
16 0.507812 0.439844 0.321875 0.389062 0.00108624
5 0.501465 0.453516 0.28457 0.355469 0.00106525
12 0.505566 0.439746 0.338867 0.408008 0.6875
13 0.505469 0.442285 0.322656 0.398242 0.641602
13 0.501172 0.432813 0.425 0.446875 0.0888062
25 0.498047 0.453125 0.290625 0.370313 0.0476074
12 0.471875 0.424609 0.492188 0.488281 0.0290833
15 0.503516 0.453223 0.296875 0.370117 0.024231
0 0.48125 0.541797 0.330469 0.222656 0.014061
4 0.496875 0.455078 0.296875 0.382031 0.00971222
23 0.49834 0.452734 0.286133 0.372656 0.00908661
15 0.479688 0.433691 0.401563 0.431055 0.00638962
14 0.496875 0.455078 0.296875 0.382031 0.00475693
13 0.517188 0.448828 0.239063 0.339063 0.0039444
17 0.498047 0.453125 0.290625 0.370313 0.00362206
2 0.498047 0.453125 0.290625 0.370313 0.0029583
4 0.48125 0.541797 0.330469 0.222656 0.00244331
0 0.496875 0.455078 0.296875 0.382031 0.00204277
7 0.234766 0.954688 0.441406 0.090625 0.00182438
23 0.479688 0.433691 0.401563 0.431055 0.00168705
9 0.496875 0.455078 0.296875 0.382031 0.00137806
18 0.225781 0.95 0.451562 0.1 0.00119686
13 0.495703 0.437598 0.285156 0.410742 0.633301
12 0.493359 0.457422 0.274219 0.367969 0.325195
25 0.498047 0.453125 0.267969 0.352344 0.297363
12 0.489453 0.430859 0.339844 0.424219 0.151978
23 0.498047 0.453125 0.267969 0.352344 0.0634766
12 0.467578 0.392969 0.45625 0.551562 0.0222015
2 0.498047 0.453125 0.267969 0.352344 0.0196838
14 0.498047 0.453125 0.267969 0.352344 0.0147324
13 0.467578 0.40791 0.491406 0.518555 0.0118713
4 0.490527 0.457715 0.270508 0.36582 0.00740433
19 0.494531 0.348438 0.257031 0.304688 0.00616837
15 0.493359 0.457422 0.274219 0.367969 0.00544739
12 0.339063 0.388379 0.678125 0.666992 0.00284576
17 0.498047 0.453125 0.267969 0.352344 0.00218201
13 0.505469 0.478125 0.235938 0.3125 0.00209045
19 0.500098 0.362109 0.26543 0.180469 0.0020504
9 0.498047 0.453125 0.267969 0.352344 0.00194168
7 0.257471 0.953906 0.387402 0.0921875 0.0017004
10 0.498047 0.453125 0.267969 0.352344 0.00163555
12 0.727539 0.45625 0.544922 0.821875 0.00142097
8 0.498047 0.453125 0.267969 0.352344 0.00131512
16 0.499609 0.44375 0.285156 0.383594 0.00117397
12 0.743359 0.512891 0.513281 0.661719 0.00115108
15 0.489453 0.430859 0.339844 0.424219 0.00106049
12 0.496875 0.445703 0.2875 0.380469 0.946777
13 0.496875 0.445703 0.2875 0.380469 0.568848
25 0.497656 0.453223 0.28125 0.357617 0.184204
23 0.497656 0.453223 0.28125 0.357617 0.0192719
14 0.497559 0.454785 0.27832 0.35293 0.0109863
15 0.496875 0.445703 0.2875 0.380469 0.00981903
12 0.49834 0.407813 0.418945 0.523438 0.00484848
2 0.501953 0.452441 0.273438 0.351367 0.0046463
4 0.497559 0.454785 0.27832 0.35293 0.00304031
19 0.49375 0.351367 0.29375 0.344141 0.00291252
17 0.503516 0.437891 0.291406 0.392969 0.00273705
9 0.497656 0.453223 0.28125 0.357617 0.00258064
0 0.542188 0.665625 0.859375 0.66875 0.00206757
1 0.503516 0.437891 0.291406 0.392969 0.00201988
13 0.49834 0.407813 0.418945 0.523438 0.00141048
11 0.561719 0.649121 0.876563 0.698633 0.00115108
5 0.497656 0.453223 0.28125 0.357617 0.00105286
13 0.490625 0.441016 0.360938 0.438281 0.87207
12 0.500391 0.451172 0.321875 0.411719 0.85498
25 0.500879 0.453516 0.298242 0.402344 0.0273743
15 0.470703 0.442871 0.408594 0.451758 0.0212097
13 0.474902 0.451172 0.518945 0.475781 0.0204163
12 0.469141 0.446094 0.492969 0.460156 0.0164032
23 0.502344 0.455859 0.301563 0.402344 0.0116882
4 0.499316 0.457031 0.291992 0.378125 0.0050621
15 0.502344 0.455859 0.301563 0.402344 0.0050621
14 0.499316 0.457031 0.291992 0.378125 0.00419998
19 0.5 0.338721 0.285938 0.364746 0.00311089
9 0.502344 0.455859 0.301563 0.402344 0.00205803
23 0.470703 0.442871 0.408594 0.451758 0.00195694
19 0.502344 0.378125 0.277344 0.217188 0.00142097
2 0.499902 0.454297 0.289258 0.367969 0.00117397
17 0.498047 0.452344 0.302344 0.396875 0.00113392
12 0.487109 0.447266 0.311719 0.416406 0.811523
13 0.494922 0.447266 0.323438 0.413281 0.454346
4 0.496973 0.457031 0.291992 0.38125 0.0572815
12 0.440625 0.451172 0.426563 0.439844 0.0522461
13 0.446973 0.447559 0.42793 0.450195 0.0227966
14 0.496973 0.457031 0.291992 0.38125 0.0187683
23 0.496973 0.457031 0.291992 0.38125 0.0173798
25 0.496973 0.457031 0.291992 0.38125 0.0128708
15 0.475391 0.435547 0.396094 0.457813 0.0127716
15 0.496875 0.45459 0.285156 0.39082 0.0104065
4 0.41875 0.625391 0.560938 0.502344 0.00553513
0 0.41875 0.625391 0.560938 0.502344 0.0051384
9 0.496973 0.457031 0.291992 0.38125 0.00494385
0 0.464063 0.535937 0.360938 0.265625 0.00359344
4 0.464063 0.535937 0.360938 0.265625 0.00266266
13 0.501563 0.396875 0.496875 0.554688 0.00234985
23 0.486719 0.438281 0.3625 0.453125 0.00138855
12 0.501563 0.396875 0.496875 0.554688 0.00134563
11 0.486719 0.536328 0.346875 0.264844 0.00118351
15 0.470703 0.519434 0.374219 0.295508 0.00113392
3 0.464063 0.535937 0.360938 0.265625 0.00112915
6 0.464063 0.535937 0.360938 0.265625 0.00112915
17 0.496484 0.451562 0.328906 0.402344 0.00109482
15 0.453516 0.101367 0.727344 0.202734 0.00109005
19 0.497656 0.374023 0.275781 0.201172 0.00106525
13 0.49375 0.450879 0.302344 0.381055 0.916016
12 0.491797 0.454688 0.296094 0.376563 0.756348
25 0.495313 0.457813 0.296094 0.373437 0.125122
15 0.497266 0.458496 0.282031 0.37207 0.076416
23 0.495313 0.457813 0.296094 0.373437 0.0598755
13 0.454785 0.446973 0.420117 0.416992 0.0596619
12 0.460059 0.442578 0.42207 0.414844 0.0294189
15 0.486328 0.439453 0.363281 0.421094 0.0259552
17 0.493359 0.458691 0.296094 0.370117 0.0147858
8 0.498535 0.452344 0.29668 0.375 0.00674438
3 0.498535 0.452344 0.29668 0.375 0.0049057
4 0.493359 0.451172 0.288281 0.360156 0.00313568
10 0.498535 0.452344 0.29668 0.375 0.00227928
16 0.498535 0.452344 0.29668 0.375 0.00135136
13 0.507031 0.406641 0.351562 0.473438 0.00131512
4 0.540625 0.654688 0.753125 0.535937 0.00127411
6 0.501172 0.503516 0.528906 0.346094 0.00126934
12 0.507031 0.406641 0.351562 0.473438 0.00123501
3 0.497656 0.451172 0.417188 0.428906 0.00112915
12 0.497754 0.45 0.270117 0.364063 0.85498
13 0.503223 0.44834 0.268555 0.361133 0.666992
13 0.449609 0.44209 0.395313 0.420508 0.256836
12 0.449609 0.44209 0.395313 0.420508 0.219971
15 0.449609 0.44209 0.395313 0.420508 0.176636
25 0.507422 0.455859 0.271094 0.354688 0.128906
15 0.492578 0.449219 0.288281 0.377344 0.0847778
23 0.503223 0.44834 0.268555 0.361133 0.0526123
23 0.449609 0.44209 0.395313 0.420508 0.00812531
17 0.510547 0.448047 0.282813 0.3625 0.00403976
4 0.496094 0.453125 0.271875 0.348438 0.00257111
12 0.499219 0.399609 0.394531 0.538281 0.0024929
13 0.499219 0.399609 0.394531 0.538281 0.00239754
17 0.449609 0.44209 0.395313 0.420508 0.00225258
8 0.510547 0.448047 0.282813 0.3625 0.00136185
3 0.512109 0.459375 0.308594 0.372656 0.00130463
14 0.496094 0.453125 0.271875 0.348438 0.00119209
2 0.499121 0.448828 0.26582 0.339844 0.0011692
12 0.592969 0.371094 0.551562 0.653125 0.00116062
10 0.510547 0.448047 0.282813 0.3625 0.00109863
12 0.492969 0.43125 0.284375 0.408594 0.804199
13 0.492969 0.43125 0.284375 0.408594 0.581543
25 0.49834 0.446973 0.283008 0.360742 0.297363
23 0.5 0.430078 0.272656 0.403906 0.0340881
12 0.440625 0.420215 0.432813 0.495508 0.0191193
15 0.498437 0.445703 0.282813 0.375781 0.00740433
3 0.515234 0.43584 0.246094 0.379883 0.00609589
17 0.515234 0.43584 0.246094 0.379883 0.00566483
2 0.515234 0.43584 0.246094 0.379883 0.00534439
13 0.522656 0.461328 0.2375 0.360156 0.00521851
1 0.515234 0.43584 0.246094 0.379883 0.00510025
15 0.440625 0.420215 0.432813 0.495508 0.00455475
12 0.522656 0.461328 0.2375 0.360156 0.00378036
13 0.528223 0.405078 0.33418 0.489844 0.00300407
16 0.509375 0.444141 0.251563 0.377344 0.0024147
12 0.334375 0.372461 0.66875 0.651172 0.00237846
13 0.440625 0.420215 0.432813 0.495508 0.00229645
8 0.515234 0.43584 0.246094 0.379883 0.00170708
12 0.528223 0.405078 0.33418 0.489844 0.00151253
6 0.522656 0.461328 0.2375 0.360156 0.00148964
9 0.5 0.449219 0.278125 0.376563 0.00145531
19 0.500684 0.354492 0.281445 0.343359 0.00118828
10 0.509375 0.444141 0.251563 0.377344 0.0011692
12 0.497754 0.428906 0.281055 0.4375 0.705566
13 0.491406 0.424609 0.288281 0.436719 0.31665
25 0.497266 0.446777 0.282031 0.392383 0.182373
13 0.445996 0.439063 0.39082 0.442969 0.0199432
15 0.492285 0.430078 0.28418 0.428125 0.00701141
23 0.497754 0.428906 0.281055 0.4375 0.0069313
12 0.445996 0.439063 0.39082 0.442969 0.00614548
14 0.494434 0.452344 0.289258 0.375 0.0046463
1 0.499219 0.443652 0.283594 0.395508 0.00429916
17 0.499219 0.443652 0.283594 0.395508 0.0027256
9 0.497266 0.446777 0.282031 0.392383 0.00247192
4 0.499219 0.454785 0.280469 0.385742 0.0020504
2 0.5 0.452344 0.286719 0.36875 0.00195694
15 0.445996 0.439063 0.39082 0.442969 0.00145531
4 0.445215 0.660937 0.576758 0.592188 0.00104809
12 0.497656 0.453027 0.285156 0.373633 0.680664
13 0.500391 0.436035 0.305469 0.398242 0.474609
25 0.505469 0.454688 0.282813 0.370313 0.0766602
23 0.5 0.453125 0.267969 0.372656 0.0219421
15 0.492871 0.439063 0.31582 0.388281 0.012146
17 0.5125 0.455469 0.300781 0.361719 0.00261116
13 0.502344 0.45166 0.257031 0.318555 0.00154877
2 0.505469 0.454688 0.282813 0.370313 0.00153637
3 0.5125 0.455469 0.300781 0.361719 0.00126457
15 0.491797 0.102539 0.658594 0.205078 0.0011425
12 0.732813 0.489844 0.534375 0.939063 0.00111198
13 0.463281 0.462109 0.401563 0.382031 0.00110722
12 0.49541 0.430078 0.273242 0.403125 0.983398
13 0.492871 0.430566 0.281445 0.416992 0.388672
25 0.497559 0.435059 0.270508 0.386133 0.361084
23 0.496191 0.428027 0.27793 0.406445 0.0618896
15 0.494629 0.433984 0.28418 0.417188 0.0579224
13 0.458594 0.436719 0.4125 0.440625 0.0170441
15 0.458594 0.436719 0.4125 0.440625 0.0127258
14 0.496191 0.435156 0.273242 0.380469 0.0126266
19 0.5 0.35918 0.284375 0.352734 0.00834656
12 0.458594 0.436719 0.4125 0.440625 0.00793457
4 0.49541 0.430078 0.273242 0.403125 0.00419998
1 0.49541 0.430078 0.273242 0.403125 0.0037365
2 0.496191 0.428027 0.27793 0.406445 0.00324821
9 0.497559 0.435059 0.270508 0.386133 0.00220871
17 0.492578 0.428906 0.2875 0.408594 0.00194168
15 0.264844 0.130664 0.529688 0.261328 0.00152493
19 0.495996 0.374805 0.279883 0.219141 0.00105667
13 0.496484 0.44375 0.26875 0.396875 0.682617
12 0.5 0.445996 0.271875 0.393945 0.393311
25 0.493652 0.460938 0.268945 0.360156 0.123352
23 0.495703 0.439844 0.274219 0.401563 0.0146179
15 0.5 0.445996 0.271875 0.393945 0.0114212
2 0.496875 0.453027 0.263281 0.32207 0.00301552
12 0.489844 0.435059 0.240625 0.281445 0.00199509
10 0.496875 0.453027 0.263281 0.32207 0.00131989
17 0.49209 0.438281 0.254883 0.289844 0.00116062
12 0.488672 0.448438 0.277344 0.394531 0.940918
13 0.483496 0.44541 0.286133 0.399805 0.65332
25 0.482812 0.443848 0.296875 0.404492 0.0143356
15 0.485156 0.448047 0.278906 0.400781 0.0120544
23 0.488672 0.448438 0.277344 0.394531 0.00746155
19 0.492188 0.353174 0.292969 0.383496 0.00214005
3 0.483203 0.444141 0.304688 0.403125 0.00119686
17 0.483203 0.444141 0.304688 0.403125 0.00117874
1 0.483203 0.444141 0.304688 0.403125 0.00112915
13 0.499219 0.449316 0.270313 0.385742 0.84375
12 0.499219 0.447754 0.271094 0.388867 0.452393
25 0.49375 0.457129 0.261719 0.37168 0.146606
15 0.499219 0.449316 0.270313 0.385742 0.0213623
23 0.496777 0.456934 0.267383 0.370508 0.0140076
12 0.488965 0.440234 0.242383 0.300781 0.00671768
17 0.500684 0.455078 0.273633 0.36875 0.0050621
2 0.492871 0.450781 0.258008 0.33125 0.00402451
3 0.507031 0.454297 0.288281 0.376563 0.00213242
8 0.500684 0.455078 0.273633 0.36875 0.0011425
13 0.488281 0.448047 0.267188 0.382031 0.702637
12 0.489063 0.453125 0.260938 0.3625 0.377441
15 0.489063 0.453125 0.260938 0.3625 0.0420837
12 0.474316 0.445312 0.338867 0.407813 0.0248871
25 0.492188 0.453125 0.272656 0.3625 0.0231476
23 0.489453 0.453516 0.260156 0.360156 0.0120087
4 0.514063 0.613281 0.903125 0.773438 0.00266266
12 0.384375 0.455078 0.51875 0.463281 0.00201988
15 0.474316 0.445312 0.338867 0.407813 0.00200272
17 0.492188 0.453125 0.272656 0.3625 0.00183868
12 0.344922 0.387109 0.689844 0.736719 0.00153065
8 0.489063 0.438965 0.270313 0.40332 0.00146675
13 0.471094 0.447656 0.375781 0.425 0.00143814
13 0.490527 0.444141 0.26582 0.383594 0.959961
25 0.491504 0.451953 0.270117 0.361719 0.128906
12 0.48916 0.436719 0.270117 0.40625 0.0518494
15 0.488965 0.45166 0.261133 0.366992 0.00526047
23 0.491504 0.451953 0.270117 0.361719 0.00279999
3 0.47666 0.535156 0.288867 0.248438 0.00144958
17 0.488281 0.446777 0.272656 0.343945 0.00136185
13 0.495313 0.441797 0.271875 0.396094 0.750488
12 0.499219 0.442285 0.270313 0.40293 0.353027
25 0.495996 0.452441 0.268945 0.373242 0.275879
23 0.499219 0.442285 0.270313 0.40293 0.00815582
2 0.496191 0.446484 0.26543 0.351562 0.00353813
15 0.497559 0.439063 0.276758 0.410156 0.00257111
4 0.552344 0.653516 0.826563 0.692969 0.00206757
13 0.45625 0.462598 0.391406 0.413867 0.00158501
12 0.45625 0.462598 0.391406 0.413867 0.00132465
14 0.496191 0.446484 0.26543 0.351562 0.00113773
17 0.498437 0.458203 0.267969 0.360156 0.00110722
13 0.499609 0.438184 0.289062 0.414258 0.812988
25 0.504687 0.444434 0.298438 0.406445 0.199341
12 0.501172 0.433496 0.282031 0.426758 0.150024
23 0.500879 0.455078 0.273242 0.346875 0.0046463
17 0.500879 0.455078 0.273242 0.346875 0.00121117
8 0.500879 0.455078 0.273242 0.346875 0.0011158
13 0.49541 0.445312 0.306055 0.425 0.809082
12 0.499219 0.438281 0.301563 0.442969 0.0680542
25 0.498828 0.438672 0.291406 0.428906 0.0133286
15 0.496973 0.43916 0.318555 0.449805 0.00291252
13 0.501563 0.457031 0.326562 0.396875 0.747559
12 0.501172 0.455859 0.313281 0.399219 0.126831
25 0.494531 0.454688 0.317188 0.38125 0.0603027
15 0.501172 0.455859 0.313281 0.399219 0.00479126
23 0.494141 0.458203 0.307031 0.358594 0.00314713
2 0.494141 0.458203 0.307031 0.358594 0.0014782
17 0.494141 0.458203 0.307031 0.358594 0.00131512
13 0.504297 0.439844 0.30625 0.392188 0.991211
25 0.494531 0.444141 0.282031 0.371875 0.435791
13 0.460156 0.457715 0.317969 0.368945 0.142212
25 0.49834 0.357227 0.264258 0.201953 0.0481262
12 0.501953 0.441797 0.290625 0.395313 0.0267639
10 0.494531 0.444141 0.282031 0.371875 0.0208893
10 0.504297 0.310156 0.271094 0.136719 0.0177765
16 0.49541 0.302539 0.263867 0.120703 0.0154877
8 0.465234 0.543359 0.344531 0.294531 0.0134277
13 0.457715 0.387402 0.254883 0.231445 0.0101318
25 0.504297 0.310156 0.271094 0.136719 0.00963593
13 0.65625 0.329688 0.19375 0.150781 0.0088501
23 0.494531 0.444141 0.282031 0.371875 0.00575256
25 0.554297 0.43125 0.350781 0.373437 0.00547028
10 0.49834 0.357227 0.264258 0.201953 0.00511932
16 0.591406 0.298047 0.167187 0.102344 0.00471878
16 0.503125 0.2375 0.25625 0.130859 0.00426483
16 0.551172 0.187158 0.213281 0.110059 0.00385475
17 0.507031 0.430078 0.303906 0.334375 0.00370789
3 0.465234 0.543359 0.344531 0.294531 0.00370789
16 0.49834 0.357227 0.264258 0.201953 0.00362206
12 0.436035 0.489453 0.338867 0.327344 0.00345612
16 0.499609 0.444531 0.279687 0.359375 0.00329781
12 0.554297 0.43125 0.350781 0.373437 0.00309944
16 0.509375 0.186328 0.240625 0.113281 0.00275803
25 0.591406 0.298047 0.167187 0.102344 0.00273705
4 0.465234 0.543359 0.344531 0.294531 0.00254059
8 0.494531 0.444141 0.282031 0.371875 0.002388
0 0.465234 0.543359 0.344531 0.294531 0.00235939
16 0.603906 0.244727 0.157813 0.0949219 0.00228691
10 0.591406 0.298047 0.167187 0.102344 0.00212479
8 0.504297 0.310156 0.271094 0.136719 0.0020752
25 0.65625 0.329688 0.19375 0.150781 0.0020504
12 0.65625 0.329688 0.19375 0.150781 0.00197983
17 0.504297 0.310156 0.271094 0.136719 0.00194931
17 0.49834 0.357227 0.264258 0.201953 0.00193405
0 0.49541 0.302539 0.263867 0.120703 0.00170708
17 0.591406 0.298047 0.167187 0.102344 0.00167465
16 0.603906 0.191406 0.170313 0.0945313 0.0016613
10 0.484277 0.288281 0.242383 0.121875 0.00157356
10 0.503125 0.2375 0.25625 0.130859 0.00141048
15 0.507031 0.430078 0.303906 0.334375 0.00135612
12 0.457715 0.387402 0.254883 0.231445 0.00125504
13 0.591406 0.298047 0.167187 0.102344 0.00119686
15 0.554297 0.43125 0.350781 0.373437 0.00116062
16 0.428906 0.274609 0.210938 0.138281 0.00115585
13 0.49834 0.357227 0.264258 0.201953 0.00115108
2 0.49541 0.302539 0.263867 0.120703 0.00112057
2 0.49834 0.357227 0.264258 0.201953 0.00111198
25 0.484277 0.288281 0.242383 0.121875 0.00108147
5 0.49541 0.302539 0.263867 0.120703 0.00107765
3 0.504297 0.310156 0.271094 0.136719 0.00103664
2 0.507031 0.430078 0.303906 0.334375 0.00101662
13 0.499902 0.434375 0.29082 0.428125 0.875977
12 0.501953 0.432813 0.279687 0.429688 0.31665
25 0.496484 0.440625 0.297656 0.4125 0.0236053
15 0.498047 0.43584 0.283594 0.420508 0.00255013
8 0.500391 0.439063 0.283594 0.420312 0.00138855
13 0.494922 0.445703 0.3 0.392969 0.882324
12 0.496484 0.443652 0.300781 0.401758 0.331055
23 0.496094 0.453809 0.271094 0.326758 0.0284424
25 0.492969 0.456934 0.269531 0.35957 0.0194244
15 0.496191 0.458203 0.285742 0.374219 0.00426483
8 0.496094 0.453809 0.271094 0.326758 0.00194168
8 0.491504 0.437109 0.307617 0.4125 0.00143242
13 0.491504 0.440234 0.263867 0.403906 0.827148
12 0.496875 0.440625 0.265625 0.395313 0.167236
25 0.496191 0.455078 0.26543 0.366406 0.0381775
23 0.49209 0.440527 0.256445 0.31582 0.00518036
8 0.499609 0.439453 0.264844 0.404687 0.00216484
3 0.478223 0.494629 0.407617 0.332617 0.00142097
0 0.478223 0.494629 0.407617 0.332617 0.00126934
13 0.493066 0.443066 0.273242 0.38418 0.845703
12 0.495996 0.444141 0.273633 0.399219 0.0923462
25 0.493066 0.442578 0.257617 0.310156 0.0414734
23 0.493066 0.442578 0.257617 0.310156 0.00213242
16 0.487109 0.442969 0.278125 0.39375 0.00151253
4 0.470215 0.65625 0.579883 0.520312 0.00123978
13 0.479688 0.445312 0.3125 0.408594 0.771973
12 0.482812 0.444922 0.323438 0.411719 0.0720825
25 0.486035 0.453516 0.29668 0.377344 0.0528259
23 0.484375 0.449121 0.280469 0.32832 0.00366402
14 0.484375 0.449121 0.280469 0.32832 0.00229645
3 0.473828 0.535937 0.313281 0.264062 0.00161076
8 0.484375 0.449121 0.280469 0.32832 0.00111198
15 0.485938 0.444922 0.33125 0.416406 0.00101662
13 0.482812 0.445312 0.326562 0.400781 0.644043
12 0.499121 0.453223 0.281445 0.387305 0.210815
25 0.489746 0.459375 0.29082 0.354688 0.0196381
12 0.441797 0.470703 0.396094 0.384375 0.00698471
15 0.474902 0.454297 0.34082 0.403125 0.00429916
23 0.499121 0.453223 0.281445 0.387305 0.0014267
13 0.492188 0.436621 0.308594 0.412695 0.751953
12 0.499609 0.439453 0.285156 0.403906 0.362061
25 0.494141 0.444922 0.292188 0.382812 0.0970459
23 0.48916 0.446777 0.285742 0.364258 0.00365067
15 0.499316 0.437891 0.29668 0.410156 0.00109005
13 0.49541 0.43125 0.318555 0.421094 0.610352
12 0.496094 0.432813 0.300781 0.414062 0.299805
25 0.497754 0.439453 0.301367 0.386719 0.0348816
13 0.48584 0.488672 0.293945 0.299219 0.00993347
12 0.48584 0.488672 0.293945 0.299219 0.0069046
15 0.494531 0.432813 0.307031 0.420312 0.00237846
0 0.487109 0.528906 0.317969 0.232813 0.00125504
3 0.487109 0.528906 0.317969 0.232813 0.00106907
13 0.490625 0.436719 0.286719 0.3875 0.561035
12 0.499219 0.440723 0.2625 0.37168 0.10376
25 0.500098 0.439844 0.260742 0.354688 0.0119629
15 0.500098 0.439844 0.260742 0.354688 0.00141048
13 0.486035 0.4375 0.26543 0.378125 0.816895
25 0.487109 0.428516 0.248438 0.308594 0.472656
12 0.493066 0.444629 0.25293 0.354492 0.15564
25 0.485547 0.374805 0.254688 0.198828 0.00908661
23 0.487109 0.428516 0.248438 0.308594 0.0049057
2 0.487109 0.428516 0.248438 0.308594 0.00391388
14 0.487109 0.428516 0.248438 0.308594 0.00153065
13 0.482031 0.414062 0.278125 0.403906 0.708008
12 0.494141 0.425 0.275781 0.398438 0.119995
25 0.493652 0.437109 0.267383 0.369531 0.0135345
15 0.493652 0.437109 0.267383 0.369531 0.00378036
13 0.465234 0.470703 0.33125 0.31875 0.0015192
13 0.493359 0.435547 0.325781 0.4 0.585938
12 0.49834 0.436816 0.311133 0.406055 0.171631
25 0.491016 0.439453 0.296875 0.366406 0.0514526
15 0.499219 0.442285 0.296875 0.39043 0.00253105
12 0.452344 0.461328 0.382812 0.377344 0.00158501
13 0.497656 0.430566 0.311719 0.412305 0.807617
25 0.491406 0.441797 0.288281 0.353906 0.299072
12 0.499609 0.429785 0.284375 0.395117 0.191895
13 0.463965 0.464844 0.32832 0.33125 0.00551224
23 0.491406 0.441797 0.288281 0.353906 0.00245285
0 0.450098 0.564453 0.329492 0.28125 0.00217438
4 0.471875 0.571094 0.35 0.279687 0.00127888
13 0.49541 0.440625 0.27793 0.354688 0.881348
12 0.500391 0.438281 0.275781 0.371875 0.107422
25 0.499219 0.44375 0.276563 0.348438 0.0143356
25 0.495996 0.400391 0.275195 0.236719 0.00473785
12 0.495996 0.400391 0.275195 0.236719 0.00446701
15 0.487402 0.420312 0.264258 0.295312 0.00154305
13 0.485156 0.424219 0.284375 0.410938 0.844238
12 0.497559 0.427734 0.270508 0.4125 0.0490417
25 0.495313 0.435937 0.267188 0.394531 0.00989532
13 0.485938 0.436719 0.310937 0.407031 0.666504
12 0.493359 0.441797 0.292969 0.39375 0.456055
25 0.489941 0.443652 0.29043 0.370508 0.0343628
15 0.494141 0.444531 0.288281 0.378906 0.00161076
13 0.491504 0.428223 0.282617 0.407617 0.80127
25 0.489453 0.431152 0.276563 0.370508 0.166138
12 0.495313 0.429297 0.275 0.395313 0.137939
13 0.497656 0.44209 0.295312 0.376758 0.814453
12 0.500879 0.446973 0.262305 0.356055 0.0923462
25 0.494629 0.40625 0.266992 0.239063 0.0838623
25 0.492578 0.371875 0.253906 0.177344 0.0330811
25 0.498535 0.448535 0.262305 0.338867 0.0258636
12 0.494629 0.40625 0.266992 0.239063 0.0136871
12 0.492578 0.371875 0.253906 0.177344 0.00564194
15 0.491797 0.426953 0.260938 0.272656 0.00551224
23 0.491797 0.426953 0.260938 0.272656 0.00471878
13 0.452734 0.488184 0.275781 0.276758 0.0042305
13 0.491797 0.426953 0.260938 0.272656 0.00232315
15 0.492578 0.371875 0.253906 0.177344 0.00202751
17 0.491797 0.426953 0.260938 0.272656 0.00191879
13 0.502344 0.45 0.267969 0.353906 0.933105
25 0.492578 0.452246 0.265625 0.326758 0.0305634
12 0.502344 0.45 0.267969 0.353906 0.0205688
23 0.492578 0.452246 0.265625 0.326758 0.00100803
13 0.494922 0.444531 0.282813 0.377344 0.688477
12 0.503809 0.45 0.262695 0.363281 0.408203
25 0.501172 0.453516 0.2625 0.350781 0.0103302
12 0.458984 0.464453 0.350781 0.350781 0.00340271
15 0.503809 0.45 0.262695 0.363281 0.00127411
13 0.491016 0.433594 0.3 0.398438 0.76123
12 0.496777 0.435937 0.27832 0.389062 0.188965
25 0.495313 0.437891 0.276563 0.378906 0.00544739
13 0.494531 0.445312 0.263281 0.354688 0.737793
12 0.501172 0.451953 0.253906 0.340625 0.119629
25 0.498437 0.450098 0.25625 0.335742 0.0390625
13 0.457813 0.469922 0.30625 0.315625 0.0160217
25 0.492578 0.403027 0.253906 0.218945 0.0124283
12 0.492578 0.403027 0.253906 0.218945 0.00857544
12 0.457813 0.469922 0.30625 0.315625 0.00210762
15 0.498437 0.450098 0.25625 0.335742 0.00159168
13 0.544531 0.462109 0.2625 0.308594 0.00138855
13 0.494531 0.439844 0.254688 0.3625 0.826172
12 0.497559 0.446094 0.248633 0.345313 0.0817871
12 0.49375 0.383984 0.247656 0.200781 0.00671768
25 0.497559 0.446094 0.248633 0.345313 0.00413513
12 0.488281 0.41875 0.279687 0.264844 0.00359344
13 0.488281 0.41875 0.279687 0.264844 0.00214958
25 0.49375 0.383984 0.247656 0.200781 0.00182438
13 0.545703 0.459277 0.260156 0.312695 0.00157356
13 0.477246 0.487598 0.27832 0.268555 0.00127888
13 0.496191 0.432031 0.266992 0.383594 0.685059
12 0.5 0.443066 0.257812 0.37168 0.0747681
25 0.498047 0.448047 0.259375 0.35625 0.00311089
13 0.494531 0.438281 0.2625 0.38125 0.685059
12 0.499219 0.438965 0.260156 0.367383 0.104492
25 0.497559 0.441309 0.261133 0.351758 0.0101318
13 0.497656 0.438379 0.257812 0.368555 0.667969
12 0.501172 0.441309 0.253906 0.364258 0.0766602
25 0.499219 0.444922 0.254688 0.352344 0.00631332
13 0.495703 0.444922 0.246094 0.349219 0.820312
12 0.498828 0.447656 0.247656 0.347656 0.064209
25 0.496484 0.447266 0.248438 0.339844 0.00717545
12 0.493359 0.395313 0.24375 0.210938 0.00103188
13 0.494434 0.445312 0.24707 0.332813 0.825195
12 0.497656 0.449121 0.24375 0.333008 0.0552063
25 0.495703 0.450879 0.244531 0.32793 0.00397491
13 0.457422 0.472266 0.314844 0.302344 0.00219917
12 0.494531 0.403809 0.240625 0.218945 0.0017004
13 0.491797 0.442285 0.260156 0.35293 0.731934
12 0.495313 0.446973 0.25 0.341992 0.226807
25 0.490723 0.443848 0.260742 0.33418 0.00888062
13 0.491016 0.451172 0.242969 0.342187 0.784668
12 0.492285 0.453027 0.24043 0.32832 0.146118
25 0.490234 0.453516 0.240625 0.332031 0.0088501
13 0.490625 0.447266 0.250781 0.357031 0.777832
12 0.493848 0.452344 0.245117 0.345313 0.185303
25 0.491797 0.453125 0.245312 0.342187 0.00298119
13 0.496094 0.449609 0.253906 0.355469 0.772461
12 0.498828 0.453223 0.250781 0.34668 0.135254
25 0.496875 0.454688 0.253906 0.3375 0.00479126
12 0.489063 0.419434 0.272656 0.258008 0.00109863
13 0.496094 0.450781 0.255469 0.350781 0.796875
12 0.499902 0.453516 0.254883 0.339844 0.123779
25 0.498047 0.454688 0.259375 0.335938 0.0160217
13 0.495313 0.445312 0.254688 0.360938 0.847656
12 0.498535 0.452344 0.248242 0.342187 0.0535889
25 0.496094 0.453516 0.248438 0.335156 0.0178528
13 0.492578 0.443359 0.259375 0.35625 0.765625
12 0.496094 0.45 0.25 0.34375 0.0943604
25 0.494141 0.45166 0.251563 0.338867 0.00837708
13 0.493066 0.437402 0.25918 0.36582 0.833984
12 0.497754 0.443359 0.24668 0.355469 0.0465393
25 0.496094 0.446875 0.247656 0.346875 0.00841522
13 0.496191 0.436816 0.256055 0.374805 0.858398
12 0.497266 0.44209 0.255469 0.361133 0.0381775
25 0.495313 0.442285 0.254688 0.351367 0.00725937
13 0.494434 0.434375 0.254883 0.379688 0.852539
12 0.495703 0.440527 0.253906 0.362695 0.0518494
25 0.494531 0.44375 0.253125 0.353125 0.00443268
13 0.496973 0.440234 0.251367 0.364063 0.87793
12 0.497266 0.447266 0.249219 0.348438 0.0394897
25 0.496191 0.447266 0.249805 0.344531 0.00787354
13 0.496875 0.440234 0.259375 0.365625 0.848633
12 0.499219 0.445996 0.255469 0.348633 0.0423889
25 0.496484 0.439941 0.261719 0.351367 0.00450516
13 0.495996 0.435937 0.25957 0.376563 0.835938
12 0.498047 0.439941 0.257031 0.36543 0.0913696
25 0.496875 0.444922 0.25625 0.354688 0.00351143
13 0.496484 0.438379 0.258594 0.374805 0.86084
12 0.498535 0.442969 0.257617 0.364063 0.0548096
25 0.497656 0.445703 0.257031 0.352344 0.00521851
13 0.49834 0.439063 0.262695 0.374219 0.868164
12 0.500391 0.442871 0.261719 0.364258 0.0680542
25 0.498828 0.446875 0.261719 0.351562 0.00340271
13 0.497656 0.437109 0.260938 0.374219 0.865723
12 0.498828 0.44209 0.257812 0.361133 0.0651245
25 0.497656 0.447266 0.257031 0.350781 0.00391388
13 0.496973 0.436328 0.256055 0.375 0.827148
12 0.497266 0.443359 0.254688 0.359375 0.0800781
25 0.495703 0.447266 0.253906 0.346875 0.00439835
13 0.497266 0.434766 0.257812 0.379688 0.852539
12 0.497266 0.441016 0.255469 0.363281 0.0490417
25 0.495996 0.445996 0.25332 0.351758 0.00518036
13 0.495703 0.4375 0.25625 0.375 0.873535
12 0.496094 0.444531 0.252344 0.357812 0.0350037
25 0.495313 0.447559 0.25 0.348633 0.00540543
13 0.496777 0.435254 0.256445 0.376367 0.864746
12 0.496777 0.441797 0.25332 0.360156 0.0342407
25 0.496094 0.446484 0.251563 0.349219 0.00661469
13 0.497266 0.436719 0.257812 0.376563 0.870117
12 0.497656 0.442188 0.255469 0.364063 0.0358276
25 0.496484 0.446094 0.253125 0.351562 0.00436401
13 0.496875 0.435156 0.257812 0.378125 0.858398
12 0.497754 0.441016 0.256055 0.365625 0.041626
25 0.496484 0.445996 0.253125 0.35332 0.00432968
13 0.496973 0.435156 0.257617 0.379688 0.86377
12 0.497656 0.440625 0.257031 0.364844 0.0484924
25 0.496191 0.445215 0.254492 0.351758 0.00486755
13 0.497656 0.435156 0.258594 0.378906 0.869141
12 0.498535 0.440723 0.257617 0.36543 0.0420837
25 0.496973 0.445703 0.256055 0.352344 0.00337601
13 0.496484 0.435156 0.255469 0.378125 0.859375
12 0.497266 0.440625 0.253906 0.364844 0.0510864
25 0.496094 0.445215 0.251563 0.350195 0.00332451
13 0.495703 0.435156 0.253906 0.377344 0.856445
12 0.496484 0.441406 0.251563 0.3625 0.0614319
25 0.49541 0.445703 0.249805 0.349219 0.00488663
13 0.496484 0.435156 0.257031 0.378125 0.866699
12 0.497754 0.441016 0.254492 0.364844 0.0554199
25 0.496484 0.445312 0.252344 0.351562 0.00593567
13 0.496484 0.435254 0.255469 0.376367 0.867676
12 0.496875 0.441406 0.252344 0.3625 0.0579224
25 0.495996 0.445703 0.250195 0.35 0.00568771
13 0.496484 0.435156 0.257031 0.378125 0.87207
12 0.496875 0.441309 0.253906 0.364258 0.0566406
25 0.496191 0.445312 0.251367 0.352344 0.0051384
13 0.496191 0.434766 0.256055 0.378125 0.867676
12 0.496484 0.440527 0.252344 0.364258 0.0614319
25 0.495703 0.445215 0.25 0.351758 0.00462723
13 0.496484 0.434766 0.255469 0.377344 0.87207
12 0.496777 0.440527 0.251758 0.364258 0.0552063
25 0.495703 0.44541 0.25 0.351367 0.00441742
13 0.496777 0.434766 0.254883 0.376563 0.871094
12 0.496875 0.440723 0.251563 0.363867 0.0510864
25 0.495703 0.44541 0.25 0.351367 0.00421524
13 0.496875 0.434375 0.254688 0.377344 0.876953
12 0.496777 0.440527 0.251758 0.364258 0.0490417
25 0.496094 0.445312 0.249219 0.351562 0.00419998
13 0.496875 0.434277 0.254688 0.376758 0.87793
12 0.497266 0.440234 0.251563 0.364063 0.0488586
25 0.496094 0.445312 0.249219 0.351562 0.00426483
13 0.496484 0.434277 0.255469 0.376758 0.875488
12 0.497266 0.440234 0.252344 0.364844 0.0490417
25 0.496094 0.444922 0.250781 0.353125 0.00416565
13 0.496191 0.434766 0.256055 0.378125 0.867676
12 0.496484 0.440527 0.252344 0.364258 0.0616455
25 0.495703 0.445215 0.25 0.351758 0.0046463
