19 0.311133 0.326562 0.292578 0.310937 0.00275803
11 0.315674 0.405078 0.397559 0.457031 0.00232315
11 0.522656 0.366406 0.857813 0.703906 0.00230598
3 0.315674 0.405078 0.397559 0.457031 0.0020504
11 0.502344 0.503125 0.851562 0.859375 0.00161648
5 0.286523 0.422656 0.411328 0.492969 0.00158501
20 0.315674 0.405078 0.397559 0.457031 0.00157356
11 0.372656 0.489453 0.742188 0.739844 0.00153065
1 0.292578 0.403809 0.379688 0.45332 0.00141048
14 0.292236 0.396191 0.34834 0.424805 0.00137806
19 0.318555 0.397266 0.310547 0.397656 0.00131512
11 0.5 0.446094 1 0.892188 0.00129986
5 0.277734 0.418652 0.464844 0.65957 0.00120163
9 0.277734 0.418652 0.464844 0.65957 0.00109005
4 0.286523 0.422656 0.411328 0.492969 0.00106525
4 0.277734 0.418652 0.464844 0.65957 0.00105286
2 0.305078 0.397559 0.357031 0.42832 0.00104046
11 0.319531 0.605469 0.639063 0.404687 0.00103664
5 0.372852 0.465625 0.745703 0.885938 0.00102425
11 0.357812 0.513281 0.715625 0.565625 0.00101662
22 0.289062 0.43584 0.4375 0.643945 0.981445
22 0.254688 0.401953 0.448438 0.475781 0.959961
17 0.254688 0.401953 0.448438 0.475781 0.939941
17 0.289062 0.43584 0.4375 0.643945 0.884766
22 0.269336 0.476953 0.538672 0.646094 0.835449
20 0.254688 0.401953 0.448438 0.475781 0.806641
22 0.478516 0.441406 0.802344 0.860938 0.767578
17 0.269336 0.476953 0.538672 0.646094 0.680664
17 0.589063 0.554297 0.809375 0.891406 0.651367
17 0.59375 0.422656 0.810938 0.845313 0.629883
3 0.254688 0.401953 0.448438 0.475781 0.588867
20 0.269336 0.476953 0.538672 0.646094 0.558105
22 0.59375 0.422656 0.810938 0.845313 0.539062
22 0.589063 0.554297 0.809375 0.891406 0.537109
17 0.55 0.629687 0.825 0.740625 0.515625
20 0.289062 0.43584 0.4375 0.643945 0.494141
17 0.478516 0.441406 0.802344 0.860938 0.482422
22 0.294141 0.526953 0.588281 0.799219 0.432129
22 0.55 0.629687 0.825 0.740625 0.401611
17 0.40625 0.632031 0.8125 0.735938 0.374756
17 0.294141 0.526953 0.588281 0.799219 0.371094
17 0.641016 0.603125 0.717969 0.79375 0.360352
22 0.641016 0.603125 0.717969 0.79375 0.315674
3 0.269336 0.476953 0.538672 0.646094 0.293457
17 0.637891 0.475 0.724219 0.932813 0.280518
22 0.40625 0.632031 0.8125 0.735938 0.259766
3 0.289062 0.43584 0.4375 0.643945 0.258301
25 0.254688 0.401953 0.448438 0.475781 0.253906
14 0.24375 0.437891 0.4875 0.599219 0.246582
22 0.637891 0.475 0.724219 0.932813 0.24585
14 0.279736 0.392188 0.399121 0.435937 0.226807
11 0.269336 0.476953 0.538672 0.646094 0.221313
17 0.62959 0.362109 0.706445 0.724219 0.188354
17 0.465625 0.680859 0.85625 0.638281 0.169434
20 0.294141 0.526953 0.588281 0.799219 0.16394
20 0.59375 0.422656 0.810938 0.845313 0.162354
20 0.588281 0.578906 0.80625 0.842188 0.15979
22 0.650781 0.378125 0.623438 0.75625 0.140381
17 0.617969 0.679688 0.764063 0.640625 0.128906
11 0.247461 0.418066 0.494922 0.506055 0.117188
20 0.501563 0.630078 0.828125 0.739844 0.117188
10 0.269336 0.476953 0.538672 0.646094 0.113159
22 0.465625 0.680859 0.85625 0.638281 0.108215
10 0.247461 0.418066 0.494922 0.506055 0.103027
1 0.24375 0.437891 0.4875 0.599219 0.101929
22 0.587109 0.344727 0.786719 0.689453 0.0997925
20 0.478516 0.441406 0.802344 0.860938 0.0970459
22 0.617969 0.679688 0.764063 0.640625 0.0923462
17 0.351562 0.584375 0.703125 0.83125 0.092041
14 0.59375 0.422656 0.810938 0.845313 0.0900879
3 0.294141 0.526953 0.588281 0.799219 0.0897827
25 0.289062 0.43584 0.4375 0.643945 0.0847778
14 0.589063 0.554297 0.809375 0.891406 0.0803833
14 0.28125 0.516309 0.5625 0.776758 0.0800781
11 0.294141 0.526953 0.588281 0.799219 0.0753174
1 0.28125 0.516309 0.5625 0.776758 0.0747681
20 0.386719 0.654297 0.773438 0.691406 0.0687866
14 0.495703 0.605078 0.816406 0.789844 0.0678101
22 0.375977 0.580469 0.751953 0.839063 0.0668335
17 0.648535 0.343164 0.58418 0.686328 0.0637207
3 0.588281 0.578906 0.80625 0.842188 0.0630493
17 0.286719 0.409375 0.573438 0.81875 0.0628052
1 0.588281 0.578906 0.80625 0.842188 0.0618896
3 0.59375 0.422656 0.810938 0.845313 0.0596619
17 0.293945 0.365234 0.360547 0.375781 0.0549927
1 0.59375 0.422656 0.810938 0.845313 0.0544128
3 0.478516 0.441406 0.802344 0.860938 0.0497742
13 0.280859 0.492969 0.561719 0.746875 0.0492249
14 0.409766 0.654883 0.819531 0.690234 0.0492249
22 0.680078 0.409766 0.566406 0.604688 0.0490417
1 0.501563 0.630078 0.828125 0.739844 0.0488586
17 0.677344 0.431641 0.585938 0.736719 0.0476074
8 0.247461 0.418066 0.494922 0.506055 0.0472412
22 0.286719 0.409375 0.573438 0.81875 0.0470886
17 0.284375 0.555859 0.56875 0.888281 0.0451965
17 0.689453 0.571094 0.621094 0.85625 0.0435181
3 0.501563 0.630078 0.828125 0.739844 0.0427246
9 0.269336 0.476953 0.538672 0.646094 0.042572
1 0.386719 0.654297 0.773438 0.691406 0.0423889
17 0.373828 0.70332 0.747656 0.593359 0.0423889
20 0.617578 0.654297 0.764844 0.691406 0.0406799
0 0.279736 0.392188 0.399121 0.435937 0.0405273
20 0.638281 0.524219 0.723437 0.932813 0.0391846
22 0.689453 0.571094 0.621094 0.85625 0.0387573
11 0.289062 0.43584 0.4375 0.643945 0.0366211
14 0.490625 0.389844 0.8375 0.779688 0.0332031
14 0.593359 0.654688 0.813281 0.690625 0.0328369
22 0.339453 0.652734 0.678906 0.694531 0.0325928
22 0.293945 0.365234 0.360547 0.375781 0.0319824
8 0.269336 0.476953 0.538672 0.646094 0.0310211
17 0.481641 0.371875 0.871094 0.74375 0.0309143
1 0.304688 0.541406 0.609375 0.910937 0.0306244
14 0.304688 0.541406 0.609375 0.910937 0.0305634
22 0.481641 0.371875 0.871094 0.74375 0.0303345
9 0.247461 0.418066 0.494922 0.506055 0.0301056
10 0.294141 0.526953 0.588281 0.799219 0.0287628
13 0.24375 0.437891 0.4875 0.599219 0.028656
1 0.564844 0.68125 0.851562 0.6375 0.0275879
22 0.373828 0.70332 0.747656 0.593359 0.0270691
14 0.46875 0.502344 0.825 0.873438 0.0268555
22 0.284375 0.555859 0.56875 0.888281 0.0268555
1 0.641406 0.628516 0.717188 0.742969 0.0266113
25 0.293945 0.365234 0.360547 0.375781 0.0263519
3 0.638281 0.524219 0.723437 0.932813 0.0263519
2 0.254688 0.401953 0.448438 0.475781 0.0262604
20 0.587109 0.344727 0.786719 0.689453 0.026062
20 0.425781 0.705078 0.851562 0.589844 0.026062
13 0.478516 0.441406 0.802344 0.860938 0.0250854
1 0.637891 0.475 0.724219 0.932813 0.0246582
25 0.269336 0.476953 0.538672 0.646094 0.0243378
5 0.280859 0.492969 0.561719 0.746875 0.0239563
1 0.425781 0.705078 0.851562 0.589844 0.023819
3 0.386719 0.654297 0.773438 0.691406 0.0227203
14 0.641016 0.603125 0.717969 0.79375 0.0224609
1 0.510938 0.536719 0.825 0.926562 0.0224152
14 0.62959 0.362109 0.706445 0.724219 0.0223694
13 0.59375 0.422656 0.810938 0.845313 0.0222931
14 0.637891 0.475 0.724219 0.932813 0.0218658
20 0.337695 0.580469 0.675391 0.839063 0.0216217
8 0.59375 0.422656 0.810938 0.845313 0.0215302
3 0.641406 0.628516 0.717188 0.742969 0.0213623
17 0.574219 0.298047 0.839063 0.596094 0.0212097
8 0.294141 0.526953 0.588281 0.799219 0.0212097
20 0.455859 0.563281 0.839844 0.873438 0.0210419
13 0.540625 0.580469 0.809375 0.839063 0.0209656
17 0.688281 0.363672 0.498437 0.503125 0.0207214
14 0.286719 0.409375 0.573438 0.81875 0.0201721
24 0.289062 0.43584 0.4375 0.643945 0.0201721
13 0.306445 0.579688 0.612891 0.840625 0.0195007
8 0.588281 0.578906 0.80625 0.842188 0.0194244
1 0.521875 0.375 0.839063 0.75 0.019165
1 0.351562 0.584375 0.703125 0.83125 0.0190887
13 0.454688 0.654688 0.8375 0.690625 0.0189819
13 0.295508 0.40498 0.412109 0.490039 0.0186157
3 0.650781 0.378125 0.623438 0.75625 0.0182648
8 0.279736 0.392188 0.399121 0.435937 0.0175781
20 0.571094 0.705469 0.857813 0.589063 0.0173798
20 0.286719 0.409375 0.573438 0.81875 0.0162811
14 0.363281 0.605859 0.726562 0.788281 0.0162811
13 0.282031 0.516406 0.497656 0.785937 0.0161591
25 0.486719 0.410547 0.801562 0.821094 0.0157776
17 0.317188 0.653125 0.634375 0.69375 0.0157166
0 0.247461 0.418066 0.494922 0.506055 0.0156708
20 0.650781 0.378125 0.623438 0.75625 0.0152512
11 0.59375 0.422656 0.810938 0.845313 0.0149002
11 0.478516 0.441406 0.802344 0.860938 0.0148392
8 0.501563 0.630078 0.828125 0.739844 0.0146179
17 0.529297 0.732031 0.869531 0.535937 0.0145035
3 0.59375 0.680469 0.8125 0.639063 0.0141754
13 0.593359 0.654688 0.813281 0.690625 0.0139542
11 0.588281 0.578906 0.80625 0.842188 0.0136337
13 0.617188 0.525 0.765625 0.934375 0.0133286
10 0.279736 0.392188 0.399121 0.435937 0.0131683
13 0.369922 0.678516 0.739844 0.642969 0.0131226
3 0.295508 0.364648 0.358984 0.377734 0.0124817
13 0.521875 0.375 0.839063 0.75 0.0124283
1 0.643359 0.703711 0.713281 0.592578 0.0124283
24 0.478516 0.441406 0.802344 0.860938 0.0123825
1 0.291992 0.606641 0.583984 0.786719 0.0123825
1 0.650781 0.378125 0.623438 0.75625 0.0117798
3 0.587109 0.344727 0.786719 0.689453 0.011734
14 0.348047 0.678125 0.696094 0.64375 0.0116882
22 0.529297 0.732031 0.869531 0.535937 0.0116882
1 0.295508 0.40498 0.412109 0.490039 0.0115967
14 0.295508 0.336719 0.337109 0.339063 0.0114212
13 0.641016 0.603125 0.717969 0.79375 0.0112
3 0.337695 0.580469 0.675391 0.839063 0.0111618
17 0.467187 0.268555 0.834375 0.537109 0.0109024
9 0.294141 0.526953 0.588281 0.799219 0.0109024
0 0.490625 0.389844 0.8375 0.779688 0.0108185
14 0.558984 0.270898 0.819531 0.541797 0.0107803
14 0.472266 0.705469 0.864844 0.589063 0.0107346
21 0.28125 0.404199 0.402344 0.460352 0.0106506
1 0.326562 0.680469 0.653125 0.639063 0.0105667
1 0.284375 0.438281 0.56875 0.876563 0.0104065
5 0.24375 0.437891 0.4875 0.599219 0.0100937
3 0.425781 0.705078 0.851562 0.589844 0.0100937
11 0.50625 0.654688 0.840625 0.690625 0.00985718
13 0.523828 0.705469 0.864844 0.589063 0.00978088
8 0.386719 0.654297 0.773438 0.691406 0.00941467
3 0.400781 0.592969 0.801562 0.814063 0.00930023
3 0.286719 0.409375 0.573438 0.81875 0.00891876
22 0.707031 0.561328 0.546875 0.674219 0.00874329
13 0.405469 0.73125 0.810938 0.5375 0.0086441
20 0.481641 0.371875 0.871094 0.74375 0.00847626
8 0.564844 0.68125 0.851562 0.6375 0.00828552
10 0.588672 0.396484 0.797656 0.792969 0.00818634
10 0.589063 0.554297 0.809375 0.891406 0.00818634
1 0.594434 0.31875 0.787695 0.6375 0.00806427
22 0.558984 0.270898 0.819531 0.541797 0.0078125
22 0.742188 0.381152 0.43125 0.537695 0.0078125
20 0.558984 0.270898 0.819531 0.541797 0.00772476
2 0.251172 0.435937 0.502344 0.534375 0.00763702
1 0.675781 0.4625 0.601562 0.792188 0.00757599
1 0.688281 0.592188 0.623438 0.815625 0.00757599
16 0.28125 0.404199 0.402344 0.460352 0.00751877
14 0.648535 0.343164 0.58418 0.686328 0.00746155
8 0.337695 0.580469 0.675391 0.839063 0.00746155
3 0.688281 0.592188 0.623438 0.815625 0.00746155
1 0.516406 0.270117 0.832812 0.540234 0.00740433
11 0.279736 0.392188 0.399121 0.435937 0.00734711
2 0.289062 0.43584 0.4375 0.643945 0.00734711
13 0.516406 0.270117 0.832812 0.540234 0.00731659
8 0.282031 0.516406 0.497656 0.785937 0.00731659
14 0.619531 0.704688 0.760938 0.590625 0.00725937
3 0.680078 0.409766 0.566406 0.604688 0.00723267
10 0.495703 0.605078 0.816406 0.789844 0.00720596
16 0.24375 0.437891 0.4875 0.599219 0.00714874
25 0.589063 0.554297 0.809375 0.891406 0.00701141
11 0.337695 0.580469 0.675391 0.839063 0.0068512
13 0.38457 0.608594 0.769141 0.782813 0.00679779
13 0.643359 0.703711 0.713281 0.592578 0.00674438
11 0.386719 0.654297 0.773438 0.691406 0.00671768
10 0.289062 0.43584 0.4375 0.643945 0.00669098
8 0.637891 0.475 0.724219 0.932813 0.00664139
8 0.641406 0.628516 0.717188 0.742969 0.00638962
19 0.199023 0.676172 0.398047 0.227344 0.00609589
14 0.416406 0.266797 0.83125 0.533594 0.00609589
0 0.262891 0.46084 0.525781 0.606445 0.00609589
11 0.638281 0.524219 0.723437 0.932813 0.00609589
8 0.510938 0.536719 0.825 0.926562 0.00598145
14 0.363672 0.353516 0.577344 0.707031 0.00595856
25 0.617188 0.394531 0.765625 0.789062 0.00572968
20 0.269141 0.557031 0.538281 0.885938 0.00572968
17 0.707031 0.561328 0.546875 0.674219 0.00572968
3 0.481641 0.371875 0.871094 0.74375 0.00570679
0 0.617188 0.553516 0.765625 0.892969 0.0055542
0 0.614941 0.367969 0.770117 0.735938 0.00551224
20 0.326562 0.680469 0.653125 0.639063 0.00542831
20 0.680078 0.409766 0.566406 0.604688 0.00540543
17 0.377734 0.207422 0.749219 0.414844 0.00538635
13 0.594434 0.31875 0.787695 0.6375 0.00538635
8 0.62959 0.362109 0.706445 0.724219 0.00538635
14 0.273828 0.582031 0.547656 0.835938 0.00530243
1 0.286719 0.378125 0.573438 0.75625 0.00511932
14 0.626563 0.196875 0.746875 0.39375 0.00494385
25 0.294141 0.526953 0.588281 0.799219 0.00494385
10 0.641016 0.603125 0.717969 0.79375 0.00494385
20 0.688281 0.592188 0.623438 0.815625 0.0049057
17 0.626563 0.196875 0.746875 0.39375 0.00486755
1 0.391406 0.265234 0.782813 0.530469 0.00486755
10 0.409766 0.654883 0.819531 0.690234 0.00482941
1 0.527344 0.75957 0.859375 0.480859 0.00482941
11 0.641406 0.628516 0.717188 0.742969 0.00477219
0 0.446094 0.60625 0.820312 0.7875 0.00475693
8 0.425781 0.705078 0.851562 0.589844 0.00475693
11 0.521875 0.375 0.839063 0.75 0.00471878
14 0.380859 0.73125 0.761719 0.5375 0.00471878
13 0.286719 0.378125 0.573438 0.75625 0.00469971
24 0.269336 0.476953 0.538672 0.646094 0.00460815
8 0.286719 0.409375 0.573438 0.81875 0.00457382
1 0.25 0.560547 0.5 0.878906 0.00452042
20 0.416406 0.266797 0.83125 0.533594 0.00443268
24 0.254688 0.401953 0.448438 0.475781 0.00443268
0 0.592969 0.448047 0.814063 0.896094 0.00443268
20 0.295508 0.364648 0.358984 0.377734 0.00439835
5 0.295508 0.364648 0.358984 0.377734 0.00438309
22 0.363672 0.353516 0.577344 0.707031 0.00436401
25 0.55 0.629687 0.825 0.740625 0.00432968
13 0.391406 0.265234 0.782813 0.530469 0.00426483
10 0.637793 0.445703 0.724414 0.891406 0.00426483
2 0.295508 0.364648 0.358984 0.377734 0.00419998
22 0.416406 0.266797 0.83125 0.533594 0.00413513
4 0.262891 0.46084 0.525781 0.606445 0.00407028
19 0.327734 0.411816 0.321875 0.360742 0.00400543
0 0.289062 0.43584 0.4375 0.643945 0.00400543
0 0.29043 0.526563 0.580859 0.83125 0.00400543
2 0.28125 0.516309 0.5625 0.776758 0.00397491
17 0.721094 0.30332 0.4125 0.380859 0.0039444
0 0.593359 0.629687 0.813281 0.740625 0.00392914
16 0.28125 0.516309 0.5625 0.776758 0.00390053
10 0.593359 0.654688 0.813281 0.690625 0.00379562
21 0.251172 0.435937 0.502344 0.534375 0.0037365
14 0.675781 0.4625 0.601562 0.792188 0.00370789
0 0.648535 0.343164 0.58418 0.686328 0.00367928
16 0.486719 0.410547 0.801562 0.821094 0.00367928
9 0.289062 0.43584 0.4375 0.643945 0.00367928
21 0.289062 0.43584 0.4375 0.643945 0.00367928
1 0.382227 0.760156 0.764453 0.479688 0.00367928
16 0.617676 0.421094 0.764648 0.842188 0.00365067
11 0.455859 0.563281 0.839844 0.873438 0.00362206
13 0.269336 0.530469 0.538672 0.914062 0.0036068
22 0.716016 0.666309 0.567969 0.667383 0.00359344
4 0.247461 0.418066 0.494922 0.506055 0.00358009
16 0.306445 0.579688 0.612891 0.840625 0.00358009
14 0.658984 0.328906 0.541406 0.539062 0.00353813
17 0.244531 0.401563 0.489063 0.5375 0.00351143
17 0.405078 0.759375 0.810156 0.48125 0.00351143
3 0.516406 0.270117 0.832812 0.540234 0.00345612
1 0.658984 0.328906 0.541406 0.539062 0.00345612
13 0.263281 0.610156 0.526563 0.779688 0.00342941
13 0.363672 0.353516 0.577344 0.707031 0.00341606
11 0.425781 0.705078 0.851562 0.589844 0.00340271
3 0.529297 0.732031 0.869531 0.535937 0.00337601
10 0.286719 0.409375 0.573438 0.81875 0.00333786
1 0.626563 0.196875 0.746875 0.39375 0.00327301
25 0.641016 0.603125 0.717969 0.79375 0.00324821
16 0.55 0.629687 0.825 0.740625 0.00324821
13 0.650781 0.378125 0.623438 0.75625 0.00322342
12 0.617188 0.525 0.765625 0.934375 0.00319672
19 0.32168 0.419141 0.347266 0.378906 0.0900879
21 0.306299 0.429004 0.346777 0.382617 0.0564575
21 0.310205 0.368945 0.27959 0.334766 0.0387573
19 0.310205 0.368945 0.27959 0.334766 0.0191193
17 0.319141 0.451953 0.290625 0.499219 0.0147324
22 0.319141 0.451953 0.290625 0.499219 0.0140076
1 0.319141 0.451953 0.290625 0.499219 0.0137939
16 0.329883 0.423047 0.337109 0.353125 0.0133743
1 0.268555 0.474609 0.426953 0.572656 0.0115051
22 0.268555 0.474609 0.426953 0.572656 0.0100098
1 0.269531 0.470313 0.539062 0.646875 0.0086441
17 0.268555 0.474609 0.426953 0.572656 0.00712204
13 0.310205 0.368945 0.27959 0.334766 0.00486755
13 0.316016 0.422266 0.360938 0.365625 0.00446701
22 0.246094 0.449219 0.492188 0.715625 0.00436401
3 0.319141 0.451953 0.290625 0.499219 0.00419998
16 0.196289 0.639844 0.392578 0.309375 0.00387001
18 0.484766 0.894141 0.705469 0.211719 0.00382423
17 0.269531 0.470313 0.539062 0.646875 0.00372124
2 0.484766 0.894141 0.705469 0.211719 0.00351143
19 0.323633 0.438281 0.298828 0.305469 0.00345612
24 0.486719 0.941406 0.673438 0.117188 0.00345612
3 0.24707 0.465527 0.470703 0.556445 0.00293541
24 0.484766 0.894141 0.705469 0.211719 0.00293541
24 0.618652 0.855469 0.673633 0.289062 0.00287819
19 0.328125 0.548828 0.342187 0.300781 0.00282288
8 0.24707 0.465527 0.470703 0.556445 0.00277901
11 0.269531 0.470313 0.539062 0.646875 0.00277901
7 0.618652 0.855469 0.673633 0.289062 0.00273705
18 0.618652 0.855469 0.673633 0.289062 0.0026722
11 0.24707 0.465527 0.470703 0.556445 0.00261116
2 0.542871 0.869727 0.714258 0.260547 0.00259018
7 0.484766 0.894141 0.705469 0.211719 0.00257111
18 0.486719 0.941406 0.673438 0.117188 0.00257111
12 0.24707 0.465527 0.470703 0.556445 0.00255013
12 0.319141 0.451953 0.290625 0.499219 0.0024929
2 0.641797 0.252344 0.560156 0.303906 0.00247192
20 0.319141 0.451953 0.290625 0.499219 0.00247192
11 0.321094 0.542578 0.642188 0.805469 0.00247192
16 0.303174 0.565625 0.376465 0.301563 0.00246239
4 0.319141 0.451953 0.290625 0.499219 0.00243378
12 0.281641 0.451172 0.563281 0.774219 0.00243378
4 0.24707 0.465527 0.470703 0.556445 0.00236893
4 0.486719 0.941406 0.673438 0.117188 0.00236893
20 0.24707 0.465527 0.470703 0.556445 0.00230598
18 0.622656 0.886914 0.71875 0.226172 0.00230598
21 0.323389 0.533203 0.342285 0.375781 0.00229645
18 0.542871 0.869727 0.714258 0.260547 0.00228691
2 0.622656 0.886914 0.71875 0.226172 0.00228691
24 0.633203 0.938281 0.702344 0.123438 0.00228691
8 0.319141 0.451953 0.290625 0.499219 0.00227928
4 0.484766 0.894141 0.705469 0.211719 0.00226974
7 0.486719 0.941406 0.673438 0.117188 0.00222588
24 0.542871 0.869727 0.714258 0.260547 0.00221634
2 0.322266 0.413281 0.260938 0.432813 0.00214005
1 0.340625 0.467969 0.68125 0.839063 0.00213242
15 0.484766 0.894141 0.705469 0.211719 0.00211525
11 0.609277 0.823633 0.70332 0.352734 0.00210762
6 0.486719 0.941406 0.673438 0.117188 0.00210762
2 0.486719 0.941406 0.673438 0.117188 0.0020752
2 0.635156 0.850781 0.601562 0.298438 0.00205803
4 0.269531 0.470313 0.539062 0.646875 0.00202751
2 0.684766 0.916406 0.630469 0.167187 0.00201035
11 0.319141 0.451953 0.290625 0.499219 0.00200272
11 0.484766 0.894141 0.705469 0.211719 0.00195694
15 0.618652 0.855469 0.673633 0.289062 0.00194168
3 0.269531 0.470313 0.539062 0.646875 0.00193405
19 0.155664 0.642969 0.311328 0.290625 0.00191879
16 0.274219 0.594531 0.457813 0.298438 0.00190449
15 0.437109 0.942187 0.669531 0.115625 0.00188255
18 0.666016 0.938281 0.667969 0.123438 0.00185299
13 0.269531 0.470313 0.539062 0.646875 0.00183868
7 0.542871 0.869727 0.714258 0.260547 0.00183868
0 0.319141 0.451953 0.290625 0.499219 0.00182438
4 0.269189 0.419141 0.380371 0.461719 0.00178909
11 0.541406 0.939844 0.689063 0.120313 0.00178242
7 0.633203 0.938281 0.702344 0.123438 0.00177479
18 0.641797 0.252344 0.560156 0.303906 0.00175476
0 0.484766 0.894141 0.705469 0.211719 0.00175476
11 0.622656 0.886914 0.71875 0.226172 0.00175476
15 0.622656 0.886914 0.71875 0.226172 0.00175476
24 0.720703 0.939844 0.558594 0.120313 0.00174141
20 0.269531 0.470313 0.539062 0.646875 0.00170708
14 0.484766 0.894141 0.705469 0.211719 0.0017004
9 0.268555 0.474609 0.426953 0.572656 0.00168705
4 0.622656 0.886914 0.71875 0.226172 0.00167465
24 0.344531 0.942187 0.682031 0.115625 0.00166798
12 0.321094 0.542578 0.642188 0.805469 0.0016489
7 0.641797 0.252344 0.560156 0.303906 0.00162315
9 0.319141 0.451953 0.290625 0.499219 0.00162315
6 0.618652 0.855469 0.673633 0.289062 0.00156689
13 0.321094 0.542578 0.642188 0.805469 0.00156116
24 0.641797 0.252344 0.560156 0.303906 0.00154877
2 0.348438 0.914844 0.696875 0.170313 0.00154877
15 0.589453 0.939063 0.700781 0.121875 0.00154877
23 0.484766 0.894141 0.705469 0.211719 0.00152493
7 0.684766 0.916406 0.630469 0.167187 0.00151253
15 0.542871 0.869727 0.714258 0.260547 0.00149536
2 0.269189 0.419141 0.380371 0.461719 0.00144958
3 0.269189 0.419141 0.380371 0.461719 0.00144958
14 0.281641 0.451172 0.563281 0.774219 0.00144958
4 0.666016 0.938281 0.667969 0.123438 0.00144386
15 0.694922 0.939063 0.610156 0.121875 0.0014267
8 0.269531 0.470313 0.539062 0.646875 0.00141621
0 0.622656 0.886914 0.71875 0.226172 0.00139904
11 0.684766 0.916406 0.630469 0.167187 0.00139904
13 0.24707 0.465527 0.470703 0.556445 0.00139427
2 0.24707 0.465527 0.470703 0.556445 0.00138283
12 0.269189 0.419141 0.380371 0.461719 0.00137806
6 0.633203 0.938281 0.702344 0.123438 0.00137806
18 0.344531 0.942187 0.682031 0.115625 0.00136662
11 0.394141 0.942187 0.678125 0.115625 0.00136662
5 0.486719 0.941406 0.673438 0.117188 0.00136662
2 0.745117 0.942969 0.509766 0.114063 0.00135612
9 0.486719 0.941406 0.673438 0.117188 0.00134563
11 0.543359 0.870313 0.703906 0.259375 0.00133514
6 0.5375 0.890234 0.7125 0.219531 0.00130463
18 0.710156 0.919531 0.579688 0.160938 0.00130463
4 0.618652 0.855469 0.673633 0.289062 0.0012846
2 0.688672 0.855859 0.622656 0.288281 0.00127888
14 0.486719 0.941406 0.673438 0.117188 0.00127411
11 0.580859 0.739844 0.755469 0.520312 0.00126934
0 0.542871 0.869727 0.714258 0.260547 0.00125504
7 0.344531 0.942187 0.682031 0.115625 0.00125504
8 0.269189 0.419141 0.380371 0.461719 0.00124454
16 0.144629 0.654297 0.289258 0.274219 0.00123978
13 0.319141 0.451953 0.290625 0.499219 0.00123501
9 0.269531 0.470313 0.539062 0.646875 0.00123501
4 0.542871 0.869727 0.714258 0.260547 0.00123024
0 0.24707 0.465527 0.470703 0.556445 0.00122547
4 0.637598 0.258154 0.57168 0.300879 0.0012207
2 0.349609 0.453027 0.25625 0.493945 0.0012064
5 0.269531 0.470313 0.539062 0.646875 0.00120163
0 0.684766 0.916406 0.630469 0.167187 0.00119686
4 0.344531 0.942187 0.682031 0.115625 0.00118828
0 0.269189 0.419141 0.380371 0.461719 0.00115108
22 0.282813 0.49541 0.565625 0.781055 0.00114727
0 0.637598 0.258154 0.57168 0.300879 0.00113392
14 0.321094 0.542578 0.642188 0.805469 0.00113392
23 0.542871 0.869727 0.714258 0.260547 0.00112438
15 0.637598 0.258154 0.57168 0.300879 0.0011158
4 0.321094 0.542578 0.642188 0.805469 0.0011158
5 0.484766 0.894141 0.705469 0.211719 0.00110722
14 0.622656 0.886914 0.71875 0.226172 0.00110722
0 0.618652 0.855469 0.673633 0.289062 0.00109863
25 0.322266 0.413281 0.260938 0.432813 0.00109005
10 0.319141 0.451953 0.290625 0.499219 0.00108147
14 0.595703 0.863477 0.708594 0.273047 0.00107765
12 0.347656 0.476953 0.492188 0.628906 0.00106525
11 0.637598 0.258154 0.57168 0.300879 0.00105667
9 0.5375 0.890234 0.7125 0.219531 0.00105667
20 0.269189 0.419141 0.380371 0.461719 0.00103664
6 0.641797 0.252344 0.560156 0.303906 0.00103188
12 0.399219 0.415625 0.382812 0.529688 0.00103188
2 0.379004 0.876563 0.737305 0.246875 0.00102806
14 0.628516 0.84707 0.614844 0.305859 0.00102425
15 0.348438 0.914844 0.696875 0.170313 0.00101662
14 0.684766 0.916406 0.630469 0.167187 0.00100803
22 0.310742 0.395215 0.308984 0.40957 0.523438
19 0.311328 0.396777 0.303906 0.41582 0.320801
21 0.309961 0.389746 0.301953 0.420508 0.291016
17 0.312695 0.401563 0.325391 0.409375 0.129395
11 0.321875 0.414453 0.332031 0.433594 0.117981
1 0.310742 0.395215 0.308984 0.40957 0.0778198
3 0.310742 0.395215 0.308984 0.40957 0.0616455
22 0.310547 0.444922 0.336719 0.553906 0.0616455
5 0.311523 0.429688 0.316016 0.460156 0.0503235
20 0.310742 0.395215 0.308984 0.40957 0.0283356
1 0.323779 0.471484 0.339941 0.547656 0.0196075
10 0.327686 0.390625 0.335254 0.414062 0.0194244
8 0.327686 0.390625 0.335254 0.414062 0.0191956
13 0.321875 0.414453 0.332031 0.433594 0.0148392
25 0.312695 0.401563 0.325391 0.409375 0.0132217
24 0.312158 0.4375 0.331934 0.480469 0.0130692
19 0.323779 0.471484 0.339941 0.547656 0.0127258
11 0.317383 0.473438 0.360547 0.582812 0.0123367
11 0.519141 0.505859 0.811719 0.800781 0.011734
14 0.311523 0.429688 0.316016 0.460156 0.0111618
4 0.310742 0.395215 0.308984 0.40957 0.0109024
9 0.310742 0.395215 0.308984 0.40957 0.0106125
3 0.323779 0.471484 0.339941 0.547656 0.0102081
11 0.287305 0.466016 0.574609 0.652344 0.00981903
12 0.312695 0.401563 0.325391 0.409375 0.00971222
11 0.487891 0.41416 0.727344 0.543555 0.00941467
22 0.487891 0.41416 0.727344 0.543555 0.00933838
0 0.312695 0.401563 0.325391 0.409375 0.008255
17 0.323779 0.471484 0.339941 0.547656 0.00728989
22 0.519141 0.505859 0.811719 0.800781 0.00674438
13 0.317383 0.473438 0.360547 0.582812 0.00669098
13 0.287305 0.466016 0.574609 0.652344 0.00656509
10 0.323779 0.471484 0.339941 0.547656 0.00602722
11 0.369531 0.388379 0.467187 0.454492 0.00591278
21 0.310742 0.460547 0.330859 0.539062 0.0055542
1 0.369531 0.388379 0.467187 0.454492 0.00518036
1 0.360938 0.492188 0.529688 0.68125 0.00503922
2 0.308008 0.394141 0.316016 0.402344 0.0049057
13 0.369531 0.388379 0.467187 0.454492 0.00481033
1 0.7 0.454688 0.6 0.721875 0.00477219
8 0.310742 0.460547 0.330859 0.539062 0.0045929
1 0.751953 0.473047 0.488281 0.608594 0.00455475
11 0.360938 0.492188 0.529688 0.68125 0.00452042
19 0.291406 0.414062 0.235156 0.346875 0.00443268
1 0.497559 0.389453 0.726758 0.480469 0.00443268
4 0.310547 0.444922 0.336719 0.553906 0.00443268
24 0.519141 0.505859 0.811719 0.800781 0.00431442
13 0.360938 0.492188 0.529688 0.68125 0.00431442
1 0.737891 0.392285 0.441406 0.563867 0.00429916
19 0.364453 0.471484 0.477344 0.574219 0.00426483
22 0.369531 0.388379 0.467187 0.454492 0.00419998
12 0.487891 0.41416 0.727344 0.543555 0.00413513
5 0.317383 0.473438 0.360547 0.582812 0.00413513
4 0.487891 0.41416 0.727344 0.543555 0.00402451
1 0.287305 0.466016 0.574609 0.652344 0.00374985
20 0.310547 0.444922 0.336719 0.553906 0.00366402
0 0.487891 0.41416 0.727344 0.543555 0.00351143
12 0.287305 0.466016 0.574609 0.652344 0.00351143
17 0.487891 0.41416 0.727344 0.543555 0.00335121
16 0.312158 0.4375 0.331934 0.480469 0.00314713
4 0.519141 0.505859 0.811719 0.800781 0.00309944
6 0.310742 0.460547 0.330859 0.539062 0.00307465
22 0.751953 0.473047 0.488281 0.608594 0.00305176
12 0.360938 0.492188 0.529688 0.68125 0.00302696
17 0.519141 0.505859 0.811719 0.800781 0.00287819
4 0.369531 0.388379 0.467187 0.454492 0.00286674
24 0.487891 0.41416 0.727344 0.543555 0.00284576
5 0.369531 0.388379 0.467187 0.454492 0.00282288
12 0.519141 0.505859 0.811719 0.800781 0.00277901
14 0.317383 0.473438 0.360547 0.582812 0.00277901
3 0.487891 0.41416 0.727344 0.543555 0.00274658
13 0.519141 0.505859 0.811719 0.800781 0.00270462
22 0.737891 0.392285 0.441406 0.563867 0.00269318
22 0.7 0.454688 0.6 0.721875 0.00268364
12 0.317383 0.473438 0.360547 0.582812 0.0026722
1 0.77832 0.563379 0.430859 0.524805 0.00266266
14 0.497559 0.389453 0.726758 0.480469 0.00253105
14 0.287305 0.466016 0.574609 0.652344 0.00252151
22 0.77832 0.563379 0.430859 0.524805 0.00252151
13 0.487891 0.41416 0.727344 0.543555 0.00251198
19 0.240625 0.509473 0.48125 0.570117 0.00251198
12 0.369531 0.388379 0.467187 0.454492 0.00245285
19 0.804492 0.433594 0.294141 0.396875 0.00243378
20 0.487891 0.41416 0.727344 0.543555 0.00243378
22 0.553809 0.380859 0.400195 0.471094 0.00243378
1 0.549609 0.467969 0.507031 0.65 0.00239754
9 0.323779 0.471484 0.339941 0.547656 0.00237846
22 0.544141 0.489063 0.539844 0.598437 0.00234222
3 0.369531 0.388379 0.467187 0.454492 0.00230598
17 0.7 0.454688 0.6 0.721875 0.00230598
1 0.553809 0.380859 0.400195 0.471094 0.00223351
17 0.737891 0.392285 0.441406 0.563867 0.00222588
16 0.287305 0.466016 0.574609 0.652344 0.00219917
6 0.487891 0.41416 0.727344 0.543555 0.00216484
25 0.487891 0.41416 0.727344 0.543555 0.00216484
17 0.751953 0.473047 0.488281 0.608594 0.00214958
12 0.614453 0.475 0.771094 0.884375 0.00210762
12 0.668359 0.458496 0.663281 0.658008 0.00205803
1 0.519141 0.505859 0.811719 0.800781 0.00203514
12 0.751953 0.473047 0.488281 0.608594 0.00201988
6 0.327686 0.390625 0.335254 0.414062 0.00199509
21 0.487891 0.41416 0.727344 0.543555 0.00198746
14 0.519141 0.505859 0.811719 0.800781 0.00197983
16 0.487891 0.41416 0.727344 0.543555 0.0019722
2 0.497559 0.389453 0.726758 0.480469 0.00195694
17 0.369531 0.388379 0.467187 0.454492 0.00194931
25 0.323779 0.471484 0.339941 0.547656 0.00192642
12 0.544141 0.489063 0.539844 0.598437 0.00189686
19 0.166113 0.113867 0.30918 0.227734 0.00186062
19 0.119922 0.229883 0.239844 0.383984 0.00186062
1 0.624609 0.485156 0.750781 0.8625 0.00182438
22 0.360938 0.492188 0.529688 0.68125 0.0018034
13 0.245312 0.512109 0.490625 0.589844 0.00177479
0 0.519141 0.505859 0.811719 0.800781 0.00176811
4 0.287305 0.466016 0.574609 0.652344 0.00176811
11 0.77832 0.563379 0.430859 0.524805 0.00175476
2 0.323779 0.471484 0.339941 0.547656 0.00173378
16 0.519141 0.505859 0.811719 0.800781 0.0017271
6 0.519141 0.505859 0.811719 0.800781 0.0017004
0 0.323779 0.471484 0.339941 0.547656 0.0017004
17 0.544141 0.489063 0.539844 0.598437 0.0017004
12 0.538965 0.374219 0.475195 0.503125 0.00167465
17 0.550391 0.407813 0.419531 0.505469 0.00167465
8 0.369531 0.388379 0.467187 0.454492 0.0016489
12 0.737891 0.392285 0.441406 0.563867 0.00160408
12 0.714453 0.550684 0.571094 0.53457 0.00160408
6 0.233984 0.564844 0.467969 0.432813 0.00160408
14 0.360938 0.492188 0.529688 0.68125 0.0015974
25 0.519141 0.505859 0.811719 0.800781 0.00158501
17 0.360938 0.492188 0.529688 0.68125 0.00158501
11 0.751953 0.473047 0.488281 0.608594 0.00157356
11 0.245312 0.512109 0.490625 0.589844 0.00155449
13 0.635938 0.402344 0.660937 0.649219 0.00153065
3 0.519141 0.505859 0.811719 0.800781 0.00153065
1 0.559766 0.539844 0.639844 0.582812 0.0015192
13 0.751953 0.473047 0.488281 0.608594 0.00150108
17 0.77832 0.563379 0.430859 0.524805 0.00150108
20 0.519141 0.505859 0.811719 0.800781 0.00148392
22 0.653516 0.544629 0.692969 0.545117 0.0014782
24 0.240625 0.509473 0.48125 0.570117 0.00147247
21 0.519141 0.505859 0.811719 0.800781 0.00145531
3 0.287305 0.466016 0.574609 0.652344 0.00144958
21 0.291406 0.414062 0.235156 0.346875 0.00143814
10 0.369531 0.388379 0.467187 0.454492 0.00142097
13 0.614453 0.475 0.771094 0.884375 0.00141048
16 0.290039 0.5125 0.383984 0.528125 0.00139427
5 0.240625 0.509473 0.48125 0.570117 0.00138855
13 0.77832 0.563379 0.430859 0.524805 0.00138855
15 0.242969 0.513672 0.485938 0.588281 0.00136662
5 0.519141 0.505859 0.811719 0.800781 0.00136185
19 0.118848 0.424219 0.237695 0.392188 0.00135612
19 0.316846 0.524219 0.299121 0.397656 0.00135612
17 0.287305 0.466016 0.574609 0.652344 0.00134563
3 0.360938 0.492188 0.529688 0.68125 0.00133514
6 0.240625 0.509473 0.48125 0.570117 0.00132465
16 0.230469 0.551172 0.460938 0.438281 0.00131512
12 0.507129 0.332227 0.749805 0.664453 0.00130939
5 0.487891 0.41416 0.727344 0.543555 0.00126934
17 0.624609 0.485156 0.750781 0.8625 0.00126457
13 0.689453 0.551562 0.621094 0.54375 0.0012598
13 0.308789 0.333984 0.296484 0.424219 0.00124931
4 0.360938 0.492188 0.529688 0.68125 0.00124454
13 0.559766 0.539844 0.639844 0.582812 0.00124454
12 0.794531 0.577344 0.38125 0.582812 0.00123501
13 0.550391 0.407813 0.419531 0.505469 0.00122547
11 0.668359 0.458496 0.663281 0.658008 0.00121117
14 0.369531 0.388379 0.467187 0.454492 0.0012064
1 0.742969 0.631934 0.514063 0.58457 0.00120163
15 0.487891 0.41416 0.727344 0.543555 0.00118828
24 0.233984 0.564844 0.467969 0.432813 0.00118828
22 0.624609 0.485156 0.750781 0.8625 0.00118351
9 0.240625 0.509473 0.48125 0.570117 0.00118351
12 0.585938 0.651563 0.721875 0.695312 0.00117397
12 0.311719 0.379297 0.623438 0.758594 0.00112915
1 0.605078 0.355859 0.711719 0.544531 0.00112915
11 0.689453 0.551562 0.621094 0.54375 0.00112915
12 0.632031 0.358203 0.648438 0.557031 0.00111198
7 0.242969 0.513672 0.485938 0.588281 0.00111198
9 0.233984 0.564844 0.467969 0.432813 0.0011034
12 0.675879 0.63125 0.648242 0.60625 0.00109863
15 0.233984 0.564844 0.467969 0.432813 0.00109482
12 0.245312 0.512109 0.490625 0.589844 0.00108624
11 0.559766 0.539844 0.639844 0.582812 0.00108147
9 0.519141 0.505859 0.811719 0.800781 0.00107765
1 0.507129 0.332227 0.749805 0.664453 0.00106907
13 0.737891 0.392285 0.441406 0.563867 0.00106525
0 0.369531 0.388379 0.467187 0.454492 0.00106049
22 0.64209 0.380566 0.698633 0.637305 0.00104809
12 0.732813 0.475781 0.534375 0.910937 0.00104809
9 0.487891 0.41416 0.727344 0.543555 0.00104046
10 0.487891 0.41416 0.727344 0.543555 0.00104046
1 0.653516 0.544629 0.692969 0.545117 0.00104046
17 0.653516 0.544629 0.692969 0.545117 0.00104046
12 0.478516 0.596094 0.839844 0.807813 0.00103664
4 0.233984 0.564844 0.467969 0.432813 0.00102806
11 0.553809 0.380859 0.400195 0.471094 0.00102425
13 0.507129 0.332227 0.749805 0.664453 0.00101185
13 0.535547 0.485059 0.482031 0.606445 0.00101185
22 0.585938 0.651563 0.721875 0.695312 0.00100803
22 0.312158 0.392871 0.305371 0.439258 0.0343628
19 0.304688 0.399609 0.33125 0.377344 0.0261536
12 0.349609 0.523047 0.699219 0.847656 0.0195007
1 0.312158 0.392871 0.305371 0.439258 0.0189819
19 0.354297 0.407715 0.257031 0.34082 0.0154877
17 0.315039 0.387109 0.302734 0.419531 0.0141144
1 0.309033 0.448438 0.337402 0.578125 0.0130692
13 0.312549 0.433691 0.340527 0.573242 0.0112457
13 0.250781 0.435937 0.501563 0.616406 0.00985718
19 0.275977 0.417188 0.231641 0.323438 0.00919342
13 0.349609 0.523047 0.699219 0.847656 0.0091629
12 0.278516 0.479785 0.557031 0.707617 0.00878143
5 0.313086 0.397754 0.327734 0.473242 0.00775528
12 0.312158 0.392871 0.305371 0.439258 0.00763702
22 0.309033 0.448438 0.337402 0.578125 0.00743103
12 0.250781 0.435937 0.501563 0.616406 0.00723267
3 0.312158 0.392871 0.305371 0.439258 0.00714874
12 0.312549 0.433691 0.340527 0.573242 0.00706482
21 0.315039 0.387109 0.302734 0.419531 0.0064888
20 0.312158 0.392871 0.305371 0.439258 0.0064888
13 0.312158 0.392871 0.305371 0.439258 0.00551224
17 0.309033 0.448438 0.337402 0.578125 0.00526047
8 0.312158 0.392871 0.305371 0.439258 0.00498199
12 0.287158 0.332813 0.286621 0.305469 0.00471878
13 0.278516 0.479785 0.557031 0.707617 0.00426483
2 0.315039 0.387109 0.302734 0.419531 0.00407028
4 0.313086 0.397754 0.327734 0.473242 0.00379562
1 0.250781 0.435937 0.501563 0.616406 0.00370789
16 0.250781 0.435937 0.501563 0.616406 0.00353813
25 0.315039 0.387109 0.302734 0.419531 0.00351143
11 0.313086 0.397754 0.327734 0.473242 0.00313568
3 0.309033 0.448438 0.337402 0.578125 0.00307465
9 0.312158 0.392871 0.305371 0.439258 0.00298119
10 0.313086 0.397754 0.327734 0.473242 0.00276756
21 0.350977 0.410156 0.248047 0.374219 0.00273705
16 0.312549 0.433691 0.340527 0.573242 0.00270462
19 0.309033 0.448438 0.337402 0.578125 0.00243378
19 0.29707 0.267969 0.249609 0.234375 0.00233269
0 0.304688 0.383496 0.326562 0.408008 0.00219154
12 0.259766 0.401172 0.457031 0.458594 0.00216484
6 0.313086 0.397754 0.327734 0.473242 0.00216484
16 0.344922 0.559375 0.689844 0.8125 0.00212479
24 0.312158 0.392871 0.305371 0.439258 0.00209999
11 0.250781 0.435937 0.501563 0.616406 0.00203514
11 0.349609 0.523047 0.699219 0.847656 0.00196457
20 0.309033 0.448438 0.337402 0.578125 0.00195694
17 0.291406 0.338672 0.317969 0.315625 0.00192642
1 0.291406 0.338672 0.317969 0.315625 0.00190449
13 0.291406 0.338672 0.317969 0.315625 0.00189686
14 0.315039 0.387109 0.302734 0.419531 0.00184631
12 0.232813 0.298047 0.465625 0.522656 0.00175476
17 0.250781 0.435937 0.501563 0.616406 0.00174141
8 0.309033 0.448438 0.337402 0.578125 0.00171375
12 0.225195 0.611328 0.450391 0.435156 0.00154877
1 0.319141 0.486328 0.638281 0.789844 0.0014267
6 0.291406 0.338672 0.317969 0.315625 0.00139427
16 0.312158 0.392871 0.305371 0.439258 0.00132465
21 0.309033 0.448438 0.337402 0.578125 0.0012846
12 0.237891 0.328906 0.417969 0.345313 0.00121593
24 0.309033 0.448438 0.337402 0.578125 0.00119686
14 0.309033 0.448438 0.337402 0.578125 0.00117874
4 0.287158 0.332813 0.286621 0.305469 0.00116539
22 0.252734 0.448535 0.505469 0.604492 0.00116062
12 0.489941 0.123926 0.768555 0.247852 0.0011425
15 0.287158 0.332813 0.286621 0.305469 0.00112438
16 0.291406 0.338672 0.317969 0.315625 0.00109005
12 0.291602 0.392188 0.583203 0.784375 0.00108147
19 0.250781 0.435937 0.501563 0.616406 0.00108147
11 0.278516 0.479785 0.557031 0.707617 0.00106525
6 0.250781 0.435937 0.501563 0.616406 0.00106525
12 0.1875 0.628125 0.375 0.314063 0.00106525
16 0.269141 0.515723 0.538281 0.54043 0.00106049
5 0.250781 0.435937 0.501563 0.616406 0.00101662
12 0.434375 0.520996 0.832812 0.723633 0.00101662
22 0.278516 0.479785 0.557031 0.707617 0.00100803
19 0.313867 0.419922 0.333203 0.422656 0.0526123
21 0.310498 0.398828 0.299316 0.388281 0.049408
11 0.310352 0.400684 0.305859 0.492383 0.0451965
22 0.310352 0.400684 0.305859 0.492383 0.0285492
3 0.310352 0.400684 0.305859 0.492383 0.0241394
8 0.310352 0.400684 0.305859 0.492383 0.0219421
17 0.310352 0.400684 0.305859 0.492383 0.0207214
1 0.306299 0.409277 0.29834 0.450195 0.0197906
10 0.325195 0.398828 0.324609 0.485938 0.0171814
5 0.325195 0.398828 0.324609 0.485938 0.0120087
25 0.314014 0.403906 0.298535 0.485938 0.00806427
4 0.314014 0.403906 0.298535 0.485938 0.00784302
0 0.314014 0.403906 0.298535 0.485938 0.00766754
21 0.330469 0.531641 0.317188 0.422656 0.00760651
13 0.325 0.399219 0.323438 0.435937 0.00629044
19 0.307422 0.370117 0.282031 0.366797 0.00572968
6 0.312305 0.412891 0.307422 0.472656 0.00538635
14 0.312305 0.412891 0.307422 0.472656 0.00429916
2 0.314014 0.403906 0.298535 0.485938 0.0039444
21 0.31543 0.572656 0.289453 0.321875 0.00391388
12 0.312305 0.412891 0.307422 0.472656 0.00382423
21 0.308398 0.355078 0.258984 0.355469 0.00380898
20 0.306299 0.409277 0.29834 0.450195 0.00353813
16 0.313477 0.401953 0.303516 0.407031 0.00288963
19 0.288867 0.418359 0.248828 0.335156 0.0027256
19 0.476465 0.617969 0.293945 0.329688 0.0024147
6 0.318359 0.467187 0.290625 0.315625 0.002388
4 0.318359 0.467187 0.290625 0.315625 0.00236893
1 0.318359 0.467187 0.290625 0.315625 0.00234222
11 0.318359 0.467187 0.290625 0.315625 0.00208282
19 0.326172 0.551953 0.3 0.375 0.0020504
0 0.318359 0.467187 0.290625 0.315625 0.00201988
8 0.318359 0.467187 0.290625 0.315625 0.00199509
19 0.311133 0.288867 0.252734 0.222266 0.0019722
2 0.318359 0.467187 0.290625 0.315625 0.00173378
9 0.313477 0.401953 0.303516 0.407031 0.00171375
16 0.318359 0.467187 0.290625 0.315625 0.00167465
22 0.318359 0.467187 0.290625 0.315625 0.00166798
11 0.464844 0.365625 0.7125 0.652344 0.00152493
23 0.312305 0.412891 0.307422 0.472656 0.00148964
14 0.318359 0.467187 0.290625 0.315625 0.0014782
17 0.318359 0.467187 0.290625 0.315625 0.00142097
19 0.30332 0.268359 0.262891 0.300781 0.00139427
13 0.330811 0.444531 0.369629 0.561719 0.00130939
3 0.318359 0.467187 0.290625 0.315625 0.0012064
12 0.470313 0.446777 0.74375 0.737695 0.00112915
4 0.309766 0.35 0.264844 0.329688 0.00104046
24 0.312305 0.412891 0.307422 0.472656 0.00103188
9 0.314453 0.481348 0.296875 0.25918 0.00101662
21 0.314063 0.392188 0.327344 0.429688 0.185913
19 0.316797 0.38916 0.328906 0.41543 0.149536
5 0.316797 0.38916 0.328906 0.41543 0.0856934
10 0.316797 0.38916 0.328906 0.41543 0.078064
11 0.316797 0.38916 0.328906 0.41543 0.0528259
8 0.314063 0.392188 0.327344 0.429688 0.0344849
17 0.308203 0.394141 0.291406 0.396094 0.0283356
22 0.316797 0.38916 0.328906 0.41543 0.0269623
1 0.316797 0.38916 0.328906 0.41543 0.0256653
3 0.316797 0.38916 0.328906 0.41543 0.0238647
25 0.314648 0.393652 0.319141 0.436133 0.018692
6 0.314795 0.386719 0.32666 0.416406 0.00955963
19 0.280273 0.414844 0.244141 0.34375 0.00837708
13 0.318164 0.385254 0.341797 0.416992 0.00775528
14 0.314648 0.393652 0.319141 0.436133 0.00695801
20 0.314648 0.393652 0.319141 0.436133 0.0064888
17 0.288623 0.302734 0.229785 0.211719 0.00559998
0 0.313232 0.390625 0.347754 0.440625 0.0042305
4 0.313232 0.390625 0.347754 0.440625 0.00415039
2 0.313232 0.390625 0.347754 0.440625 0.0039444
14 0.288623 0.302734 0.229785 0.211719 0.00332451
4 0.288623 0.302734 0.229785 0.211719 0.00322342
8 0.288623 0.302734 0.229785 0.211719 0.00314713
2 0.288623 0.302734 0.229785 0.211719 0.00271416
12 0.318164 0.385254 0.341797 0.416992 0.00223351
24 0.314795 0.386719 0.32666 0.416406 0.00214958
25 0.288623 0.302734 0.229785 0.211719 0.0020752
0 0.288623 0.302734 0.229785 0.211719 0.00205803
9 0.314648 0.393652 0.319141 0.436133 0.00183105
1 0.288623 0.302734 0.229785 0.211719 0.00172043
16 0.315234 0.383594 0.357031 0.410938 0.00172043
12 0.300977 0.301563 0.234766 0.210938 0.0014782
23 0.288623 0.302734 0.229785 0.211719 0.00104046
22 0.311377 0.376953 0.314746 0.396094 0.118774
25 0.311719 0.385547 0.301563 0.392969 0.0783691
21 0.307471 0.383496 0.303809 0.393945 0.0524292
17 0.307471 0.384375 0.294434 0.4125 0.0505066
19 0.320264 0.387891 0.328223 0.457031 0.0321045
3 0.311719 0.385547 0.301563 0.392969 0.0298767
20 0.311719 0.385547 0.301563 0.392969 0.0285492
1 0.311719 0.385547 0.301563 0.392969 0.0257568
10 0.307471 0.383496 0.303809 0.393945 0.0252686
5 0.311377 0.376953 0.314746 0.396094 0.024231
14 0.302344 0.308984 0.267188 0.261719 0.0238647
25 0.310547 0.312305 0.263281 0.280078 0.0211182
2 0.302344 0.308984 0.267188 0.261719 0.0188751
0 0.310547 0.312305 0.263281 0.280078 0.0134277
23 0.302344 0.308984 0.267188 0.261719 0.0119171
14 0.305273 0.388965 0.305078 0.412695 0.0115051
8 0.305273 0.388965 0.305078 0.412695 0.0103302
12 0.311719 0.385547 0.301563 0.392969 0.00955963
19 0.292627 0.278711 0.253027 0.261328 0.00945282
4 0.302344 0.308984 0.267188 0.261719 0.00926971
13 0.314258 0.383203 0.333203 0.417188 0.00905609
2 0.305273 0.388965 0.305078 0.412695 0.00857544
0 0.307422 0.380859 0.289844 0.408594 0.0077858
4 0.311523 0.380859 0.309766 0.411719 0.00763702
13 0.314063 0.431934 0.401563 0.58457 0.00746155
1 0.314063 0.431934 0.401563 0.58457 0.00653839
11 0.310596 0.375879 0.313184 0.391992 0.00605011
17 0.310547 0.312305 0.263281 0.280078 0.00551224
12 0.361328 0.537109 0.722656 0.925781 0.00534439
13 0.361328 0.537109 0.722656 0.925781 0.00534439
1 0.316016 0.444922 0.344531 0.453125 0.0053215
6 0.311377 0.376953 0.314746 0.396094 0.00510025
12 0.313672 0.386719 0.405469 0.432031 0.00479126
8 0.310547 0.312305 0.263281 0.280078 0.00399017
9 0.311719 0.385547 0.301563 0.392969 0.00321007
16 0.314063 0.431934 0.401563 0.58457 0.00314713
10 0.302344 0.308984 0.267188 0.261719 0.00312424
13 0.333203 0.504785 0.666406 0.67168 0.0029583
3 0.310547 0.312305 0.263281 0.280078 0.00292397
12 0.316016 0.444922 0.344531 0.453125 0.00288963
12 0.619922 0.527344 0.480469 0.579688 0.00288963
11 0.361328 0.537109 0.722656 0.925781 0.00283432
16 0.333203 0.504785 0.666406 0.67168 0.00279045
11 0.333203 0.504785 0.666406 0.67168 0.00273705
24 0.311377 0.376953 0.314746 0.396094 0.00258064
4 0.444922 0.376465 0.663281 0.606445 0.00240517
22 0.316016 0.444922 0.344531 0.453125 0.00226021
17 0.314063 0.431934 0.401563 0.58457 0.00221634
1 0.361328 0.537109 0.722656 0.925781 0.00210762
12 0.385156 0.374609 0.5875 0.611719 0.0020504
23 0.312939 0.386816 0.292871 0.416992 0.00200272
12 0.333203 0.504785 0.666406 0.67168 0.00198746
11 0.314063 0.431934 0.401563 0.58457 0.00193405
11 0.444922 0.376465 0.663281 0.606445 0.00191212
5 0.302344 0.308984 0.267188 0.261719 0.00188923
3 0.314063 0.431934 0.401563 0.58457 0.00188255
0 0.444922 0.376465 0.663281 0.606445 0.00185299
6 0.310547 0.312305 0.263281 0.280078 0.0016613
16 0.316797 0.387891 0.366406 0.429688 0.0016489
17 0.316016 0.444922 0.344531 0.453125 0.00162315
12 0.630371 0.561035 0.612695 0.666992 0.00158501
3 0.316016 0.444922 0.344531 0.453125 0.00152493
15 0.307422 0.380859 0.289844 0.408594 0.00147247
9 0.302344 0.308984 0.267188 0.261719 0.00137806
7 0.302344 0.308984 0.267188 0.261719 0.00135612
12 0.307861 0.316406 0.275684 0.289062 0.00135136
1 0.333203 0.504785 0.666406 0.67168 0.00134563
16 0.297217 0.295898 0.263379 0.231641 0.00131989
1 0.310547 0.312305 0.263281 0.280078 0.00129986
6 0.314063 0.431934 0.401563 0.58457 0.00127411
19 0.33125 0.405859 0.2875 0.359375 0.00126457
6 0.316016 0.444922 0.344531 0.453125 0.0012598
14 0.444922 0.376465 0.663281 0.606445 0.00125504
22 0.314063 0.431934 0.401563 0.58457 0.0012064
16 0.361328 0.537109 0.722656 0.925781 0.00118351
20 0.316016 0.444922 0.344531 0.453125 0.00116062
13 0.619922 0.527344 0.480469 0.579688 0.00116062
13 0.309326 0.494141 0.358691 0.445312 0.00116062
12 0.300195 0.418652 0.455859 0.562695 0.00113773
20 0.310547 0.312305 0.263281 0.280078 0.00113392
2 0.444922 0.376465 0.663281 0.606445 0.00109863
4 0.314063 0.431934 0.401563 0.58457 0.00109863
6 0.333203 0.504785 0.666406 0.67168 0.00109482
2 0.314063 0.431934 0.401563 0.58457 0.00106907
19 0.297217 0.322852 0.286816 0.284766 0.00104046
15 0.310547 0.312305 0.263281 0.280078 0.00103664
18 0.302344 0.308984 0.267188 0.261719 0.00102043
15 0.444922 0.376465 0.663281 0.606445 0.00102043
8 0.314063 0.431934 0.401563 0.58457 0.00102043
21 0.316016 0.444922 0.344531 0.453125 0.00100803
22 0.312842 0.399121 0.28291 0.37207 0.15918
19 0.318408 0.40791 0.324902 0.443555 0.112
1 0.320508 0.394141 0.289453 0.396094 0.0888062
17 0.313281 0.391016 0.270313 0.380469 0.0665894
21 0.319531 0.401172 0.276563 0.36875 0.0514526
25 0.308594 0.386719 0.25625 0.391406 0.0399475
20 0.312842 0.399121 0.28291 0.37207 0.0343628
8 0.319531 0.401172 0.276563 0.36875 0.0271759
5 0.319531 0.401172 0.276563 0.36875 0.0245209
3 0.312842 0.399121 0.28291 0.37207 0.0245209
10 0.319531 0.401172 0.276563 0.36875 0.0110321
11 0.320508 0.394141 0.289453 0.396094 0.00919342
12 0.312842 0.399121 0.28291 0.37207 0.00871277
7 0.573047 0.299609 0.769531 0.485156 0.00867462
7 0.598535 0.306055 0.651367 0.389453 0.00766754
14 0.308594 0.386719 0.25625 0.391406 0.00638962
8 0.32583 0.392188 0.349902 0.426563 0.00591278
21 0.32583 0.392188 0.349902 0.426563 0.00582123
17 0.32583 0.392188 0.349902 0.426563 0.00518036
5 0.32583 0.392188 0.349902 0.426563 0.00498199
4 0.30957 0.380371 0.251953 0.376758 0.00494385
18 0.598535 0.306055 0.651367 0.389453 0.00486755
18 0.573047 0.299609 0.769531 0.485156 0.0046463
10 0.32583 0.392188 0.349902 0.426563 0.00457382
0 0.308594 0.386719 0.25625 0.391406 0.00448608
17 0.303516 0.3125 0.228906 0.234375 0.00370789
13 0.317188 0.39375 0.289062 0.392969 0.00370789
14 0.303516 0.3125 0.228906 0.234375 0.00365067
0 0.605859 0.316016 0.674219 0.48125 0.00359344
12 0.626172 0.446875 0.747656 0.80625 0.00359344
2 0.308594 0.386719 0.25625 0.391406 0.00348282
24 0.605859 0.316016 0.674219 0.48125 0.00342941
2 0.605859 0.316016 0.674219 0.48125 0.00333786
4 0.605859 0.316016 0.674219 0.48125 0.00291252
15 0.604297 0.378125 0.711719 0.630469 0.0028553
1 0.286719 0.517578 0.465625 0.652344 0.00273705
14 0.605859 0.316016 0.674219 0.48125 0.00228691
11 0.286719 0.517578 0.465625 0.652344 0.00225258
9 0.312842 0.399121 0.28291 0.37207 0.00214958
2 0.303516 0.3125 0.228906 0.234375 0.0020752
4 0.32583 0.392188 0.349902 0.426563 0.00202751
6 0.312842 0.399121 0.28291 0.37207 0.00201988
25 0.305859 0.308789 0.234375 0.230859 0.0019722
24 0.312842 0.399121 0.28291 0.37207 0.0018034
12 0.313281 0.632715 0.626563 0.726758 0.00179577
13 0.603516 0.444922 0.792969 0.835156 0.00176811
15 0.577246 0.29375 0.779883 0.578125 0.00173378
9 0.605859 0.316016 0.674219 0.48125 0.00161648
13 0.286719 0.517578 0.465625 0.652344 0.00156689
1 0.626172 0.446875 0.747656 0.80625 0.00154877
19 0.291064 0.412891 0.240527 0.329688 0.00150108
0 0.305859 0.308789 0.234375 0.230859 0.00150108
6 0.605859 0.316016 0.674219 0.48125 0.00141048
22 0.286719 0.517578 0.465625 0.652344 0.00136185
17 0.286719 0.517578 0.465625 0.652344 0.00133038
11 0.604297 0.378125 0.711719 0.630469 0.00114727
15 0.603516 0.444922 0.792969 0.835156 0.00108147
12 0.286719 0.517578 0.465625 0.652344 0.00104427
16 0.320508 0.394141 0.289453 0.396094 0.00103664
21 0.322266 0.392969 0.277344 0.400781 0.156616
22 0.320508 0.391797 0.271484 0.403125 0.14856
17 0.316406 0.390625 0.278906 0.405469 0.112793
19 0.322266 0.392969 0.277344 0.400781 0.0792236
1 0.322266 0.392969 0.277344 0.400781 0.0687866
8 0.322266 0.392969 0.277344 0.400781 0.0554199
5 0.322266 0.392969 0.277344 0.400781 0.0488586
3 0.320508 0.391797 0.271484 0.403125 0.018692
10 0.322266 0.392969 0.277344 0.400781 0.0179138
11 0.324219 0.379688 0.2875 0.4 0.0133286
25 0.316406 0.390625 0.278906 0.405469 0.00837708
19 0.291406 0.411035 0.210938 0.326367 0.00579834
20 0.320508 0.391797 0.271484 0.403125 0.00518036
16 0.32168 0.416016 0.289453 0.36875 0.00482941
13 0.32168 0.416016 0.289453 0.36875 0.00416565
14 0.322266 0.392969 0.277344 0.400781 0.00269318
2 0.324219 0.379688 0.2875 0.4 0.00260162
6 0.316748 0.378809 0.294629 0.42207 0.00208282
14 0.299219 0.298438 0.204688 0.214062 0.00176144
24 0.320508 0.391797 0.271484 0.403125 0.00165462
12 0.32168 0.416016 0.289453 0.36875 0.00146103
11 0.502246 0.450391 0.742383 0.626563 0.00137806
0 0.316748 0.378809 0.294629 0.42207 0.00134563
4 0.316406 0.390625 0.278906 0.405469 0.00131512
13 0.257031 0.453906 0.496094 0.595313 0.00108147
11 0.441406 0.396094 0.590625 0.478906 0.00106525
22 0.316797 0.409277 0.297656 0.41582 0.220703
21 0.317578 0.408984 0.296875 0.415625 0.166138
1 0.320508 0.401172 0.304297 0.422656 0.134277
19 0.317578 0.408984 0.296875 0.415625 0.0853882
5 0.317578 0.408984 0.296875 0.415625 0.0809326
17 0.316797 0.409277 0.297656 0.41582 0.0806274
8 0.317578 0.408984 0.296875 0.415625 0.0623169
3 0.316797 0.409277 0.297656 0.41582 0.0384521
10 0.320508 0.401172 0.304297 0.422656 0.0266571
11 0.320508 0.401172 0.304297 0.422656 0.0151291
20 0.316797 0.409277 0.297656 0.41582 0.0139008
17 0.310937 0.371875 0.252344 0.352344 0.0131226
25 0.316797 0.409277 0.297656 0.41582 0.0049057
4 0.314063 0.401563 0.29375 0.409375 0.00349617
13 0.318555 0.405469 0.319922 0.434375 0.00307465
14 0.314063 0.401563 0.29375 0.409375 0.00299263
12 0.317773 0.398438 0.305078 0.426563 0.00292397
1 0.318164 0.455078 0.393359 0.566406 0.00237846
6 0.318359 0.405469 0.311719 0.407813 0.00228691
11 0.318164 0.455078 0.393359 0.566406 0.00216484
1 0.310937 0.371875 0.252344 0.352344 0.00171375
0 0.320654 0.398535 0.322754 0.44043 0.00170708
14 0.305469 0.350391 0.235938 0.303906 0.00167465
16 0.318555 0.405469 0.319922 0.434375 0.00167465
2 0.318555 0.405469 0.319922 0.434375 0.00109005
25 0.310937 0.371875 0.252344 0.352344 0.00100803
17 0.318164 0.395703 0.285547 0.402344 0.217285
1 0.311328 0.394141 0.296875 0.402344 0.164551
22 0.311914 0.394922 0.294141 0.402344 0.150513
21 0.311328 0.394141 0.296875 0.402344 0.0632324
19 0.311328 0.394141 0.296875 0.402344 0.0630493
8 0.311328 0.394141 0.296875 0.402344 0.0539856
5 0.311328 0.394141 0.296875 0.402344 0.0420837
3 0.311328 0.394141 0.296875 0.402344 0.0359497
10 0.311328 0.394141 0.296875 0.402344 0.0241394
25 0.318164 0.395703 0.285547 0.402344 0.0156708
14 0.30957 0.317578 0.233984 0.242969 0.0110703
20 0.311914 0.394922 0.294141 0.402344 0.0105667
11 0.313672 0.395215 0.305469 0.412695 0.00926971
12 0.313867 0.394922 0.307422 0.415625 0.00919342
17 0.318164 0.338086 0.251172 0.298047 0.00706482
13 0.313867 0.394922 0.307422 0.415625 0.00605011
25 0.316797 0.314844 0.224219 0.235156 0.00518036
4 0.30957 0.317578 0.233984 0.242969 0.00471878
8 0.30957 0.317578 0.233984 0.242969 0.00455475
14 0.309961 0.394141 0.294141 0.40625 0.00400543
4 0.30918 0.356055 0.266016 0.337891 0.00395966
0 0.316797 0.314844 0.224219 0.235156 0.00376511
1 0.308398 0.450781 0.399609 0.546875 0.00276756
11 0.308398 0.450781 0.399609 0.546875 0.00271416
12 0.317188 0.357812 0.257812 0.340625 0.0020752
4 0.320312 0.390527 0.321875 0.414258 0.00160408
2 0.30957 0.317578 0.233984 0.242969 0.00148964
6 0.313867 0.394922 0.307422 0.415625 0.00148964
23 0.30957 0.317578 0.233984 0.242969 0.00139904
8 0.308398 0.450781 0.399609 0.546875 0.00124454
0 0.317188 0.357812 0.257812 0.340625 0.00115108
22 0.311523 0.392578 0.300391 0.409375 0.410156
17 0.317188 0.393066 0.310937 0.416992 0.236572
1 0.310156 0.391309 0.300781 0.417383 0.235107
21 0.310547 0.4 0.320312 0.4375 0.203125
20 0.311523 0.392578 0.300391 0.409375 0.0827026
25 0.312109 0.39209 0.294531 0.41582 0.0800781
3 0.311523 0.392578 0.300391 0.409375 0.0545959
19 0.311523 0.392578 0.300391 0.409375 0.0538025
13 0.313086 0.387109 0.309766 0.419531 0.0259552
12 0.314844 0.387891 0.309375 0.425781 0.0248871
8 0.313721 0.391309 0.324121 0.414258 0.0243378
5 0.311719 0.392285 0.301563 0.410742 0.0224609
11 0.312695 0.38584 0.342578 0.420508 0.0142822
19 0.315039 0.291406 0.262109 0.236719 0.0134811
10 0.311719 0.392285 0.301563 0.410742 0.0127258
4 0.304297 0.306055 0.2375 0.244141 0.0115967
14 0.304297 0.306055 0.2375 0.244141 0.0102463
25 0.310156 0.307031 0.240625 0.244531 0.00787354
4 0.309326 0.379688 0.282129 0.410156 0.00787354
14 0.309326 0.379688 0.282129 0.410156 0.00600433
0 0.304297 0.306055 0.2375 0.244141 0.00598145
17 0.310156 0.307031 0.240625 0.244531 0.00496292
6 0.313281 0.401953 0.317188 0.388281 0.00429916
8 0.304297 0.306055 0.2375 0.244141 0.00402451
0 0.313281 0.380859 0.279687 0.4125 0.00317192
16 0.313281 0.401953 0.317188 0.388281 0.00279045
23 0.304297 0.306055 0.2375 0.244141 0.00253105
2 0.304297 0.306055 0.2375 0.244141 0.00236893
11 0.266406 0.437891 0.467187 0.539844 0.00214958
16 0.315039 0.291406 0.262109 0.236719 0.00203514
2 0.31875 0.391797 0.330469 0.43125 0.00172043
9 0.309326 0.379688 0.282129 0.410156 0.00157356
21 0.293164 0.40166 0.237109 0.356055 0.00126934
12 0.594141 0.478125 0.811719 0.94375 0.00101662
1 0.313232 0.392578 0.309473 0.425781 0.146118
21 0.310937 0.385547 0.296875 0.405469 0.0703125
17 0.311914 0.393359 0.304297 0.425 0.0526123
22 0.311914 0.393359 0.304297 0.425 0.0321045
19 0.311914 0.393359 0.304297 0.425 0.0302124
25 0.310937 0.385547 0.296875 0.405469 0.0216217
3 0.311914 0.393359 0.304297 0.425 0.0154877
10 0.313232 0.392578 0.309473 0.425781 0.0149536
17 0.307373 0.333984 0.28291 0.307813 0.0137405
20 0.310937 0.385547 0.296875 0.405469 0.0115051
8 0.313232 0.392578 0.309473 0.425781 0.0105667
5 0.313232 0.392578 0.309473 0.425781 0.00643921
1 0.307373 0.333984 0.28291 0.307813 0.00486755
13 0.313281 0.387109 0.310937 0.438281 0.00428009
12 0.311914 0.393359 0.304297 0.425 0.00391388
8 0.307373 0.333984 0.28291 0.307813 0.00327301
14 0.310937 0.385547 0.296875 0.405469 0.00275803
21 0.307764 0.325781 0.281348 0.283594 0.00260162
4 0.310547 0.38125 0.300781 0.401563 0.0024147
14 0.301953 0.314063 0.251563 0.260938 0.00239754
10 0.307373 0.333984 0.28291 0.307813 0.00235939
0 0.310937 0.385547 0.296875 0.405469 0.00181007
22 0.307373 0.333984 0.28291 0.307813 0.0017271
3 0.307373 0.333984 0.28291 0.307813 0.00158501
4 0.307764 0.325781 0.281348 0.283594 0.00145531
11 0.313086 0.387891 0.319922 0.446094 0.00145531
6 0.310937 0.385547 0.296875 0.405469 0.00144958
0 0.304736 0.314453 0.26084 0.261719 0.00135612
2 0.310937 0.385547 0.296875 0.405469 0.00135612
19 0.307373 0.333984 0.28291 0.307813 0.00129986
25 0.304736 0.314453 0.26084 0.261719 0.00124454
1 0.313867 0.390625 0.288672 0.411719 0.373779
22 0.314258 0.390527 0.292578 0.411133 0.223999
21 0.31582 0.389746 0.300391 0.414258 0.0841675
17 0.314258 0.390527 0.292578 0.411133 0.0670776
19 0.31582 0.389746 0.300391 0.414258 0.0594177
20 0.31582 0.389746 0.300391 0.414258 0.0289764
3 0.31582 0.389746 0.300391 0.414258 0.0217743
25 0.32207 0.391797 0.305078 0.413281 0.0137939
8 0.313477 0.388672 0.297266 0.4125 0.0120087
12 0.313867 0.390625 0.288672 0.411719 0.0104523
5 0.313477 0.388672 0.297266 0.4125 0.0091629
10 0.32207 0.391797 0.305078 0.413281 0.00540543
11 0.313672 0.383984 0.305469 0.425781 0.00342941
12 0.601172 0.482031 0.797656 0.914062 0.00263214
13 0.313672 0.383984 0.305469 0.425781 0.0026207
14 0.319189 0.3875 0.310059 0.434375 0.00210762
4 0.320361 0.383203 0.318652 0.409375 0.0017271
6 0.313672 0.383984 0.305469 0.425781 0.00113392
1 0.316797 0.385156 0.288281 0.410938 0.632324
22 0.316797 0.385156 0.288281 0.410938 0.100159
17 0.316797 0.385156 0.288281 0.410938 0.0775146
21 0.316797 0.385156 0.288281 0.410938 0.0503235
8 0.320898 0.385938 0.298828 0.404687 0.0188293
19 0.320898 0.385938 0.298828 0.404687 0.0152512
20 0.317578 0.3875 0.294531 0.407813 0.00955963
3 0.320898 0.385938 0.298828 0.404687 0.00908661
12 0.317578 0.3875 0.294531 0.407813 0.00547028
5 0.320898 0.385938 0.298828 0.404687 0.00486755
14 0.305859 0.320117 0.24375 0.262891 0.00383949
25 0.316797 0.385156 0.288281 0.410938 0.00322342
10 0.315967 0.381641 0.289941 0.405469 0.00279999
14 0.315967 0.381641 0.289941 0.405469 0.00230598
17 0.305859 0.320117 0.24375 0.262891 0.00226974
8 0.305859 0.320117 0.24375 0.262891 0.00211525
4 0.305859 0.320117 0.24375 0.262891 0.00168133
4 0.315967 0.381641 0.289941 0.405469 0.00152493
25 0.313477 0.322461 0.239453 0.264453 0.00142097
11 0.322461 0.384375 0.311328 0.424219 0.00102425
1 0.311768 0.395996 0.308496 0.40957 0.864746
17 0.311768 0.395996 0.308496 0.40957 0.277588
12 0.313281 0.394141 0.310937 0.414062 0.139404
22 0.311768 0.395996 0.308496 0.40957 0.134766
25 0.311768 0.395996 0.308496 0.40957 0.0548096
21 0.311768 0.395996 0.308496 0.40957 0.0405273
19 0.311768 0.395996 0.308496 0.40957 0.0363464
8 0.317529 0.394141 0.324316 0.414062 0.0350037
14 0.304883 0.340234 0.266797 0.301563 0.0274811
5 0.316211 0.39375 0.318359 0.426563 0.0162811
7 0.7125 0.775 0.365625 0.1625 0.0154266
3 0.313281 0.394141 0.310937 0.414062 0.0151291
20 0.311768 0.395996 0.308496 0.40957 0.0134277
14 0.310742 0.397266 0.303516 0.409375 0.0116882
0 0.304883 0.340234 0.266797 0.301563 0.008255
25 0.303711 0.342969 0.265234 0.308594 0.00806427
13 0.316211 0.39375 0.318359 0.426563 0.00769424
18 0.7125 0.775 0.365625 0.1625 0.0051384
7 0.698828 0.804688 0.413281 0.23125 0.00496292
4 0.313281 0.394141 0.310937 0.414062 0.00479126
8 0.304883 0.340234 0.266797 0.301563 0.00367928
4 0.304883 0.340234 0.266797 0.301563 0.00344276
2 0.303711 0.342969 0.265234 0.308594 0.00302696
10 0.314258 0.394922 0.316797 0.407031 0.00300407
18 0.698828 0.804688 0.413281 0.23125 0.00273705
17 0.304883 0.340234 0.266797 0.301563 0.00228691
4 0.315625 0.963281 0.171875 0.0734375 0.00188923
2 0.317578 0.396484 0.313281 0.408594 0.00183868
23 0.304883 0.340234 0.266797 0.301563 0.00176811
9 0.7125 0.775 0.365625 0.1625 0.00139427
12 0.603906 0.508594 0.792188 0.934375 0.00129414
24 0.7125 0.775 0.365625 0.1625 0.00121593
10 0.304883 0.340234 0.266797 0.301563 0.00112438
4 0.363281 0.826563 0.2125 0.154688 0.00108147
7 0.587891 0.831445 0.697656 0.337109 0.00104809
1 0.307861 0.4 0.30459 0.407813 0.379395
22 0.307617 0.39375 0.312891 0.398438 0.206299
21 0.307617 0.39375 0.312891 0.398438 0.0448608
14 0.293555 0.302734 0.239453 0.204688 0.0380249
8 0.310742 0.395215 0.311328 0.401758 0.0204926
25 0.300781 0.307422 0.246875 0.219531 0.0174408
23 0.300781 0.307422 0.246875 0.219531 0.0171814
17 0.308984 0.396094 0.3125 0.404687 0.0147858
5 0.307617 0.39375 0.312891 0.398438 0.013588
2 0.300781 0.307422 0.246875 0.219531 0.0126266
19 0.310742 0.395215 0.311328 0.401758 0.0120087
3 0.310742 0.395215 0.311328 0.401758 0.0088501
20 0.310742 0.395215 0.311328 0.401758 0.00812531
14 0.306982 0.342383 0.279785 0.298047 0.00712204
14 0.310742 0.399609 0.302734 0.413281 0.00658798
4 0.300781 0.307422 0.246875 0.219531 0.00559998
0 0.293555 0.302734 0.239453 0.204688 0.00426483
25 0.306982 0.342383 0.279785 0.298047 0.0042305
17 0.306982 0.342383 0.279785 0.298047 0.00300407
8 0.306982 0.342383 0.279785 0.298047 0.00253105
8 0.293555 0.302734 0.239453 0.204688 0.00230598
2 0.306982 0.342383 0.279785 0.298047 0.0020752
11 0.312061 0.398047 0.327441 0.413281 0.00205803
25 0.310742 0.399609 0.302734 0.413281 0.00196457
2 0.307861 0.4 0.30459 0.407813 0.00154877
10 0.312061 0.398047 0.327441 0.413281 0.00152493
12 0.307861 0.4 0.30459 0.407813 0.00146103
4 0.306982 0.342383 0.279785 0.298047 0.00127411
23 0.306982 0.342383 0.279785 0.298047 0.00118828
4 0.310742 0.399609 0.302734 0.413281 0.00118351
1 0.306982 0.342383 0.279785 0.298047 0.0011425
1 0.317773 0.398828 0.306641 0.408594 0.803711
17 0.317773 0.398828 0.306641 0.408594 0.164551
21 0.317773 0.398828 0.306641 0.408594 0.0574951
22 0.316797 0.398438 0.313281 0.411719 0.0374756
25 0.317773 0.398828 0.306641 0.408594 0.0178528
19 0.318311 0.396484 0.304785 0.402344 0.0116425
8 0.317773 0.398438 0.313672 0.4 0.0101318
12 0.318311 0.396484 0.304785 0.402344 0.00955963
3 0.317773 0.398438 0.313672 0.4 0.00941467
14 0.317773 0.398828 0.306641 0.408594 0.00605011
2 0.318311 0.396484 0.304785 0.402344 0.00486755
20 0.317773 0.398828 0.306641 0.408594 0.00383949
14 0.306836 0.315625 0.250391 0.242188 0.00332451
10 0.316797 0.398438 0.313281 0.411719 0.00255013
6 0.320312 0.393359 0.301563 0.40625 0.00157356
5 0.320312 0.393359 0.301563 0.40625 0.00123978
1 0.312695 0.4 0.313672 0.428125 0.822754
22 0.312695 0.4 0.313672 0.428125 0.194336
17 0.313672 0.396777 0.314844 0.42207 0.0734253
21 0.317578 0.400391 0.314844 0.427344 0.053009
19 0.320508 0.398438 0.323047 0.423438 0.013588
8 0.310498 0.397656 0.329004 0.423438 0.00997162
3 0.314795 0.390234 0.321191 0.435156 0.00905609
20 0.312695 0.4 0.313672 0.428125 0.00881195
12 0.320508 0.398438 0.323047 0.423438 0.008255
14 0.312695 0.4 0.313672 0.428125 0.00600433
25 0.317578 0.400391 0.314844 0.427344 0.00598145
5 0.314795 0.390234 0.321191 0.435156 0.00416565
14 0.310205 0.334766 0.277246 0.3 0.00162888
10 0.314795 0.390234 0.321191 0.435156 0.00154877
4 0.310498 0.397656 0.329004 0.423438 0.00148392
2 0.31958 0.397656 0.328809 0.425781 0.0014782
11 0.314795 0.390234 0.321191 0.435156 0.00121593
19 0.307617 0.284961 0.287891 0.389453 0.00115108
13 0.324951 0.393359 0.34541 0.428906 0.00104046
1 0.319727 0.40625 0.317578 0.453125 0.717773
17 0.319727 0.40625 0.317578 0.453125 0.196167
19 0.319189 0.402344 0.313965 0.439063 0.0180511
25 0.316992 0.407031 0.319141 0.453906 0.0115051
3 0.319189 0.402344 0.313965 0.439063 0.0100937
12 0.316992 0.407031 0.319141 0.453906 0.00978088
14 0.30918 0.330078 0.262109 0.278906 0.00806427
8 0.319189 0.402344 0.313965 0.439063 0.00772476
10 0.319189 0.402344 0.313965 0.439063 0.00602722
21 0.31875 0.403027 0.317969 0.442383 0.00600433
14 0.319189 0.402344 0.313965 0.439063 0.00595856
6 0.320703 0.425 0.310156 0.389062 0.00468063
23 0.320703 0.425 0.310156 0.389062 0.00329781
2 0.320703 0.425 0.310156 0.389062 0.00281143
22 0.319727 0.40625 0.317578 0.453125 0.00275803
4 0.318945 0.402344 0.316797 0.446875 0.00175476
15 0.319727 0.40625 0.317578 0.453125 0.00158501
13 0.319727 0.40625 0.317578 0.453125 0.00156116
20 0.316992 0.407031 0.319141 0.453906 0.00153637
16 0.320703 0.425 0.310156 0.389062 0.00101662
1 0.312109 0.396094 0.302344 0.401563 0.871582
22 0.315625 0.396191 0.316406 0.410742 0.132935
14 0.302734 0.318164 0.244531 0.244922 0.113586
21 0.315625 0.396191 0.316406 0.410742 0.0775146
25 0.305078 0.318164 0.25625 0.244922 0.0514526
8 0.312305 0.343359 0.287891 0.297656 0.0456848
4 0.302734 0.318164 0.244531 0.244922 0.0342407
17 0.312109 0.396094 0.302344 0.401563 0.0328369
14 0.310742 0.389453 0.291016 0.394531 0.0283356
17 0.306641 0.326562 0.272656 0.274219 0.0274811
8 0.320898 0.402441 0.343359 0.426367 0.0262604
20 0.312109 0.396094 0.302344 0.401563 0.0174408
23 0.305078 0.318164 0.25625 0.244922 0.0167847
0 0.302734 0.318164 0.244531 0.244922 0.0143356
8 0.302734 0.318164 0.244531 0.244922 0.0142822
22 0.312305 0.343359 0.287891 0.297656 0.0127716
3 0.320898 0.402441 0.343359 0.426367 0.0086441
21 0.312305 0.343359 0.287891 0.297656 0.00861359
2 0.305078 0.318164 0.25625 0.244922 0.00787354
4 0.305859 0.350391 0.278125 0.321094 0.00717545
25 0.303711 0.391016 0.297266 0.396875 0.00709534
5 0.310742 0.389453 0.291016 0.394531 0.00671768
1 0.306641 0.326562 0.272656 0.274219 0.00498199
11 0.320898 0.402441 0.343359 0.426367 0.0049057
11 0.360156 0.437891 0.503125 0.565625 0.00479126
3 0.312305 0.343359 0.287891 0.297656 0.00362206
12 0.317139 0.397656 0.316504 0.409375 0.00293541
4 0.320898 0.402441 0.343359 0.426367 0.0024147
2 0.303711 0.391016 0.297266 0.396875 0.002388
19 0.315625 0.396191 0.316406 0.410742 0.00205803
13 0.320898 0.402441 0.343359 0.426367 0.00175476
11 0.459375 0.5375 0.8 0.835938 0.00175476
10 0.315625 0.396191 0.316406 0.410742 0.0016613
1 0.328125 0.400098 0.414844 0.45918 0.00154877
9 0.306641 0.326562 0.272656 0.274219 0.00127411
6 0.320898 0.402441 0.343359 0.426367 0.00103188
1 0.314844 0.389062 0.297656 0.397656 0.78418
17 0.319531 0.391406 0.2875 0.392969 0.384033
21 0.315283 0.394141 0.291309 0.404687 0.0856934
22 0.312451 0.391309 0.296973 0.411133 0.0692749
8 0.317139 0.393066 0.28916 0.401367 0.0432129
25 0.319531 0.391406 0.2875 0.392969 0.0281067
10 0.319531 0.391406 0.2875 0.392969 0.0197144
19 0.319531 0.391406 0.2875 0.392969 0.0157776
3 0.319531 0.391406 0.2875 0.392969 0.00993347
14 0.31792 0.396875 0.304004 0.408594 0.00818634
20 0.312451 0.391309 0.296973 0.411133 0.00471878
5 0.310742 0.384277 0.294141 0.411133 0.0016489
4 0.310742 0.384277 0.294141 0.411133 0.00159168
2 0.322998 0.400391 0.296191 0.399219 0.00150681
12 0.315186 0.386719 0.296973 0.396094 0.0012207
0 0.310742 0.384277 0.294141 0.411133 0.00105286
1 0.318408 0.402734 0.306152 0.427344 0.84375
17 0.318408 0.402734 0.306152 0.427344 0.252441
21 0.317578 0.395215 0.300781 0.418945 0.0651245
22 0.320312 0.39834 0.317188 0.414258 0.0367737
8 0.319922 0.397754 0.316406 0.410742 0.0211182
19 0.319922 0.397754 0.316406 0.410742 0.018692
3 0.319922 0.397754 0.316406 0.410742 0.0154877
14 0.319922 0.397754 0.316406 0.410742 0.00926971
25 0.318408 0.402734 0.306152 0.427344 0.00591278
10 0.319922 0.397754 0.316406 0.410742 0.0055542
19 0.295361 0.415625 0.245996 0.328125 0.00419998
20 0.318408 0.402734 0.306152 0.427344 0.00271416
5 0.320312 0.39834 0.317188 0.414258 0.00195694
2 0.319971 0.400879 0.313965 0.429492 0.00192642
23 0.320117 0.409766 0.307422 0.385156 0.00186729
16 0.320117 0.409766 0.307422 0.385156 0.00181007
6 0.320117 0.409766 0.307422 0.385156 0.00130939
1 0.320264 0.399316 0.306348 0.438867 0.908691
17 0.321875 0.401172 0.289062 0.439844 0.158691
22 0.321875 0.401172 0.289062 0.439844 0.132568
21 0.320117 0.396973 0.295703 0.44043 0.0390625
8 0.320312 0.399609 0.301563 0.441406 0.00714874
20 0.320264 0.399316 0.306348 0.438867 0.00486755
3 0.320312 0.399609 0.301563 0.441406 0.00403976
14 0.320117 0.396973 0.295703 0.44043 0.00338936
2 0.319531 0.401172 0.298438 0.439844 0.00240517
12 0.320264 0.399316 0.306348 0.438867 0.00223351
25 0.321875 0.401172 0.289062 0.439844 0.00192642
19 0.320312 0.399609 0.301563 0.441406 0.00182438
5 0.320312 0.399609 0.301563 0.441406 0.00105286
1 0.320264 0.396484 0.311035 0.414844 0.698242
21 0.318311 0.394922 0.309473 0.414844 0.0960083
22 0.319141 0.394434 0.313281 0.420508 0.0653687
17 0.320264 0.396484 0.311035 0.414844 0.0462036
19 0.317139 0.398047 0.303223 0.414844 0.0171814
8 0.318555 0.392578 0.328516 0.424219 0.0113297
3 0.318555 0.395313 0.325391 0.413281 0.00664139
20 0.317139 0.398047 0.303223 0.414844 0.00538635
14 0.321484 0.384277 0.310937 0.400195 0.0039444
10 0.318311 0.394922 0.309473 0.414844 0.00213242
25 0.317139 0.398047 0.303223 0.414844 0.00204277
2 0.318311 0.394922 0.309473 0.414844 0.00148964
5 0.318311 0.394922 0.309473 0.414844 0.00119686
12 0.318555 0.395313 0.325391 0.413281 0.00113773
4 0.318555 0.395313 0.325391 0.413281 0.00103188
1 0.315967 0.387402 0.302441 0.406445 0.968262
17 0.314111 0.383594 0.295996 0.411719 0.0621033
22 0.312451 0.3875 0.291504 0.400781 0.0288696
8 0.30542 0.385156 0.281348 0.403125 0.0264587
14 0.303174 0.366602 0.264746 0.383203 0.016098
21 0.314453 0.385156 0.295312 0.410156 0.0104904
25 0.310889 0.378125 0.279004 0.4125 0.00695801
14 0.297266 0.326953 0.239063 0.283594 0.00508118
20 0.315967 0.387402 0.302441 0.406445 0.00498199
12 0.312451 0.3875 0.291504 0.400781 0.00403976
3 0.312451 0.3875 0.291504 0.400781 0.00336266
10 0.314111 0.383594 0.295996 0.411719 0.00174141
19 0.30542 0.385156 0.281348 0.403125 0.00148964
4 0.312451 0.3875 0.291504 0.400781 0.00137806
2 0.317188 0.387109 0.294531 0.409375 0.00128937
8 0.306836 0.330078 0.244922 0.292969 0.00126457
5 0.317188 0.387891 0.304688 0.414844 0.00104809
1 0.317383 0.399316 0.312109 0.426367 0.87207
17 0.314502 0.399609 0.315527 0.427344 0.0812378
14 0.322852 0.392578 0.315234 0.416406 0.00626373
21 0.321289 0.397559 0.315234 0.417383 0.00609589
12 0.314502 0.399609 0.315527 0.427344 0.00538635
3 0.316602 0.393359 0.318359 0.424219 0.00536346
8 0.321094 0.396777 0.31875 0.420508 0.00530243
2 0.316602 0.393359 0.318359 0.424219 0.00378036
22 0.321875 0.401172 0.316406 0.419531 0.00317192
25 0.314111 0.398438 0.316309 0.414062 0.00266266
20 0.314111 0.398438 0.316309 0.414062 0.00258064
19 0.322852 0.392578 0.315234 0.416406 0.00191212
10 0.314111 0.398438 0.316309 0.414062 0.0016489
6 0.316602 0.393359 0.318359 0.424219 0.0014267
4 0.321875 0.401172 0.316406 0.419531 0.00102425
1 0.314258 0.398438 0.305859 0.421094 0.875488
17 0.314453 0.397656 0.303125 0.420312 0.0458679
21 0.314453 0.397656 0.303125 0.420312 0.02034
22 0.314258 0.398438 0.305859 0.421094 0.0104904
8 0.315234 0.387109 0.305469 0.407031 0.00582123
14 0.317188 0.397656 0.308594 0.414844 0.00572968
3 0.314453 0.397656 0.303125 0.420312 0.00260162
20 0.315576 0.399219 0.308691 0.4125 0.00167465
19 0.314453 0.397656 0.303125 0.420312 0.00129414
12 0.315576 0.399219 0.308691 0.4125 0.0012207
25 0.314453 0.397656 0.303125 0.420312 0.00108147
1 0.323438 0.400781 0.296094 0.420312 0.92334
17 0.319971 0.398438 0.295215 0.419531 0.205566
8 0.321289 0.393652 0.288672 0.40957 0.0145035
14 0.324561 0.401465 0.30166 0.412695 0.00926971
21 0.326562 0.399902 0.297656 0.40957 0.00784302
25 0.317236 0.393359 0.291309 0.403906 0.00769424
22 0.321289 0.4 0.292578 0.414062 0.00419998
19 0.317236 0.393359 0.291309 0.403906 0.00302696
2 0.325439 0.401172 0.30459 0.414062 0.00250244
10 0.317236 0.393359 0.291309 0.403906 0.00243378
3 0.321289 0.393652 0.288672 0.40957 0.00234985
12 0.325439 0.401172 0.30459 0.414062 0.0020752
1 0.314404 0.392969 0.296191 0.407813 0.759766
17 0.316748 0.391797 0.299316 0.407813 0.0440063
21 0.316211 0.386719 0.297266 0.421875 0.0302124
22 0.316211 0.386719 0.297266 0.421875 0.0257568
8 0.319336 0.380371 0.282422 0.38457 0.0128708
8 0.316406 0.337695 0.253125 0.280078 0.00265312
14 0.316211 0.386719 0.297266 0.421875 0.00208282
3 0.321094 0.392188 0.2875 0.401563 0.00142097
20 0.320703 0.390625 0.303125 0.422656 0.00119686
1 0.314893 0.389941 0.299902 0.404492 0.893555
17 0.319922 0.391406 0.297656 0.400781 0.0174408
8 0.318018 0.384766 0.290527 0.388281 0.0149002
22 0.316357 0.388965 0.296973 0.401758 0.00978088
14 0.316602 0.391016 0.301953 0.403906 0.00624084
21 0.316602 0.391016 0.301953 0.403906 0.00564194
20 0.312451 0.382031 0.28916 0.394531 0.00288963
5 0.316357 0.388965 0.296973 0.401758 0.00135612
3 0.316357 0.388965 0.296973 0.401758 0.00131512
17 0.321484 0.400391 0.303906 0.411719 0.820801
1 0.321826 0.397559 0.304785 0.414258 0.580566
19 0.321045 0.399219 0.307129 0.413281 0.0611877
21 0.319971 0.395703 0.306934 0.413281 0.0181885
8 0.319971 0.395703 0.306934 0.413281 0.0166626
3 0.321045 0.399219 0.307129 0.413281 0.0122375
25 0.321045 0.399219 0.307129 0.413281 0.011734
10 0.322656 0.400391 0.307813 0.414062 0.00605011
2 0.322656 0.400391 0.307813 0.414062 0.00232315
14 0.321045 0.399219 0.307129 0.413281 0.00220871
22 0.321533 0.400391 0.303809 0.416406 0.00210762
14 0.312305 0.327734 0.255078 0.246094 0.00135612
12 0.321533 0.400391 0.303809 0.416406 0.00100803
1 0.322656 0.390723 0.309375 0.424805 0.948242
21 0.323633 0.390625 0.315234 0.428125 0.113159
17 0.317773 0.39375 0.294922 0.421875 0.0142822
8 0.315234 0.388965 0.289062 0.40957 0.0121002
22 0.317773 0.39375 0.294922 0.421875 0.00933838
14 0.327295 0.392188 0.310254 0.432031 0.00582123
20 0.323438 0.390625 0.308594 0.429688 0.0029583
19 0.323633 0.390625 0.315234 0.428125 0.00248146
5 0.323438 0.390625 0.308594 0.429688 0.00184631
10 0.324658 0.394531 0.315527 0.428125 0.00167465
3 0.317773 0.39375 0.294922 0.421875 0.00132465
1 0.323438 0.398047 0.323438 0.417969 0.9375
14 0.322852 0.39541 0.317578 0.420117 0.0463867
14 0.318164 0.341992 0.283203 0.323047 0.0231476
17 0.324609 0.399609 0.317969 0.417188 0.008255
22 0.324609 0.399609 0.317969 0.417188 0.00471878
21 0.324609 0.399609 0.317969 0.417188 0.00419998
8 0.323242 0.390234 0.313672 0.414844 0.00269318
25 0.323486 0.393359 0.31709 0.421875 0.00109863
1 0.322852 0.39209 0.324609 0.426758 0.905762
17 0.324268 0.392188 0.325684 0.429688 0.00933838
22 0.315234 0.395313 0.316406 0.428906 0.0055542
14 0.324268 0.397656 0.331152 0.425781 0.00275803
21 0.315234 0.395313 0.316406 0.428906 0.00257111
12 0.325195 0.395215 0.332422 0.43457 0.00227928
8 0.316016 0.391797 0.313281 0.415625 0.00143242
25 0.322607 0.395703 0.332129 0.432031 0.00136662
1 0.318945 0.389062 0.312109 0.414062 0.963379
17 0.321875 0.388379 0.329688 0.412305 0.0264587
22 0.321875 0.388379 0.329688 0.412305 0.0136337
8 0.323438 0.389062 0.328125 0.411719 0.0110703
21 0.321875 0.388379 0.329688 0.412305 0.00626373
14 0.319189 0.390625 0.305371 0.410938 0.00570679
3 0.323438 0.388184 0.325781 0.411133 0.00222588
12 0.318701 0.390234 0.312598 0.409375 0.00214958
25 0.319189 0.390625 0.305371 0.410938 0.00145531
8 0.305469 0.324609 0.233594 0.261719 0.0011692
2 0.320264 0.390625 0.313379 0.4125 0.00116062
1 0.32417 0.402734 0.315723 0.432813 0.759277
22 0.320703 0.398438 0.313281 0.427344 0.00314713
12 0.323828 0.398828 0.316406 0.430469 0.0026722
14 0.324805 0.403906 0.316016 0.435937 0.00263214
17 0.323828 0.398828 0.316406 0.430469 0.00257111
8 0.320117 0.394922 0.312891 0.422656 0.00230598
21 0.322461 0.397754 0.315234 0.426367 0.00168705
1 0.31875 0.395313 0.315625 0.403125 0.811523
14 0.319189 0.394629 0.313184 0.416992 0.00679779
22 0.320898 0.395313 0.316016 0.410938 0.00403976
17 0.318408 0.394531 0.315527 0.414062 0.00257111
21 0.31875 0.395313 0.315625 0.403125 0.00194168
14 0.315234 0.341016 0.274219 0.283594 0.00177479
8 0.320654 0.395313 0.319629 0.409375 0.00127411
1 0.314648 0.393848 0.301172 0.416992 0.918945
17 0.312158 0.396094 0.293652 0.417188 0.0171814
22 0.317627 0.397656 0.302246 0.415625 0.00536346
8 0.317578 0.393359 0.299219 0.404687 0.0051384
21 0.317627 0.397656 0.302246 0.415625 0.00385475
14 0.316211 0.396094 0.293359 0.416406 0.00183868
1 0.322266 0.39375 0.310937 0.417188 0.885742
21 0.318945 0.394629 0.308203 0.40918 0.0055542
17 0.318018 0.392871 0.29834 0.414258 0.00441742
22 0.322266 0.39375 0.310937 0.417188 0.00340271
14 0.318311 0.396777 0.30166 0.406445 0.00140476
8 0.321924 0.392969 0.307715 0.411719 0.00119209
25 0.318018 0.392871 0.29834 0.414258 0.00113392
1 0.317578 0.389062 0.332813 0.429688 0.847656
17 0.312451 0.389746 0.324316 0.431445 0.00818634
14 0.316748 0.394922 0.327441 0.43125 0.00322342
21 0.317236 0.389062 0.331152 0.426563 0.00300407
8 0.317236 0.389062 0.331152 0.426563 0.00167465
22 0.315576 0.392578 0.33291 0.427344 0.00122547
25 0.315576 0.392578 0.33291 0.427344 0.00106525
1 0.316602 0.389062 0.301953 0.415625 0.880371
14 0.319922 0.388281 0.289844 0.405469 0.00431442
22 0.317773 0.391406 0.296484 0.411719 0.0020752
21 0.317773 0.391406 0.296484 0.411719 0.00148392
17 0.315967 0.391406 0.302441 0.413281 0.00105286
1 0.319727 0.384473 0.310547 0.42168 0.887695
8 0.323047 0.363672 0.297656 0.377344 0.0088501
22 0.319727 0.384473 0.310547 0.42168 0.00288963
17 0.321289 0.381152 0.299609 0.411133 0.00263214
8 0.314063 0.312891 0.26875 0.269531 0.0020752
21 0.321289 0.381152 0.299609 0.411133 0.00171375
14 0.321289 0.381152 0.299609 0.411133 0.00141621
12 0.31792 0.384473 0.298535 0.423242 0.0011692
1 0.315039 0.383984 0.317578 0.417188 0.894531
17 0.316455 0.380859 0.31084 0.414844 0.00352478
21 0.316455 0.380859 0.31084 0.414844 0.00305176
22 0.315039 0.383984 0.317578 0.417188 0.00284576
12 0.31958 0.381641 0.324902 0.420312 0.00213242
14 0.316992 0.379297 0.319141 0.425 0.00201988
8 0.316455 0.380859 0.31084 0.414844 0.00113392
1 0.314453 0.374414 0.289844 0.419141 0.936035
17 0.3125 0.374414 0.279687 0.416016 0.0131683
14 0.319482 0.380078 0.294629 0.421094 0.00201988
22 0.31543 0.378125 0.290234 0.410938 0.00176811
21 0.314648 0.372266 0.286328 0.416406 0.00167465
2 0.319482 0.380078 0.294629 0.421094 0.00133038
8 0.3125 0.374414 0.279687 0.416016 0.00105667
1 0.317773 0.383984 0.294141 0.404687 0.874023
22 0.317773 0.383984 0.294141 0.404687 0.00757599
17 0.313867 0.382031 0.294922 0.4125 0.00342941
21 0.317773 0.383984 0.294141 0.404687 0.00324821
14 0.30957 0.380859 0.283984 0.411719 0.00255013
1 0.321924 0.375 0.306152 0.401563 0.924805
21 0.321924 0.375 0.306152 0.401563 0.0029583
14 0.315674 0.375781 0.295996 0.407813 0.00186729
17 0.321924 0.375 0.306152 0.401563 0.00183105
22 0.321924 0.375 0.306152 0.401563 0.00108147
1 0.322705 0.386035 0.316309 0.41543 0.922852
14 0.320703 0.391504 0.329688 0.407617 0.00171375
22 0.322705 0.386035 0.316309 0.41543 0.00102425
1 0.319189 0.387109 0.314746 0.414844 0.922852
22 0.317969 0.386035 0.310937 0.42168 0.00919342
8 0.313672 0.311719 0.272656 0.259375 0.00698471
17 0.315967 0.385938 0.313379 0.421094 0.00575256
21 0.317969 0.386035 0.310937 0.42168 0.00268364
14 0.316406 0.386328 0.314063 0.414844 0.00106907
1 0.316797 0.386328 0.304688 0.401563 0.914062
22 0.316797 0.386328 0.304688 0.401563 0.00542831
17 0.317188 0.385547 0.294531 0.401563 0.00239754
12 0.317188 0.385547 0.294531 0.401563 0.00173378
14 0.317188 0.385547 0.294531 0.401563 0.00130939
21 0.316357 0.386816 0.299316 0.40918 0.00103188
1 0.316797 0.389746 0.296094 0.40957 0.825195
17 0.310205 0.387891 0.288965 0.410938 0.00551224
22 0.316797 0.389746 0.296094 0.40957 0.00356483
21 0.316797 0.389746 0.296094 0.40957 0.00200272
14 0.310205 0.387891 0.288965 0.410938 0.00127888
1 0.31875 0.393848 0.315625 0.40918 0.919434
17 0.31958 0.391797 0.306152 0.405469 0.00351143
21 0.321875 0.389941 0.304688 0.412305 0.00228691
22 0.31875 0.393848 0.315625 0.40918 0.00169373
2 0.363672 0.675 0.385938 0.239063 0.00127888
1 0.317578 0.391016 0.300781 0.414062 0.861816
21 0.317969 0.386816 0.294531 0.41543 0.0029583
17 0.315625 0.386621 0.297656 0.414258 0.00277901
14 0.315625 0.386621 0.297656 0.414258 0.00224304
22 0.317578 0.391016 0.300781 0.414062 0.00129986
1 0.325781 0.388672 0.285938 0.400781 0.880371
2 0.753125 0.604688 0.420312 0.307813 0.00453949
22 0.325781 0.388672 0.285938 0.400781 0.00252151
21 0.325781 0.388672 0.285938 0.400781 0.00234222
2 0.799219 0.625 0.401563 0.26875 0.00227928
8 0.296875 0.304883 0.20625 0.224609 0.0019722
2 0.68125 0.623047 0.423438 0.284375 0.00194931
17 0.323242 0.388184 0.292578 0.39707 0.00138855
14 0.323242 0.388184 0.292578 0.39707 0.0011692
2 0.464453 0.659375 0.427344 0.278125 0.00116062
1 0.318555 0.389941 0.284766 0.393555 0.853516
21 0.31875 0.387109 0.278125 0.394531 0.00263214
14 0.315625 0.387109 0.271875 0.392969 0.00256157
2 0.753906 0.598437 0.426563 0.314063 0.00153637
14 0.295703 0.313477 0.208594 0.225391 0.00131989
17 0.315234 0.383984 0.275 0.392188 0.0011425
1 0.31875 0.391309 0.278125 0.393945 0.914551
21 0.318164 0.388281 0.273047 0.396094 0.00101185
1 0.31875 0.390625 0.301563 0.401563 0.851562
21 0.31875 0.390625 0.301563 0.401563 0.0017004
22 0.31875 0.390625 0.301563 0.401563 0.00167465
2 0.760938 0.600781 0.45 0.314844 0.00133038
1 0.317969 0.393066 0.284375 0.399805 0.832031
22 0.317969 0.393066 0.284375 0.399805 0.00275803
21 0.317969 0.393066 0.284375 0.399805 0.00181007
14 0.320312 0.389453 0.282031 0.397656 0.00115108
2 0.766016 0.608594 0.458594 0.348438 0.00103664
1 0.319531 0.392188 0.267188 0.392969 0.924805
2 0.750781 0.607031 0.485938 0.332813 0.00248146
21 0.315625 0.391406 0.260938 0.396875 0.00130463
22 0.319531 0.392188 0.267188 0.392969 0.00108624
1 0.322656 0.395703 0.296875 0.405469 0.843262
21 0.322656 0.395703 0.296875 0.405469 0.00263214
17 0.321875 0.392871 0.286719 0.404883 0.00186729
22 0.322656 0.395703 0.296875 0.405469 0.00127888
14 0.321875 0.392871 0.286719 0.404883 0.0012207
1 0.316016 0.392578 0.285938 0.402344 0.878418
2 0.78125 0.600391 0.43125 0.308594 0.0017004
21 0.317578 0.389062 0.279687 0.399219 0.00138855
1 0.319141 0.395313 0.278906 0.392969 0.925781
21 0.321094 0.394434 0.284375 0.387695 0.00186729
22 0.319141 0.395313 0.278906 0.392969 0.00139904
1 0.320117 0.391797 0.278516 0.390625 0.92041
2 0.761719 0.602344 0.459375 0.31875 0.00166798
17 0.317969 0.388672 0.267188 0.388281 0.00141048
14 0.317969 0.388672 0.267188 0.388281 0.0012064
1 0.319336 0.389453 0.280078 0.386719 0.892578
21 0.319336 0.389453 0.280078 0.386719 0.00133514
22 0.319336 0.389453 0.280078 0.386719 0.00121117
17 0.319141 0.388672 0.272656 0.386719 0.00121117
14 0.319141 0.388672 0.272656 0.386719 0.00102043
1 0.309814 0.396191 0.275684 0.388867 0.916504
14 0.313281 0.392969 0.273438 0.389062 0.0011158
1 0.313281 0.399902 0.275781 0.395508 0.898438
17 0.3125 0.396094 0.273438 0.399219 0.0019722
14 0.3125 0.396094 0.273438 0.399219 0.00102043
1 0.313721 0.396875 0.283496 0.407031 0.90332
1 0.31958 0.396094 0.29209 0.405469 0.890137
2 0.75625 0.633203 0.429688 0.257031 0.00167465
1 0.32168 0.394531 0.297266 0.401563 0.904785
1 0.319141 0.394141 0.282031 0.391406 0.902832
1 0.317188 0.396875 0.285938 0.4 0.896484
1 0.32168 0.396484 0.283203 0.398438 0.893066
1 0.319141 0.396191 0.285938 0.39668 0.89502
1 0.315625 0.396094 0.285938 0.400781 0.892578
1 0.318359 0.398047 0.285938 0.401563 0.913086
1 0.316797 0.396484 0.296094 0.403906 0.90918
1 0.315625 0.396484 0.289062 0.399219 0.930664
1 0.319336 0.397656 0.297266 0.410156 0.898926
1 0.318164 0.395313 0.288672 0.398438 0.925781
1 0.318164 0.396191 0.290234 0.399805 0.919434
1 0.316748 0.396484 0.28916 0.401563 0.911133
14 0.316406 0.391504 0.28125 0.399805 0.00104809
1 0.318701 0.396094 0.292285 0.401563 0.916504
1 0.317773 0.396777 0.291016 0.400195 0.921875
1 0.318311 0.396484 0.294629 0.403125 0.916504
1 0.317529 0.396094 0.28916 0.401563 0.911621
1 0.317236 0.395703 0.286621 0.400781 0.918945
1 0.316797 0.396875 0.286719 0.400781 0.918945
1 0.317627 0.396484 0.291309 0.403906 0.907227
1 0.318359 0.397754 0.288281 0.404492 0.911133
1 0.317627 0.397656 0.288184 0.403125 0.915039
1 0.317969 0.397656 0.289062 0.403125 0.918457
1 0.318018 0.398047 0.287402 0.400781 0.91748
1 0.317969 0.397656 0.288281 0.400781 0.91748
1 0.317578 0.397656 0.288281 0.401563 0.914062
1 0.317383 0.397656 0.288672 0.401563 0.911133
1 0.317383 0.397656 0.287109 0.400781 0.912598
1 0.31792 0.397266 0.287598 0.400781 0.913574
1 0.317578 0.397559 0.286719 0.400195 0.913086
1 0.317188 0.397266 0.2875 0.400781 0.911621
1 0.317578 0.397656 0.288281 0.401563 0.914062
