11 0.682422 0.258594 0.635156 0.517188 0.00145531
11 0.730078 0.210742 0.539844 0.421484 0.00129414
11 0.641016 0.340234 0.717969 0.680469 0.00115108
11 0.746875 0.199609 0.398438 0.399219 0.00108624
17 0.481348 0.481641 0.791992 0.911719 0.947266
22 0.438965 0.475 0.787695 0.926562 0.911133
22 0.673145 0.317773 0.653711 0.635547 0.861328
22 0.532031 0.767188 0.759375 0.465625 0.837402
17 0.673145 0.317773 0.653711 0.635547 0.794434
17 0.369531 0.444141 0.739062 0.888281 0.744629
17 0.532031 0.767188 0.759375 0.465625 0.730957
22 0.585547 0.530469 0.814844 0.917188 0.720215
17 0.615625 0.532031 0.76875 0.923438 0.712402
22 0.431152 0.69043 0.773633 0.619141 0.665527
20 0.532031 0.767188 0.759375 0.465625 0.618652
17 0.431152 0.69043 0.773633 0.619141 0.600098
22 0.621387 0.332422 0.757227 0.664844 0.584961
17 0.65 0.369531 0.7 0.739062 0.584961
22 0.750781 0.255469 0.498437 0.510938 0.558105
20 0.438965 0.475 0.787695 0.926562 0.544922
17 0.682031 0.246484 0.570312 0.492969 0.542969
22 0.614746 0.730469 0.754883 0.539062 0.503906
17 0.630859 0.292188 0.738281 0.584375 0.445557
22 0.639844 0.557031 0.720313 0.885938 0.416748
20 0.61416 0.797852 0.69668 0.404297 0.414795
20 0.673145 0.317773 0.653711 0.635547 0.413086
17 0.481641 0.79375 0.671094 0.4125 0.413086
20 0.481641 0.79375 0.671094 0.4125 0.383057
17 0.61416 0.797852 0.69668 0.404297 0.365723
20 0.431152 0.69043 0.773633 0.619141 0.364746
22 0.665625 0.4 0.66875 0.8 0.345215
22 0.61416 0.797852 0.69668 0.404297 0.309082
22 0.380078 0.421484 0.760156 0.842969 0.306641
20 0.621387 0.332422 0.757227 0.664844 0.300781
14 0.438965 0.475 0.787695 0.926562 0.296631
17 0.614746 0.730469 0.754883 0.539062 0.296631
22 0.432031 0.7875 0.723437 0.425 0.286133
17 0.436719 0.401563 0.873438 0.803125 0.269775
3 0.438965 0.475 0.787695 0.926562 0.268066
20 0.682031 0.246484 0.570312 0.492969 0.253906
20 0.585547 0.530469 0.814844 0.917188 0.243652
14 0.621387 0.332422 0.757227 0.664844 0.236572
22 0.529297 0.794531 0.632031 0.410938 0.210083
20 0.614746 0.730469 0.754883 0.539062 0.206909
17 0.689844 0.423047 0.620313 0.846094 0.204956
20 0.640625 0.810156 0.585938 0.379688 0.202393
3 0.673145 0.317773 0.653711 0.635547 0.157104
3 0.532031 0.767188 0.759375 0.465625 0.152588
14 0.585059 0.786523 0.745508 0.426953 0.151978
17 0.490527 0.407813 0.64082 0.815625 0.149048
1 0.438965 0.475 0.787695 0.926562 0.146118
22 0.528516 0.40625 0.922656 0.8125 0.1427
17 0.662891 0.584375 0.674219 0.83125 0.140381
14 0.589453 0.799219 0.655469 0.401563 0.136108
20 0.348438 0.444141 0.696875 0.888281 0.130249
20 0.653516 0.400391 0.692969 0.800781 0.12854
17 0.640625 0.810156 0.585938 0.379688 0.126831
14 0.480469 0.711523 0.771875 0.576953 0.125488
14 0.585547 0.530469 0.814844 0.917188 0.124207
17 0.760156 0.322266 0.479688 0.644531 0.122925
14 0.481641 0.79375 0.671094 0.4125 0.122498
17 0.529297 0.310547 0.774219 0.621094 0.118774
3 0.585547 0.530469 0.814844 0.917188 0.113586
22 0.742578 0.376758 0.514844 0.753516 0.11084
17 0.7625 0.223438 0.4375 0.446875 0.108215
14 0.673145 0.317773 0.653711 0.635547 0.107422
11 0.572754 0.720703 0.77168 0.558594 0.101257
11 0.652734 0.329297 0.694531 0.658594 0.0994873
3 0.621387 0.332422 0.757227 0.664844 0.0974121
20 0.669531 0.839258 0.501563 0.321484 0.0872803
14 0.348438 0.444141 0.696875 0.888281 0.0866089
22 0.690625 0.531641 0.61875 0.936719 0.085083
25 0.585059 0.786523 0.745508 0.426953 0.0841675
14 0.642578 0.243164 0.621094 0.486328 0.0836182
8 0.446875 0.53125 0.8125 0.934375 0.0830078
22 0.490527 0.407813 0.64082 0.815625 0.0812378
17 0.346484 0.686719 0.692969 0.626563 0.0766602
3 0.431152 0.69043 0.773633 0.619141 0.076416
17 0.733203 0.421191 0.533594 0.799805 0.0755615
1 0.585547 0.530469 0.814844 0.917188 0.0731812
3 0.61416 0.797852 0.69668 0.404297 0.0726318
13 0.446875 0.53125 0.8125 0.934375 0.0720825
17 0.717773 0.485547 0.564453 0.941406 0.0673218
20 0.639844 0.557031 0.720313 0.885938 0.0668335
3 0.682031 0.246484 0.570312 0.492969 0.0661011
22 0.669531 0.839258 0.501563 0.321484 0.0637207
14 0.614746 0.730469 0.754883 0.539062 0.0632324
13 0.372266 0.473047 0.744531 0.925781 0.0614319
13 0.48125 0.710156 0.778125 0.579688 0.0611877
22 0.346484 0.686719 0.692969 0.626563 0.0609741
22 0.504687 0.322266 0.798438 0.644531 0.0596619
13 0.616406 0.367188 0.767188 0.734375 0.0592041
3 0.614746 0.730469 0.754883 0.539062 0.0566406
14 0.653516 0.400391 0.692969 0.800781 0.0564575
14 0.389453 0.790234 0.532031 0.419531 0.0562439
25 0.529297 0.794531 0.632031 0.410938 0.0534058
14 0.693359 0.848633 0.449219 0.302734 0.0510864
17 0.669531 0.839258 0.501563 0.321484 0.0499573
1 0.348438 0.444141 0.696875 0.888281 0.0497742
17 0.389453 0.790234 0.532031 0.419531 0.0486755
22 0.640625 0.810156 0.585938 0.379688 0.0477905
1 0.664844 0.36875 0.670313 0.7375 0.0474243
8 0.372266 0.473047 0.744531 0.925781 0.0465393
11 0.688281 0.365039 0.623438 0.730078 0.0460205
14 0.361328 0.683594 0.722656 0.632812 0.0446777
1 0.398438 0.70957 0.796875 0.580859 0.0446777
1 0.600391 0.339063 0.736719 0.678125 0.044342
13 0.614746 0.730469 0.754883 0.539062 0.0440063
11 0.446875 0.53125 0.8125 0.934375 0.0438538
3 0.639844 0.557031 0.720313 0.885938 0.0438538
22 0.732813 0.45625 0.534375 0.853125 0.0422363
3 0.481641 0.79375 0.671094 0.4125 0.0419312
8 0.664844 0.36875 0.670313 0.7375 0.041626
3 0.665625 0.4 0.66875 0.8 0.0409851
17 0.423438 0.561719 0.846875 0.876563 0.0401001
17 0.392969 0.345117 0.785937 0.690234 0.0397949
14 0.451562 0.8 0.454688 0.4 0.0393372
11 0.61416 0.797852 0.69668 0.404297 0.0380249
3 0.348438 0.444141 0.696875 0.888281 0.0377502
20 0.436719 0.401563 0.873438 0.803125 0.0375977
14 0.639844 0.557031 0.720313 0.885938 0.0374756
22 0.336914 0.476562 0.673828 0.934375 0.0372009
24 0.614746 0.730469 0.754883 0.539062 0.0368958
17 0.505469 0.736328 0.829688 0.527344 0.0368958
13 0.552734 0.557031 0.835156 0.885938 0.0350037
3 0.640625 0.810156 0.585938 0.379688 0.0350037
25 0.669141 0.277539 0.661719 0.555078 0.0348816
11 0.431152 0.69043 0.773633 0.619141 0.0342407
1 0.705469 0.291016 0.589063 0.582031 0.0332642
22 0.642578 0.243164 0.621094 0.486328 0.0332031
14 0.353125 0.768945 0.676562 0.462109 0.0330811
14 0.502344 0.650391 0.528906 0.699219 0.0330811
22 0.796875 0.326172 0.40625 0.611719 0.0328369
14 0.436719 0.401563 0.873438 0.803125 0.0325928
20 0.346484 0.686719 0.692969 0.626563 0.0324707
17 0.564063 0.588281 0.871875 0.823438 0.0322266
20 0.374219 0.779102 0.628125 0.441797 0.0319824
13 0.585059 0.786523 0.745508 0.426953 0.0318604
22 0.423438 0.561719 0.846875 0.876563 0.0316162
8 0.552734 0.557031 0.835156 0.885938 0.0316162
1 0.639844 0.557031 0.720313 0.885938 0.0305634
22 0.392969 0.345117 0.785937 0.690234 0.0304413
11 0.372266 0.473047 0.744531 0.925781 0.0299835
20 0.423438 0.561719 0.846875 0.876563 0.0298767
11 0.640625 0.810156 0.585938 0.379688 0.0284424
22 0.775586 0.531934 0.448828 0.711133 0.0282135
22 0.686719 0.212891 0.490625 0.425781 0.0281067
8 0.621387 0.332422 0.757227 0.664844 0.0281067
22 0.505469 0.736328 0.829688 0.527344 0.0273743
25 0.480469 0.711523 0.771875 0.576953 0.0270691
8 0.48125 0.710156 0.778125 0.579688 0.0263519
3 0.669531 0.839258 0.501563 0.321484 0.0255585
22 0.748438 0.849219 0.36875 0.301563 0.0255585
10 0.480469 0.711523 0.771875 0.576953 0.0250854
25 0.640625 0.810156 0.585938 0.379688 0.0247955
10 0.481348 0.481641 0.791992 0.911719 0.0240479
1 0.542285 0.392969 0.781055 0.785937 0.0239563
13 0.383984 0.682813 0.767969 0.634375 0.0238647
14 0.327148 0.780469 0.567578 0.439063 0.0234222
11 0.705469 0.291016 0.589063 0.582031 0.0229797
25 0.432031 0.7875 0.723437 0.425 0.0227203
1 0.691992 0.45 0.616016 0.9 0.0225372
17 0.775781 0.57041 0.448438 0.695117 0.0225372
24 0.61416 0.797852 0.69668 0.404297 0.0225372
17 0.421875 0.289062 0.84375 0.578125 0.0224609
25 0.481348 0.481641 0.791992 0.911719 0.0220337
0 0.476465 0.444141 0.78457 0.888281 0.0215302
25 0.728125 0.227344 0.509375 0.454688 0.0213623
20 0.691992 0.45 0.616016 0.9 0.0211182
10 0.652734 0.329297 0.694531 0.658594 0.0204163
20 0.430859 0.797461 0.4875 0.405078 0.0199432
16 0.669531 0.839258 0.501563 0.321484 0.0198669
25 0.652734 0.329297 0.694531 0.658594 0.0196381
20 0.504687 0.322266 0.798438 0.644531 0.0191956
13 0.640625 0.810156 0.585938 0.379688 0.0189056
20 0.505469 0.736328 0.829688 0.527344 0.018692
13 0.630859 0.292188 0.738281 0.584375 0.0178528
11 0.669531 0.839258 0.501563 0.321484 0.0178528
3 0.760156 0.322266 0.479688 0.644531 0.0177765
14 0.490527 0.407813 0.64082 0.815625 0.0175171
17 0.353125 0.768945 0.676562 0.462109 0.0175171
21 0.589453 0.799219 0.655469 0.401563 0.0175171
14 0.526172 0.276953 0.761719 0.553906 0.0173798
1 0.423438 0.561719 0.846875 0.876563 0.0173035
1 0.532031 0.767188 0.759375 0.465625 0.0173035
1 0.394141 0.373437 0.788281 0.746875 0.0171051
11 0.552734 0.557031 0.835156 0.885938 0.0171051
17 0.451562 0.8 0.454688 0.4 0.0167847
16 0.622754 0.74707 0.648242 0.505859 0.0166626
17 0.748438 0.849219 0.36875 0.301563 0.0165863
14 0.648438 0.194531 0.49375 0.389062 0.0164032
3 0.436719 0.401563 0.873438 0.803125 0.0164032
22 0.451562 0.8 0.454688 0.4 0.0162811
14 0.593652 0.635547 0.725195 0.728906 0.0162811
14 0.728125 0.227344 0.509375 0.454688 0.0162201
20 0.490527 0.407813 0.64082 0.815625 0.0161591
17 0.783203 0.392578 0.433594 0.679688 0.0161591
16 0.640625 0.810156 0.585938 0.379688 0.0160217
22 0.678516 0.616406 0.642969 0.767188 0.0158997
13 0.65625 0.423438 0.6875 0.846875 0.0156021
22 0.502344 0.650391 0.528906 0.699219 0.0153046
14 0.423438 0.561719 0.846875 0.876563 0.0151901
9 0.480469 0.711523 0.771875 0.576953 0.0150146
13 0.673145 0.317773 0.653711 0.635547 0.0149536
13 0.639063 0.582812 0.721875 0.834375 0.0146713
10 0.369531 0.444141 0.739062 0.888281 0.0145569
5 0.572754 0.720703 0.77168 0.558594 0.0145035
1 0.505469 0.736328 0.829688 0.527344 0.0142822
10 0.585059 0.786523 0.745508 0.426953 0.0141754
5 0.619922 0.396875 0.760156 0.79375 0.0139542
25 0.693359 0.848633 0.449219 0.302734 0.0137405
10 0.669141 0.277539 0.661719 0.555078 0.013588
0 0.693359 0.848633 0.449219 0.302734 0.0134277
11 0.432031 0.7875 0.723437 0.425 0.0133743
21 0.886328 0.485156 0.227344 0.440625 0.0131683
13 0.529297 0.310547 0.774219 0.621094 0.0131683
8 0.421094 0.423438 0.842188 0.846875 0.0130692
3 0.490527 0.407813 0.64082 0.815625 0.012825
1 0.609766 0.611328 0.780469 0.777344 0.0124817
20 0.742578 0.376758 0.514844 0.753516 0.0124283
1 0.732813 0.45625 0.534375 0.853125 0.0124283
22 0.526563 0.591406 0.89375 0.817187 0.0123825
14 0.403027 0.61875 0.531445 0.7625 0.0123367
14 0.691992 0.45 0.616016 0.9 0.012146
1 0.346484 0.686719 0.692969 0.626563 0.0121002
20 0.392969 0.345117 0.785937 0.690234 0.0118256
13 0.421094 0.423438 0.842188 0.846875 0.0116882
10 0.481641 0.79375 0.671094 0.4125 0.0116425
13 0.432031 0.7875 0.723437 0.425 0.0113297
20 0.609766 0.611328 0.780469 0.777344 0.0111618
21 0.481641 0.79375 0.671094 0.4125 0.0111618
8 0.383984 0.682813 0.767969 0.634375 0.0111618
25 0.615625 0.532031 0.76875 0.923438 0.0110703
2 0.529297 0.794531 0.632031 0.410938 0.0110703
1 0.719141 0.532031 0.561719 0.935938 0.0109863
20 0.305859 0.764844 0.611719 0.470313 0.0109863
14 0.392969 0.345117 0.785937 0.690234 0.0109024
13 0.669531 0.839258 0.501563 0.321484 0.0108566
0 0.640625 0.810156 0.585938 0.379688 0.0108185
14 0.237109 0.757422 0.474219 0.438281 0.0107803
2 0.682031 0.246484 0.570312 0.492969 0.0107346
0 0.663281 0.229687 0.545313 0.459375 0.0106125
17 0.812305 0.279687 0.375391 0.559375 0.0105667
8 0.639844 0.557031 0.720313 0.885938 0.0105667
13 0.398047 0.735156 0.796094 0.529688 0.0105286
24 0.640625 0.810156 0.585938 0.379688 0.0104904
25 0.389453 0.790234 0.532031 0.419531 0.0103683
8 0.669141 0.277539 0.661719 0.555078 0.0102921
10 0.688281 0.365039 0.623438 0.730078 0.0102463
17 0.317969 0.487109 0.635938 0.942969 0.0100937
1 0.483984 0.324219 0.849219 0.648438 0.00993347
11 0.421094 0.423438 0.842188 0.846875 0.00993347
25 0.369531 0.444141 0.739062 0.888281 0.00993347
0 0.705469 0.291016 0.589063 0.582031 0.00985718
10 0.693359 0.848633 0.449219 0.302734 0.00985718
13 0.521094 0.395313 0.629687 0.790625 0.00978088
3 0.690625 0.531641 0.61875 0.936719 0.00978088
25 0.614746 0.730469 0.754883 0.539062 0.00978088
10 0.640625 0.810156 0.585938 0.379688 0.00974274
13 0.345703 0.70625 0.691406 0.5875 0.00971222
3 0.423438 0.561719 0.846875 0.876563 0.00963593
5 0.431152 0.69043 0.773633 0.619141 0.00955963
8 0.532031 0.767188 0.759375 0.465625 0.00955963
13 0.615625 0.479688 0.76875 0.925 0.00952148
1 0.737109 0.598437 0.525781 0.803125 0.00937653
9 0.614746 0.730469 0.754883 0.539062 0.00912476
17 0.521191 0.236719 0.663867 0.473438 0.00905609
3 0.7625 0.223438 0.4375 0.446875 0.00905609
11 0.593652 0.635547 0.725195 0.728906 0.00905609
8 0.614746 0.730469 0.754883 0.539062 0.00905609
0 0.389453 0.790234 0.532031 0.419531 0.00901794
9 0.670313 0.778906 0.55 0.442188 0.00898743
9 0.652734 0.329297 0.694531 0.658594 0.0088501
13 0.529297 0.794531 0.632031 0.410938 0.00878143
1 0.742578 0.376758 0.514844 0.753516 0.00871277
24 0.532031 0.767188 0.759375 0.465625 0.00871277
1 0.592188 0.252734 0.69375 0.505469 0.00861359
11 0.378516 0.742578 0.533594 0.514844 0.00857544
9 0.669141 0.277539 0.661719 0.555078 0.00854492
17 0.502344 0.650391 0.528906 0.699219 0.0085144
17 0.729688 0.622656 0.540625 0.754687 0.00847626
1 0.710156 0.847852 0.420312 0.304297 0.00831604
11 0.536328 0.361328 0.780469 0.722656 0.00828552
0 0.529297 0.794531 0.632031 0.410938 0.008255
20 0.502344 0.650391 0.528906 0.699219 0.00821686
24 0.431152 0.69043 0.773633 0.619141 0.00821686
5 0.600391 0.339063 0.736719 0.678125 0.00818634
20 0.719141 0.532031 0.561719 0.935938 0.00818634
16 0.446875 0.53125 0.8125 0.934375 0.00815582
16 0.593652 0.635547 0.725195 0.728906 0.00812531
9 0.585059 0.786523 0.745508 0.426953 0.00812531
1 0.394141 0.28457 0.788281 0.569141 0.00806427
3 0.504687 0.322266 0.798438 0.644531 0.00806427
3 0.732813 0.45625 0.534375 0.853125 0.00806427
11 0.502344 0.650391 0.528906 0.699219 0.00806427
9 0.432031 0.7875 0.723437 0.425 0.00806427
25 0.688281 0.365039 0.623438 0.730078 0.00803375
10 0.614746 0.730469 0.754883 0.539062 0.00803375
11 0.639844 0.557031 0.720313 0.885938 0.00800323
1 0.728125 0.227344 0.509375 0.454688 0.00793457
22 0.389453 0.790234 0.532031 0.419531 0.00793457
3 0.346484 0.686719 0.692969 0.626563 0.00793457
8 0.481641 0.79375 0.671094 0.4125 0.00784302
11 0.403027 0.61875 0.531445 0.7625 0.0077858
1 0.689453 0.642578 0.621094 0.714844 0.00854492
17 0.669531 0.642969 0.660937 0.714063 0.00787354
22 0.669531 0.642969 0.660937 0.714063 0.0064621
11 0.639063 0.663672 0.721875 0.672656 0.00643921
20 0.669531 0.642969 0.660937 0.714063 0.00486755
12 0.66875 0.668457 0.6625 0.663086 0.00468063
11 0.664453 0.251367 0.671094 0.502734 0.0045929
4 0.639063 0.663672 0.721875 0.672656 0.00450516
2 0.663672 0.2 0.658594 0.4 0.0039444
3 0.669531 0.642969 0.660937 0.714063 0.00376511
1 0.610156 0.637109 0.779688 0.725781 0.00362206
0 0.664453 0.232031 0.671094 0.464063 0.00344276
4 0.664453 0.251367 0.671094 0.502734 0.0029583
14 0.669531 0.642969 0.660937 0.714063 0.00284576
4 0.664453 0.232031 0.671094 0.464063 0.00264168
1 0.682813 0.596094 0.634375 0.7125 0.00259018
13 0.66875 0.668457 0.6625 0.663086 0.00256157
2 0.669531 0.642969 0.660937 0.714063 0.0024929
12 0.585938 0.665234 0.828125 0.669531 0.0024929
16 0.639063 0.663672 0.721875 0.672656 0.00245285
11 0.664453 0.232031 0.671094 0.464063 0.00244331
2 0.622168 0.239844 0.755664 0.479688 0.002388
17 0.592871 0.644531 0.79082 0.710938 0.00234222
9 0.639063 0.663672 0.721875 0.672656 0.00228691
22 0.592871 0.644531 0.79082 0.710938 0.00221634
24 0.639063 0.663672 0.721875 0.672656 0.00221634
0 0.669531 0.642969 0.660937 0.714063 0.00214005
1 0.241797 0.392578 0.483594 0.635156 0.00211525
12 0.318359 0.385938 0.636719 0.725 0.00206757
1 0.652734 0.572266 0.694531 0.833594 0.0020504
12 0.652734 0.572266 0.694531 0.833594 0.00204277
14 0.664453 0.232031 0.671094 0.464063 0.00203514
14 0.664453 0.251367 0.671094 0.502734 0.00201988
0 0.664453 0.251367 0.671094 0.502734 0.0019722
12 0.241797 0.392578 0.483594 0.635156 0.00196457
1 0.160547 0.485547 0.321094 0.549219 0.00194168
12 0.578516 0.364063 0.777344 0.728125 0.00188923
18 0.664453 0.232031 0.671094 0.464063 0.00186729
12 0.160547 0.485547 0.321094 0.549219 0.00179577
0 0.672656 0.198828 0.576563 0.397656 0.00178242
7 0.664453 0.251367 0.671094 0.502734 0.00178242
1 0.318359 0.385938 0.636719 0.725 0.00174141
15 0.664453 0.232031 0.671094 0.464063 0.0016613
2 0.664453 0.251367 0.671094 0.502734 0.0016489
16 0.664453 0.251367 0.671094 0.502734 0.0016489
7 0.664453 0.232031 0.671094 0.464063 0.00162315
16 0.189648 0.464453 0.331641 0.303125 0.00161648
15 0.664453 0.251367 0.671094 0.502734 0.0015974
12 0.682813 0.596094 0.634375 0.7125 0.0015974
22 0.713281 0.651465 0.51875 0.69707 0.00159168
1 0.713281 0.651465 0.51875 0.69707 0.00158501
5 0.639063 0.663672 0.721875 0.672656 0.00157928
22 0.682813 0.596094 0.634375 0.7125 0.00157356
1 0.578516 0.364063 0.777344 0.728125 0.00156689
17 0.682813 0.596094 0.634375 0.7125 0.00155449
17 0.713281 0.651465 0.51875 0.69707 0.00155449
12 0.398438 0.407813 0.796875 0.815625 0.00152493
24 0.673145 0.301367 0.653711 0.602734 0.00148964
13 0.60625 0.691016 0.7875 0.617969 0.00148392
6 0.664453 0.251367 0.671094 0.502734 0.00146675
11 0.659766 0.592578 0.680469 0.814844 0.00144958
12 0.684375 0.245312 0.63125 0.490625 0.00143814
16 0.664453 0.232031 0.671094 0.464063 0.00143242
1 0.531641 0.667188 0.858594 0.665625 0.00141621
8 0.669531 0.642969 0.660937 0.714063 0.00139904
12 0.551172 0.621094 0.696094 0.757812 0.00137806
0 0.614453 0.162891 0.646094 0.325781 0.00135136
7 0.639063 0.663672 0.721875 0.672656 0.00134563
12 0.607422 0.5125 0.785156 0.820312 0.00133514
17 0.160547 0.485547 0.321094 0.549219 0.00133038
22 0.160547 0.485547 0.321094 0.549219 0.00132465
13 0.318359 0.385938 0.636719 0.725 0.00130463
6 0.664453 0.232031 0.671094 0.464063 0.00129986
19 0.79668 0.635547 0.312891 0.347656 0.00129414
2 0.576953 0.165039 0.669531 0.330078 0.00129414
12 0.638281 0.39375 0.723437 0.7875 0.00129414
22 0.241797 0.392578 0.483594 0.635156 0.00129414
21 0.8 0.636719 0.30625 0.382812 0.0012846
25 0.669531 0.642969 0.660937 0.714063 0.0012846
24 0.664453 0.232031 0.671094 0.464063 0.00127411
12 0.464844 0.671875 0.860938 0.65625 0.00127411
1 0.394922 0.732227 0.739844 0.535547 0.00126934
12 0.483594 0.455859 0.832812 0.828906 0.0012598
17 0.241797 0.392578 0.483594 0.635156 0.00123978
12 0.56875 0.295703 0.7375 0.591406 0.00123024
1 0.582715 0.593359 0.793945 0.813281 0.00121593
13 0.632812 0.572266 0.734375 0.846094 0.00121117
14 0.592871 0.644531 0.79082 0.710938 0.00119686
11 0.355273 0.406348 0.710547 0.799805 0.00117397
6 0.639063 0.663672 0.721875 0.672656 0.0011692
20 0.664453 0.251367 0.671094 0.502734 0.00115108
12 0.648828 0.328125 0.702344 0.65625 0.00114727
1 0.711328 0.62041 0.446094 0.548242 0.00114727
4 0.686719 0.61875 0.626563 0.7625 0.00114727
22 0.648828 0.328125 0.702344 0.65625 0.00113392
18 0.664453 0.251367 0.671094 0.502734 0.00112915
10 0.669531 0.642969 0.660937 0.714063 0.00112438
16 0.648828 0.328125 0.702344 0.65625 0.00112057
1 0.648828 0.328125 0.702344 0.65625 0.00111198
1 0.398438 0.407813 0.796875 0.815625 0.00110722
20 0.592871 0.644531 0.79082 0.710938 0.0011034
13 0.242188 0.498437 0.484375 0.615625 0.00107288
1 0.297656 0.784375 0.535156 0.43125 0.00106525
19 0.205664 0.459473 0.355859 0.335742 0.00106049
14 0.580566 0.241016 0.770117 0.482031 0.00104427
13 0.673145 0.301367 0.653711 0.602734 0.00104427
19 0.913281 0.801562 0.173438 0.396875 0.00104046
4 0.648828 0.328125 0.702344 0.65625 0.00104046
17 0.648828 0.328125 0.702344 0.65625 0.00104046
24 0.621094 0.264062 0.757812 0.528125 0.00103664
22 0.632812 0.572266 0.734375 0.846094 0.00103188
12 0.711328 0.62041 0.446094 0.548242 0.00103188
1 0.0822266 0.432813 0.164453 0.38125 0.00102425
1 0.606641 0.460547 0.786719 0.833594 0.00102043
4 0.672656 0.198828 0.576563 0.397656 0.00100803
14 0.672656 0.198828 0.576563 0.397656 0.00100803
22 0.708203 0.732422 0.458594 0.535156 0.0130234
1 0.708203 0.732422 0.458594 0.535156 0.01017
11 0.705859 0.76875 0.450781 0.4625 0.00871277
22 0.766602 0.717578 0.466797 0.542969 0.00542831
17 0.708203 0.732422 0.458594 0.535156 0.00526047
1 0.766602 0.717578 0.466797 0.542969 0.00502014
1 0.557813 0.393652 0.321875 0.376758 0.00448608
22 0.767383 0.262891 0.465234 0.523438 0.00429916
1 0.546094 0.444629 0.3375 0.50918 0.00419998
19 0.705859 0.76875 0.450781 0.4625 0.0041008
22 0.833008 0.265039 0.333984 0.500391 0.00403976
1 0.833008 0.265039 0.333984 0.500391 0.00382423
1 0.437109 0.448047 0.553906 0.555469 0.00372124
22 0.42041 0.496484 0.626367 0.622656 0.00365067
22 0.546094 0.444629 0.3375 0.50918 0.00353813
3 0.7125 0.746875 0.442188 0.50625 0.00353813
17 0.546094 0.444629 0.3375 0.50918 0.00346947
17 0.437109 0.448047 0.553906 0.555469 0.00336266
1 0.767383 0.262891 0.465234 0.523438 0.00327301
19 0.884766 0.564063 0.230469 0.373437 0.00321007
22 0.444531 0.537109 0.804688 0.763281 0.00307465
20 0.708203 0.732422 0.458594 0.535156 0.00286674
17 0.557813 0.393652 0.321875 0.376758 0.00277901
5 0.705859 0.76875 0.450781 0.4625 0.00269318
17 0.766602 0.717578 0.466797 0.542969 0.00259018
2 0.557813 0.393652 0.321875 0.376758 0.00257111
14 0.7125 0.746875 0.442188 0.50625 0.00251198
11 0.767383 0.262891 0.465234 0.523438 0.0024929
16 0.589063 0.347266 0.378125 0.353125 0.0024929
1 0.45 0.441406 0.814063 0.804688 0.00247192
4 0.7125 0.746875 0.442188 0.50625 0.00246239
17 0.45 0.441406 0.814063 0.804688 0.00244331
14 0.557813 0.393652 0.321875 0.376758 0.0024147
0 0.557813 0.393652 0.321875 0.376758 0.00237846
0 0.7125 0.746875 0.442188 0.50625 0.00234222
12 0.708203 0.732422 0.458594 0.535156 0.00234222
16 0.557813 0.393652 0.321875 0.376758 0.00230598
14 0.437109 0.448047 0.553906 0.555469 0.00230598
16 0.56875 0.323828 0.31875 0.224219 0.00228691
0 0.589063 0.417285 0.40625 0.462305 0.00227928
12 0.446875 0.566797 0.892188 0.866406 0.00227928
14 0.546094 0.444629 0.3375 0.50918 0.00226974
17 0.508203 0.502344 0.503906 0.623438 0.00226021
11 0.653516 0.750391 0.628906 0.499219 0.00226021
21 0.7125 0.746875 0.442188 0.50625 0.00226021
1 0.508203 0.502344 0.503906 0.623438 0.00214958
22 0.653516 0.750391 0.628906 0.499219 0.00212479
2 0.51875 0.395313 0.396875 0.484375 0.00211525
13 0.705859 0.76875 0.450781 0.4625 0.00208282
0 0.51875 0.395313 0.396875 0.484375 0.00205803
6 0.557813 0.393652 0.321875 0.376758 0.00204277
0 0.589063 0.347266 0.378125 0.353125 0.00201988
20 0.766602 0.717578 0.466797 0.542969 0.00201988
21 0.766602 0.717578 0.466797 0.542969 0.00201035
14 0.45 0.441406 0.814063 0.804688 0.00199509
12 0.757422 0.717578 0.485156 0.564844 0.00194168
0 0.437109 0.448047 0.553906 0.555469 0.00191212
4 0.557813 0.393652 0.321875 0.376758 0.00190449
2 0.437109 0.448047 0.553906 0.555469 0.00189686
12 0.42041 0.496484 0.626367 0.622656 0.00187492
16 0.589063 0.417285 0.40625 0.462305 0.00186729
11 0.437109 0.448047 0.553906 0.555469 0.00186062
2 0.589063 0.417285 0.40625 0.462305 0.00183105
22 0.557813 0.393652 0.321875 0.376758 0.00182438
0 0.766602 0.717578 0.466797 0.542969 0.00182438
14 0.766602 0.717578 0.466797 0.542969 0.00182438
6 0.589063 0.417285 0.40625 0.462305 0.00181007
6 0.589063 0.347266 0.378125 0.353125 0.0018034
11 0.45 0.441406 0.814063 0.804688 0.0018034
16 0.633203 0.285986 0.458594 0.359277 0.00179577
17 0.767383 0.262891 0.465234 0.523438 0.00179577
17 0.833008 0.265039 0.333984 0.500391 0.00179577
25 0.546094 0.444629 0.3375 0.50918 0.00176811
2 0.589063 0.347266 0.378125 0.353125 0.00176144
13 0.444531 0.537109 0.804688 0.763281 0.00175476
4 0.589063 0.347266 0.378125 0.353125 0.00174141
0 0.45 0.441406 0.814063 0.804688 0.00172043
20 0.546094 0.444629 0.3375 0.50918 0.00171375
12 0.546094 0.444629 0.3375 0.50918 0.00169373
1 0.653516 0.750391 0.628906 0.499219 0.00168133
4 0.589063 0.417285 0.40625 0.462305 0.00166798
20 0.557813 0.393652 0.321875 0.376758 0.0016613
6 0.56875 0.323828 0.31875 0.224219 0.00163555
22 0.654688 0.523828 0.690625 0.719531 0.00162888
10 0.7125 0.746875 0.442188 0.50625 0.00162315
12 0.595703 0.5375 0.808594 0.8625 0.00154877
3 0.766602 0.717578 0.466797 0.542969 0.00153637
13 0.42041 0.496484 0.626367 0.622656 0.00152493
12 0.771094 0.504687 0.457813 0.5875 0.00151253
12 0.654688 0.523828 0.690625 0.719531 0.00150681
21 0.557813 0.393652 0.321875 0.376758 0.00150108
1 0.422266 0.464453 0.708594 0.630469 0.00150108
12 0.744727 0.509375 0.510547 0.715625 0.00150108
11 0.766602 0.717578 0.466797 0.542969 0.00150108
13 0.557813 0.393652 0.321875 0.376758 0.00147247
2 0.7125 0.746875 0.442188 0.50625 0.00147247
2 0.56875 0.323828 0.31875 0.224219 0.00146675
4 0.766602 0.717578 0.466797 0.542969 0.00146675
16 0.567969 0.289258 0.310937 0.182422 0.00146103
25 0.557813 0.393652 0.321875 0.376758 0.00146103
11 0.833008 0.265039 0.333984 0.500391 0.00145531
17 0.654688 0.523828 0.690625 0.719531 0.00145531
15 0.589063 0.347266 0.378125 0.353125 0.00142097
21 0.589063 0.417285 0.40625 0.462305 0.00142097
21 0.45 0.441406 0.814063 0.804688 0.00142097
20 0.437109 0.448047 0.553906 0.555469 0.00142097
8 0.7125 0.746875 0.442188 0.50625 0.00142097
1 0.654688 0.523828 0.690625 0.719531 0.00141048
2 0.466016 0.4 0.861719 0.8 0.00139904
1 0.589063 0.347266 0.378125 0.353125 0.00139427
12 0.464063 0.432031 0.81875 0.785937 0.00138283
11 0.546094 0.444629 0.3375 0.50918 0.00138283
0 0.685547 0.301953 0.628906 0.603906 0.00137234
17 0.653516 0.750391 0.628906 0.499219 0.00137234
13 0.589063 0.417285 0.40625 0.462305 0.00135612
6 0.437109 0.448047 0.553906 0.555469 0.00135612
25 0.437109 0.448047 0.553906 0.555469 0.00135612
12 0.704102 0.515625 0.591797 0.903125 0.00135136
3 0.557813 0.393652 0.321875 0.376758 0.00133038
12 0.767383 0.262891 0.465234 0.523438 0.00132465
24 0.705859 0.76875 0.450781 0.4625 0.00132465
2 0.766602 0.717578 0.466797 0.542969 0.00131989
4 0.56875 0.323828 0.31875 0.224219 0.00131512
14 0.589063 0.347266 0.378125 0.353125 0.00130939
21 0.437109 0.448047 0.553906 0.555469 0.00130463
14 0.653516 0.750391 0.628906 0.499219 0.00130463
4 0.51875 0.395313 0.396875 0.484375 0.00129986
4 0.437109 0.448047 0.553906 0.555469 0.00129986
1 0.56875 0.323828 0.31875 0.224219 0.00128937
11 0.691406 0.266797 0.617188 0.533594 0.0012846
22 0.461328 0.411328 0.697656 0.677344 0.0012846
13 0.767383 0.262891 0.465234 0.523438 0.00125504
12 0.694141 0.298828 0.611719 0.597656 0.00124931
0 0.56875 0.323828 0.31875 0.224219 0.00123501
12 0.679688 0.208984 0.570312 0.417969 0.00123024
0 0.674609 0.408203 0.650781 0.780469 0.00123024
11 0.633203 0.285986 0.458594 0.359277 0.00122547
12 0.691797 0.434375 0.616406 0.86875 0.00122547
12 0.557813 0.393652 0.321875 0.376758 0.0012207
12 0.325 0.415625 0.446094 0.536719 0.0012207
22 0.694141 0.298828 0.611719 0.597656 0.00121593
19 0.901563 0.512402 0.196875 0.35332 0.0012064
13 0.691406 0.266797 0.617188 0.533594 0.0012064
0 0.633203 0.285986 0.458594 0.359277 0.00119686
6 0.705859 0.76875 0.450781 0.4625 0.00119209
20 0.45 0.441406 0.814063 0.804688 0.00118828
16 0.51875 0.395313 0.396875 0.484375 0.00117874
13 0.51875 0.395313 0.396875 0.484375 0.0011692
14 0.654688 0.523828 0.690625 0.719531 0.0011692
17 0.422266 0.464453 0.708594 0.630469 0.0011692
3 0.437109 0.448047 0.553906 0.555469 0.00116539
11 0.679688 0.208984 0.570312 0.417969 0.00116062
25 0.708203 0.732422 0.458594 0.535156 0.00116062
11 0.767383 0.553125 0.465234 0.63125 0.00115585
12 0.560547 0.592188 0.878906 0.815625 0.0011425
4 0.633203 0.285986 0.458594 0.359277 0.00113392
13 0.757422 0.717578 0.485156 0.564844 0.00113392
4 0.45 0.441406 0.814063 0.804688 0.00112915
6 0.51875 0.395313 0.396875 0.484375 0.00112438
15 0.589063 0.417285 0.40625 0.462305 0.0011158
6 0.766602 0.717578 0.466797 0.542969 0.00111198
19 0.858008 0.207031 0.283984 0.414062 0.00110722
12 0.401953 0.346094 0.464063 0.692187 0.00109863
1 0.603125 0.642578 0.79375 0.714844 0.00109482
12 0.633203 0.285986 0.458594 0.359277 0.00109005
12 0.589063 0.347266 0.378125 0.353125 0.00109005
10 0.437109 0.448047 0.553906 0.555469 0.00109005
3 0.546094 0.444629 0.3375 0.50918 0.00108624
2 0.633203 0.285986 0.458594 0.359277 0.00107765
12 0.833008 0.265039 0.333984 0.500391 0.00107765
12 0.472266 0.350391 0.628906 0.700781 0.00107288
0 0.654688 0.523828 0.690625 0.719531 0.00107288
1 0.674609 0.408203 0.650781 0.780469 0.00106907
6 0.45 0.441406 0.814063 0.804688 0.00106907
14 0.767383 0.262891 0.465234 0.523438 0.00106525
11 0.654688 0.523828 0.690625 0.719531 0.00105667
11 0.422266 0.464453 0.708594 0.630469 0.00105667
3 0.767383 0.262891 0.465234 0.523438 0.00105286
13 0.653516 0.750391 0.628906 0.499219 0.00105286
6 0.685547 0.301953 0.628906 0.603906 0.00103664
13 0.466016 0.4 0.861719 0.8 0.00103664
4 0.767383 0.262891 0.465234 0.523438 0.00103188
15 0.685547 0.301953 0.628906 0.603906 0.00103188
25 0.45 0.441406 0.814063 0.804688 0.00103188
12 0.353906 0.575391 0.707812 0.635156 0.00103188
15 0.633203 0.285986 0.458594 0.359277 0.00102425
13 0.589063 0.347266 0.378125 0.353125 0.00102425
6 0.654688 0.523828 0.690625 0.719531 0.00102425
13 0.654688 0.523828 0.690625 0.719531 0.00102043
0 0.653516 0.750391 0.628906 0.499219 0.00101662
12 0.652344 0.764844 0.582812 0.470313 0.00101662
25 0.589063 0.347266 0.378125 0.353125 0.00100803
6 0.633203 0.285986 0.458594 0.359277 0.00100422
1 0.685547 0.301953 0.628906 0.603906 0.00100422
12 0.575 0.331641 0.7875 0.663281 0.00346947
12 0.635938 0.474121 0.65 0.726758 0.00324821
12 0.620703 0.291016 0.758594 0.582031 0.00305176
12 0.6125 0.53125 0.775 0.875 0.00299263
12 0.578906 0.289062 0.44375 0.578125 0.00259018
12 0.572656 0.329297 0.548438 0.658594 0.00226021
12 0.666699 0.217383 0.666602 0.434766 0.00216484
13 0.578906 0.289062 0.44375 0.578125 0.00162315
12 0.374219 0.419531 0.673438 0.55625 0.00152493
12 0.605078 0.236719 0.789844 0.473438 0.0014782
12 0.626563 0.197656 0.651563 0.395313 0.00130463
12 0.773438 0.560938 0.278125 0.36875 0.0012207
13 0.571484 0.282422 0.675781 0.564844 0.00121593
13 0.635938 0.474121 0.65 0.726758 0.0011425
13 0.586328 0.300977 0.827344 0.601953 0.00106525
21 0.584375 0.370313 0.3 0.325 0.00429916
11 0.672656 0.774805 0.50625 0.450391 0.00236893
7 0.708984 0.280078 0.582031 0.339063 0.00175476
11 0.696094 0.219141 0.56875 0.438281 0.00121593
24 0.708984 0.280078 0.582031 0.339063 0.00120163
6 0.708984 0.280078 0.582031 0.339063 0.00116062
1 0.70625 0.774023 0.448438 0.451953 0.00109863
4 0.682422 0.218359 0.566406 0.436719 0.0520325
0 0.682422 0.218359 0.566406 0.436719 0.0510864
14 0.682422 0.218359 0.566406 0.436719 0.0505066
2 0.682422 0.218359 0.566406 0.436719 0.0417786
11 0.682422 0.218359 0.566406 0.436719 0.0328369
15 0.682813 0.216797 0.579688 0.433594 0.0145035
6 0.682813 0.216797 0.579688 0.433594 0.0137405
24 0.682813 0.216797 0.579688 0.433594 0.0120087
18 0.682422 0.218359 0.566406 0.436719 0.011116
9 0.682422 0.218359 0.566406 0.436719 0.00941467
7 0.682422 0.218359 0.566406 0.436719 0.00888062
23 0.682422 0.218359 0.566406 0.436719 0.00857544
25 0.680078 0.215234 0.552344 0.430469 0.00653839
10 0.682422 0.218359 0.566406 0.436719 0.00551224
6 0.657813 0.242773 0.50625 0.306641 0.00385475
7 0.657813 0.242773 0.50625 0.306641 0.00275803
12 0.670703 0.209375 0.522656 0.41875 0.00250244
5 0.693359 0.222656 0.594531 0.445312 0.0024147
0 0.657813 0.242773 0.50625 0.306641 0.00214958
16 0.682422 0.218359 0.566406 0.436719 0.0020752
15 0.657813 0.242773 0.50625 0.306641 0.00206757
6 0.603906 0.288281 0.379688 0.196875 0.00203514
20 0.680078 0.215234 0.552344 0.430469 0.00194168
3 0.670703 0.209375 0.522656 0.41875 0.00188255
2 0.657813 0.242773 0.50625 0.306641 0.0018177
4 0.657813 0.242773 0.50625 0.306641 0.00175476
14 0.657813 0.242773 0.50625 0.306641 0.0017004
13 0.673828 0.209766 0.549219 0.419531 0.00157928
6 0.691406 0.278125 0.617188 0.55625 0.00154305
0 0.691406 0.278125 0.617188 0.55625 0.00153637
16 0.657813 0.242773 0.50625 0.306641 0.00153065
1 0.670703 0.209375 0.522656 0.41875 0.00148964
18 0.657813 0.242773 0.50625 0.306641 0.00133514
15 0.691406 0.278125 0.617188 0.55625 0.00130939
11 0.691406 0.278125 0.617188 0.55625 0.00124931
12 0.419922 0.435254 0.636719 0.556055 0.00123024
11 0.657813 0.242773 0.50625 0.306641 0.00119686
2 0.665625 0.168457 0.507812 0.336914 0.00119209
0 0.665625 0.168457 0.507812 0.336914 0.00118828
12 0.657813 0.242773 0.50625 0.306641 0.0011692
0 0.603906 0.288281 0.379688 0.196875 0.00115108
16 0.603906 0.288281 0.379688 0.196875 0.0011158
17 0.654688 0.196875 0.478125 0.39375 0.00106525
12 0.667969 0.279297 0.576563 0.558594 0.00101662
23 0.657813 0.242773 0.50625 0.306641 0.00100422
2 0.677344 0.199609 0.496875 0.399219 0.0171051
12 0.352148 0.366797 0.686328 0.644531 0.00891876
14 0.682813 0.203906 0.50625 0.407813 0.00857544
4 0.682813 0.203906 0.50625 0.407813 0.00679779
11 0.682813 0.203906 0.50625 0.407813 0.00636292
0 0.677344 0.202539 0.50625 0.405078 0.00629044
12 0.460156 0.478027 0.703125 0.718945 0.00518036
12 0.473828 0.47041 0.583594 0.60293 0.00510025
1 0.378125 0.360547 0.752344 0.688281 0.00508118
12 0.490625 0.566406 0.8125 0.867188 0.00494385
12 0.438672 0.388281 0.847656 0.776563 0.00434875
13 0.352148 0.366797 0.686328 0.644531 0.00355148
15 0.352148 0.366797 0.686328 0.644531 0.00234222
9 0.682813 0.203906 0.50625 0.407813 0.00231361
11 0.352148 0.366797 0.686328 0.644531 0.00223351
12 0.489941 0.581934 0.582617 0.626758 0.00209045
12 0.403906 0.553125 0.807813 0.89375 0.0020504
13 0.438672 0.388281 0.847656 0.776563 0.00203514
1 0.496094 0.410156 0.892188 0.820312 0.00199509
2 0.551172 0.282813 0.278125 0.207031 0.00196457
25 0.682813 0.203906 0.50625 0.407813 0.00195694
17 0.378125 0.360547 0.752344 0.688281 0.00192642
14 0.352148 0.366797 0.686328 0.644531 0.00190449
6 0.682813 0.203906 0.50625 0.407813 0.00188255
13 0.473828 0.47041 0.583594 0.60293 0.00187492
12 0.660937 0.201758 0.5 0.403516 0.00178242
13 0.474219 0.592578 0.907813 0.814844 0.00176811
4 0.352148 0.366797 0.686328 0.644531 0.0017271
7 0.566797 0.286328 0.297656 0.211719 0.00167465
23 0.677344 0.199609 0.496875 0.399219 0.0016613
16 0.551172 0.282813 0.278125 0.207031 0.0016489
22 0.438672 0.388281 0.847656 0.776563 0.0015974
25 0.352148 0.366797 0.686328 0.644531 0.00157356
6 0.566797 0.286328 0.297656 0.211719 0.00148392
2 0.352148 0.366797 0.686328 0.644531 0.0014782
13 0.460156 0.478027 0.703125 0.718945 0.0014782
12 0.553125 0.525 0.392188 0.475781 0.00146675
0 0.551172 0.282813 0.278125 0.207031 0.00135612
12 0.281641 0.367578 0.563281 0.596094 0.00127411
6 0.352148 0.366797 0.686328 0.644531 0.00124931
7 0.664453 0.17041 0.458594 0.34082 0.00123501
11 0.438672 0.388281 0.847656 0.776563 0.00123501
12 0.607813 0.192139 0.403125 0.357129 0.00121117
15 0.682813 0.203906 0.50625 0.407813 0.00115585
4 0.551172 0.282813 0.278125 0.207031 0.00114727
25 0.438672 0.388281 0.847656 0.776563 0.00109863
14 0.438672 0.388281 0.847656 0.776563 0.00109482
13 0.489941 0.581934 0.582617 0.626758 0.00109482
12 0.646484 0.232422 0.585156 0.464844 0.00107765
14 0.566797 0.286328 0.297656 0.211719 0.00106907
20 0.378125 0.360547 0.752344 0.688281 0.00105286
12 0.56875 0.24707 0.35 0.290234 0.00102425
15 0.438672 0.388281 0.847656 0.776563 0.00102043
14 0.686719 0.2125 0.573438 0.425 0.0215302
2 0.686719 0.2125 0.573438 0.425 0.0190125
4 0.686719 0.2125 0.573438 0.425 0.01297
6 0.700391 0.207813 0.599219 0.415625 0.00674438
15 0.700391 0.207813 0.599219 0.415625 0.0055542
24 0.700391 0.207813 0.599219 0.415625 0.00488663
0 0.696484 0.21582 0.607031 0.431641 0.00486755
7 0.700391 0.207813 0.599219 0.415625 0.0046463
11 0.686719 0.2125 0.573438 0.425 0.00448608
12 0.585059 0.495703 0.775195 0.799219 0.00302696
9 0.686719 0.2125 0.573438 0.425 0.00275803
12 0.439063 0.579688 0.8 0.840625 0.00239754
18 0.700391 0.207813 0.599219 0.415625 0.00223351
25 0.686719 0.2125 0.573438 0.425 0.0020504
12 0.686719 0.2125 0.573438 0.425 0.00162315
12 0.364063 0.368359 0.728125 0.736719 0.00144386
15 0.342187 0.347266 0.684375 0.692969 0.00141621
13 0.585059 0.495703 0.775195 0.799219 0.00128937
15 0.394531 0.421484 0.789062 0.561719 0.00119686
23 0.686719 0.2125 0.573438 0.425 0.00118828
11 0.568066 0.722656 0.756055 0.554688 0.00118828
7 0.661328 0.208643 0.489844 0.37334 0.0011158
0 0.42959 0.445703 0.75957 0.525781 0.00109482
11 0.394531 0.421484 0.789062 0.561719 0.00108147
13 0.457031 0.600781 0.817187 0.798438 0.00108147
1 0.686719 0.2125 0.573438 0.425 0.00106525
5 0.700391 0.207813 0.599219 0.415625 0.00102806
10 0.686719 0.2125 0.573438 0.425 0.00102425
12 0.714453 0.215625 0.571094 0.43125 0.00102425
11 0.342187 0.347266 0.684375 0.692969 0.00101185
2 0.696484 0.216797 0.544531 0.433594 0.0173035
7 0.685156 0.291016 0.514063 0.238281 0.00978088
14 0.696484 0.216797 0.544531 0.433594 0.0088501
0 0.696484 0.216797 0.544531 0.433594 0.00734711
4 0.700391 0.220508 0.546094 0.418359 0.00720596
7 0.620313 0.283398 0.367188 0.194922 0.00399017
6 0.685156 0.291016 0.514063 0.238281 0.00324821
24 0.685156 0.291016 0.514063 0.238281 0.00298119
18 0.685156 0.291016 0.514063 0.238281 0.00277901
12 0.380859 0.444531 0.575781 0.54375 0.00265312
11 0.700391 0.220508 0.546094 0.418359 0.00253105
6 0.620313 0.283398 0.367188 0.194922 0.00216484
15 0.700391 0.220508 0.546094 0.418359 0.00186062
6 0.700391 0.220508 0.546094 0.418359 0.00182438
16 0.620313 0.283398 0.367188 0.194922 0.0017271
12 0.475391 0.45 0.789844 0.609375 0.00162888
0 0.620313 0.283398 0.367188 0.194922 0.00148392
2 0.620313 0.283398 0.367188 0.194922 0.0014267
7 0.700391 0.220508 0.546094 0.418359 0.00136662
24 0.700391 0.220508 0.546094 0.418359 0.00134563
18 0.620313 0.283398 0.367188 0.194922 0.00130939
14 0.475391 0.45 0.789844 0.609375 0.00130463
12 0.564844 0.525391 0.859375 0.755469 0.00129414
0 0.685156 0.291016 0.514063 0.238281 0.00126934
25 0.696484 0.216797 0.544531 0.433594 0.00124454
4 0.685156 0.291016 0.514063 0.238281 0.00121117
9 0.700391 0.220508 0.546094 0.418359 0.00119686
16 0.685156 0.291016 0.514063 0.238281 0.00119686
23 0.620313 0.283398 0.367188 0.194922 0.00118828
15 0.475391 0.45 0.789844 0.609375 0.00112438
2 0.685156 0.291016 0.514063 0.238281 0.00109863
4 0.620313 0.283398 0.367188 0.194922 0.00106525
24 0.620313 0.283398 0.367188 0.194922 0.00103188
2 0.6875 0.217969 0.564063 0.435937 0.0245209
14 0.6875 0.217969 0.564063 0.435937 0.0137939
7 0.703125 0.214258 0.582812 0.416797 0.00653839
0 0.6875 0.217969 0.564063 0.435937 0.0064888
11 0.6875 0.217969 0.564063 0.435937 0.00475693
7 0.694922 0.273828 0.561719 0.286719 0.00332451
4 0.6875 0.217969 0.564063 0.435937 0.00279999
6 0.703125 0.214258 0.582812 0.416797 0.00233269
9 0.6875 0.217969 0.564063 0.435937 0.00209999
18 0.703125 0.214258 0.582812 0.416797 0.0017004
6 0.694922 0.273828 0.561719 0.286719 0.00162315
24 0.703125 0.214258 0.582812 0.416797 0.0012207
23 0.6875 0.217969 0.564063 0.435937 0.00114727
10 0.6875 0.217969 0.564063 0.435937 0.00109005
13 0.578906 0.498047 0.842188 0.891406 0.144165
12 0.578906 0.498047 0.842188 0.891406 0.124634
2 0.676172 0.213477 0.524219 0.426953 0.0792236
14 0.676172 0.213477 0.524219 0.426953 0.0726318
6 0.701563 0.207813 0.55625 0.415625 0.0492249
12 0.417969 0.355469 0.695312 0.707812 0.0417786
13 0.63291 0.501953 0.624805 0.597656 0.0306702
12 0.63291 0.501953 0.624805 0.597656 0.0299835
4 0.688281 0.2125 0.5375 0.425 0.0298767
15 0.70625 0.218164 0.5875 0.436328 0.0269623
12 0.657031 0.490234 0.685938 0.897656 0.0265503
11 0.688281 0.2125 0.5375 0.425 0.0240479
21 0.84375 0.195312 0.3125 0.390625 0.0236969
18 0.701563 0.207813 0.55625 0.415625 0.0225372
13 0.657031 0.490234 0.685938 0.897656 0.0153046
24 0.701563 0.207813 0.55625 0.415625 0.0144501
7 0.701563 0.207813 0.55625 0.415625 0.0137939
9 0.701563 0.207813 0.55625 0.415625 0.0115051
1 0.392188 0.380078 0.784375 0.760156 0.0114212
13 0.383594 0.377734 0.685938 0.634375 0.0110703
15 0.63291 0.501953 0.624805 0.597656 0.0104904
15 0.361914 0.40625 0.721484 0.623438 0.00874329
15 0.640234 0.518066 0.719531 0.757617 0.00806427
14 0.40625 0.420312 0.8125 0.765625 0.00787354
2 0.40625 0.420312 0.8125 0.765625 0.00757599
23 0.688281 0.2125 0.5375 0.425 0.00740433
12 0.398828 0.396484 0.797656 0.792969 0.00612259
12 0.521875 0.495215 0.703125 0.69707 0.00600433
19 0.84375 0.195312 0.3125 0.390625 0.00559998
13 0.521875 0.495215 0.703125 0.69707 0.00526047
12 0.749805 0.488672 0.500391 0.869531 0.0051384
0 0.704297 0.224414 0.591406 0.448828 0.00494385
12 0.735742 0.510254 0.528516 0.74043 0.0045929
15 0.546094 0.489063 0.84375 0.871875 0.00453949
13 0.749805 0.488672 0.500391 0.869531 0.00443268
4 0.40625 0.420312 0.8125 0.765625 0.00421524
1 0.482031 0.48916 0.801562 0.707617 0.00405502
13 0.735742 0.510254 0.528516 0.74043 0.00402451
25 0.676172 0.213477 0.524219 0.426953 0.0039444
12 0.695312 0.412891 0.609375 0.825781 0.00367928
25 0.40625 0.420312 0.8125 0.765625 0.00362206
2 0.383594 0.377734 0.685938 0.634375 0.00355148
15 0.446094 0.427441 0.817187 0.72168 0.00309944
14 0.383594 0.377734 0.685938 0.634375 0.00307465
15 0.682031 0.233984 0.520312 0.352344 0.00301552
13 0.395996 0.386328 0.74707 0.772656 0.00292397
1 0.560547 0.482422 0.878906 0.899219 0.00269318
0 0.630859 0.736719 0.646094 0.526563 0.00268364
11 0.361914 0.40625 0.721484 0.623438 0.00263214
12 0.70625 0.218164 0.5875 0.436328 0.00257111
11 0.448438 0.455859 0.825 0.716406 0.00255013
15 0.703906 0.642969 0.454688 0.303125 0.00251198
15 0.521875 0.495215 0.703125 0.69707 0.00243378
4 0.630859 0.736719 0.646094 0.526563 0.00227928
17 0.60625 0.4875 0.7875 0.857813 0.00202751
0 0.703906 0.642969 0.454688 0.303125 0.00191212
4 0.383594 0.377734 0.685938 0.634375 0.00190449
15 0.326758 0.375879 0.653516 0.731055 0.00186729
12 0.676562 0.637891 0.539062 0.417969 0.00184631
17 0.392188 0.380078 0.784375 0.760156 0.0018034
6 0.361914 0.40625 0.721484 0.623438 0.00178909
0 0.448438 0.455859 0.825 0.716406 0.00176811
15 0.308008 0.418359 0.616016 0.502344 0.00175476
14 0.482031 0.48916 0.801562 0.707617 0.00174141
6 0.675781 0.297266 0.501563 0.24375 0.00172043
17 0.63291 0.501953 0.624805 0.597656 0.0017004
12 0.345703 0.3875 0.691406 0.775 0.00168133
15 0.676562 0.637891 0.539062 0.417969 0.00167465
13 0.695312 0.412891 0.609375 0.825781 0.0016613
2 0.482031 0.48916 0.801562 0.707617 0.00164223
25 0.60625 0.4875 0.7875 0.857813 0.00155449
15 0.657031 0.490234 0.685938 0.897656 0.00149536
1 0.398438 0.363477 0.651563 0.638672 0.00148964
12 0.369336 0.398438 0.652734 0.538281 0.00148392
7 0.675781 0.297266 0.501563 0.24375 0.00141048
17 0.482031 0.48916 0.801562 0.707617 0.00141048
12 0.818359 0.694531 0.363281 0.610938 0.00136185
11 0.372656 0.371875 0.745313 0.74375 0.00131989
10 0.688281 0.2125 0.5375 0.425 0.00131512
5 0.701563 0.207813 0.55625 0.415625 0.00129414
12 0.749023 0.386719 0.501953 0.757031 0.00127411
24 0.384375 0.396973 0.76875 0.662305 0.00127411
12 0.702734 0.622559 0.594531 0.611133 0.00126934
18 0.675781 0.297266 0.501563 0.24375 0.00124454
4 0.703906 0.642969 0.454688 0.303125 0.00123978
0 0.682031 0.233984 0.520312 0.352344 0.0012207
11 0.703906 0.642969 0.454688 0.303125 0.0012207
25 0.383594 0.377734 0.685938 0.634375 0.0012064
13 0.807813 0.510059 0.384375 0.693945 0.00118828
24 0.675781 0.297266 0.501563 0.24375 0.00117874
11 0.546094 0.489063 0.84375 0.871875 0.00116062
24 0.3375 0.410547 0.641406 0.503125 0.0011158
13 0.676562 0.637891 0.539062 0.417969 0.00109482
25 0.482031 0.48916 0.801562 0.707617 0.00107288
13 0.818359 0.694531 0.363281 0.610938 0.00107288
23 0.63291 0.501953 0.624805 0.597656 0.00106907
16 0.711719 0.239795 0.576563 0.37041 0.00105286
6 0.448438 0.455859 0.825 0.716406 0.00104809
6 0.703906 0.642969 0.454688 0.303125 0.00101185
2 0.560547 0.482422 0.878906 0.899219 0.00100803
12 0.461328 0.575 0.832031 0.85 0.00100803
7 0.707422 0.225391 0.585156 0.450781 0.0290833
7 0.70625 0.300342 0.5875 0.288379 0.016098
15 0.424219 0.448438 0.848437 0.582812 0.012146
0 0.45625 0.462891 0.865625 0.603906 0.0115509
11 0.505469 0.469141 0.889063 0.624219 0.0104065
24 0.424219 0.448438 0.848437 0.582812 0.0088501
14 0.70625 0.222656 0.5875 0.445312 0.00874329
2 0.70625 0.222656 0.5875 0.445312 0.00728989
14 0.45625 0.462891 0.865625 0.603906 0.00717545
4 0.460547 0.458594 0.875781 0.590625 0.00695801
2 0.413672 0.455078 0.827344 0.588281 0.0050621
6 0.424219 0.448438 0.848437 0.582812 0.00494385
12 0.377344 0.386816 0.742188 0.687305 0.0042305
11 0.394141 0.439844 0.780469 0.589063 0.00331116
1 0.394141 0.439844 0.780469 0.589063 0.00317192
18 0.70625 0.300342 0.5875 0.288379 0.00313568
18 0.707422 0.225391 0.585156 0.450781 0.00298119
6 0.707422 0.225391 0.585156 0.450781 0.00273705
15 0.570703 0.489844 0.858594 0.704688 0.00254059
9 0.70625 0.300342 0.5875 0.288379 0.00247192
24 0.70625 0.300342 0.5875 0.288379 0.00237846
11 0.705859 0.235352 0.588281 0.470703 0.00225258
13 0.377344 0.386816 0.742188 0.687305 0.00209999
9 0.424219 0.448438 0.848437 0.582812 0.00196457
0 0.571875 0.485156 0.85625 0.676562 0.00183868
25 0.413672 0.455078 0.827344 0.588281 0.00178242
24 0.707422 0.225391 0.585156 0.450781 0.00177479
2 0.548438 0.477734 0.89375 0.657031 0.00174141
14 0.571875 0.485156 0.85625 0.676562 0.00166798
0 0.703516 0.224609 0.592969 0.449219 0.00157356
11 0.592969 0.488672 0.814063 0.722656 0.00149536
12 0.592969 0.488672 0.814063 0.722656 0.00146675
7 0.424219 0.448438 0.848437 0.582812 0.00143242
9 0.707422 0.225391 0.585156 0.450781 0.00132465
4 0.705859 0.235352 0.588281 0.470703 0.00124931
24 0.55 0.483691 0.896875 0.70293 0.0011692
18 0.424219 0.448438 0.848437 0.582812 0.00114727
2 0.685156 0.210742 0.554688 0.421484 0.064209
14 0.685156 0.210742 0.554688 0.421484 0.0334778
4 0.685156 0.210742 0.554688 0.421484 0.0243835
6 0.681641 0.20957 0.542969 0.419141 0.0178528
7 0.681641 0.20957 0.542969 0.419141 0.0144501
7 0.663281 0.283545 0.492188 0.248535 0.0141754
11 0.685156 0.211719 0.557813 0.423438 0.0141144
0 0.686719 0.216016 0.56875 0.432031 0.00978088
6 0.663281 0.283545 0.492188 0.248535 0.00809479
9 0.685156 0.211719 0.557813 0.423438 0.00658798
25 0.685156 0.210742 0.554688 0.421484 0.00572968
15 0.686719 0.216016 0.56875 0.432031 0.00542831
24 0.681641 0.20957 0.542969 0.419141 0.00502014
12 0.685156 0.210742 0.554688 0.421484 0.00457382
18 0.681641 0.20957 0.542969 0.419141 0.0042305
18 0.663281 0.283545 0.492188 0.248535 0.00327301
24 0.663281 0.283545 0.492188 0.248535 0.00313568
1 0.685156 0.210742 0.554688 0.421484 0.00294685
23 0.685156 0.210742 0.554688 0.421484 0.00243378
9 0.663281 0.283545 0.492188 0.248535 0.00237846
4 0.663281 0.283545 0.492188 0.248535 0.00216484
14 0.663281 0.283545 0.492188 0.248535 0.00169373
11 0.663281 0.283545 0.492188 0.248535 0.00121117
17 0.682813 0.219141 0.553125 0.438281 0.00117874
5 0.685156 0.211719 0.557813 0.423438 0.00112438
12 0.488281 0.563672 0.821875 0.872656 0.0088501
1 0.483594 0.58125 0.839063 0.8375 0.00462723
14 0.701563 0.231055 0.595313 0.462109 0.00340271
2 0.701563 0.231055 0.595313 0.462109 0.00281143
13 0.488281 0.563672 0.821875 0.872656 0.00254059
2 0.483594 0.58125 0.839063 0.8375 0.00129986
12 0.468359 0.541406 0.655469 0.776563 0.00109863
12 0.337891 0.377148 0.675781 0.754297 0.00106907
1 0.423438 0.508691 0.639063 0.676367 0.00105286
11 0.483594 0.58125 0.839063 0.8375 0.00102806
17 0.483594 0.58125 0.839063 0.8375 0.00102806
2 0.692578 0.22168 0.574219 0.443359 0.0673218
14 0.692578 0.22168 0.574219 0.443359 0.0262604
7 0.710156 0.282861 0.579688 0.293652 0.00521851
16 0.688672 0.214453 0.553906 0.428906 0.00216484
25 0.692578 0.22168 0.574219 0.443359 0.00201988
7 0.622266 0.0804688 0.269531 0.160938 0.00186729
11 0.697656 0.221875 0.571875 0.44375 0.00181007
6 0.702344 0.241064 0.578125 0.391309 0.00181007
7 0.703516 0.221484 0.574219 0.442969 0.00158501
0 0.697656 0.221875 0.571875 0.44375 0.00156116
18 0.710156 0.282861 0.579688 0.293652 0.00144386
11 0.465625 0.385156 0.93125 0.770312 0.00129414
12 0.554688 0.526563 0.870313 0.940625 0.105225
12 0.439063 0.551172 0.878125 0.897656 0.0477905
1 0.448828 0.571484 0.897656 0.857031 0.0283813
15 0.535937 0.560938 0.846875 0.878125 0.0195007
13 0.554688 0.526563 0.870313 0.940625 0.0184326
12 0.405371 0.456152 0.773633 0.75957 0.0165253
14 0.687109 0.225586 0.574219 0.451172 0.0153046
2 0.687109 0.225586 0.574219 0.451172 0.0148392
13 0.439063 0.551172 0.878125 0.897656 0.0104065
12 0.676562 0.599121 0.482812 0.473633 0.0100937
1 0.573047 0.510547 0.853906 0.874219 0.00948334
12 0.625781 0.460938 0.748438 0.921875 0.00926971
1 0.375391 0.536719 0.750781 0.926562 0.00621796
15 0.389453 0.424121 0.778906 0.72832 0.00605011
13 0.405371 0.456152 0.773633 0.75957 0.00577545
4 0.416797 0.454688 0.763281 0.71875 0.00455475
13 0.664844 0.441797 0.670313 0.883594 0.00453949
13 0.676562 0.599121 0.482812 0.473633 0.00450516
14 0.663281 0.298389 0.492188 0.25791 0.0041008
12 0.689844 0.435937 0.620313 0.871875 0.00408554
16 0.582812 0.311328 0.328125 0.199219 0.00385475
17 0.465527 0.498437 0.60957 0.68125 0.00376511
1 0.416797 0.454688 0.763281 0.71875 0.00356483
2 0.448828 0.571484 0.897656 0.857031 0.00329781
15 0.612402 0.497656 0.69707 0.83125 0.00317192
4 0.686719 0.221484 0.570312 0.442969 0.0029583
2 0.425 0.419141 0.85 0.838281 0.00293541
0 0.467969 0.429688 0.826563 0.803125 0.00263214
17 0.573047 0.510547 0.853906 0.874219 0.00255013
25 0.416797 0.454688 0.763281 0.71875 0.00254059
14 0.416797 0.454688 0.763281 0.71875 0.00243378
15 0.676562 0.599121 0.482812 0.473633 0.00243378
2 0.554688 0.526563 0.870313 0.940625 0.00223351
17 0.416406 0.553906 0.832812 0.892188 0.00221634
6 0.686719 0.221484 0.570312 0.442969 0.00214958
14 0.448828 0.571484 0.897656 0.857031 0.00214958
15 0.686719 0.221484 0.570312 0.442969 0.00203514
15 0.375391 0.536719 0.750781 0.926562 0.00189686
25 0.554688 0.526563 0.870313 0.940625 0.00182438
16 0.573438 0.345117 0.35 0.280859 0.00179577
13 0.744922 0.611719 0.324219 0.382812 0.00178242
14 0.554688 0.526563 0.870313 0.940625 0.00176811
11 0.687109 0.225586 0.574219 0.451172 0.00174141
2 0.430859 0.480469 0.66875 0.673438 0.00173378
12 0.744922 0.611719 0.324219 0.382812 0.00167465
12 0.594531 0.576172 0.667188 0.644531 0.0016613
6 0.448828 0.571484 0.897656 0.857031 0.00153065
18 0.583984 0.317188 0.328906 0.2125 0.00152493
11 0.467969 0.429688 0.826563 0.803125 0.0015192
4 0.554688 0.526563 0.870313 0.940625 0.00141621
12 0.35 0.40625 0.7 0.671875 0.00141048
11 0.448828 0.571484 0.897656 0.857031 0.00139904
14 0.583984 0.317188 0.328906 0.2125 0.00138855
7 0.583984 0.317188 0.328906 0.2125 0.00138283
12 0.328516 0.55 0.657031 0.9 0.00137806
15 0.445996 0.519141 0.751758 0.805469 0.00136185
22 0.416406 0.553906 0.832812 0.892188 0.00135612
17 0.389453 0.424121 0.778906 0.72832 0.00130463
14 0.35 0.40625 0.7 0.671875 0.00126457
7 0.663281 0.298389 0.492188 0.25791 0.0012207
0 0.430859 0.480469 0.66875 0.673438 0.00115108
11 0.529688 0.536719 0.842188 0.825 0.0011425
11 0.430859 0.480469 0.66875 0.673438 0.00112057
12 0.514844 0.511719 0.654688 0.732813 0.00106525
2 0.35 0.40625 0.7 0.671875 0.00105286
25 0.439063 0.551172 0.878125 0.897656 0.00104809
25 0.687109 0.225586 0.574219 0.451172 0.00103188
14 0.687891 0.219531 0.571094 0.439063 0.107788
12 0.693555 0.462109 0.612891 0.924219 0.0651245
2 0.700781 0.228125 0.598437 0.45625 0.0628052
12 0.624219 0.492969 0.751563 0.915625 0.029541
7 0.659375 0.307813 0.495313 0.224219 0.0145569
7 0.690234 0.254688 0.560156 0.348438 0.0140076
7 0.575 0.294141 0.330469 0.190625 0.0137405
13 0.7125 0.471094 0.575 0.895312 0.011467
13 0.624219 0.492969 0.751563 0.915625 0.0109863
12 0.603906 0.571094 0.792188 0.857813 0.00728989
13 0.603906 0.571094 0.792188 0.857813 0.00547028
1 0.610156 0.510938 0.779688 0.932813 0.00526047
12 0.719531 0.501953 0.560938 0.663281 0.00450516
7 0.701172 0.225781 0.597656 0.451562 0.00436401
13 0.719531 0.501953 0.560938 0.663281 0.00436401
18 0.659375 0.307813 0.495313 0.224219 0.00432968
12 0.77207 0.499121 0.455859 0.686133 0.00432968
6 0.575 0.294141 0.330469 0.190625 0.00403976
14 0.575 0.294141 0.330469 0.190625 0.00351143
15 0.600391 0.523828 0.799219 0.952344 0.00333786
13 0.887109 0.757812 0.225781 0.3625 0.00323486
1 0.693555 0.462109 0.612891 0.924219 0.00314713
13 0.77207 0.499121 0.455859 0.686133 0.00313568
2 0.575 0.294141 0.330469 0.190625 0.00269318
18 0.702344 0.254688 0.595313 0.389844 0.00245285
2 0.690234 0.254688 0.560156 0.348438 0.00230598
6 0.700781 0.228125 0.598437 0.45625 0.00228691
25 0.685547 0.223242 0.560156 0.446484 0.00205803
16 0.571094 0.300781 0.320312 0.19375 0.00192642
6 0.540625 0.28418 0.267188 0.157031 0.00189686
11 0.575098 0.473047 0.77168 0.630469 0.0018034
2 0.540625 0.28418 0.267188 0.157031 0.00176811
7 0.540625 0.28418 0.267188 0.157031 0.00163555
15 0.693555 0.462109 0.612891 0.924219 0.00161076
4 0.700781 0.228125 0.598437 0.45625 0.00157356
11 0.660937 0.200195 0.514063 0.400391 0.00151253
16 0.659375 0.307813 0.495313 0.224219 0.00149536
18 0.575 0.294141 0.330469 0.190625 0.00146675
2 0.610156 0.510938 0.779688 0.932813 0.0014267
12 0.346484 0.409375 0.658594 0.59375 0.00142097
4 0.575 0.294141 0.330469 0.190625 0.00132465
23 0.687891 0.219531 0.571094 0.439063 0.00131512
14 0.610156 0.510938 0.779688 0.932813 0.00131512
23 0.575 0.294141 0.330469 0.190625 0.00127411
17 0.575098 0.473047 0.77168 0.630469 0.0012207
23 0.540625 0.28418 0.267188 0.157031 0.00119686
1 0.77207 0.499121 0.455859 0.686133 0.0011692
2 0.575098 0.473047 0.77168 0.630469 0.00116539
24 0.659375 0.307813 0.495313 0.224219 0.00113392
11 0.775195 0.51875 0.449609 0.8 0.00112915
13 0.9125 0.792188 0.175 0.295312 0.00109005
12 0.439844 0.562109 0.879687 0.875781 0.00109005
12 0.347461 0.371484 0.694922 0.742969 0.00107288
6 0.834375 0.644922 0.33125 0.330469 0.00105667
11 0.825586 0.609375 0.348828 0.49375 0.00103188
11 0.560938 0.198437 0.315625 0.323828 0.00102806
6 0.690234 0.254688 0.560156 0.348438 0.00102043
14 0.687891 0.21543 0.544531 0.430859 0.0930176
2 0.695312 0.215234 0.545313 0.430469 0.0894775
4 0.697656 0.221094 0.570312 0.442188 0.0146179
0 0.700391 0.215039 0.560156 0.430078 0.0111618
11 0.69375 0.220508 0.551562 0.441016 0.00800323
1 0.687891 0.21543 0.544531 0.430859 0.00553513
6 0.69375 0.220508 0.551562 0.441016 0.00424957
9 0.695312 0.215234 0.545313 0.430469 0.00388527
25 0.695312 0.215234 0.545313 0.430469 0.0036068
23 0.695312 0.215234 0.545313 0.430469 0.00248146
17 0.695312 0.215234 0.545313 0.430469 0.00120163
11 0.479688 0.390625 0.90625 0.78125 0.00118828
2 0.687109 0.222656 0.569531 0.445312 0.136597
6 0.68125 0.218359 0.565625 0.436719 0.12085
11 0.687109 0.222656 0.569531 0.445312 0.0383301
7 0.683203 0.208008 0.557031 0.416016 0.0327148
14 0.675781 0.226758 0.557813 0.453516 0.016098
18 0.683203 0.208008 0.557031 0.416016 0.0133286
9 0.686328 0.213867 0.558594 0.427734 0.00963593
23 0.687109 0.222656 0.569531 0.445312 0.00874329
0 0.687109 0.222656 0.569531 0.445312 0.00854492
4 0.687109 0.222656 0.569531 0.445312 0.00734711
15 0.687109 0.222656 0.569531 0.445312 0.00588989
24 0.668359 0.222705 0.516406 0.376465 0.00544739
3 0.665625 0.212305 0.540625 0.424609 0.00355148
25 0.675781 0.226758 0.557813 0.453516 0.00293541
7 0.627344 0.225439 0.429688 0.349902 0.00273705
16 0.686328 0.213867 0.558594 0.427734 0.00223351
10 0.686328 0.213867 0.558594 0.427734 0.00191212
6 0.627344 0.225439 0.429688 0.349902 0.00183868
1 0.675781 0.226758 0.557813 0.453516 0.00133514
11 0.628516 0.193945 0.455469 0.387891 0.00118828
2 0.628516 0.193945 0.455469 0.387891 0.00112057
14 0.686719 0.229297 0.575 0.458594 0.115173
7 0.690234 0.287305 0.558594 0.333984 0.0726318
18 0.690234 0.287305 0.558594 0.333984 0.0516663
2 0.7 0.228125 0.59375 0.45625 0.0462036
4 0.7 0.228125 0.59375 0.45625 0.0124283
14 0.681641 0.29043 0.546094 0.326172 0.0106506
6 0.69375 0.22832 0.578125 0.456641 0.00978088
23 0.6875 0.242969 0.5625 0.434375 0.0050621
2 0.690234 0.287305 0.558594 0.333984 0.00500107
9 0.69375 0.22832 0.578125 0.456641 0.00365067
6 0.681641 0.29043 0.546094 0.326172 0.00346947
10 0.691406 0.254297 0.567187 0.408594 0.00313568
25 0.7 0.228125 0.59375 0.45625 0.00261116
4 0.681641 0.29043 0.546094 0.326172 0.00210762
11 0.686719 0.229297 0.575 0.458594 0.0018034
7 0.69375 0.22832 0.578125 0.456641 0.00161076
9 0.690234 0.287305 0.558594 0.333984 0.00138855
1 0.689063 0.227344 0.590625 0.454688 0.00125504
16 0.690234 0.287305 0.558594 0.333984 0.00104809
2 0.683594 0.213477 0.546875 0.426953 0.146118
14 0.682813 0.209375 0.545313 0.41875 0.0653687
7 0.679297 0.208789 0.538281 0.417578 0.0358276
0 0.680469 0.210156 0.54375 0.420312 0.0346069
6 0.676562 0.207422 0.54375 0.414844 0.0316772
4 0.680078 0.211328 0.542969 0.422656 0.0216522
15 0.676562 0.207422 0.54375 0.414844 0.0131226
11 0.676562 0.207422 0.54375 0.414844 0.00871277
7 0.657813 0.271484 0.4875 0.278125 0.00871277
1 0.683594 0.213477 0.546875 0.426953 0.00415039
25 0.683594 0.213477 0.546875 0.426953 0.00388527
22 0.451465 0.440723 0.420508 0.512305 0.00309944
18 0.672656 0.204492 0.529688 0.408984 0.00277901
23 0.682813 0.209375 0.545313 0.41875 0.00260162
9 0.683594 0.213477 0.546875 0.426953 0.00223351
24 0.672656 0.204492 0.529688 0.408984 0.00216484
11 0.451465 0.440723 0.420508 0.512305 0.00192642
6 0.626172 0.214648 0.441406 0.347266 0.00191212
11 0.464453 0.44834 0.680469 0.56582 0.0016613
7 0.626172 0.214648 0.441406 0.347266 0.00154877
3 0.676562 0.207422 0.54375 0.414844 0.00139904
17 0.683594 0.213477 0.546875 0.426953 0.00130463
2 0.678906 0.211328 0.525 0.422656 0.300781
14 0.679297 0.213867 0.533594 0.427734 0.169922
15 0.676562 0.216016 0.532813 0.432031 0.0505066
6 0.679688 0.215625 0.525 0.43125 0.0177155
23 0.679688 0.215625 0.525 0.43125 0.0153046
4 0.675781 0.21543 0.534375 0.430859 0.011734
0 0.675781 0.21543 0.534375 0.430859 0.00905609
25 0.678906 0.211328 0.525 0.422656 0.00591278
1 0.679297 0.213867 0.533594 0.427734 0.00479126
11 0.675781 0.21543 0.534375 0.430859 0.0046463
7 0.68125 0.205859 0.526563 0.411719 0.00436401
18 0.676562 0.216016 0.532813 0.432031 0.00342941
9 0.676562 0.216016 0.532813 0.432031 0.0030632
2 0.675 0.219922 0.546875 0.439844 0.680176
14 0.675 0.219727 0.540625 0.439453 0.317383
6 0.672656 0.219531 0.548438 0.439063 0.2323
7 0.676562 0.218359 0.5375 0.436719 0.062561
23 0.675 0.219922 0.546875 0.439844 0.0594177
25 0.675781 0.220117 0.5625 0.440234 0.0470886
11 0.672656 0.219531 0.548438 0.439063 0.0288696
10 0.672656 0.219531 0.548438 0.439063 0.0191193
0 0.672656 0.219531 0.548438 0.439063 0.0156021
16 0.665625 0.216406 0.5375 0.432813 0.0125275
18 0.672656 0.219531 0.548438 0.439063 0.00760651
7 0.671094 0.239844 0.509375 0.339844 0.0068779
4 0.674219 0.220117 0.548438 0.440234 0.00473785
9 0.672656 0.219531 0.548438 0.439063 0.00457382
1 0.665625 0.219922 0.579688 0.439844 0.00455475
3 0.672656 0.219531 0.548438 0.439063 0.00370789
15 0.672656 0.219531 0.548438 0.439063 0.00355148
17 0.665625 0.219922 0.579688 0.439844 0.00286674
6 0.671094 0.239844 0.509375 0.339844 0.00211525
24 0.675 0.211914 0.5375 0.423828 0.0017271
14 0.687109 0.226172 0.553906 0.452344 0.44165
2 0.687109 0.226172 0.553906 0.452344 0.161377
25 0.689453 0.225 0.564844 0.45 0.0162201
23 0.687109 0.226172 0.553906 0.452344 0.00841522
1 0.689453 0.225 0.564844 0.45 0.0069046
6 0.691406 0.225391 0.559375 0.450781 0.0028553
17 0.689844 0.221875 0.564063 0.44375 0.00281143
10 0.687109 0.226172 0.553906 0.452344 0.00173378
7 0.688672 0.223047 0.561719 0.446094 0.00138855
4 0.685938 0.224023 0.596875 0.448047 0.00124454
2 0.691406 0.219922 0.564063 0.439844 0.252441
6 0.678516 0.217969 0.549219 0.435937 0.0420837
0 0.691406 0.222266 0.585938 0.444531 0.0332031
14 0.691406 0.222266 0.585938 0.444531 0.0190582
11 0.678516 0.217969 0.549219 0.435937 0.0151901
15 0.678516 0.217969 0.549219 0.435937 0.0126266
25 0.691406 0.219922 0.564063 0.439844 0.01017
4 0.689063 0.220117 0.58125 0.440234 0.00894928
1 0.362109 0.417285 0.724219 0.77168 0.00728989
15 0.567969 0.569531 0.860938 0.860938 0.0055542
12 0.644043 0.480469 0.711914 0.854688 0.00547028
23 0.678516 0.217969 0.549219 0.435937 0.00530243
14 0.362109 0.417285 0.724219 0.77168 0.00466537
17 0.6875 0.218164 0.5625 0.436328 0.00413513
15 0.36543 0.428223 0.730859 0.679492 0.00411606
2 0.362109 0.417285 0.724219 0.77168 0.00400543
3 0.678516 0.217969 0.549219 0.435937 0.00388527
12 0.36543 0.428223 0.730859 0.679492 0.00300407
1 0.6875 0.218164 0.5625 0.436328 0.0026207
4 0.36543 0.428223 0.730859 0.679492 0.00247192
12 0.588281 0.565625 0.823438 0.86875 0.00194931
6 0.36543 0.428223 0.730859 0.679492 0.00178909
18 0.678516 0.217969 0.549219 0.435937 0.0017271
7 0.678516 0.214258 0.538281 0.428516 0.00163555
9 0.689063 0.220117 0.58125 0.440234 0.0015974
2 0.678906 0.214453 0.553125 0.428906 0.427246
6 0.676562 0.216797 0.55 0.433594 0.0766602
14 0.676562 0.216797 0.55 0.433594 0.0583496
25 0.680859 0.213672 0.550781 0.427344 0.0158386
11 0.676562 0.216797 0.55 0.433594 0.0158386
23 0.676562 0.216797 0.55 0.433594 0.0142822
0 0.685156 0.213281 0.567187 0.426563 0.00993347
17 0.680469 0.216797 0.553125 0.433594 0.00669098
7 0.676562 0.216797 0.55 0.433594 0.00328636
4 0.685156 0.213281 0.567187 0.426563 0.00283432
15 0.676562 0.216797 0.55 0.433594 0.00275803
3 0.676562 0.216797 0.55 0.433594 0.0024929
1 0.680469 0.216797 0.553125 0.433594 0.00239754
10 0.676562 0.216797 0.55 0.433594 0.00142097
19 0.680469 0.216797 0.553125 0.433594 0.00110722
2 0.678906 0.220313 0.557813 0.440625 0.762695
14 0.696094 0.220313 0.596875 0.440625 0.206909
25 0.678906 0.220313 0.557813 0.440625 0.0182648
6 0.692969 0.225195 0.59375 0.450391 0.0140076
11 0.420996 0.464844 0.66582 0.577344 0.011116
23 0.692969 0.225195 0.59375 0.450391 0.00720596
4 0.671875 0.219727 0.575 0.439453 0.00508118
1 0.679688 0.219531 0.55625 0.439063 0.0046463
0 0.671875 0.219727 0.575 0.439453 0.00365067
11 0.671875 0.219727 0.575 0.439453 0.00230598
7 0.692969 0.225195 0.59375 0.450391 0.00221634
15 0.679688 0.220313 0.560938 0.440625 0.0020504
17 0.679688 0.219531 0.55625 0.439063 0.00185299
0 0.400098 0.458594 0.643555 0.557031 0.00165462
9 0.671875 0.219727 0.575 0.439453 0.00156116
2 0.692969 0.219336 0.567187 0.438672 0.414795
14 0.692969 0.219336 0.567187 0.438672 0.23584
6 0.684766 0.231445 0.561719 0.412109 0.0736694
11 0.684766 0.231445 0.561719 0.412109 0.0127258
25 0.686719 0.21875 0.567187 0.4375 0.00619125
4 0.684766 0.231445 0.561719 0.412109 0.00494385
23 0.692969 0.219336 0.567187 0.438672 0.00492477
1 0.692969 0.219336 0.567187 0.438672 0.00328636
9 0.684766 0.231445 0.561719 0.412109 0.00263214
7 0.690234 0.243164 0.553906 0.380859 0.00223351
0 0.690234 0.243164 0.553906 0.380859 0.00140476
2 0.692187 0.222266 0.55625 0.444531 0.107788
15 0.691016 0.21875 0.560156 0.4375 0.0430298
14 0.694531 0.218945 0.55 0.437891 0.016983
6 0.691406 0.217969 0.557813 0.435937 0.0105286
23 0.691016 0.21875 0.560156 0.4375 0.00763702
4 0.692187 0.222266 0.55625 0.444531 0.00602722
25 0.691016 0.21875 0.560156 0.4375 0.00568771
0 0.691016 0.220898 0.563281 0.441797 0.00245285
12 0.671875 0.217188 0.529688 0.434375 0.00232315
11 0.691406 0.217969 0.557813 0.435937 0.00214958
9 0.692187 0.222266 0.55625 0.444531 0.00164223
4 0.692969 0.761719 0.228125 0.165625 0.00108624
4 0.674219 0.214062 0.520312 0.428125 0.218628
0 0.674219 0.214844 0.529688 0.429688 0.0997925
15 0.672266 0.217188 0.530469 0.434375 0.0440063
14 0.675391 0.215039 0.528906 0.430078 0.0433655
23 0.674219 0.214062 0.520312 0.428125 0.0333252
12 0.642578 0.472656 0.714844 0.945312 0.0168457
6 0.675391 0.215039 0.528906 0.430078 0.0112915
25 0.674219 0.214062 0.520312 0.428125 0.00841522
15 0.558984 0.544531 0.869531 0.910937 0.00605011
9 0.674219 0.214844 0.529688 0.429688 0.00559998
11 0.675391 0.215039 0.528906 0.430078 0.00498199
0 0.409766 0.459375 0.632812 0.617188 0.00327301
2 0.678125 0.215234 0.521875 0.430469 0.00288963
5 0.675391 0.215039 0.528906 0.430078 0.00269318
12 0.558984 0.544531 0.869531 0.910937 0.00228691
11 0.341016 0.501953 0.682031 0.955469 0.00214958
2 0.313477 0.506641 0.626953 0.961719 0.0019722
1 0.675391 0.215039 0.528906 0.430078 0.00188923
8 0.678125 0.215625 0.51875 0.43125 0.00188255
17 0.678125 0.215625 0.51875 0.43125 0.00175476
4 0.409766 0.459375 0.632812 0.617188 0.00156689
1 0.313477 0.506641 0.626953 0.961719 0.00156116
10 0.674219 0.214062 0.520312 0.428125 0.0011158
12 0.409766 0.459375 0.632812 0.617188 0.00101662
14 0.689453 0.214453 0.566406 0.428906 0.00658798
2 0.675781 0.211133 0.548438 0.422266 0.0049057
23 0.689453 0.214453 0.566406 0.428906 0.00116539
2 0.688672 0.219141 0.577344 0.438281 0.274414
14 0.685547 0.220117 0.571094 0.440234 0.0700684
6 0.684375 0.213281 0.5625 0.426563 0.0673218
4 0.676172 0.218359 0.591406 0.436719 0.0406799
23 0.688672 0.219141 0.577344 0.438281 0.0185394
0 0.676172 0.218359 0.591406 0.436719 0.0166626
11 0.685547 0.220117 0.571094 0.440234 0.012146
25 0.685156 0.217578 0.571875 0.435156 0.00919342
15 0.677344 0.219922 0.589063 0.438281 0.00734711
7 0.684375 0.213281 0.5625 0.426563 0.00679779
17 0.676562 0.217969 0.548438 0.435937 0.00189686
1 0.679688 0.221484 0.557813 0.442969 0.00161648
9 0.676172 0.218359 0.591406 0.436719 0.00150108
10 0.682031 0.213672 0.559375 0.424219 0.00138855
2 0.686719 0.219141 0.565625 0.438281 0.169434
6 0.683203 0.214453 0.546094 0.428906 0.0897827
14 0.691406 0.215234 0.559375 0.430469 0.0460205
4 0.691406 0.215234 0.559375 0.430469 0.0156708
23 0.683203 0.214453 0.546094 0.428906 0.0149002
7 0.689063 0.243555 0.545313 0.358984 0.0148392
18 0.683203 0.214453 0.546094 0.428906 0.00542831
15 0.683203 0.214453 0.546094 0.428906 0.00376511
11 0.691406 0.215234 0.559375 0.430469 0.00370789
25 0.686719 0.219141 0.565625 0.438281 0.00363541
11 0.301563 0.436035 0.603125 0.724805 0.00338936
1 0.686719 0.219141 0.565625 0.438281 0.00250244
9 0.691406 0.215234 0.559375 0.430469 0.00234985
17 0.686719 0.219141 0.565625 0.438281 0.00113773
0 0.677734 0.221484 0.589844 0.442969 0.00112438
2 0.297656 0.5125 0.595313 0.954688 0.00109863
10 0.683203 0.214453 0.546094 0.428906 0.00107288
2 0.700391 0.225781 0.588281 0.45 0.631836
14 0.697656 0.240039 0.579688 0.405859 0.0372009
6 0.698047 0.242578 0.575781 0.391406 0.0277405
7 0.701172 0.234375 0.586719 0.404687 0.00963593
9 0.698047 0.242578 0.575781 0.391406 0.00547028
25 0.7 0.222266 0.584375 0.444531 0.0042305
23 0.7 0.222266 0.584375 0.444531 0.00402451
16 0.692187 0.204688 0.542188 0.409375 0.00294685
4 0.7 0.222266 0.584375 0.444531 0.00181007
16 0.65 0.115625 0.43125 0.23125 0.00163555
0 0.698828 0.224609 0.586719 0.449219 0.00152493
11 0.697656 0.240039 0.579688 0.405859 0.00146103
18 0.698047 0.242578 0.575781 0.391406 0.00121593
1 0.700391 0.225781 0.588281 0.45 0.00112915
2 0.6875 0.222266 0.55 0.444531 0.360352
14 0.684375 0.223828 0.559375 0.447656 0.268066
4 0.6875 0.224219 0.5625 0.448438 0.0577087
6 0.684375 0.219922 0.540625 0.439844 0.0472412
0 0.6875 0.224219 0.5625 0.448438 0.0145569
1 0.685938 0.221289 0.548438 0.442578 0.014389
25 0.6875 0.222266 0.55 0.444531 0.00945282
23 0.686719 0.225391 0.55625 0.450781 0.00837708
15 0.689063 0.219141 0.55 0.438281 0.00831604
11 0.684375 0.219922 0.540625 0.439844 0.00638962
9 0.684375 0.219922 0.540625 0.439844 0.00314713
2 0.653906 0.149609 0.460938 0.299219 0.0015974
23 0.653906 0.149609 0.460938 0.299219 0.00156116
2 0.698828 0.229687 0.583594 0.459375 0.660156
6 0.694141 0.241846 0.560156 0.387402 0.165039
14 0.702344 0.218945 0.590625 0.437891 0.0538025
6 0.696094 0.288086 0.564063 0.272266 0.0297089
23 0.694141 0.241846 0.560156 0.387402 0.0191193
11 0.702344 0.218945 0.590625 0.437891 0.0104904
4 0.694141 0.241846 0.560156 0.387402 0.00955963
7 0.702734 0.241992 0.578906 0.389453 0.00871277
7 0.696094 0.288086 0.564063 0.272266 0.00844574
9 0.694141 0.241846 0.560156 0.387402 0.00787354
0 0.702344 0.218945 0.590625 0.437891 0.00544739
25 0.698828 0.229687 0.583594 0.459375 0.00475693
9 0.696094 0.288086 0.564063 0.272266 0.00429916
18 0.694141 0.241846 0.560156 0.387402 0.00302696
18 0.696094 0.288086 0.564063 0.272266 0.00282288
10 0.694141 0.241846 0.560156 0.387402 0.00188923
24 0.70625 0.279102 0.5875 0.291797 0.00116062
2 0.685547 0.221289 0.546094 0.442578 0.414795
14 0.686328 0.222266 0.552344 0.444531 0.259766
6 0.684375 0.222656 0.554688 0.445312 0.0370483
11 0.684375 0.222656 0.554688 0.445312 0.0104065
4 0.690234 0.222656 0.564844 0.445312 0.0104065
23 0.690625 0.221484 0.553125 0.442969 0.00919342
25 0.691406 0.222656 0.5625 0.445312 0.00653839
1 0.684375 0.222266 0.546875 0.444531 0.00432968
9 0.690234 0.222656 0.564844 0.445312 0.00397491
12 0.159668 0.28457 0.319336 0.540234 0.0017004
7 0.684375 0.222656 0.554688 0.445312 0.00150108
2 0.679688 0.217969 0.55 0.435937 0.219971
14 0.679688 0.217969 0.55 0.435937 0.184204
4 0.684375 0.216016 0.564063 0.432031 0.107056
6 0.678125 0.213477 0.546875 0.426953 0.0963745
23 0.679688 0.217969 0.55 0.435937 0.0129242
11 0.682031 0.215234 0.559375 0.430469 0.00971222
9 0.678125 0.213477 0.546875 0.426953 0.00669098
15 0.684375 0.216016 0.564063 0.432031 0.00638962
1 0.682031 0.215234 0.559375 0.430469 0.0039444
0 0.682813 0.221484 0.565625 0.442969 0.0037365
25 0.686328 0.220703 0.558594 0.441406 0.0014267
14 0.68125 0.211328 0.546875 0.422656 0.501953
2 0.685156 0.216406 0.551562 0.432813 0.312256
4 0.679297 0.211523 0.550781 0.423047 0.0131683
1 0.683203 0.211523 0.549219 0.423047 0.00743103
23 0.680859 0.209766 0.535156 0.419531 0.00740433
14 0.317578 0.576563 0.635156 0.846875 0.0069313
6 0.679688 0.2125 0.554688 0.425 0.00619125
25 0.683984 0.210742 0.544531 0.421484 0.005867
6 0.317578 0.576563 0.635156 0.846875 0.00438309
9 0.679297 0.211523 0.550781 0.423047 0.00261116
1 0.304688 0.557813 0.609375 0.884375 0.00248146
2 0.304688 0.557813 0.609375 0.884375 0.00216484
0 0.679297 0.211523 0.550781 0.423047 0.00156116
7 0.678906 0.216016 0.553125 0.432031 0.00137234
11 0.317578 0.576563 0.635156 0.846875 0.00134563
11 0.301172 0.467969 0.602344 0.660937 0.00134087
6 0.301172 0.467969 0.602344 0.660937 0.0012064
14 0.685156 0.216797 0.554688 0.433594 0.377441
2 0.685156 0.216797 0.554688 0.433594 0.0290833
6 0.301563 0.544922 0.603125 0.910156 0.0115051
23 0.685156 0.216797 0.554688 0.433594 0.011467
6 0.686328 0.21875 0.553906 0.421875 0.0103302
1 0.296875 0.505469 0.59375 0.976562 0.00481033
17 0.299609 0.480859 0.599219 0.961719 0.00432968
14 0.305859 0.505469 0.611719 0.970313 0.00416565
4 0.683984 0.216797 0.560156 0.433594 0.00380898
15 0.280469 0.444531 0.560938 0.889063 0.00177479
25 0.683984 0.216797 0.560156 0.433594 0.0016489
2 0.299609 0.480859 0.599219 0.961719 0.00162888
7 0.686328 0.21875 0.553906 0.421875 0.0012207
1 0.680469 0.217578 0.551562 0.435156 0.00119686
12 0.2625 0.45 0.525 0.9 0.0011425
14 0.676172 0.2125 0.549219 0.425 0.269043
2 0.676562 0.215234 0.545313 0.430469 0.119202
1 0.290234 0.529688 0.580469 0.940625 0.0280151
6 0.677734 0.208203 0.544531 0.416406 0.0206909
23 0.676172 0.2125 0.549219 0.425 0.00636292
4 0.674219 0.217188 0.564063 0.434375 0.00605011
25 0.676562 0.215234 0.545313 0.430469 0.0039444
9 0.674219 0.217188 0.564063 0.434375 0.00234222
14 0.290625 0.528906 0.58125 0.942187 0.00173378
2 0.290625 0.528906 0.58125 0.942187 0.00134087
1 0.674219 0.210742 0.545313 0.421484 0.00118828
6 0.290625 0.528906 0.58125 0.942187 0.00116539
2 0.683594 0.213867 0.557813 0.427734 0.411133
14 0.68125 0.212695 0.54375 0.425391 0.126343
6 0.679688 0.208789 0.5375 0.417578 0.0151901
0 0.676953 0.212695 0.561719 0.425391 0.00428009
23 0.68125 0.212695 0.54375 0.425391 0.00400543
25 0.683594 0.213867 0.557813 0.427734 0.00284576
4 0.676953 0.212695 0.561719 0.425391 0.00260162
1 0.682813 0.213672 0.55625 0.427344 0.00232315
17 0.299219 0.512109 0.598437 0.953906 0.0015974
6 0.30918 0.50625 0.618359 0.95625 0.00155449
1 0.299219 0.512109 0.598437 0.953906 0.00105667
2 0.683984 0.214453 0.569531 0.428906 0.681641
14 0.678125 0.214453 0.565625 0.428906 0.0718384
6 0.678125 0.214453 0.565625 0.428906 0.0064888
7 0.682813 0.214062 0.578125 0.428125 0.00503922
23 0.678125 0.214453 0.565625 0.428906 0.00455475
1 0.325781 0.537891 0.651563 0.924219 0.00288963
25 0.683984 0.214453 0.569531 0.428906 0.00271416
17 0.680859 0.213672 0.564844 0.427344 0.00221634
7 0.672656 0.242188 0.546875 0.328906 0.00174809
11 0.678125 0.214453 0.565625 0.428906 0.00159168
0 0.678125 0.214453 0.565625 0.428906 0.00156689
17 0.321484 0.513672 0.642969 0.972656 0.00152493
15 0.476172 0.526172 0.897656 0.947656 0.00133038
2 0.321484 0.513672 0.642969 0.972656 0.00123024
10 0.678125 0.214453 0.565625 0.428906 0.00121593
2 0.680469 0.208984 0.573438 0.417969 0.67334
14 0.683203 0.214453 0.577344 0.428906 0.0866089
6 0.679297 0.214062 0.575781 0.428125 0.0188293
23 0.677344 0.214453 0.579688 0.428906 0.00559998
25 0.682813 0.209766 0.584375 0.419531 0.00219917
17 0.679688 0.212891 0.575 0.425781 0.0020752
7 0.676953 0.210156 0.582031 0.420312 0.00150108
4 0.676953 0.210156 0.582031 0.420312 0.00141048
9 0.677344 0.214453 0.579688 0.428906 0.00137806
1 0.683203 0.214453 0.577344 0.428906 0.00113773
2 0.683984 0.212109 0.546094 0.424219 0.526367
14 0.682031 0.210742 0.545313 0.421484 0.14563
23 0.683984 0.208984 0.555469 0.417969 0.00997162
1 0.249609 0.539453 0.499219 0.921094 0.00743103
6 0.683984 0.208984 0.555469 0.417969 0.00600433
25 0.683984 0.212109 0.546094 0.424219 0.00324821
7 0.680859 0.210938 0.560156 0.421875 0.00223351
4 0.683984 0.210547 0.550781 0.415625 0.00220871
15 0.683984 0.208984 0.555469 0.417969 0.00209045
16 0.558594 0.435547 0.764063 0.628125 0.00102425
2 0.677344 0.207422 0.535937 0.414844 0.64502
14 0.678906 0.207422 0.53125 0.414844 0.0859985
6 0.679297 0.211377 0.533594 0.397559 0.0344849
23 0.678906 0.207422 0.53125 0.414844 0.0121918
4 0.679297 0.211377 0.533594 0.397559 0.00701141
25 0.677344 0.207422 0.535937 0.414844 0.00524139
6 0.30332 0.497656 0.606641 0.935938 0.00443268
17 0.298242 0.494531 0.596484 0.970313 0.00325966
15 0.678125 0.204688 0.532813 0.407813 0.00284576
0 0.677734 0.206641 0.539844 0.413281 0.0026207
1 0.298242 0.494531 0.596484 0.970313 0.00229645
7 0.679297 0.205859 0.535156 0.411719 0.00148964
9 0.679297 0.211377 0.533594 0.397559 0.00142097
17 0.677734 0.206641 0.539844 0.413281 0.00105667
2 0.678125 0.207422 0.535937 0.414844 0.0651245
1 0.293359 0.533203 0.586719 0.933594 0.0314941
14 0.678125 0.20625 0.534375 0.4125 0.0236969
23 0.678125 0.20625 0.534375 0.4125 0.00834656
6 0.678125 0.20625 0.534375 0.4125 0.00701141
25 0.680859 0.207422 0.536719 0.414844 0.00348282
6 0.299219 0.535156 0.598437 0.929688 0.00332451
14 0.299219 0.535156 0.598437 0.929688 0.00284576
15 0.678125 0.20625 0.534375 0.4125 0.00273705
2 0.293359 0.533203 0.586719 0.933594 0.0018177
4 0.678125 0.20625 0.534375 0.4125 0.00123024
17 0.293359 0.533203 0.586719 0.933594 0.00115585
2 0.688281 0.213477 0.55 0.426953 0.646973
6 0.686719 0.216211 0.54375 0.414453 0.0472412
14 0.680469 0.211719 0.540625 0.423438 0.0417786
4 0.685938 0.213672 0.559375 0.427344 0.0170441
23 0.685938 0.213672 0.559375 0.427344 0.00971222
15 0.69375 0.217188 0.540625 0.414062 0.00536346
9 0.685938 0.213672 0.559375 0.427344 0.00526047
6 0.312109 0.535156 0.624219 0.929688 0.00290108
11 0.69375 0.217188 0.540625 0.414062 0.00287819
0 0.685938 0.213672 0.559375 0.427344 0.00257111
25 0.688281 0.213477 0.55 0.426953 0.00172043
7 0.680469 0.220117 0.535937 0.394141 0.00157356
17 0.690625 0.213672 0.55 0.427344 0.00151253
14 0.312109 0.535156 0.624219 0.929688 0.00139904
11 0.312109 0.535156 0.624219 0.929688 0.00123024
2 0.688281 0.220313 0.551562 0.440625 0.473633
1 0.307422 0.557422 0.614844 0.885156 0.0806274
14 0.321484 0.554688 0.642969 0.890625 0.0668335
14 0.687891 0.214844 0.561719 0.429688 0.0522461
6 0.321484 0.554688 0.642969 0.890625 0.00411606
2 0.321484 0.554688 0.642969 0.890625 0.00382423
6 0.692187 0.221484 0.570312 0.442969 0.00309944
23 0.689063 0.217383 0.571875 0.434766 0.00144386
1 0.688281 0.217578 0.553125 0.435156 0.00133038
17 0.688281 0.220313 0.551562 0.440625 0.00108147
25 0.689063 0.21875 0.571875 0.4375 0.00107765
7 0.692187 0.221484 0.570312 0.442969 0.00104046
11 0.321484 0.554688 0.642969 0.890625 0.00102425
2 0.696094 0.209766 0.546875 0.419531 0.250977
14 0.685156 0.211523 0.526563 0.423047 0.0994873
6 0.685156 0.211523 0.526563 0.423047 0.00963593
23 0.693359 0.211719 0.546094 0.417188 0.00837708
4 0.696094 0.209766 0.546875 0.419531 0.00572968
16 0.35332 0.440625 0.706641 0.584375 0.00413513
25 0.696094 0.209766 0.546875 0.419531 0.00324821
15 0.694922 0.210547 0.541406 0.416406 0.00302696
0 0.696094 0.209766 0.546875 0.419531 0.00286674
16 0.415625 0.448047 0.554688 0.521875 0.00225258
1 0.692578 0.213281 0.549219 0.426563 0.00153065
7 0.696094 0.212695 0.542188 0.421484 0.00126457
17 0.696094 0.209766 0.546875 0.419531 0.0011692
11 0.692578 0.213281 0.549219 0.426563 0.00110722
2 0.678516 0.211133 0.552344 0.422266 0.313965
14 0.683594 0.214648 0.553125 0.429297 0.228149
1 0.292578 0.544141 0.585156 0.911719 0.00466537
6 0.299219 0.544141 0.598437 0.911719 0.00436401
2 0.299219 0.544141 0.598437 0.911719 0.00293541
25 0.678516 0.211133 0.552344 0.422266 0.00225258
4 0.678516 0.209961 0.558594 0.419922 0.00219917
14 0.299219 0.544141 0.598437 0.911719 0.00191879
23 0.680859 0.214258 0.560156 0.428516 0.00187492
1 0.679688 0.215625 0.55625 0.43125 0.0017271
2 0.685156 0.214844 0.560938 0.429688 0.662598
14 0.687109 0.213672 0.555469 0.427344 0.135742
6 0.684766 0.217578 0.552344 0.422656 0.00912476
2 0.377734 0.428516 0.755469 0.724219 0.00723267
12 0.366016 0.425781 0.732031 0.73125 0.00559998
23 0.682813 0.214453 0.565625 0.427344 0.00457382
1 0.377734 0.428516 0.755469 0.724219 0.00448608
9 0.684375 0.214844 0.567187 0.429688 0.00387001
25 0.689063 0.215625 0.55625 0.43125 0.00237846
4 0.684375 0.214844 0.567187 0.429688 0.00201035
16 0.365039 0.389844 0.730078 0.732813 0.00133038
2 0.689063 0.215234 0.553125 0.430469 0.516602
14 0.685547 0.2125 0.541406 0.425 0.0910645
4 0.689844 0.212891 0.557813 0.425781 0.00457382
23 0.685547 0.2125 0.541406 0.425 0.00441742
25 0.688672 0.2125 0.547656 0.425 0.00279999
6 0.6875 0.211328 0.539062 0.422656 0.00186729
2 0.686719 0.214453 0.551562 0.428906 0.762695
14 0.686328 0.214258 0.542969 0.428516 0.196167
6 0.6875 0.214453 0.542188 0.426563 0.0190125
23 0.6875 0.214453 0.542188 0.426563 0.00413513
2 0.726953 0.857031 0.419531 0.284375 0.00356483
25 0.6875 0.211523 0.55625 0.423047 0.00323486
2 0.487109 0.860156 0.447656 0.279687 0.0024147
2 0.349609 0.714844 0.404687 0.26875 0.00223351
2 0.632422 0.861914 0.439844 0.276172 0.00154877
2 0.307813 0.723437 0.421875 0.321875 0.00153065
4 0.6875 0.214453 0.542188 0.426563 0.00127411
1 0.688281 0.213281 0.545313 0.426563 0.00116539
14 0.313477 0.526563 0.626953 0.946875 0.00106907
2 0.407031 0.336133 0.373437 0.461328 0.00103188
2 0.686719 0.210547 0.535937 0.421094 0.398926
14 0.687109 0.207422 0.530469 0.414844 0.216675
4 0.687109 0.207422 0.530469 0.414844 0.0232391
6 0.684375 0.208789 0.539062 0.417578 0.0088501
0 0.687109 0.207422 0.530469 0.414844 0.00331116
25 0.687109 0.207422 0.530469 0.414844 0.00216484
23 0.686719 0.210547 0.535937 0.421094 0.00179577
11 0.684375 0.208789 0.539062 0.417578 0.0012598
2 0.691406 0.216016 0.55625 0.432031 0.266602
14 0.691406 0.216016 0.55625 0.432031 0.0866089
6 0.688672 0.218359 0.544531 0.427344 0.00844574
25 0.6875 0.215625 0.54375 0.43125 0.00359344
23 0.691406 0.216016 0.55625 0.432031 0.00251198
2 0.351367 0.711328 0.417578 0.277344 0.0018177
7 0.689063 0.215234 0.54375 0.427344 0.00181007
1 0.688281 0.216211 0.548438 0.432422 0.00167465
4 0.689844 0.215234 0.557813 0.430469 0.00150108
2 0.732031 0.852539 0.435937 0.294922 0.00137806
2 0.260938 0.539062 0.521875 0.921875 0.0012064
1 0.260938 0.539062 0.521875 0.921875 0.00115108
15 0.688672 0.218359 0.544531 0.427344 0.0011425
2 0.690625 0.218164 0.55 0.436328 0.315674
14 0.686719 0.217188 0.548438 0.434375 0.168823
6 0.690625 0.219922 0.54375 0.433594 0.02034
4 0.689844 0.223047 0.560938 0.446094 0.0184784
23 0.690625 0.216992 0.554688 0.433984 0.00609589
25 0.686719 0.217188 0.548438 0.434375 0.00335121
9 0.689844 0.223047 0.560938 0.446094 0.00316048
2 0.730469 0.852344 0.439063 0.295312 0.00248146
11 0.690625 0.219922 0.54375 0.433594 0.00161648
2 0.330273 0.708203 0.432422 0.280469 0.00103188
2 0.691406 0.210156 0.539062 0.420312 0.757812
14 0.690625 0.208203 0.528125 0.416406 0.153076
25 0.690625 0.213672 0.542188 0.427344 0.0046463
23 0.690625 0.213672 0.542188 0.427344 0.00247192
6 0.691406 0.209766 0.529688 0.417188 0.00234222
4 0.690625 0.213672 0.542188 0.427344 0.00168705
2 0.7375 0.854688 0.453125 0.290625 0.00101662
2 0.689453 0.218359 0.546094 0.436719 0.435059
14 0.691797 0.213281 0.541406 0.426563 0.133911
6 0.687891 0.216992 0.544531 0.433984 0.0146179
4 0.691797 0.213281 0.541406 0.426563 0.0102463
25 0.691797 0.213281 0.541406 0.426563 0.00468063
23 0.691797 0.213281 0.541406 0.426563 0.00446701
1 0.687891 0.216992 0.544531 0.433984 0.00419998
11 0.687891 0.216992 0.544531 0.433984 0.00228691
15 0.687891 0.216211 0.547656 0.432422 0.00154305
2 0.71875 0.856836 0.46875 0.286328 0.00148964
0 0.691797 0.213281 0.541406 0.426563 0.0011158
2 0.697266 0.208984 0.536719 0.417188 0.315674
14 0.697266 0.208984 0.536719 0.417188 0.0516663
4 0.697266 0.208984 0.536719 0.417188 0.0441895
6 0.692969 0.219141 0.534375 0.4125 0.0250397
0 0.694531 0.209375 0.546875 0.41875 0.0118256
23 0.697266 0.208984 0.536719 0.417188 0.00679779
25 0.692969 0.210156 0.532813 0.417969 0.00341606
15 0.696094 0.218164 0.542188 0.412891 0.00324821
11 0.692969 0.214844 0.535937 0.425781 0.00234222
1 0.694531 0.215039 0.542188 0.422266 0.00130463
9 0.697266 0.208984 0.536719 0.417188 0.00122547
2 0.688672 0.210547 0.535156 0.421094 0.663574
14 0.686719 0.209766 0.529688 0.416406 0.0794678
6 0.690234 0.214062 0.528906 0.419531 0.00653839
25 0.688281 0.212891 0.529688 0.425781 0.00385475
14 0.308594 0.535156 0.617188 0.929688 0.00363541
2 0.729297 0.856836 0.435156 0.286328 0.00186062
23 0.688672 0.210547 0.535156 0.421094 0.00153065
4 0.687891 0.211719 0.533594 0.423438 0.00148392
9 0.687891 0.211719 0.533594 0.423438 0.00134087
1 0.689063 0.211523 0.532813 0.423047 0.00128937
2 0.308594 0.535156 0.617188 0.929688 0.00113773
2 0.691016 0.210156 0.532031 0.415625 0.769043
14 0.694922 0.208203 0.525781 0.405469 0.0726318
6 0.692187 0.211133 0.528125 0.398828 0.0102463
25 0.692969 0.210547 0.529688 0.417188 0.00413513
23 0.691016 0.210156 0.532031 0.415625 0.00327301
14 0.292969 0.536719 0.585938 0.926562 0.00271416
4 0.691016 0.210156 0.532031 0.415625 0.00199509
0 0.689063 0.209766 0.535937 0.415625 0.00162315
6 0.292969 0.536719 0.585938 0.926562 0.00154305
1 0.694922 0.208203 0.525781 0.405469 0.00128937
2 0.729688 0.855664 0.4375 0.288672 0.00125504
2 0.689844 0.214062 0.545313 0.428125 0.398926
14 0.689844 0.214062 0.545313 0.428125 0.111267
25 0.691016 0.214258 0.542969 0.428516 0.00937653
4 0.689844 0.214062 0.545313 0.428125 0.0069046
23 0.689844 0.214062 0.545313 0.428125 0.00322342
2 0.725 0.855469 0.439063 0.289062 0.0026722
0 0.689063 0.214062 0.545313 0.428125 0.00191879
1 0.692187 0.214844 0.545313 0.429688 0.00142097
2 0.692578 0.211719 0.533594 0.423438 0.0678101
14 0.692578 0.211719 0.533594 0.423438 0.0241394
6 0.688281 0.212109 0.548438 0.424219 0.00723267
23 0.692187 0.211719 0.5375 0.423438 0.00477219
4 0.688281 0.212109 0.548438 0.424219 0.00450516
17 0.688281 0.212109 0.548438 0.424219 0.00243378
25 0.692578 0.211719 0.533594 0.423438 0.00226974
2 0.420312 0.357031 0.378125 0.464063 0.00223351
2 0.691797 0.218359 0.544531 0.436719 0.161377
14 0.691797 0.218359 0.544531 0.436719 0.0386047
23 0.687891 0.218164 0.549219 0.436328 0.00568771
6 0.685938 0.220117 0.559375 0.440234 0.00446701
4 0.685938 0.220117 0.559375 0.440234 0.00362206
25 0.691797 0.218359 0.544531 0.436719 0.00242424
17 0.685938 0.220117 0.559375 0.440234 0.00182438
1 0.691797 0.218359 0.544531 0.436719 0.00137234
2 0.688281 0.220898 0.559375 0.441797 0.0520325
14 0.688281 0.220898 0.559375 0.441797 0.0298767
4 0.688672 0.223438 0.572656 0.446875 0.0149536
23 0.688281 0.220898 0.559375 0.441797 0.00751877
17 0.687891 0.224219 0.564844 0.448438 0.00728989
6 0.688672 0.223438 0.572656 0.446875 0.00695801
0 0.688672 0.223438 0.572656 0.446875 0.00457382
25 0.6875 0.221875 0.554688 0.44375 0.00342941
11 0.688672 0.223438 0.572656 0.446875 0.0012064
15 0.689453 0.220703 0.546094 0.434375 0.00101662
2 0.689063 0.226562 0.571875 0.453125 0.107422
14 0.689063 0.226562 0.571875 0.453125 0.0634766
4 0.689844 0.227539 0.582812 0.455078 0.026413
6 0.689063 0.226367 0.560938 0.452734 0.00426483
0 0.689453 0.223047 0.561719 0.446094 0.0029583
23 0.689844 0.227539 0.582812 0.455078 0.00277901
25 0.689844 0.227539 0.582812 0.455078 0.00251198
1 0.689063 0.226367 0.560938 0.452734 0.00161076
17 0.689844 0.227539 0.582812 0.455078 0.00122547
2 0.689063 0.217188 0.567187 0.434375 0.0643921
14 0.689063 0.219141 0.554688 0.438281 0.0583496
4 0.689063 0.217188 0.567187 0.434375 0.0170441
25 0.691016 0.220703 0.558594 0.441406 0.0045929
23 0.689063 0.217188 0.567187 0.434375 0.00370789
6 0.690234 0.217578 0.557031 0.435156 0.00202751
0 0.689063 0.217188 0.567187 0.434375 0.00174141
2 0.276953 0.51416 0.472656 0.301367 0.00117397
2 0.689063 0.212891 0.553125 0.425781 0.0939941
14 0.685938 0.21582 0.551562 0.431641 0.0742188
25 0.685938 0.21582 0.551562 0.431641 0.00479126
4 0.689063 0.212891 0.553125 0.425781 0.00279999
23 0.685938 0.21582 0.551562 0.431641 0.00175476
0 0.689063 0.212891 0.553125 0.425781 0.00104046
2 0.683203 0.21875 0.558594 0.4375 0.0446777
14 0.685156 0.220313 0.55625 0.440625 0.0366211
0 0.68125 0.216797 0.560938 0.433594 0.00674438
17 0.68125 0.216797 0.560938 0.433594 0.00521851
4 0.68125 0.216797 0.560938 0.433594 0.00518036
25 0.685156 0.220313 0.55625 0.440625 0.00400543
6 0.685156 0.220313 0.55625 0.440625 0.00298119
23 0.683203 0.21875 0.558594 0.4375 0.00277901
11 0.68125 0.216797 0.560938 0.433594 0.00108147
2 0.685156 0.216602 0.554688 0.430859 0.230957
14 0.682813 0.217383 0.546875 0.425391 0.064209
4 0.68125 0.212891 0.560938 0.425781 0.00518036
23 0.683594 0.215625 0.557813 0.43125 0.0037365
6 0.68125 0.212891 0.560938 0.425781 0.00309944
25 0.685156 0.216602 0.554688 0.430859 0.00282288
1 0.685156 0.216602 0.554688 0.430859 0.00170708
17 0.68125 0.212891 0.560938 0.425781 0.00102425
2 0.6875 0.214258 0.548438 0.424609 0.256836
14 0.6875 0.214258 0.548438 0.424609 0.0616455
6 0.685938 0.210742 0.554688 0.421484 0.00370789
23 0.688281 0.213281 0.551562 0.425 0.00235939
4 0.685938 0.210742 0.554688 0.421484 0.00192642
25 0.6875 0.214258 0.548438 0.424609 0.00179577
2 0.6875 0.214844 0.55 0.420312 0.548828
14 0.684375 0.214648 0.55625 0.419922 0.0844727
6 0.688672 0.218945 0.544531 0.415234 0.0205994
4 0.682031 0.211328 0.559375 0.422656 0.00775528
23 0.682031 0.211328 0.559375 0.422656 0.00255013
1 0.6875 0.213672 0.540625 0.411719 0.00118351
25 0.6875 0.213672 0.540625 0.411719 0.00112438
11 0.688672 0.218945 0.544531 0.415234 0.00108624
2 0.688281 0.218164 0.55625 0.433984 0.705566
14 0.688281 0.218164 0.55625 0.433984 0.111267
6 0.690234 0.220313 0.549219 0.43125 0.0130234
4 0.686328 0.217969 0.561719 0.435937 0.0120544
23 0.686328 0.217969 0.561719 0.435937 0.00524139
9 0.686328 0.217969 0.561719 0.435937 0.00150681
25 0.689844 0.219727 0.554688 0.430859 0.00144386
2 0.687109 0.215039 0.558594 0.426953 0.625977
14 0.687109 0.215039 0.558594 0.426953 0.0750122
6 0.685156 0.212109 0.560938 0.424219 0.00510025
23 0.687109 0.215039 0.558594 0.426953 0.00291252
4 0.685156 0.212109 0.560938 0.424219 0.00242424
2 0.687891 0.217578 0.558594 0.425781 0.799316
14 0.687891 0.217578 0.558594 0.425781 0.0758667
6 0.689453 0.220703 0.550781 0.421094 0.014061
4 0.687109 0.216016 0.560156 0.430469 0.00302696
23 0.687109 0.216016 0.560156 0.430469 0.00296974
25 0.688281 0.217383 0.553125 0.421484 0.00144386
1 0.688281 0.217383 0.553125 0.421484 0.00105286
2 0.688281 0.215625 0.551562 0.423438 0.677246
14 0.688281 0.215625 0.551562 0.423438 0.0609741
6 0.688281 0.21875 0.545313 0.417188 0.0280151
4 0.685938 0.2125 0.553125 0.425 0.00671768
23 0.685938 0.2125 0.553125 0.425 0.00319672
25 0.685547 0.21582 0.542969 0.416797 0.00138855
15 0.689063 0.218359 0.548438 0.416406 0.00130463
9 0.685938 0.2125 0.553125 0.425 0.00106525
11 0.688281 0.21875 0.545313 0.417188 0.00106525
2 0.689844 0.218359 0.55 0.424219 0.437744
14 0.689453 0.218359 0.544531 0.425781 0.0786133
6 0.691406 0.221875 0.542188 0.419531 0.00408554
4 0.687109 0.213672 0.550781 0.425 0.00271416
25 0.689453 0.218359 0.544531 0.425781 0.00162315
23 0.689844 0.218359 0.55 0.424219 0.00120163
1 0.689453 0.218359 0.544531 0.425781 0.00118351
2 0.688672 0.217969 0.553906 0.425781 0.539062
14 0.688672 0.217969 0.553906 0.425781 0.0594177
6 0.689453 0.221289 0.549219 0.418359 0.00579834
4 0.685938 0.214062 0.559375 0.426563 0.00385475
23 0.685938 0.214062 0.559375 0.426563 0.00176811
25 0.688672 0.217969 0.553906 0.425781 0.00145531
9 0.685938 0.214062 0.559375 0.426563 0.00104809
2 0.688672 0.217773 0.552344 0.420703 0.622559
14 0.689844 0.217773 0.548438 0.421484 0.0417786
6 0.690625 0.221484 0.545313 0.413281 0.00898743
4 0.687891 0.214062 0.555469 0.426563 0.00298119
23 0.687891 0.214062 0.555469 0.426563 0.00163555
9 0.687891 0.214062 0.555469 0.426563 0.00138283
25 0.689844 0.217773 0.548438 0.421484 0.00106525
2 0.689063 0.216602 0.55 0.419922 0.556641
14 0.687891 0.216992 0.542969 0.415234 0.0448608
6 0.689844 0.221094 0.545313 0.41875 0.0164032
4 0.687891 0.212891 0.552344 0.422656 0.0068512
23 0.689063 0.216602 0.55 0.419922 0.00230598
9 0.687891 0.212891 0.552344 0.422656 0.00209999
25 0.687891 0.216992 0.542969 0.415234 0.00131512
2 0.6875 0.216992 0.55 0.422266 0.445557
14 0.687109 0.216406 0.544531 0.415625 0.0379028
6 0.688281 0.221484 0.546875 0.417969 0.00905609
4 0.684766 0.214453 0.561719 0.424219 0.00305176
23 0.686328 0.216797 0.558594 0.422656 0.00181007
25 0.687109 0.216406 0.544531 0.415625 0.00125504
2 0.687891 0.218359 0.552344 0.422656 0.567871
14 0.687891 0.218359 0.552344 0.422656 0.033844
6 0.689453 0.22207 0.547656 0.414453 0.0102463
4 0.685156 0.214453 0.564063 0.424219 0.00419998
9 0.685156 0.214453 0.564063 0.424219 0.00215721
23 0.687109 0.218164 0.560156 0.423828 0.00158501
2 0.6875 0.216797 0.546875 0.422656 0.413086
14 0.686328 0.21543 0.541406 0.413672 0.0390625
6 0.689453 0.219141 0.542969 0.4125 0.0123367
4 0.684375 0.213867 0.557813 0.424609 0.00292397
23 0.687109 0.216602 0.553906 0.421484 0.0017004
9 0.684375 0.213867 0.557813 0.424609 0.00138855
25 0.6875 0.216797 0.546875 0.422656 0.00104809
2 0.6875 0.218359 0.551562 0.425781 0.481445
14 0.6875 0.216992 0.545313 0.417578 0.041626
6 0.689063 0.221484 0.546875 0.414844 0.0100937
4 0.684375 0.215234 0.5625 0.428906 0.00200272
23 0.689063 0.221484 0.546875 0.414844 0.0015974
9 0.684375 0.215234 0.5625 0.428906 0.00134087
25 0.6875 0.216992 0.545313 0.417578 0.00108147
2 0.687109 0.218164 0.550781 0.424609 0.47168
14 0.686328 0.217188 0.544531 0.417188 0.0343628
6 0.685938 0.214062 0.557813 0.425 0.00568771
4 0.685938 0.214062 0.557813 0.425 0.0030632
9 0.685938 0.214062 0.557813 0.425 0.00185299
23 0.686719 0.217578 0.55625 0.422656 0.00153065
25 0.687109 0.218164 0.550781 0.424609 0.00135612
2 0.6875 0.219141 0.551562 0.424219 0.550781
14 0.688281 0.218359 0.548438 0.416406 0.0374756
6 0.688672 0.223047 0.547656 0.414844 0.00941467
4 0.686328 0.21582 0.561719 0.426172 0.0039444
9 0.686328 0.21582 0.561719 0.426172 0.0029583
23 0.686719 0.218555 0.557813 0.422266 0.0016613
25 0.688281 0.218359 0.548438 0.416406 0.0011158
2 0.686719 0.216016 0.548438 0.417969 0.503906
14 0.686719 0.215234 0.542188 0.410156 0.0383301
6 0.685547 0.2125 0.560156 0.41875 0.0109482
4 0.685547 0.2125 0.560156 0.41875 0.00521851
9 0.685547 0.2125 0.560156 0.41875 0.00228691
23 0.686328 0.21582 0.555469 0.416797 0.00214958
25 0.686719 0.216016 0.548438 0.417969 0.00112915
2 0.6875 0.21543 0.545313 0.417578 0.376709
14 0.686719 0.214648 0.539062 0.410547 0.0354004
6 0.684375 0.2125 0.55625 0.41875 0.00993347
4 0.684375 0.2125 0.55625 0.41875 0.00486755
9 0.684375 0.2125 0.55625 0.41875 0.00336266
23 0.686328 0.214844 0.552344 0.415625 0.00214005
25 0.686719 0.214648 0.539062 0.410547 0.00102425
2 0.687109 0.216406 0.549219 0.420312 0.504883
14 0.686328 0.216016 0.542969 0.413281 0.0375977
6 0.685156 0.212891 0.557813 0.421094 0.00888062
4 0.685156 0.212891 0.557813 0.421094 0.00436401
9 0.685156 0.212891 0.557813 0.421094 0.00348282
23 0.686328 0.215234 0.555469 0.41875 0.00206757
25 0.686328 0.216016 0.542969 0.413281 0.00116062
2 0.6875 0.217578 0.55 0.422656 0.558105
14 0.686719 0.217188 0.54375 0.415625 0.0413208
6 0.686328 0.213672 0.558594 0.423438 0.00948334
4 0.686328 0.213672 0.558594 0.423438 0.00527954
9 0.686328 0.213672 0.558594 0.423438 0.00385475
23 0.687109 0.216797 0.555469 0.420312 0.00191212
25 0.686719 0.217188 0.54375 0.415625 0.00131512
2 0.687891 0.217969 0.549219 0.421875 0.512695
14 0.6875 0.216992 0.54375 0.414453 0.0359497
6 0.686719 0.213672 0.557813 0.422656 0.008255
4 0.686719 0.213672 0.557813 0.422656 0.00416565
9 0.686719 0.213672 0.557813 0.422656 0.00340271
23 0.6875 0.216992 0.554688 0.419922 0.00157928
25 0.687891 0.217969 0.549219 0.421875 0.00130463
2 0.687891 0.217773 0.550781 0.422266 0.554688
14 0.687891 0.217383 0.546094 0.415234 0.0408325
6 0.686719 0.214062 0.559375 0.423438 0.008255
4 0.686719 0.214062 0.559375 0.423438 0.00400543
9 0.686719 0.214062 0.559375 0.423438 0.00318527
23 0.6875 0.216992 0.55625 0.420703 0.00163555
25 0.687891 0.217383 0.546094 0.415234 0.00129414
2 0.6875 0.216992 0.55 0.420703 0.488281
14 0.686719 0.216406 0.54375 0.414062 0.041626
6 0.685938 0.212891 0.559375 0.421094 0.0085144
4 0.685938 0.212891 0.559375 0.421094 0.00457382
9 0.685938 0.212891 0.559375 0.421094 0.00300407
23 0.687109 0.216016 0.555469 0.41875 0.00174141
25 0.686719 0.216406 0.54375 0.414062 0.00124454
2 0.6875 0.216797 0.55 0.421094 0.545898
14 0.686719 0.216406 0.54375 0.414062 0.0420837
6 0.685938 0.2125 0.559375 0.421094 0.00974274
4 0.685938 0.2125 0.559375 0.421094 0.00564194
9 0.685938 0.2125 0.559375 0.421094 0.00314713
23 0.686719 0.216016 0.55625 0.419531 0.00192642
25 0.686719 0.216406 0.54375 0.414062 0.00129986
2 0.686719 0.216406 0.55 0.419531 0.499023
14 0.686719 0.215625 0.54375 0.4125 0.0393372
6 0.685547 0.211719 0.558594 0.419531 0.00941467
4 0.685547 0.211719 0.558594 0.419531 0.00502014
9 0.685547 0.211719 0.558594 0.419531 0.00309944
23 0.686328 0.215234 0.555469 0.417969 0.00176144
25 0.686719 0.215625 0.54375 0.4125 0.0012846
2 0.687109 0.216797 0.550781 0.421094 0.50293
14 0.687109 0.216211 0.544531 0.413672 0.0383301
6 0.685547 0.212305 0.560156 0.420703 0.00948334
4 0.685547 0.212305 0.560156 0.420703 0.00477219
9 0.685547 0.212305 0.560156 0.420703 0.00291252
23 0.686719 0.21582 0.55625 0.419141 0.00176811
25 0.687109 0.216797 0.550781 0.421094 0.00128937
2 0.6875 0.216797 0.55 0.421094 0.501953
14 0.686719 0.216211 0.54375 0.412891 0.0402527
6 0.685938 0.2125 0.559375 0.420312 0.00905609
4 0.685938 0.2125 0.559375 0.420312 0.00403976
9 0.685938 0.2125 0.559375 0.420312 0.00270462
23 0.686719 0.21582 0.55625 0.419141 0.0017271
25 0.6875 0.216797 0.55 0.421094 0.00123024
2 0.6875 0.217188 0.55 0.421875 0.516602
14 0.687109 0.216602 0.544531 0.414453 0.0419312
6 0.685938 0.212891 0.559375 0.421875 0.00867462
4 0.685938 0.212891 0.559375 0.421875 0.00407028
9 0.685938 0.212891 0.559375 0.421875 0.00276756
23 0.686719 0.216406 0.55625 0.420312 0.00167465
25 0.687109 0.216602 0.544531 0.414453 0.00126934
2 0.6875 0.216992 0.55 0.420703 0.490234
14 0.686719 0.216406 0.54375 0.414062 0.041626
6 0.685547 0.212891 0.558594 0.421094 0.00844574
4 0.685547 0.212891 0.558594 0.421094 0.00455475
9 0.685547 0.212891 0.558594 0.421094 0.00300407
23 0.686719 0.216016 0.554688 0.41875 0.00174141
25 0.686719 0.216406 0.54375 0.414062 0.00124454
