14 0.577734 0.506641 0.361719 0.283594 0.0184021
19 0.585938 0.471094 0.3 0.282813 0.01297
5 0.525 0.501563 0.4875 0.283594 0.0126266
3 0.577734 0.506641 0.361719 0.283594 0.0104065
11 0.519629 0.500684 0.476367 0.279883 0.00997162
11 0.590625 0.508594 0.346875 0.2875 0.00638962
11 0.604297 0.496973 0.652344 0.30918 0.00582123
10 0.519629 0.500684 0.476367 0.279883 0.00553513
7 0.604297 0.496973 0.652344 0.30918 0.00407028
20 0.519629 0.500684 0.476367 0.279883 0.00370789
7 0.526563 0.506934 0.470313 0.287695 0.00362206
4 0.525 0.501563 0.4875 0.283594 0.00362206
20 0.590625 0.508594 0.346875 0.2875 0.00358009
23 0.519629 0.500684 0.476367 0.279883 0.00340271
9 0.536035 0.494531 0.451367 0.311719 0.00333786
0 0.519629 0.500684 0.476367 0.279883 0.00260162
2 0.604297 0.496973 0.652344 0.30918 0.00255013
11 0.614941 0.442871 0.676367 0.44082 0.00254059
14 0.604297 0.496973 0.652344 0.30918 0.0024929
11 0.565625 0.45625 0.405469 0.363281 0.00245285
2 0.526563 0.506934 0.470313 0.287695 0.00225258
18 0.526563 0.506934 0.470313 0.287695 0.00205803
0 0.590625 0.508594 0.346875 0.2875 0.0020504
5 0.604297 0.496973 0.652344 0.30918 0.00179577
8 0.590625 0.508594 0.346875 0.2875 0.0017004
4 0.590625 0.508594 0.346875 0.2875 0.00167465
5 0.597559 0.479297 0.673633 0.449219 0.00156689
0 0.604297 0.496973 0.652344 0.30918 0.0014782
3 0.604297 0.496973 0.652344 0.30918 0.0014267
2 0.614941 0.442871 0.676367 0.44082 0.00129414
3 0.584766 0.43125 0.371094 0.4375 0.00129414
0 0.614941 0.442871 0.676367 0.44082 0.00127411
24 0.525 0.501563 0.4875 0.283594 0.00126457
17 0.577734 0.506641 0.361719 0.283594 0.00125504
11 0.6 0.351172 0.41875 0.613281 0.00124931
7 0.614941 0.442871 0.676367 0.44082 0.00121593
11 0.60625 0.408203 0.69375 0.816406 0.00110722
10 0.590625 0.508594 0.346875 0.2875 0.00109005
25 0.590625 0.508594 0.346875 0.2875 0.00109005
19 0.525 0.501563 0.4875 0.283594 0.00104809
17 0.457813 0.350586 0.835938 0.701172 0.586914
17 0.389844 0.400391 0.779688 0.800781 0.492188
17 0.352148 0.582812 0.704297 0.834375 0.482422
17 0.594531 0.321875 0.810938 0.64375 0.462891
22 0.457813 0.350586 0.835938 0.701172 0.458984
22 0.389844 0.400391 0.779688 0.800781 0.373779
17 0.3125 0.421094 0.625 0.842188 0.360352
14 0.515625 0.509375 0.55625 0.835938 0.355713
11 0.515625 0.509375 0.55625 0.835938 0.341553
17 0.330469 0.701172 0.629687 0.597656 0.339844
17 0.530078 0.5375 0.471094 0.370313 0.338135
22 0.594531 0.321875 0.810938 0.64375 0.325928
22 0.352148 0.582812 0.704297 0.834375 0.293457
17 0.452734 0.4375 0.716406 0.875 0.256104
20 0.53125 0.577441 0.466406 0.448242 0.253906
17 0.499609 0.499219 0.550781 0.69375 0.233765
22 0.3125 0.421094 0.625 0.842188 0.222046
17 0.352148 0.594531 0.578516 0.657813 0.222046
20 0.515625 0.509375 0.55625 0.835938 0.214722
11 0.53125 0.577441 0.466406 0.448242 0.204956
17 0.383984 0.658984 0.767969 0.682031 0.19812
14 0.530078 0.5375 0.471094 0.370313 0.193115
22 0.330469 0.701172 0.629687 0.597656 0.187134
17 0.366602 0.323438 0.733203 0.646875 0.165039
3 0.499609 0.499219 0.550781 0.69375 0.15564
22 0.452734 0.4375 0.716406 0.875 0.155029
22 0.553516 0.534375 0.424219 0.365625 0.153564
20 0.414062 0.376172 0.828125 0.752344 0.153076
17 0.562109 0.417578 0.875781 0.835156 0.146606
17 0.351953 0.484375 0.703906 0.948438 0.125488
22 0.417578 0.707031 0.507031 0.585938 0.125488
22 0.383984 0.658984 0.767969 0.682031 0.125122
3 0.530078 0.5375 0.471094 0.370313 0.122131
20 0.341406 0.423438 0.682813 0.846875 0.11438
20 0.50625 0.323438 0.825 0.646875 0.113953
22 0.562109 0.417578 0.875781 0.835156 0.112793
5 0.538281 0.559375 0.607813 0.85 0.112793
22 0.366602 0.323438 0.733203 0.646875 0.11084
14 0.452734 0.4375 0.716406 0.875 0.108215
17 0.417578 0.707031 0.507031 0.585938 0.105591
13 0.488281 0.458594 0.685938 0.892188 0.104858
20 0.548438 0.508496 0.426563 0.320508 0.103027
13 0.499609 0.499219 0.550781 0.69375 0.101562
22 0.352148 0.594531 0.578516 0.657813 0.0991211
17 0.617188 0.380078 0.765625 0.760156 0.0974121
17 0.620215 0.287109 0.66582 0.574219 0.0957031
22 0.351953 0.484375 0.703906 0.948438 0.0917358
22 0.575 0.439063 0.417188 0.645312 0.088501
20 0.452734 0.4375 0.716406 0.875 0.085083
20 0.346094 0.606641 0.692187 0.786719 0.0844727
14 0.4125 0.350781 0.825 0.701563 0.0836182
22 0.499609 0.499219 0.550781 0.69375 0.0827026
16 0.515625 0.509375 0.55625 0.835938 0.0827026
24 0.538281 0.559375 0.607813 0.85 0.0827026
17 0.502734 0.267188 0.802344 0.534375 0.0750122
24 0.527344 0.523535 0.486719 0.670117 0.0720825
22 0.617188 0.380078 0.765625 0.760156 0.0715942
17 0.314453 0.628516 0.628906 0.742969 0.0713501
16 0.53125 0.577441 0.466406 0.448242 0.0637207
20 0.564844 0.378516 0.860938 0.757031 0.0609741
14 0.3125 0.421094 0.625 0.842188 0.0609741
22 0.620215 0.287109 0.66582 0.574219 0.0605164
25 0.530078 0.5375 0.471094 0.370313 0.0605164
14 0.551562 0.322656 0.81875 0.645312 0.0594177
20 0.330469 0.701172 0.629687 0.597656 0.0592041
22 0.473438 0.650781 0.740625 0.698438 0.0585632
17 0.583203 0.50459 0.389844 0.320508 0.058136
17 0.291406 0.553906 0.582812 0.892188 0.0552063
16 0.548438 0.508496 0.426563 0.320508 0.0545959
1 0.457813 0.350586 0.835938 0.701172 0.0526123
3 0.457813 0.350586 0.835938 0.701172 0.0510864
3 0.488281 0.458594 0.685938 0.892188 0.0509033
17 0.575 0.439063 0.417188 0.645312 0.0497742
20 0.417578 0.707031 0.507031 0.585938 0.0490417
1 0.389844 0.400391 0.779688 0.800781 0.0472412
9 0.527344 0.523535 0.486719 0.670117 0.0465393
22 0.529297 0.611328 0.702344 0.777344 0.0462036
17 0.431641 0.510938 0.863281 0.971875 0.0458679
11 0.548438 0.508496 0.426563 0.320508 0.0453491
14 0.477344 0.533594 0.46875 0.623438 0.0453491
14 0.516309 0.441309 0.506445 0.626758 0.0448608
1 0.314453 0.446875 0.628906 0.89375 0.0440063
14 0.34707 0.575781 0.694141 0.848437 0.0433655
20 0.529297 0.611328 0.702344 0.777344 0.0430298
5 0.527344 0.523535 0.486719 0.670117 0.042572
22 0.314453 0.628516 0.628906 0.742969 0.0422363
1 0.417285 0.463281 0.776367 0.926562 0.0420837
25 0.499609 0.499219 0.550781 0.69375 0.0402527
0 0.530078 0.5375 0.471094 0.370313 0.0402527
20 0.366602 0.323438 0.733203 0.646875 0.0399475
1 0.593359 0.350391 0.813281 0.700781 0.0391846
22 0.431641 0.510938 0.863281 0.971875 0.0383301
1 0.34707 0.575781 0.694141 0.848437 0.0380249
3 0.352148 0.582812 0.704297 0.834375 0.0379028
3 0.389844 0.400391 0.779688 0.800781 0.0377502
13 0.530078 0.5375 0.471094 0.370313 0.0375977
22 0.502734 0.267188 0.802344 0.534375 0.0370483
22 0.622266 0.460938 0.682031 0.921875 0.0367737
17 0.473438 0.650781 0.740625 0.698438 0.0363464
3 0.594531 0.321875 0.810938 0.64375 0.0360718
17 0.619531 0.270313 0.55625 0.540625 0.0358276
20 0.364063 0.551562 0.728125 0.896875 0.0350037
9 0.538281 0.559375 0.607813 0.85 0.0339661
22 0.291406 0.553906 0.582812 0.892188 0.0334778
22 0.5875 0.49375 0.382812 0.327344 0.0327148
17 0.452734 0.685156 0.850781 0.629687 0.0319824
20 0.352148 0.594531 0.578516 0.657813 0.0314941
8 0.352148 0.582812 0.704297 0.834375 0.0313721
3 0.330469 0.701172 0.629687 0.597656 0.0311432
14 0.352148 0.594531 0.578516 0.657813 0.0307922
14 0.330469 0.701172 0.629687 0.597656 0.0306702
20 0.477344 0.533594 0.46875 0.623438 0.0304413
3 0.345117 0.45 0.690234 0.9 0.0297546
11 0.452734 0.4375 0.716406 0.875 0.0292053
22 0.619531 0.270313 0.55625 0.540625 0.0289764
17 0.622266 0.460938 0.682031 0.921875 0.0288696
1 0.475781 0.410547 0.589063 0.821094 0.0284882
22 0.452734 0.685156 0.850781 0.629687 0.0274811
17 0.529297 0.611328 0.702344 0.777344 0.0273743
22 0.520215 0.690039 0.58457 0.619922 0.0270691
20 0.367578 0.678125 0.735156 0.64375 0.0269623
1 0.330469 0.701172 0.629687 0.597656 0.0265503
1 0.361719 0.653906 0.723437 0.692187 0.0265045
8 0.499609 0.499219 0.550781 0.69375 0.0262604
14 0.378906 0.458203 0.757812 0.916406 0.026062
20 0.266992 0.448438 0.533984 0.896875 0.0257568
14 0.342187 0.65332 0.684375 0.693359 0.0256653
1 0.366602 0.323438 0.733203 0.646875 0.0252228
10 0.53125 0.577441 0.466406 0.448242 0.0249939
3 0.417578 0.707031 0.507031 0.585938 0.024231
8 0.488281 0.458594 0.685938 0.892188 0.0241394
13 0.314453 0.446875 0.628906 0.89375 0.0236053
20 0.308398 0.553125 0.616797 0.89375 0.0235138
17 0.7125 0.412891 0.575 0.825781 0.0233307
2 0.53125 0.577441 0.466406 0.448242 0.0232391
13 0.414062 0.376172 0.828125 0.752344 0.0231476
8 0.53125 0.577441 0.466406 0.448242 0.0230713
17 0.520215 0.690039 0.58457 0.619922 0.0227966
10 0.515625 0.509375 0.55625 0.835938 0.021698
17 0.685938 0.349219 0.60625 0.698438 0.0216217
22 0.685938 0.349219 0.60625 0.698438 0.0213623
20 0.639941 0.316992 0.720117 0.633984 0.021286
20 0.516309 0.441309 0.506445 0.626758 0.0212097
2 0.515625 0.509375 0.55625 0.835938 0.0210419
14 0.417578 0.707031 0.507031 0.585938 0.0207214
22 0.632031 0.45 0.735938 0.9 0.0205688
2 0.548438 0.508496 0.426563 0.320508 0.0205688
3 0.352148 0.594531 0.578516 0.657813 0.0205688
13 0.557422 0.350391 0.838281 0.700781 0.0199432
14 0.591797 0.379492 0.816406 0.758984 0.0197144
0 0.499609 0.499219 0.550781 0.69375 0.019455
8 0.330469 0.701172 0.629687 0.597656 0.0193481
24 0.542188 0.479297 0.439063 0.347656 0.0192719
8 0.414062 0.376172 0.828125 0.752344 0.0188293
23 0.53125 0.577441 0.466406 0.448242 0.0185394
13 0.335547 0.576953 0.671094 0.846094 0.0182648
8 0.548438 0.508496 0.426563 0.320508 0.0177155
14 0.344336 0.322656 0.688672 0.645312 0.0175781
5 0.488281 0.458594 0.685938 0.892188 0.0172424
11 0.54834 0.613281 0.636133 0.773438 0.016983
8 0.557422 0.350391 0.838281 0.700781 0.0167847
14 0.529297 0.611328 0.702344 0.777344 0.0162201
3 0.284961 0.419531 0.569922 0.839063 0.0157776
23 0.515625 0.509375 0.55625 0.835938 0.0157776
3 0.583203 0.50459 0.389844 0.320508 0.0156708
22 0.735547 0.40625 0.528906 0.8125 0.0155411
3 0.366602 0.323438 0.733203 0.646875 0.0153656
1 0.291406 0.553906 0.582812 0.892188 0.0152512
18 0.515625 0.509375 0.55625 0.835938 0.0151291
3 0.529297 0.611328 0.702344 0.777344 0.014061
17 0.251563 0.45 0.503125 0.9 0.0138474
14 0.452344 0.266797 0.801562 0.533594 0.0134277
11 0.526465 0.613281 0.49707 0.659375 0.0133286
1 0.401953 0.705078 0.803906 0.589844 0.0133286
3 0.361719 0.653906 0.723437 0.692187 0.0132217
1 0.516309 0.441309 0.506445 0.626758 0.0131226
9 0.542188 0.479297 0.439063 0.347656 0.0131226
13 0.364453 0.631641 0.728906 0.736719 0.0130692
20 0.473438 0.650781 0.740625 0.698438 0.0130692
11 0.357812 0.676562 0.715625 0.646875 0.0130234
8 0.370703 0.426953 0.741406 0.853906 0.012825
14 0.291406 0.553906 0.582812 0.892188 0.0127258
3 0.575 0.439063 0.417188 0.645312 0.0126724
13 0.347266 0.677539 0.694531 0.644922 0.0126266
13 0.400879 0.510156 0.687305 0.895312 0.0123825
13 0.417578 0.707031 0.507031 0.585938 0.0122375
13 0.330469 0.701172 0.629687 0.597656 0.012146
17 0.354688 0.703125 0.709375 0.59375 0.012146
11 0.414062 0.376172 0.828125 0.752344 0.0119629
5 0.53125 0.577441 0.466406 0.448242 0.0118256
1 0.643359 0.308594 0.630469 0.617188 0.0117798
3 0.562109 0.417578 0.875781 0.835156 0.0116882
1 0.302734 0.678906 0.605469 0.642188 0.0115967
17 0.300195 0.346484 0.600391 0.692969 0.0115051
13 0.366602 0.323438 0.733203 0.646875 0.0113754
20 0.526465 0.613281 0.49707 0.659375 0.0112915
1 0.530078 0.5375 0.471094 0.370313 0.0112457
24 0.53125 0.577441 0.466406 0.448242 0.0112457
1 0.255664 0.483984 0.511328 0.944531 0.0112
16 0.475781 0.410547 0.589063 0.821094 0.0111618
14 0.583203 0.50459 0.389844 0.320508 0.0110703
1 0.520215 0.690039 0.58457 0.619922 0.0110321
1 0.352148 0.594531 0.578516 0.657813 0.0109482
20 0.292578 0.628125 0.585156 0.74375 0.0109482
1 0.299219 0.373828 0.598437 0.747656 0.0109024
1 0.417578 0.707031 0.507031 0.585938 0.0109024
22 0.354688 0.703125 0.709375 0.59375 0.0106506
3 0.643359 0.308594 0.630469 0.617188 0.0105667
13 0.431641 0.510938 0.863281 0.971875 0.0105667
1 0.641406 0.379688 0.717188 0.759375 0.0104904
13 0.617188 0.380078 0.765625 0.760156 0.0103302
0 0.364063 0.551562 0.728125 0.896875 0.0103302
0 0.330469 0.701172 0.629687 0.597656 0.01017
22 0.519629 0.663672 0.504492 0.672656 0.01017
22 0.663281 0.670703 0.673438 0.658594 0.01017
11 0.557422 0.350391 0.838281 0.700781 0.0100937
5 0.542188 0.479297 0.439063 0.347656 0.0100937
1 0.691406 0.421875 0.617188 0.84375 0.00993347
18 0.53125 0.577441 0.466406 0.448242 0.00985718
3 0.617188 0.380078 0.765625 0.760156 0.00978088
11 0.345117 0.45 0.690234 0.9 0.00971222
16 0.432422 0.489063 0.752344 0.9375 0.00971222
17 0.477344 0.739453 0.670313 0.521094 0.00971222
10 0.330469 0.701172 0.629687 0.597656 0.00959778
14 0.386328 0.682813 0.772656 0.634375 0.00930023
22 0.255664 0.483984 0.511328 0.944531 0.00926971
1 0.609766 0.455078 0.780469 0.910156 0.00923157
13 0.457813 0.295703 0.815625 0.591406 0.00919342
1 0.479688 0.672656 0.8125 0.654688 0.00912476
0 0.352148 0.594531 0.578516 0.657813 0.00908661
3 0.308398 0.553125 0.616797 0.89375 0.00905609
17 0.57959 0.720313 0.60957 0.559375 0.00901794
22 0.714063 0.48125 0.571875 0.925 0.00898743
10 0.352148 0.582812 0.704297 0.834375 0.00891876
17 0.664062 0.648047 0.671875 0.703906 0.00891876
13 0.529297 0.611328 0.702344 0.777344 0.0088501
14 0.665234 0.351367 0.669531 0.702734 0.00881195
14 0.620215 0.287109 0.66582 0.574219 0.00878143
11 0.516309 0.441309 0.506445 0.626758 0.00871277
9 0.53125 0.577441 0.466406 0.448242 0.0086441
25 0.529297 0.611328 0.702344 0.777344 0.0086441
17 0.519629 0.663672 0.504492 0.672656 0.0085144
22 0.589063 0.714844 0.746875 0.570312 0.00847626
22 0.300195 0.346484 0.600391 0.692969 0.00844574
8 0.288672 0.446094 0.577344 0.892188 0.00831604
17 0.733594 0.478906 0.532813 0.895312 0.00831604
17 0.691211 0.486719 0.617578 0.935938 0.008255
11 0.34707 0.575781 0.694141 0.848437 0.00815582
10 0.352148 0.594531 0.578516 0.657813 0.00812531
11 0.417578 0.707031 0.507031 0.585938 0.00812531
0 0.583203 0.50459 0.389844 0.320508 0.00809479
17 0.588281 0.708789 0.823438 0.582422 0.00796509
8 0.352148 0.594531 0.578516 0.657813 0.00775528
4 0.538281 0.559375 0.607813 0.85 0.00769424
20 0.615234 0.422266 0.769531 0.844531 0.00763702
10 0.452734 0.4375 0.716406 0.875 0.00760651
1 0.589063 0.714844 0.746875 0.570312 0.00740433
13 0.352148 0.594531 0.578516 0.657813 0.00734711
13 0.417188 0.70625 0.834375 0.5875 0.00725937
3 0.400879 0.510156 0.687305 0.895312 0.00723267
3 0.502734 0.267188 0.802344 0.534375 0.00706482
13 0.277148 0.530078 0.554297 0.939844 0.00701141
22 0.477344 0.739453 0.670313 0.521094 0.0069313
1 0.452344 0.266797 0.801562 0.533594 0.0069046
0 0.575 0.439063 0.417188 0.645312 0.0069046
13 0.292578 0.628125 0.585156 0.74375 0.00682449
13 0.583203 0.50459 0.389844 0.320508 0.00679779
25 0.364063 0.551562 0.728125 0.896875 0.00671768
20 0.299219 0.373828 0.598437 0.747656 0.00669098
1 0.732422 0.430859 0.535156 0.861719 0.00669098
14 0.609766 0.455078 0.780469 0.910156 0.00658798
14 0.251563 0.45 0.503125 0.9 0.0064888
13 0.640625 0.485156 0.71875 0.932813 0.0064888
23 0.548438 0.508496 0.426563 0.320508 0.0064621
1 0.477344 0.533594 0.46875 0.623438 0.00643921
11 0.477344 0.533594 0.46875 0.623438 0.00643921
17 0.427441 0.227539 0.751367 0.455078 0.00638962
8 0.366602 0.323438 0.733203 0.646875 0.00636292
25 0.542188 0.479297 0.439063 0.347656 0.00634003
20 0.405469 0.266211 0.801562 0.532422 0.00631332
10 0.50625 0.323438 0.825 0.646875 0.00629044
3 0.431641 0.510938 0.863281 0.971875 0.00619125
25 0.488281 0.458594 0.685938 0.892188 0.00619125
8 0.367578 0.678125 0.735156 0.64375 0.00619125
14 0.526465 0.613281 0.49707 0.659375 0.00614548
14 0.473438 0.650781 0.740625 0.698438 0.00614548
13 0.575 0.439063 0.417188 0.645312 0.00609589
22 0.711719 0.637891 0.576563 0.724219 0.00605011
3 0.622266 0.460938 0.682031 0.921875 0.00591278
8 0.457813 0.295703 0.815625 0.591406 0.005867
10 0.414062 0.376172 0.828125 0.752344 0.00582123
25 0.575 0.439063 0.417188 0.645312 0.00582123
25 0.50625 0.323438 0.825 0.646875 0.00572968
21 0.615625 0.730469 0.292188 0.370313 0.00564194
3 0.473438 0.650781 0.740625 0.698438 0.00564194
17 0.76875 0.361133 0.4625 0.722266 0.00561905
0 0.551562 0.322656 0.81875 0.645312 0.00559998
8 0.417578 0.707031 0.507031 0.585938 0.00559998
25 0.414062 0.376172 0.828125 0.752344 0.0055542
16 0.417578 0.707031 0.507031 0.585938 0.00548935
19 0.579688 0.464453 0.396875 0.310156 0.0299835
16 0.596094 0.486328 0.389062 0.310156 0.024704
19 0.43584 0.557813 0.379883 0.378906 0.0145035
11 0.328516 0.713672 0.657031 0.572656 0.0118256
16 0.439063 0.563672 0.385156 0.366406 0.0100098
11 0.310156 0.791797 0.620313 0.416406 0.00989532
4 0.323828 0.701172 0.647656 0.597656 0.00712204
24 0.312695 0.738672 0.625391 0.522656 0.00703812
2 0.304492 0.835352 0.608984 0.329297 0.00653839
18 0.328516 0.713672 0.657031 0.572656 0.00602722
18 0.310156 0.791797 0.620313 0.416406 0.00582123
7 0.328516 0.713672 0.657031 0.572656 0.00582123
7 0.310156 0.791797 0.620313 0.416406 0.00572968
0 0.304492 0.835352 0.608984 0.329297 0.00564194
14 0.328516 0.713672 0.657031 0.572656 0.00564194
4 0.310156 0.791797 0.620313 0.416406 0.00561905
2 0.328516 0.713672 0.657031 0.572656 0.00534439
14 0.310156 0.791797 0.620313 0.416406 0.00526047
2 0.53584 0.508594 0.473633 0.315625 0.00503922
16 0.328516 0.713672 0.657031 0.572656 0.00502014
0 0.328516 0.713672 0.657031 0.572656 0.00477219
9 0.323828 0.701172 0.647656 0.597656 0.00429916
16 0.310156 0.791797 0.620313 0.416406 0.00428009
6 0.312695 0.738672 0.625391 0.522656 0.00424957
16 0.533203 0.477734 0.450781 0.28125 0.00392914
11 0.53584 0.508594 0.473633 0.315625 0.00376511
4 0.540625 0.546973 0.49375 0.37793 0.00352478
20 0.323828 0.701172 0.647656 0.597656 0.00341606
15 0.328516 0.713672 0.657031 0.572656 0.00318527
16 0.215283 0.550391 0.392871 0.360156 0.0030632
18 0.53584 0.508594 0.473633 0.315625 0.0027256
7 0.53584 0.508594 0.473633 0.315625 0.00268364
0 0.521094 0.508594 0.505469 0.310937 0.00263214
15 0.310156 0.791797 0.620313 0.416406 0.00255013
23 0.328516 0.713672 0.657031 0.572656 0.00255013
5 0.312695 0.738672 0.625391 0.522656 0.0024147
1 0.333203 0.651465 0.666406 0.69707 0.00240517
20 0.310156 0.791797 0.620313 0.416406 0.00240517
6 0.540625 0.546973 0.49375 0.37793 0.002388
19 0.231836 0.545703 0.394922 0.382031 0.00237846
23 0.310156 0.791797 0.620313 0.416406 0.00235939
19 0.526563 0.480859 0.429688 0.252344 0.00220871
14 0.278906 0.838086 0.557813 0.323828 0.00220871
16 0.540625 0.546973 0.49375 0.37793 0.00218201
1 0.617969 0.783789 0.404687 0.432422 0.00214958
12 0.33125 0.663574 0.6625 0.672852 0.00212479
24 0.540625 0.546973 0.49375 0.37793 0.00209999
14 0.53584 0.508594 0.473633 0.315625 0.00203514
6 0.289453 0.816602 0.578906 0.366797 0.00186729
18 0.278906 0.838086 0.557813 0.323828 0.00176811
3 0.328516 0.713672 0.657031 0.572656 0.00168705
24 0.289453 0.816602 0.578906 0.366797 0.00167465
13 0.323828 0.701172 0.647656 0.597656 0.00166798
15 0.540625 0.546973 0.49375 0.37793 0.00165462
4 0.278906 0.838086 0.557813 0.323828 0.00165462
19 0.312695 0.738672 0.625391 0.522656 0.00161076
2 0.21582 0.125 0.431641 0.25 0.00158501
16 0.278906 0.838086 0.557813 0.323828 0.00158501
23 0.53584 0.508594 0.473633 0.315625 0.00157928
21 0.451562 0.580469 0.345313 0.354688 0.00154877
25 0.328516 0.713672 0.657031 0.572656 0.00153637
20 0.540625 0.546973 0.49375 0.37793 0.00152493
9 0.540625 0.546973 0.49375 0.37793 0.00149536
12 0.382031 0.514844 0.573438 0.501563 0.00148964
12 0.537109 0.534473 0.478906 0.356055 0.00146675
6 0.33125 0.663574 0.6625 0.672852 0.00144958
10 0.328516 0.713672 0.657031 0.572656 0.00143242
12 0.575781 0.725977 0.478125 0.548047 0.00143242
25 0.310156 0.791797 0.620313 0.416406 0.00141048
2 0.289453 0.816602 0.578906 0.366797 0.00141048
16 0.285205 0.549609 0.391309 0.390625 0.00138855
17 0.333203 0.651465 0.666406 0.69707 0.00138283
24 0.304492 0.835352 0.608984 0.329297 0.00137806
3 0.53584 0.508594 0.473633 0.315625 0.00136185
3 0.325195 0.802734 0.650391 0.394531 0.00135136
11 0.278906 0.838086 0.557813 0.323828 0.00134563
12 0.456152 0.564844 0.581445 0.404687 0.00133514
12 0.605078 0.781445 0.388281 0.437109 0.00133514
22 0.617969 0.783789 0.404687 0.432422 0.00133514
1 0.598437 0.810156 0.364063 0.379688 0.00132465
12 0.419141 0.717578 0.650781 0.564844 0.00129414
2 0.204883 0.828125 0.409766 0.30625 0.00128937
2 0.539062 0.567969 0.525 0.409375 0.0012846
12 0.378711 0.455371 0.757422 0.679883 0.00125504
9 0.310156 0.791797 0.620313 0.416406 0.00125504
1 0.536328 0.509766 0.482031 0.300781 0.00123978
12 0.532813 0.685156 0.734375 0.629687 0.00123978
24 0.33125 0.663574 0.6625 0.672852 0.00121593
17 0.617969 0.783789 0.404687 0.432422 0.00121593
10 0.310156 0.791797 0.620313 0.416406 0.00119686
16 0.456152 0.564844 0.581445 0.404687 0.00119209
12 0.4875 0.801758 0.565625 0.396484 0.0011692
1 0.539062 0.567969 0.525 0.409375 0.00115585
11 0.29082 0.736719 0.581641 0.526563 0.00115108
1 0.325195 0.802734 0.650391 0.394531 0.00113392
14 0.539062 0.567969 0.525 0.409375 0.0011158
4 0.29082 0.736719 0.581641 0.526563 0.00108147
2 0.291797 0.123828 0.547656 0.247656 0.00106525
7 0.278906 0.838086 0.557813 0.323828 0.00106525
13 0.540625 0.546973 0.49375 0.37793 0.00104809
12 0.310156 0.791797 0.620313 0.416406 0.00104809
6 0.325195 0.802734 0.650391 0.394531 0.00104427
0 0.289453 0.816602 0.578906 0.366797 0.00103664
16 0.177148 0.548438 0.354297 0.348438 0.00102425
12 0.541016 0.640625 0.538281 0.703125 0.00102043
13 0.310156 0.791797 0.620313 0.416406 0.00100803
19 0.564844 0.448438 0.298438 0.413281 0.0501404
16 0.586719 0.515527 0.370313 0.306445 0.0201721
19 0.619922 0.6875 0.263281 0.35625 0.0146179
23 0.586719 0.515527 0.370313 0.306445 0.0122375
18 0.524316 0.514453 0.47168 0.289844 0.0109863
6 0.601562 0.533496 0.340625 0.358008 0.0104523
2 0.586719 0.515527 0.370313 0.306445 0.00878143
9 0.601562 0.533496 0.340625 0.358008 0.00834656
4 0.586719 0.515527 0.370313 0.306445 0.00734711
1 0.575781 0.829688 0.376563 0.340625 0.00656509
21 0.614062 0.760156 0.275 0.375 0.00634003
9 0.533496 0.522266 0.473633 0.327344 0.00564194
4 0.529688 0.551172 0.490625 0.428906 0.00557709
20 0.601562 0.533496 0.340625 0.358008 0.00540543
12 0.574316 0.516797 0.404492 0.289844 0.00530243
19 0.614062 0.760156 0.275 0.375 0.00526047
15 0.533496 0.522266 0.473633 0.327344 0.00518036
5 0.601562 0.533496 0.340625 0.358008 0.00494385
24 0.533496 0.522266 0.473633 0.327344 0.00484848
0 0.590234 0.513965 0.348438 0.301758 0.00462723
22 0.575781 0.829688 0.376563 0.340625 0.00462723
11 0.601562 0.533496 0.340625 0.358008 0.00457382
6 0.529688 0.551172 0.490625 0.428906 0.00429916
21 0.601562 0.533496 0.340625 0.358008 0.00413513
6 0.584375 0.579297 0.375 0.478906 0.00407028
21 0.529688 0.551172 0.490625 0.428906 0.00397491
24 0.601562 0.533496 0.340625 0.358008 0.00379562
20 0.529688 0.551172 0.490625 0.428906 0.00370789
25 0.601562 0.533496 0.340625 0.358008 0.00367928
16 0.4875 0.54209 0.576563 0.42207 0.0036068
14 0.601562 0.533496 0.340625 0.358008 0.00356483
3 0.574316 0.516797 0.404492 0.289844 0.00348282
21 0.564844 0.448438 0.298438 0.413281 0.00342941
11 0.571094 0.842188 0.384375 0.315625 0.00332451
1 0.590234 0.513965 0.348438 0.301758 0.00322342
7 0.524316 0.514453 0.47168 0.289844 0.00319672
14 0.524316 0.514453 0.47168 0.289844 0.00319672
0 0.533496 0.522266 0.473633 0.327344 0.00316048
11 0.524316 0.514453 0.47168 0.289844 0.00313568
14 0.529688 0.551172 0.490625 0.428906 0.003088
22 0.594531 0.522656 0.332813 0.314063 0.00304031
17 0.590234 0.513965 0.348438 0.301758 0.00300407
13 0.574316 0.516797 0.404492 0.289844 0.00293541
21 0.619922 0.6875 0.263281 0.35625 0.00291252
1 0.400684 0.602734 0.358008 0.392969 0.00287819
15 0.4875 0.54209 0.576563 0.42207 0.00284576
11 0.529688 0.551172 0.490625 0.428906 0.00271416
10 0.601562 0.533496 0.340625 0.358008 0.0026722
22 0.417578 0.646875 0.341406 0.46875 0.00251198
5 0.533496 0.522266 0.473633 0.327344 0.00245285
2 0.529688 0.551172 0.490625 0.428906 0.00245285
11 0.417578 0.646875 0.341406 0.46875 0.00236893
17 0.575781 0.829688 0.376563 0.340625 0.00218201
12 0.537109 0.519531 0.550781 0.35625 0.00215721
3 0.575781 0.829688 0.376563 0.340625 0.00214005
9 0.584375 0.579297 0.375 0.478906 0.00211525
13 0.614062 0.760156 0.275 0.375 0.00201988
0 0.489941 0.549316 0.585742 0.47793 0.00200272
0 0.570312 0.835156 0.371875 0.329688 0.00200272
18 0.476562 0.513281 0.592969 0.329688 0.0019722
8 0.590234 0.513965 0.348438 0.301758 0.00196457
4 0.575781 0.829688 0.376563 0.340625 0.00195694
24 0.4875 0.54209 0.576563 0.42207 0.00194168
4 0.476562 0.513281 0.592969 0.329688 0.00189686
20 0.584375 0.579297 0.375 0.478906 0.00186729
19 0.601562 0.533496 0.340625 0.358008 0.00185299
11 0.484375 0.523438 0.595313 0.335156 0.00182438
12 0.605469 0.482129 0.415625 0.48418 0.0018177
14 0.575781 0.829688 0.376563 0.340625 0.00181007
1 0.584375 0.579297 0.375 0.478906 0.00174809
15 0.601562 0.533496 0.340625 0.358008 0.00173378
14 0.484375 0.523438 0.595313 0.335156 0.00171375
12 0.575781 0.829688 0.376563 0.340625 0.00170708
18 0.601562 0.533496 0.340625 0.358008 0.00168705
5 0.584375 0.579297 0.375 0.478906 0.00168705
1 0.537109 0.519531 0.550781 0.35625 0.00167465
10 0.529688 0.551172 0.490625 0.428906 0.00167465
7 0.476562 0.513281 0.592969 0.329688 0.0016489
22 0.481641 0.585938 0.569531 0.484375 0.00163555
18 0.529688 0.551172 0.490625 0.428906 0.00162888
25 0.533496 0.522266 0.473633 0.327344 0.00161076
4 0.483594 0.580859 0.604688 0.558594 0.00161076
11 0.456641 0.479688 0.711719 0.446875 0.00153637
14 0.584375 0.579297 0.375 0.478906 0.00153065
1 0.489941 0.549316 0.585742 0.47793 0.00151253
17 0.400684 0.602734 0.358008 0.392969 0.00150681
16 0.584375 0.579297 0.375 0.478906 0.00150108
25 0.584375 0.579297 0.375 0.478906 0.00150108
2 0.476562 0.513281 0.592969 0.329688 0.0014782
20 0.575781 0.829688 0.376563 0.340625 0.0014782
2 0.575781 0.829688 0.376563 0.340625 0.00146675
13 0.484375 0.523438 0.595313 0.335156 0.00145531
12 0.641797 0.358398 0.685156 0.716797 0.00144386
6 0.476562 0.513281 0.592969 0.329688 0.00144386
13 0.529688 0.551172 0.490625 0.428906 0.00143814
1 0.605469 0.482129 0.415625 0.48418 0.00142097
12 0.481641 0.585938 0.569531 0.484375 0.00142097
22 0.605469 0.578516 0.31875 0.428906 0.00141048
9 0.4875 0.54209 0.576563 0.42207 0.00139904
11 0.584375 0.579297 0.375 0.478906 0.00139904
12 0.505078 0.645801 0.778906 0.708398 0.00139904
4 0.584375 0.579297 0.375 0.478906 0.00139427
6 0.524316 0.514453 0.47168 0.289844 0.00138283
5 0.571094 0.842188 0.384375 0.315625 0.00137806
6 0.483594 0.580859 0.604688 0.558594 0.00136185
23 0.529688 0.551172 0.490625 0.428906 0.00135612
12 0.484277 0.380469 0.745508 0.760938 0.00135136
12 0.456641 0.479688 0.711719 0.446875 0.00134563
12 0.400684 0.602734 0.358008 0.392969 0.00134563
13 0.584375 0.579297 0.375 0.478906 0.00133514
21 0.584375 0.579297 0.375 0.478906 0.00133038
21 0.575781 0.829688 0.376563 0.340625 0.00131512
25 0.489941 0.549316 0.585742 0.47793 0.0012846
0 0.412109 0.613281 0.353125 0.401563 0.00127411
12 0.41709 0.630469 0.44707 0.5 0.00127411
13 0.571875 0.452344 0.3125 0.432813 0.00126457
6 0.571094 0.842188 0.384375 0.315625 0.00125504
17 0.481641 0.585938 0.569531 0.484375 0.00121593
13 0.456641 0.479688 0.711719 0.446875 0.00120163
13 0.412109 0.613281 0.353125 0.401563 0.00120163
14 0.400684 0.602734 0.358008 0.392969 0.00119686
13 0.575781 0.829688 0.376563 0.340625 0.00119686
19 0.571094 0.842188 0.384375 0.315625 0.00119686
0 0.398047 0.548438 0.39375 0.4625 0.00118351
4 0.412109 0.613281 0.353125 0.401563 0.00117397
0 0.605469 0.482129 0.415625 0.48418 0.00116062
13 0.483594 0.580859 0.604688 0.558594 0.00116062
2 0.400684 0.602734 0.358008 0.392969 0.00113392
11 0.483594 0.580859 0.604688 0.558594 0.00112438
13 0.605469 0.482129 0.415625 0.48418 0.00111198
24 0.584375 0.579297 0.375 0.478906 0.00110722
10 0.584375 0.579297 0.375 0.478906 0.00108147
19 0.566406 0.466406 0.301563 0.253906 0.00107765
14 0.483594 0.580859 0.604688 0.558594 0.00107288
1 0.54541 0.84043 0.460742 0.319141 0.00105286
19 0.617188 0.685938 0.230469 0.271875 0.00104809
12 0.358203 0.692969 0.535156 0.614062 0.00104809
14 0.456641 0.479688 0.711719 0.446875 0.00104427
21 0.483594 0.580859 0.604688 0.558594 0.00104046
2 0.584375 0.579297 0.375 0.478906 0.00103188
15 0.456641 0.479688 0.711719 0.446875 0.00101185
4 0.398047 0.548438 0.39375 0.4625 0.00100422
3 0.417578 0.646875 0.341406 0.46875 0.00100422
24 0.530469 0.540723 0.475 0.388867 0.102661
24 0.501465 0.497559 0.576758 0.495508 0.0698242
6 0.530469 0.540723 0.475 0.388867 0.0314941
24 0.494922 0.459375 0.682031 0.617188 0.0267639
9 0.501465 0.497559 0.576758 0.495508 0.0252686
19 0.562109 0.437598 0.265625 0.362305 0.0249939
16 0.530469 0.540723 0.475 0.388867 0.0227203
11 0.530469 0.540723 0.475 0.388867 0.0223694
9 0.514844 0.526172 0.517969 0.383594 0.0214539
20 0.530469 0.540723 0.475 0.388867 0.0195007
20 0.526172 0.535156 0.552344 0.482812 0.0184021
15 0.530469 0.540723 0.475 0.388867 0.0184021
6 0.501465 0.497559 0.576758 0.495508 0.0177155
16 0.526172 0.535156 0.552344 0.482812 0.016922
18 0.529297 0.548047 0.463281 0.371094 0.0153046
7 0.530469 0.540723 0.475 0.388867 0.0141754
16 0.494922 0.459375 0.682031 0.617188 0.0137405
11 0.501465 0.497559 0.576758 0.495508 0.0130234
12 0.517969 0.539941 0.482031 0.348242 0.0124283
13 0.529297 0.548047 0.463281 0.371094 0.012146
23 0.530469 0.540723 0.475 0.388867 0.0110703
2 0.530469 0.540723 0.475 0.388867 0.0107346
13 0.526172 0.535156 0.552344 0.482812 0.00941467
9 0.494922 0.459375 0.682031 0.617188 0.00941467
20 0.494922 0.459375 0.682031 0.617188 0.00905609
6 0.494922 0.459375 0.682031 0.617188 0.0088501
15 0.501465 0.497559 0.576758 0.495508 0.00874329
14 0.530469 0.540723 0.475 0.388867 0.00861359
4 0.501465 0.497559 0.576758 0.495508 0.00837708
12 0.482031 0.453906 0.625 0.670313 0.00821686
7 0.510938 0.494922 0.582812 0.546094 0.00793457
13 0.494922 0.459375 0.682031 0.617188 0.00751877
13 0.514063 0.474609 0.496875 0.435937 0.00746155
12 0.514063 0.474609 0.496875 0.435937 0.00723267
25 0.530469 0.540723 0.475 0.388867 0.00720596
16 0.558984 0.51084 0.416406 0.286133 0.00706482
4 0.530469 0.540723 0.475 0.388867 0.00701141
13 0.483984 0.36875 0.603906 0.7375 0.00679779
11 0.483984 0.36875 0.603906 0.7375 0.00641251
11 0.494922 0.459375 0.682031 0.617188 0.00600433
6 0.558984 0.51084 0.416406 0.286133 0.00595856
19 0.560938 0.468066 0.247656 0.231055 0.00572968
23 0.501465 0.497559 0.576758 0.495508 0.00570679
19 0.616797 0.685156 0.24375 0.354688 0.0055542
18 0.510938 0.494922 0.582812 0.546094 0.00551224
12 0.526172 0.535156 0.552344 0.482812 0.00518036
24 0.558984 0.51084 0.416406 0.286133 0.00484848
2 0.526172 0.535156 0.552344 0.482812 0.00469971
1 0.516309 0.529297 0.49082 0.329688 0.00443268
0 0.530469 0.540723 0.475 0.388867 0.00434875
1 0.500781 0.458203 0.517969 0.464844 0.0042305
14 0.526172 0.535156 0.552344 0.482812 0.0042305
16 0.514063 0.474609 0.496875 0.435937 0.00413513
25 0.526172 0.535156 0.552344 0.482812 0.00413513
14 0.514063 0.474609 0.496875 0.435937 0.00385475
12 0.425098 0.386719 0.706055 0.773438 0.00379562
5 0.494922 0.459375 0.682031 0.617188 0.00367928
12 0.357422 0.558594 0.691406 0.423438 0.00352478
16 0.440625 0.546094 0.624219 0.417969 0.00345612
15 0.494922 0.459375 0.682031 0.617188 0.00336266
16 0.483984 0.36875 0.603906 0.7375 0.00317192
25 0.494922 0.459375 0.682031 0.617188 0.00312424
0 0.510938 0.494922 0.582812 0.546094 0.00304031
4 0.494922 0.459375 0.682031 0.617188 0.00290108
12 0.276758 0.426953 0.553516 0.663281 0.00288963
5 0.501465 0.497559 0.576758 0.495508 0.0028553
9 0.558984 0.51084 0.416406 0.286133 0.00275803
18 0.514063 0.474609 0.496875 0.435937 0.00270462
24 0.440625 0.546094 0.624219 0.417969 0.00268364
3 0.529297 0.548047 0.463281 0.371094 0.00264168
19 0.526172 0.535156 0.552344 0.482812 0.00261116
7 0.514063 0.474609 0.496875 0.435937 0.00250244
12 0.403125 0.435937 0.80625 0.8625 0.00245285
2 0.494922 0.459375 0.682031 0.617188 0.00236893
19 0.530469 0.540723 0.475 0.388867 0.00235939
3 0.510938 0.494922 0.582812 0.546094 0.00234222
12 0.248633 0.584766 0.497266 0.335156 0.00234222
19 0.494922 0.459375 0.682031 0.617188 0.00233269
5 0.530469 0.540723 0.475 0.388867 0.00232315
14 0.494922 0.459375 0.682031 0.617188 0.00232315
11 0.558984 0.51084 0.416406 0.286133 0.00230598
17 0.516309 0.529297 0.49082 0.329688 0.00228691
22 0.494922 0.459375 0.682031 0.617188 0.00228691
2 0.558984 0.51084 0.416406 0.286133 0.00226021
0 0.558984 0.51084 0.416406 0.286133 0.00212479
6 0.440625 0.546094 0.624219 0.417969 0.00204277
23 0.494922 0.459375 0.682031 0.617188 0.00202751
12 0.511035 0.356836 0.531055 0.669922 0.00201988
2 0.514063 0.474609 0.496875 0.435937 0.00197983
13 0.440625 0.546094 0.624219 0.417969 0.00197983
17 0.526172 0.535156 0.552344 0.482812 0.00191212
7 0.483984 0.36875 0.603906 0.7375 0.00189686
17 0.494922 0.459375 0.682031 0.617188 0.00187492
0 0.514063 0.474609 0.496875 0.435937 0.00185299
11 0.440625 0.546094 0.624219 0.417969 0.00183105
13 0.558984 0.519141 0.403125 0.294531 0.00181007
21 0.526172 0.535156 0.552344 0.482812 0.00176811
3 0.514063 0.474609 0.496875 0.435937 0.00175476
10 0.501465 0.497559 0.576758 0.495508 0.00175476
15 0.483984 0.36875 0.603906 0.7375 0.00174809
14 0.483984 0.36875 0.603906 0.7375 0.00174141
21 0.616797 0.685156 0.24375 0.354688 0.00171375
13 0.419922 0.419922 0.785156 0.803906 0.0017004
21 0.530469 0.540723 0.475 0.388867 0.00168705
1 0.511035 0.356836 0.531055 0.669922 0.00166798
10 0.530469 0.540723 0.475 0.388867 0.00151253
1 0.460938 0.452344 0.70625 0.6375 0.00142097
23 0.558984 0.51084 0.416406 0.286133 0.00139427
17 0.500781 0.458203 0.517969 0.464844 0.00134563
6 0.483984 0.36875 0.603906 0.7375 0.00134087
18 0.483984 0.36875 0.603906 0.7375 0.00132465
2 0.483984 0.36875 0.603906 0.7375 0.00131512
22 0.526172 0.535156 0.552344 0.482812 0.00126457
12 0.64375 0.189844 0.625 0.379688 0.00123501
9 0.440625 0.546094 0.624219 0.417969 0.00123501
19 0.430859 0.562891 0.277344 0.328125 0.00121593
12 0.505469 0.364453 0.73125 0.728906 0.00121117
7 0.558984 0.51084 0.416406 0.286133 0.00119686
0 0.483984 0.36875 0.603906 0.7375 0.00117874
4 0.483984 0.36875 0.603906 0.7375 0.0011692
16 0.607031 0.511719 0.304688 0.26875 0.0011692
16 0.351562 0.595313 0.5625 0.31875 0.00116062
20 0.514063 0.474609 0.496875 0.435937 0.00113392
4 0.558984 0.51084 0.416406 0.286133 0.00108624
21 0.494922 0.459375 0.682031 0.617188 0.00106907
3 0.483984 0.36875 0.603906 0.7375 0.00106049
1 0.560156 0.85625 0.353125 0.2875 0.00105667
20 0.558984 0.51084 0.416406 0.286133 0.00100803
24 0.524219 0.517188 0.428125 0.284375 0.0611877
7 0.524219 0.517188 0.428125 0.284375 0.0566406
23 0.514453 0.51875 0.459375 0.289844 0.0545959
18 0.524219 0.517188 0.428125 0.284375 0.0441895
6 0.519141 0.517188 0.444531 0.260156 0.0379028
9 0.519141 0.517188 0.444531 0.260156 0.0330811
4 0.514453 0.51875 0.459375 0.289844 0.0281677
14 0.513281 0.521484 0.461719 0.314063 0.0243378
16 0.519141 0.517188 0.444531 0.260156 0.0184021
19 0.561719 0.453516 0.325 0.405469 0.0178528
2 0.530371 0.51875 0.426758 0.264062 0.011734
11 0.514453 0.51875 0.459375 0.289844 0.0100937
0 0.513281 0.521484 0.461719 0.314063 0.00898743
15 0.524219 0.517188 0.428125 0.284375 0.00518036
12 0.500391 0.522266 0.498437 0.330469 0.00508118
5 0.514453 0.51875 0.459375 0.289844 0.00299263
2 0.500391 0.522266 0.498437 0.330469 0.00277901
3 0.513281 0.521484 0.461719 0.314063 0.00271416
20 0.519141 0.517188 0.444531 0.260156 0.00235939
25 0.513281 0.521484 0.461719 0.314063 0.00201988
19 0.512891 0.464063 0.4 0.336719 0.00177479
10 0.513281 0.521484 0.461719 0.314063 0.00156116
21 0.442578 0.592969 0.28125 0.325 0.00154305
8 0.500391 0.522266 0.498437 0.330469 0.00118351
19 0.514453 0.51875 0.459375 0.289844 0.00117874
6 0.585156 0.514063 0.325 0.273438 0.00117874
17 0.500391 0.522266 0.498437 0.330469 0.00113773
19 0.573828 0.452344 0.274219 0.290625 0.00109005
16 0.585156 0.514063 0.325 0.273438 0.00103188
1 0.508594 0.511816 0.467187 0.329492 0.00100422
7 0.520703 0.492188 0.446094 0.269531 0.12854
18 0.520703 0.492188 0.446094 0.269531 0.127686
23 0.521094 0.500879 0.478906 0.281055 0.120422
24 0.525781 0.500098 0.459375 0.27168 0.117981
9 0.525781 0.500098 0.459375 0.27168 0.11438
6 0.525781 0.500098 0.459375 0.27168 0.0888062
2 0.521094 0.500879 0.478906 0.281055 0.0786133
0 0.521094 0.500879 0.478906 0.281055 0.0718384
4 0.521094 0.500879 0.478906 0.281055 0.0406799
14 0.521094 0.500879 0.478906 0.281055 0.035675
16 0.521094 0.500879 0.478906 0.281055 0.0288696
19 0.555859 0.452734 0.311719 0.392969 0.0183411
15 0.520703 0.492188 0.446094 0.269531 0.0138474
10 0.521094 0.500879 0.478906 0.281055 0.0132751
11 0.521094 0.500879 0.478906 0.281055 0.00997162
25 0.521094 0.500879 0.478906 0.281055 0.00720596
5 0.525781 0.500098 0.459375 0.27168 0.00547028
20 0.525781 0.500098 0.459375 0.27168 0.0050621
19 0.548438 0.469141 0.2625 0.253906 0.00252151
3 0.514844 0.491309 0.428125 0.25957 0.0019722
2 0.523535 0.535059 0.495117 0.417383 0.00174141
16 0.55625 0.44209 0.278125 0.333008 0.00127411
0 0.523535 0.535059 0.495117 0.417383 0.00121593
6 0.523535 0.535059 0.495117 0.417383 0.00113773
12 0.514844 0.491309 0.428125 0.25957 0.00109863
13 0.513672 0.489746 0.436719 0.26582 0.00106525
9 0.521777 0.488965 0.423633 0.27832 0.0891113
6 0.522656 0.495215 0.442188 0.286133 0.0841675
24 0.521777 0.488965 0.423633 0.27832 0.0658569
7 0.520703 0.487402 0.417969 0.258008 0.0623169
18 0.520703 0.487402 0.417969 0.258008 0.0621033
2 0.522656 0.495215 0.442188 0.286133 0.0228882
16 0.522656 0.495215 0.442188 0.286133 0.0222015
23 0.522656 0.495215 0.442188 0.286133 0.0208893
19 0.573047 0.464063 0.31875 0.382812 0.0172424
11 0.517188 0.487891 0.419531 0.25625 0.0158997
0 0.522656 0.495215 0.442188 0.286133 0.0136337
4 0.522656 0.491797 0.434375 0.271094 0.0135345
12 0.469531 0.3125 0.520312 0.609375 0.0124283
14 0.522656 0.491797 0.434375 0.271094 0.0122375
20 0.521777 0.488965 0.423633 0.27832 0.00723267
12 0.384375 0.432813 0.76875 0.865625 0.00674438
12 0.353711 0.299609 0.707422 0.599219 0.00572968
16 0.484375 0.50166 0.521875 0.612305 0.0055542
5 0.521777 0.488965 0.423633 0.27832 0.00551224
13 0.383594 0.472266 0.732813 0.716406 0.00519943
25 0.524219 0.499219 0.45 0.295312 0.00518036
15 0.515234 0.481152 0.428906 0.256445 0.0050621
13 0.484375 0.50166 0.521875 0.612305 0.00498199
12 0.383594 0.472266 0.732813 0.716406 0.00496292
16 0.501563 0.469922 0.4375 0.38125 0.00471878
13 0.457715 0.322461 0.636133 0.644922 0.00426483
13 0.501172 0.346484 0.442969 0.5125 0.0041008
10 0.522656 0.495215 0.442188 0.286133 0.00408554
16 0.383594 0.472266 0.732813 0.716406 0.00379562
11 0.501172 0.346484 0.442969 0.5125 0.0037365
3 0.517188 0.487891 0.419531 0.25625 0.00362206
13 0.516504 0.471973 0.443555 0.268555 0.00302696
1 0.484375 0.50166 0.521875 0.612305 0.00298119
12 0.516504 0.471973 0.443555 0.268555 0.0028553
13 0.39375 0.489063 0.7875 0.90625 0.0028553
11 0.383594 0.472266 0.732813 0.716406 0.00279999
12 0.484375 0.50166 0.521875 0.612305 0.00277901
2 0.484375 0.50166 0.521875 0.612305 0.00256157
6 0.484375 0.50166 0.521875 0.612305 0.0024929
6 0.501563 0.469922 0.4375 0.38125 0.0024929
19 0.515234 0.481152 0.428906 0.256445 0.00245285
2 0.501563 0.469922 0.4375 0.38125 0.00245285
0 0.484375 0.50166 0.521875 0.612305 0.0024147
15 0.501172 0.346484 0.442969 0.5125 0.00239754
15 0.383594 0.472266 0.732813 0.716406 0.00232315
12 0.473047 0.329688 0.678906 0.659375 0.00226021
13 0.501563 0.469922 0.4375 0.38125 0.00221634
2 0.383594 0.472266 0.732813 0.716406 0.00215721
11 0.484375 0.50166 0.521875 0.612305 0.00214005
6 0.383594 0.472266 0.732813 0.716406 0.00206757
1 0.39375 0.489063 0.7875 0.90625 0.00201035
0 0.501563 0.469922 0.4375 0.38125 0.00199509
1 0.501563 0.469922 0.4375 0.38125 0.00198746
4 0.484375 0.50166 0.521875 0.612305 0.00189686
1 0.383594 0.472266 0.732813 0.716406 0.00188255
12 0.537891 0.367188 0.528906 0.65 0.00184631
19 0.608594 0.514453 0.283594 0.284375 0.0018177
20 0.501563 0.469922 0.4375 0.38125 0.00179577
17 0.484375 0.50166 0.521875 0.612305 0.00176811
6 0.501172 0.346484 0.442969 0.5125 0.00175476
12 0.311914 0.514063 0.623828 0.803125 0.00167465
15 0.484375 0.50166 0.521875 0.612305 0.00157356
2 0.501172 0.346484 0.442969 0.5125 0.00153065
3 0.484375 0.50166 0.521875 0.612305 0.00153065
14 0.383594 0.472266 0.732813 0.716406 0.00152493
4 0.467578 0.463281 0.421094 0.321875 0.0015192
0 0.383594 0.472266 0.732813 0.716406 0.00148392
4 0.383594 0.472266 0.732813 0.716406 0.00141621
14 0.501172 0.346484 0.442969 0.5125 0.00141048
13 0.353711 0.299609 0.707422 0.599219 0.00139904
25 0.484375 0.50166 0.521875 0.612305 0.00138855
7 0.501172 0.346484 0.442969 0.5125 0.00137806
19 0.587109 0.483984 0.271094 0.248438 0.00133514
3 0.501563 0.469922 0.4375 0.38125 0.00133514
12 0.467578 0.463281 0.421094 0.321875 0.00131989
13 0.537891 0.367188 0.528906 0.65 0.00128937
14 0.484375 0.50166 0.521875 0.612305 0.00128937
16 0.39375 0.489063 0.7875 0.90625 0.00126457
2 0.39375 0.489063 0.7875 0.90625 0.00122547
15 0.39375 0.489063 0.7875 0.90625 0.0012207
11 0.390625 0.486719 0.78125 0.954688 0.00121593
4 0.501172 0.346484 0.442969 0.5125 0.00121117
16 0.501172 0.346484 0.442969 0.5125 0.0012064
1 0.516504 0.471973 0.443555 0.268555 0.00116539
20 0.484375 0.50166 0.521875 0.612305 0.00113773
17 0.383594 0.472266 0.732813 0.716406 0.00112057
15 0.467578 0.463281 0.421094 0.321875 0.0011158
25 0.383594 0.472266 0.732813 0.716406 0.00110722
24 0.501563 0.469922 0.4375 0.38125 0.00110722
11 0.537891 0.367188 0.528906 0.65 0.00107288
17 0.467578 0.463281 0.421094 0.321875 0.00106525
1 0.501172 0.346484 0.442969 0.5125 0.00105286
14 0.501563 0.469922 0.4375 0.38125 0.00102043
2 0.509766 0.495996 0.457031 0.273633 0.0149536
14 0.506641 0.498437 0.454688 0.273438 0.0131226
4 0.509766 0.495996 0.457031 0.273633 0.0108185
19 0.568359 0.445703 0.276563 0.369531 0.0103683
23 0.506641 0.498437 0.454688 0.273438 0.0102463
6 0.507812 0.495996 0.4375 0.25332 0.00901794
9 0.509766 0.495996 0.457031 0.273633 0.00812531
7 0.507812 0.495996 0.4375 0.25332 0.00793457
18 0.507812 0.495996 0.4375 0.25332 0.00714874
16 0.509766 0.495996 0.457031 0.273633 0.0069046
0 0.509766 0.495996 0.457031 0.273633 0.00634003
10 0.506641 0.498437 0.454688 0.273438 0.00256157
11 0.504687 0.490234 0.435937 0.260938 0.00239754
7 0.262305 0.83457 0.524609 0.330859 0.00233269
12 0.836719 0.441797 0.326562 0.327344 0.00201988
24 0.510938 0.486816 0.442188 0.262305 0.00201988
15 0.507812 0.495996 0.4375 0.25332 0.0019722
12 0.398535 0.6375 0.768555 0.725 0.0019722
3 0.506641 0.498437 0.454688 0.273438 0.00191879
12 0.748047 0.564844 0.503906 0.857813 0.00190449
6 0.565625 0.498047 0.354688 0.280469 0.0017004
25 0.506641 0.498437 0.454688 0.273438 0.00168705
14 0.267578 0.837109 0.535156 0.325781 0.00156116
16 0.568359 0.445703 0.276563 0.369531 0.00125504
18 0.262305 0.83457 0.524609 0.330859 0.00122547
13 0.748047 0.564844 0.503906 0.857813 0.00118828
5 0.509766 0.495996 0.457031 0.273633 0.00116539
11 0.801367 0.755078 0.397266 0.489844 0.00112915
12 0.513379 0.4 0.504492 0.574219 0.00108147
14 0.833789 0.441016 0.332422 0.332031 0.00106049
12 0.645312 0.639844 0.709375 0.720313 0.00101662
24 0.515625 0.491406 0.435156 0.267188 0.255371
9 0.515625 0.491406 0.435156 0.267188 0.0974121
18 0.514746 0.496191 0.431445 0.287305 0.0736694
7 0.514746 0.496191 0.431445 0.287305 0.053009
6 0.514746 0.496191 0.431445 0.287305 0.0379028
16 0.517188 0.496484 0.454688 0.278125 0.0171051
4 0.521777 0.491797 0.442383 0.280469 0.0109024
14 0.511621 0.501563 0.426758 0.264844 0.0078125
2 0.517188 0.496484 0.454688 0.278125 0.00769424
23 0.517188 0.496484 0.454688 0.278125 0.00737381
0 0.520703 0.5 0.454688 0.284375 0.00634003
11 0.511621 0.501563 0.426758 0.264844 0.00453949
5 0.515625 0.491406 0.435156 0.267188 0.00432968
15 0.521777 0.491797 0.442383 0.280469 0.00424957
20 0.515625 0.491406 0.435156 0.267188 0.00359344
12 0.512598 0.461328 0.463867 0.366406 0.00199509
13 0.512598 0.461328 0.463867 0.366406 0.0015192
3 0.520703 0.5 0.454688 0.284375 0.00148964
11 0.515625 0.477344 0.4625 0.375 0.00138855
24 0.518652 0.512891 0.506445 0.366406 0.00124454
16 0.518652 0.512891 0.506445 0.366406 0.00117397
12 0.371289 0.316406 0.713672 0.632812 0.00104046
7 0.5125 0.503516 0.459375 0.263281 0.204346
18 0.5125 0.503516 0.459375 0.263281 0.108948
24 0.517969 0.503223 0.457031 0.26543 0.0910645
6 0.5125 0.503516 0.459375 0.263281 0.0598755
9 0.517969 0.503223 0.457031 0.26543 0.0562439
23 0.51875 0.505859 0.452344 0.280469 0.014389
4 0.523438 0.503906 0.445312 0.282813 0.00937653
2 0.51875 0.505859 0.452344 0.280469 0.0086441
0 0.523438 0.503906 0.445312 0.282813 0.00787354
16 0.517969 0.503223 0.457031 0.26543 0.00784302
12 0.498828 0.334375 0.583594 0.66875 0.0051384
13 0.498828 0.334375 0.583594 0.66875 0.00468063
11 0.50625 0.498047 0.45625 0.285938 0.00340271
14 0.515527 0.507031 0.445508 0.274219 0.00329781
15 0.515527 0.507031 0.445508 0.274219 0.00322342
12 0.387305 0.34707 0.774609 0.694141 0.00247192
13 0.515625 0.449609 0.492188 0.3625 0.00146675
5 0.519141 0.50625 0.452344 0.257812 0.00143242
3 0.5125 0.503516 0.459375 0.263281 0.00139904
13 0.387305 0.34707 0.774609 0.694141 0.00119209
11 0.515625 0.449609 0.492188 0.3625 0.00109863
12 0.515625 0.449609 0.492188 0.3625 0.00109863
19 0.571094 0.465234 0.334375 0.410938 0.00102806
9 0.528516 0.49375 0.444531 0.28125 0.494141
24 0.528516 0.49375 0.444531 0.28125 0.359375
18 0.528516 0.49375 0.444531 0.28125 0.210815
6 0.528516 0.49375 0.444531 0.28125 0.0739746
7 0.525098 0.494434 0.438867 0.275195 0.0668335
23 0.524902 0.497266 0.461133 0.280469 0.0333252
11 0.519531 0.502734 0.442969 0.264844 0.0268555
2 0.519531 0.502734 0.442969 0.264844 0.0186462
4 0.524902 0.497266 0.461133 0.280469 0.016983
16 0.528906 0.505859 0.460938 0.285156 0.0141754
14 0.524902 0.497266 0.461133 0.280469 0.0126724
0 0.528906 0.505859 0.460938 0.285156 0.0102921
15 0.529004 0.493848 0.449805 0.274805 0.00494385
12 0.515723 0.357812 0.504492 0.610156 0.00436401
5 0.528516 0.49375 0.444531 0.28125 0.00367928
11 0.437598 0.838477 0.712305 0.323047 0.00331116
20 0.533594 0.500391 0.461719 0.295312 0.00305176
19 0.571094 0.456934 0.327344 0.395508 0.00299263
13 0.515723 0.357812 0.504492 0.610156 0.0029583
10 0.528906 0.505859 0.460938 0.285156 0.0029583
3 0.519531 0.502734 0.442969 0.264844 0.00286674
1 0.519531 0.502734 0.442969 0.264844 0.0024929
12 0.490625 0.339844 0.678125 0.679688 0.00201035
12 0.519531 0.502734 0.442969 0.264844 0.00195694
13 0.519531 0.502734 0.442969 0.264844 0.00160408
11 0.525 0.4 0.5125 0.546875 0.00126457
19 0.519531 0.502734 0.442969 0.264844 0.00119686
17 0.519531 0.502734 0.442969 0.264844 0.00115108
12 0.4125 0.38125 0.825 0.7625 0.00109482
9 0.516797 0.489844 0.452344 0.292188 0.922363
24 0.516797 0.489844 0.452344 0.292188 0.65332
18 0.516797 0.489844 0.452344 0.292188 0.201782
6 0.516797 0.489844 0.452344 0.292188 0.0907593
7 0.51875 0.493359 0.460156 0.30625 0.0634766
4 0.519434 0.486719 0.451758 0.294531 0.0271759
16 0.522656 0.488281 0.461719 0.279687 0.0199432
5 0.519434 0.486719 0.451758 0.294531 0.0184021
0 0.519922 0.493359 0.464844 0.280469 0.0141754
19 0.570703 0.460547 0.324219 0.416406 0.0134811
23 0.51875 0.493359 0.460156 0.30625 0.0113297
10 0.522656 0.488281 0.461719 0.279687 0.00930023
2 0.519922 0.493359 0.464844 0.280469 0.008255
12 0.506641 0.413672 0.482031 0.4875 0.00641251
20 0.519434 0.486719 0.451758 0.294531 0.005867
14 0.519434 0.486719 0.451758 0.294531 0.00453949
12 0.413965 0.321484 0.768945 0.642969 0.00365067
11 0.511035 0.484473 0.443555 0.29668 0.00342941
13 0.506641 0.413672 0.482031 0.4875 0.00331116
19 0.589063 0.480078 0.292188 0.272656 0.00302696
12 0.543066 0.331055 0.74043 0.662109 0.00168133
3 0.510254 0.472754 0.431055 0.29043 0.00159168
15 0.513672 0.484277 0.439844 0.292383 0.00148964
13 0.413965 0.321484 0.768945 0.642969 0.00134087
16 0.512891 0.519629 0.530469 0.38418 0.00110722
9 0.521191 0.488379 0.432617 0.26543 0.166626
7 0.518359 0.488672 0.441406 0.250781 0.0682983
18 0.521191 0.488379 0.432617 0.26543 0.0507202
6 0.518359 0.488672 0.441406 0.250781 0.0408325
24 0.521191 0.488379 0.432617 0.26543 0.0408325
2 0.514844 0.493359 0.434375 0.274219 0.0134277
4 0.514844 0.493359 0.434375 0.274219 0.0102921
23 0.512109 0.493359 0.435156 0.275781 0.00898743
16 0.514844 0.493359 0.434375 0.274219 0.0086441
14 0.512109 0.493359 0.435156 0.275781 0.00466537
0 0.509375 0.492969 0.435937 0.25625 0.00379562
11 0.510547 0.488672 0.439844 0.246875 0.00331116
3 0.510547 0.488672 0.439844 0.246875 0.00239754
10 0.512109 0.493359 0.435156 0.275781 0.00118828
9 0.51416 0.49541 0.44668 0.282617 0.680664
24 0.51416 0.49541 0.44668 0.282617 0.327637
7 0.510938 0.496094 0.44375 0.284375 0.0549927
6 0.510938 0.496094 0.44375 0.284375 0.0492249
18 0.510938 0.496094 0.44375 0.284375 0.0455322
4 0.521094 0.500684 0.461719 0.286133 0.0307922
23 0.517578 0.500098 0.457813 0.28418 0.0166626
2 0.521094 0.500684 0.461719 0.286133 0.00812531
16 0.525 0.507422 0.464844 0.291406 0.00481033
14 0.517578 0.500098 0.457813 0.28418 0.00431442
0 0.525 0.507422 0.464844 0.291406 0.00279999
11 0.520312 0.489941 0.453906 0.28418 0.00245285
5 0.51416 0.49541 0.44668 0.282617 0.00153637
3 0.509473 0.493359 0.445117 0.269531 0.00134087
11 0.54375 0.805859 0.448438 0.388281 0.00106907
9 0.514453 0.492969 0.449219 0.298438 0.70752
24 0.513379 0.493652 0.438867 0.292383 0.190674
4 0.518359 0.490625 0.427344 0.288281 0.0448608
2 0.517578 0.496875 0.453125 0.29375 0.0304413
18 0.514453 0.492969 0.449219 0.298438 0.0146179
23 0.514453 0.492969 0.449219 0.298438 0.0144501
0 0.516406 0.483203 0.426563 0.266406 0.0112457
14 0.517969 0.492578 0.43125 0.289062 0.00933838
7 0.509766 0.487891 0.435156 0.277344 0.00723267
6 0.511719 0.490723 0.446875 0.29043 0.00720596
16 0.517578 0.496875 0.453125 0.29375 0.00482941
19 0.571875 0.453906 0.321875 0.39375 0.00411606
5 0.517969 0.492578 0.43125 0.289062 0.0030632
25 0.517969 0.492578 0.43125 0.289062 0.0019722
11 0.516406 0.483203 0.426563 0.266406 0.00104046
9 0.521875 0.499121 0.470313 0.298633 0.85498
4 0.521875 0.499121 0.470313 0.298633 0.406494
24 0.51709 0.496777 0.464258 0.289258 0.0953369
23 0.521875 0.499121 0.470313 0.298633 0.0303345
14 0.521875 0.499121 0.470313 0.298633 0.0219421
0 0.515234 0.471484 0.455469 0.294531 0.0165253
11 0.396094 0.791602 0.792188 0.416797 0.0106506
2 0.518848 0.485254 0.47168 0.329492 0.00793457
11 0.515234 0.471484 0.455469 0.294531 0.00757599
5 0.51709 0.496777 0.464258 0.289258 0.00743103
11 0.521875 0.829297 0.51875 0.341406 0.00643921
25 0.51709 0.496777 0.464258 0.289258 0.00391388
18 0.522266 0.494531 0.457031 0.284375 0.00336266
6 0.519922 0.497656 0.480469 0.320312 0.00276756
4 0.507715 0.438281 0.456445 0.338281 0.00259018
6 0.521875 0.829297 0.51875 0.341406 0.00211525
6 0.396094 0.791602 0.792188 0.416797 0.0020504
7 0.521875 0.829297 0.51875 0.341406 0.00145531
0 0.396094 0.791602 0.792188 0.416797 0.00129414
7 0.396094 0.791602 0.792188 0.416797 0.00126934
14 0.507715 0.438281 0.456445 0.338281 0.00117874
2 0.521875 0.829297 0.51875 0.341406 0.0011425
7 0.5125 0.471094 0.454688 0.299219 0.00110722
9 0.523047 0.495996 0.458594 0.27832 0.21936
7 0.519531 0.492578 0.448438 0.246094 0.0414734
18 0.51875 0.489844 0.448438 0.25625 0.0399475
6 0.519531 0.492578 0.448438 0.246094 0.0271149
24 0.523047 0.495996 0.458594 0.27832 0.0244293
7 0.475391 0.489063 0.375 0.184375 0.0219421
2 0.51875 0.489844 0.448438 0.25625 0.0183411
23 0.519531 0.492578 0.448438 0.246094 0.0151901
6 0.475391 0.489063 0.375 0.184375 0.0115967
14 0.519531 0.492578 0.448438 0.246094 0.00734711
16 0.51875 0.489844 0.448438 0.25625 0.00677109
4 0.522656 0.501953 0.471875 0.289062 0.00605011
12 0.411328 0.655078 0.822656 0.689844 0.00570679
18 0.475391 0.489063 0.375 0.184375 0.00564194
11 0.517578 0.483594 0.452344 0.245312 0.0049057
19 0.585938 0.453125 0.3 0.390625 0.00445175
11 0.470703 0.830078 0.591406 0.339844 0.00362206
11 0.560938 0.863281 0.403125 0.273438 0.00329781
9 0.475391 0.489063 0.375 0.184375 0.00313568
23 0.475391 0.489063 0.375 0.184375 0.003088
0 0.514453 0.491797 0.449219 0.267969 0.00288963
13 0.411328 0.655078 0.822656 0.689844 0.00269318
11 0.394922 0.716406 0.789844 0.567187 0.00232315
24 0.475391 0.489063 0.375 0.184375 0.00225258
3 0.517578 0.483594 0.452344 0.245312 0.00200272
2 0.475391 0.489063 0.375 0.184375 0.0019722
10 0.522656 0.501953 0.471875 0.289062 0.0017271
7 0.553125 0.95625 0.396875 0.0875 0.0016489
14 0.475391 0.489063 0.375 0.184375 0.00151253
4 0.475391 0.489063 0.375 0.184375 0.00138855
16 0.452734 0.491406 0.328906 0.217188 0.00134563
12 0.401172 0.293359 0.802344 0.586719 0.00125504
0 0.475391 0.489063 0.375 0.184375 0.0012064
15 0.394922 0.716406 0.789844 0.567187 0.00113392
11 0.475391 0.489063 0.375 0.184375 0.00112057
9 0.519922 0.496094 0.467187 0.285938 0.859863
6 0.519922 0.496094 0.467187 0.285938 0.0552063
4 0.520703 0.497266 0.467187 0.272656 0.0287018
2 0.517969 0.491406 0.454688 0.267188 0.0272675
24 0.520703 0.497266 0.467187 0.272656 0.0184784
23 0.519922 0.496094 0.467187 0.285938 0.0132751
18 0.517969 0.491406 0.454688 0.267188 0.0126266
11 0.518848 0.487891 0.448242 0.274219 0.00701141
14 0.520703 0.497266 0.467187 0.272656 0.00629044
7 0.517969 0.491406 0.454688 0.267188 0.0050621
16 0.519141 0.491504 0.467969 0.28418 0.00388527
0 0.515527 0.482812 0.448633 0.272656 0.00282288
10 0.519922 0.496094 0.467187 0.285938 0.00167465
3 0.515527 0.482812 0.448633 0.272656 0.0012064
9 0.513672 0.482715 0.440625 0.276758 0.994141
24 0.513672 0.482715 0.440625 0.276758 0.191284
4 0.513672 0.482715 0.440625 0.276758 0.187134
6 0.511719 0.486816 0.4375 0.298242 0.0736694
18 0.513672 0.482715 0.440625 0.276758 0.0453491
23 0.521094 0.488965 0.4625 0.286133 0.0450134
2 0.521094 0.488965 0.4625 0.286133 0.0245209
7 0.501172 0.465234 0.433594 0.288281 0.0127716
11 0.508594 0.478516 0.45 0.299219 0.00881195
14 0.513672 0.482715 0.440625 0.276758 0.00751877
2 0.500781 0.445996 0.446094 0.331445 0.00502014
12 0.504687 0.441797 0.490625 0.460156 0.00388527
19 0.578125 0.460547 0.324219 0.410938 0.00358009
13 0.494434 0.353516 0.533008 0.632031 0.00327301
13 0.504687 0.441797 0.490625 0.460156 0.00299263
16 0.515625 0.489453 0.450781 0.290625 0.00271416
19 0.626172 0.688281 0.296094 0.375 0.00253105
12 0.494434 0.353516 0.533008 0.632031 0.00243378
10 0.515625 0.489453 0.450781 0.290625 0.002388
0 0.515625 0.489453 0.450781 0.290625 0.00228691
5 0.513672 0.482715 0.440625 0.276758 0.00181007
3 0.501172 0.465234 0.433594 0.288281 0.0014782
15 0.515625 0.489453 0.450781 0.290625 0.0011158
9 0.519141 0.508984 0.458594 0.332031 0.983887
4 0.519141 0.508984 0.458594 0.332031 0.856934
14 0.520703 0.509375 0.460938 0.342187 0.19812
23 0.520703 0.509375 0.460938 0.342187 0.142212
6 0.526172 0.507129 0.469531 0.335742 0.0413208
24 0.525781 0.507031 0.466406 0.329688 0.0288696
18 0.525781 0.507031 0.466406 0.329688 0.0195007
2 0.525781 0.507031 0.466406 0.329688 0.0148392
16 0.524316 0.500781 0.476367 0.33125 0.00460815
5 0.523047 0.505078 0.464844 0.332031 0.00457382
10 0.524316 0.500781 0.476367 0.33125 0.00400543
25 0.523047 0.505078 0.464844 0.332031 0.00233269
0 0.524316 0.500781 0.476367 0.33125 0.00219154
12 0.752539 0.528516 0.494922 0.905469 0.00143814
9 0.518359 0.492871 0.449219 0.287695 0.785156
24 0.524121 0.491504 0.467383 0.281055 0.119995
6 0.521094 0.484473 0.451562 0.279492 0.0863037
7 0.522656 0.485938 0.450781 0.271094 0.0794678
18 0.524121 0.491504 0.467383 0.281055 0.0710449
4 0.518359 0.492871 0.449219 0.287695 0.0205231
2 0.515234 0.492578 0.442969 0.289844 0.00844574
23 0.518359 0.492871 0.449219 0.287695 0.00534439
16 0.522656 0.485938 0.450781 0.271094 0.00205803
11 0.518359 0.48125 0.453906 0.283594 0.0016489
0 0.515234 0.492578 0.442969 0.289844 0.00120163
14 0.518359 0.492871 0.449219 0.287695 0.00115108
3 0.516504 0.473535 0.456055 0.282617 0.00100803
9 0.512402 0.496094 0.437695 0.30625 0.73877
4 0.516406 0.505078 0.444531 0.295312 0.0603027
23 0.516406 0.505078 0.444531 0.295312 0.0560303
2 0.5125 0.49834 0.4375 0.276758 0.0411377
6 0.512891 0.481934 0.435156 0.283008 0.0347595
18 0.512891 0.481934 0.435156 0.283008 0.0339661
7 0.512891 0.481934 0.435156 0.283008 0.00930023
24 0.515234 0.488965 0.438281 0.295508 0.00881195
14 0.5125 0.49834 0.4375 0.276758 0.00443268
0 0.5125 0.49834 0.4375 0.276758 0.00340271
16 0.508496 0.494141 0.43457 0.299219 0.0015974
9 0.504687 0.484375 0.446094 0.296875 0.958008
18 0.506152 0.491016 0.44707 0.294531 0.173828
6 0.512598 0.486719 0.451367 0.296094 0.140869
24 0.506152 0.491016 0.44707 0.294531 0.0878906
23 0.5125 0.485547 0.453125 0.289062 0.0206451
7 0.5125 0.485547 0.453125 0.289062 0.0179901
2 0.511719 0.475391 0.453125 0.3 0.0133286
4 0.511719 0.475391 0.453125 0.3 0.0126266
16 0.510547 0.491797 0.449219 0.285938 0.00479126
10 0.5125 0.485547 0.453125 0.289062 0.00407028
0 0.513672 0.489063 0.460156 0.285938 0.00261116
14 0.5125 0.485547 0.453125 0.289062 0.00256157
19 0.562891 0.465527 0.332031 0.41582 0.00151253
11 0.505371 0.466406 0.45332 0.297656 0.00150108
9 0.52666 0.505371 0.456055 0.30957 0.262939
11 0.440625 0.807813 0.75 0.384375 0.0402527
23 0.523828 0.491797 0.455469 0.288281 0.0189819
14 0.523828 0.491797 0.455469 0.288281 0.0179901
4 0.523828 0.491797 0.455469 0.288281 0.0170441
11 0.410938 0.785937 0.821875 0.428125 0.00734711
2 0.523828 0.491797 0.455469 0.288281 0.00577545
11 0.523438 0.818555 0.6125 0.362891 0.00524139
18 0.524902 0.502734 0.45957 0.305469 0.00385475
6 0.525781 0.49541 0.454688 0.304492 0.00338936
24 0.524902 0.502734 0.45957 0.305469 0.00183105
11 0.469141 0.809375 0.816406 0.38125 0.00144958
10 0.523828 0.491797 0.455469 0.288281 0.00137234
16 0.521094 0.496191 0.464063 0.281055 0.00134563
0 0.521094 0.496191 0.464063 0.281055 0.00133514
4 0.478906 0.489453 0.21875 0.152344 0.00130939
9 0.517969 0.503223 0.470313 0.293555 0.963867
18 0.519922 0.48916 0.446094 0.26543 0.0847778
24 0.520996 0.496973 0.45957 0.27793 0.0287628
6 0.521484 0.499219 0.442188 0.26875 0.0150757
7 0.509766 0.485254 0.421094 0.256055 0.00919342
2 0.519922 0.48916 0.446094 0.26543 0.00714874
16 0.521191 0.505469 0.457617 0.280469 0.00677109
23 0.519922 0.48916 0.446094 0.26543 0.00329781
19 0.571094 0.463379 0.321875 0.412305 0.00132465
10 0.519922 0.48916 0.446094 0.26543 0.00130463
11 0.430469 0.695703 0.860938 0.608594 0.00123501
4 0.517969 0.503223 0.470313 0.293555 0.00114727
20 0.521191 0.505469 0.457617 0.280469 0.00101662
9 0.516406 0.497266 0.442969 0.278906 0.70752
6 0.519531 0.488965 0.451562 0.281445 0.0859985
23 0.519531 0.488965 0.451562 0.281445 0.0465393
2 0.518652 0.490234 0.456445 0.280469 0.0290833
18 0.516016 0.497754 0.453906 0.285742 0.0210419
4 0.519531 0.488965 0.451562 0.281445 0.0116882
14 0.519531 0.488965 0.451562 0.281445 0.00963593
24 0.516016 0.497754 0.453906 0.285742 0.00769424
11 0.527344 0.823633 0.523438 0.352734 0.00376511
7 0.518652 0.490234 0.456445 0.280469 0.0037365
11 0.485156 0.822852 0.685938 0.354297 0.00345612
19 0.561719 0.448438 0.315625 0.398438 0.00301552
1 0.547266 0.825977 0.480469 0.348047 0.0028553
17 0.505469 0.825781 0.626563 0.348438 0.00239754
8 0.527344 0.823633 0.523438 0.352734 0.00226974
11 0.565723 0.833203 0.395117 0.333594 0.00211525
17 0.547266 0.825977 0.480469 0.348047 0.00137806
21 0.485156 0.822852 0.685938 0.354297 0.00121593
8 0.485156 0.822852 0.685938 0.354297 0.00112915
9 0.512109 0.500684 0.453125 0.29707 0.883301
18 0.512109 0.500684 0.453125 0.29707 0.0736694
4 0.516016 0.501563 0.460938 0.284375 0.0221558
24 0.512109 0.500684 0.453125 0.29707 0.0178528
6 0.511621 0.503516 0.44707 0.299219 0.0173035
23 0.516309 0.497559 0.44707 0.295508 0.0104904
19 0.56875 0.454297 0.307813 0.402344 0.00746155
0 0.516016 0.501563 0.460938 0.284375 0.00664139
2 0.516016 0.501563 0.460938 0.284375 0.00568771
16 0.516016 0.501563 0.460938 0.284375 0.00367928
10 0.511621 0.503516 0.44707 0.299219 0.00174141
7 0.516309 0.497559 0.44707 0.295508 0.0017271
14 0.516016 0.501563 0.460938 0.284375 0.00166798
9 0.517188 0.504687 0.466406 0.314844 0.901855
6 0.514941 0.492871 0.448242 0.293945 0.083313
2 0.514941 0.492871 0.448242 0.293945 0.0137405
18 0.517188 0.504687 0.466406 0.314844 0.0125732
24 0.517188 0.504687 0.466406 0.314844 0.0118713
4 0.514941 0.492871 0.448242 0.293945 0.00737381
23 0.514941 0.492871 0.448242 0.293945 0.0037365
16 0.517188 0.504687 0.466406 0.314844 0.00182438
19 0.558203 0.465527 0.336719 0.42207 0.00178242
14 0.514941 0.492871 0.448242 0.293945 0.00145531
9 0.517578 0.492285 0.419531 0.270117 0.850098
6 0.516406 0.497656 0.415625 0.280469 0.0206451
4 0.516406 0.497656 0.415625 0.280469 0.0154266
2 0.516406 0.497656 0.415625 0.280469 0.0102081
24 0.520703 0.502344 0.433594 0.2875 0.0100098
19 0.551953 0.459375 0.317969 0.390625 0.00626373
18 0.520703 0.502344 0.433594 0.2875 0.00616837
23 0.517578 0.492285 0.419531 0.270117 0.00566483
16 0.517578 0.492285 0.419531 0.270117 0.00218201
4 0.575 0.438965 0.215625 0.14707 0.00171375
11 0.516016 0.489844 0.429688 0.284375 0.00112915
9 0.522754 0.499609 0.454492 0.308594 0.984863
4 0.525 0.497656 0.467187 0.3 0.412109
24 0.52666 0.495215 0.449805 0.298633 0.0226288
23 0.525 0.497656 0.467187 0.3 0.0176392
6 0.521094 0.484766 0.442969 0.300781 0.0120544
0 0.525 0.497656 0.467187 0.3 0.0106506
25 0.525 0.497656 0.467187 0.3 0.00348282
18 0.525684 0.500879 0.46582 0.310742 0.00154877
16 0.525 0.497656 0.467187 0.3 0.00144958
12 0.787891 0.534375 0.424219 0.834375 0.00133514
11 0.521094 0.484766 0.442969 0.300781 0.00123978
10 0.525 0.497656 0.467187 0.3 0.00104046
9 0.510059 0.491309 0.42832 0.281445 0.988281
24 0.512109 0.494531 0.433594 0.270313 0.0390625
4 0.512109 0.494531 0.433594 0.270313 0.00871277
18 0.512891 0.496094 0.439063 0.290625 0.00661469
6 0.509766 0.496875 0.427344 0.2875 0.0037365
16 0.512109 0.494531 0.433594 0.270313 0.00286674
0 0.511328 0.4875 0.428906 0.2625 0.00181007
5 0.509473 0.493359 0.42793 0.286719 0.00112915
2 0.512109 0.486621 0.427344 0.273633 0.00112057
23 0.512109 0.494531 0.433594 0.270313 0.0011158
9 0.516016 0.500391 0.449219 0.300781 0.994629
4 0.516504 0.502344 0.448242 0.30625 0.440674
23 0.516504 0.502344 0.448242 0.30625 0.016922
24 0.516016 0.500391 0.449219 0.300781 0.0120544
14 0.517578 0.499609 0.435156 0.305469 0.00519943
6 0.515723 0.499609 0.43418 0.285156 0.00494385
0 0.517188 0.501563 0.451562 0.309375 0.00471878
18 0.516504 0.502344 0.448242 0.30625 0.00400543
2 0.516406 0.5 0.438281 0.302344 0.00336266
16 0.516406 0.519531 0.470313 0.367188 0.00209999
25 0.516504 0.502344 0.448242 0.30625 0.0020504
11 0.517871 0.491406 0.445508 0.309375 0.00187492
10 0.516504 0.502344 0.448242 0.30625 0.00178909
9 0.520703 0.508594 0.467969 0.294531 0.964844
24 0.520703 0.508594 0.467969 0.294531 0.00706482
18 0.520703 0.508594 0.467969 0.294531 0.00629044
4 0.520703 0.506152 0.446094 0.283008 0.00612259
6 0.520703 0.506152 0.446094 0.283008 0.00510025
2 0.520312 0.507031 0.453906 0.277344 0.00382423
19 0.575391 0.466797 0.325781 0.411719 0.00210762
23 0.520312 0.507031 0.453906 0.277344 0.00113773
16 0.520312 0.507031 0.453906 0.277344 0.00112438
9 0.526563 0.497266 0.461719 0.314063 0.99707
24 0.526953 0.503516 0.469531 0.303906 0.0316162
2 0.526953 0.491797 0.467187 0.314063 0.0226288
4 0.526953 0.491797 0.467187 0.314063 0.0209656
19 0.580859 0.470703 0.338281 0.446094 0.0185394
18 0.525391 0.50166 0.469531 0.299805 0.0179901
6 0.528125 0.499219 0.453125 0.304688 0.00818634
23 0.525391 0.50166 0.469531 0.299805 0.00276756
16 0.528223 0.5 0.474805 0.298438 0.00231361
7 0.528223 0.5 0.474805 0.298438 0.0020752
16 0.430859 0.5125 0.280469 0.215625 0.00117874
14 0.523828 0.501953 0.460156 0.313281 0.00102806
9 0.525098 0.514453 0.462305 0.307813 0.998535
4 0.521777 0.502344 0.464258 0.313281 0.400635
24 0.524609 0.508496 0.460156 0.312695 0.0142288
6 0.521875 0.509375 0.465625 0.301563 0.0112457
5 0.520703 0.496484 0.477344 0.314844 0.00275803
23 0.521777 0.502344 0.464258 0.313281 0.00222588
14 0.519922 0.503027 0.471094 0.308008 0.00219917
25 0.521777 0.502344 0.464258 0.313281 0.00152493
18 0.526172 0.504687 0.459375 0.314063 0.00137234
2 0.521777 0.502344 0.464258 0.313281 0.00104046
9 0.528125 0.500098 0.471875 0.293555 0.990234
4 0.526953 0.500781 0.478906 0.289844 0.0505066
24 0.528125 0.500098 0.471875 0.293555 0.0134811
6 0.520312 0.491406 0.464063 0.284375 0.00479126
5 0.528516 0.497656 0.471875 0.295312 0.00179577
16 0.526953 0.500781 0.478906 0.289844 0.00174141
25 0.526953 0.500781 0.478906 0.289844 0.00160408
23 0.526953 0.500781 0.478906 0.289844 0.00157928
0 0.526953 0.500781 0.478906 0.289844 0.00149536
18 0.528125 0.500098 0.471875 0.293555 0.0011034
9 0.524609 0.507422 0.466406 0.336719 0.989258
4 0.519531 0.508691 0.446875 0.335742 0.124634
24 0.524609 0.507422 0.466406 0.336719 0.00871277
6 0.522656 0.505469 0.4625 0.332813 0.00362206
23 0.519531 0.508691 0.446875 0.335742 0.00332451
18 0.525391 0.503516 0.4625 0.332031 0.00259018
5 0.521094 0.508594 0.454688 0.339063 0.00226974
14 0.519531 0.508691 0.446875 0.335742 0.00202751
2 0.521094 0.508594 0.454688 0.339063 0.00190449
0 0.521777 0.505566 0.454883 0.33418 0.00148964
25 0.519531 0.508691 0.446875 0.335742 0.00139904
9 0.526563 0.50625 0.455469 0.284375 0.993164
4 0.525781 0.504687 0.446875 0.26875 0.0705566
24 0.527344 0.507129 0.45625 0.27168 0.00664139
23 0.525781 0.504687 0.446875 0.26875 0.00387001
2 0.527734 0.498047 0.453906 0.275781 0.00370789
6 0.532031 0.515234 0.440625 0.283594 0.00316048
25 0.525781 0.504687 0.446875 0.26875 0.00203514
16 0.525781 0.504687 0.446875 0.26875 0.00160408
0 0.525781 0.504687 0.446875 0.26875 0.00144386
18 0.527344 0.507129 0.45625 0.27168 0.00139904
9 0.519434 0.499219 0.445508 0.294531 0.937988
4 0.51875 0.493652 0.439063 0.29082 0.294189
24 0.519434 0.499219 0.445508 0.294531 0.00564194
25 0.521973 0.487109 0.448242 0.291406 0.00209999
6 0.51709 0.498047 0.429883 0.279687 0.00176144
14 0.520312 0.488281 0.447656 0.285156 0.00159168
0 0.521973 0.487109 0.448242 0.291406 0.00152493
23 0.520312 0.488281 0.447656 0.285156 0.00127888
9 0.525391 0.504004 0.439844 0.282617 0.877441
4 0.526953 0.504687 0.442969 0.280469 0.0552063
24 0.525781 0.503516 0.446875 0.284375 0.0143356
23 0.526953 0.504687 0.442969 0.280469 0.00952148
6 0.525781 0.503516 0.446875 0.284375 0.00905609
18 0.526953 0.504687 0.442969 0.280469 0.00717545
2 0.526953 0.504687 0.442969 0.280469 0.00290108
16 0.523828 0.501465 0.449219 0.29707 0.00214958
0 0.526953 0.504687 0.442969 0.280469 0.00211525
10 0.526953 0.504687 0.442969 0.280469 0.00100803
9 0.515527 0.494434 0.433008 0.27832 0.98291
4 0.517285 0.487109 0.435742 0.26875 0.0200653
24 0.512109 0.495703 0.417969 0.267969 0.00605011
6 0.508594 0.492578 0.411719 0.266406 0.00403976
16 0.514844 0.489063 0.428906 0.271094 0.00259018
0 0.517285 0.487109 0.435742 0.26875 0.00188255
2 0.505078 0.485547 0.407031 0.264844 0.0015974
25 0.517285 0.487109 0.435742 0.26875 0.00123024
9 0.525098 0.491504 0.451367 0.291992 0.95752
4 0.525 0.493848 0.451562 0.29043 0.0182343
24 0.527344 0.496777 0.464063 0.298633 0.00624084
6 0.524609 0.491309 0.447656 0.29082 0.006073
16 0.525 0.493848 0.451562 0.29043 0.00468063
0 0.525 0.493848 0.451562 0.29043 0.00109863
9 0.525 0.491016 0.471094 0.302344 0.987305
6 0.521875 0.4875 0.448438 0.2875 0.00831604
24 0.521777 0.486328 0.450195 0.288281 0.00740433
16 0.523535 0.486719 0.45918 0.294531 0.00352478
4 0.522656 0.484375 0.461719 0.292188 0.00150108
9 0.52041 0.482422 0.462305 0.310937 0.978516
6 0.516504 0.483203 0.457617 0.303906 0.0203705
24 0.522656 0.488379 0.474219 0.30918 0.00682449
16 0.520703 0.487109 0.467969 0.297656 0.00392914
16 0.47959 0.534766 0.400195 0.380469 0.00382423
16 0.432129 0.573047 0.323242 0.382031 0.00126457
9 0.516797 0.486816 0.460156 0.29043 0.976074
24 0.513379 0.48125 0.443555 0.282031 0.0164642
6 0.514844 0.483203 0.446875 0.285156 0.00963593
16 0.516016 0.480078 0.450781 0.286719 0.00757599
4 0.516406 0.483496 0.453125 0.28457 0.00387001
2 0.514453 0.476562 0.449219 0.283594 0.00124931
9 0.521094 0.474902 0.457813 0.283008 0.908691
24 0.518652 0.480469 0.450195 0.282813 0.0414734
6 0.513184 0.480371 0.442383 0.27832 0.014061
16 0.516504 0.478809 0.454492 0.283008 0.00503922
4 0.518652 0.480469 0.450195 0.282813 0.00234222
9 0.519922 0.476953 0.453906 0.273438 0.964355
6 0.516309 0.487109 0.451758 0.274219 0.0137939
24 0.516309 0.484473 0.448633 0.274805 0.00530243
4 0.517969 0.485547 0.451562 0.272656 0.00466537
16 0.518359 0.480859 0.457031 0.272656 0.00450516
9 0.516309 0.475391 0.445508 0.282813 0.942871
4 0.519141 0.482812 0.450781 0.278906 0.0189056
6 0.514941 0.479297 0.45293 0.283594 0.0178528
24 0.519141 0.482812 0.450781 0.278906 0.00498199
16 0.519141 0.482812 0.450781 0.278906 0.00362206
2 0.516309 0.475391 0.445508 0.282813 0.00113392
0 0.519141 0.482812 0.450781 0.278906 0.00100422
9 0.526172 0.489844 0.467969 0.282813 0.97168
6 0.524316 0.483984 0.45918 0.282813 0.0150757
24 0.524121 0.483691 0.461133 0.279492 0.00671768
4 0.525391 0.487109 0.457031 0.280469 0.00511932
16 0.525391 0.487109 0.457031 0.280469 0.00348282
9 0.528125 0.481641 0.464063 0.269531 0.932129
6 0.522656 0.486621 0.453125 0.26582 0.0209656
24 0.525 0.487109 0.460938 0.264844 0.012291
4 0.525 0.487109 0.460938 0.264844 0.00453949
16 0.526172 0.486035 0.455469 0.26543 0.0039444
9 0.516504 0.4875 0.437305 0.264844 0.977539
4 0.515234 0.483496 0.438281 0.270508 0.0190125
6 0.513281 0.4875 0.430469 0.271875 0.00937653
24 0.521973 0.483691 0.443555 0.270117 0.00544739
16 0.521973 0.483691 0.443555 0.270117 0.00332451
9 0.520312 0.488965 0.452344 0.270508 0.978027
4 0.522266 0.482031 0.449219 0.274219 0.0196838
6 0.518848 0.48291 0.438867 0.266992 0.00881195
24 0.522266 0.485938 0.45 0.274219 0.00213242
16 0.520312 0.484375 0.446094 0.271875 0.00186062
9 0.512891 0.488281 0.457031 0.277344 0.94873
16 0.513379 0.483984 0.454492 0.278906 0.0216217
24 0.513281 0.489746 0.452344 0.27207 0.00971222
6 0.514063 0.489453 0.452344 0.280469 0.00937653
4 0.515625 0.484375 0.457031 0.276563 0.00460815
9 0.523535 0.495703 0.468555 0.277344 0.96582
4 0.523047 0.493066 0.457031 0.276367 0.0268555
6 0.523047 0.49375 0.450781 0.273438 0.0147324
24 0.523047 0.493066 0.457031 0.276367 0.00355148
16 0.521191 0.49209 0.45918 0.27207 0.00296974
2 0.523438 0.488281 0.460938 0.275 0.00179577
9 0.519141 0.491406 0.44375 0.267188 0.991211
24 0.518652 0.482129 0.433008 0.263867 0.0078125
6 0.521094 0.492578 0.436719 0.255469 0.00577545
4 0.52041 0.487109 0.435742 0.260938 0.00542831
16 0.521094 0.486328 0.440625 0.264062 0.00534439
2 0.28418 0.583984 0.425391 0.277344 0.00104809
9 0.517969 0.488184 0.436719 0.258008 0.940918
4 0.516406 0.485938 0.428906 0.253125 0.019989
24 0.516406 0.485938 0.428906 0.253125 0.0171814
6 0.518359 0.487109 0.429688 0.255469 0.008255
16 0.518359 0.486719 0.432813 0.251563 0.00568771
2 0.516406 0.484766 0.432813 0.252344 0.00146103
9 0.525879 0.493066 0.46543 0.282617 0.947266
24 0.522266 0.490625 0.461719 0.274219 0.0103302
6 0.520996 0.490527 0.458008 0.276758 0.01017
4 0.519531 0.489844 0.4625 0.282031 0.00955963
16 0.522266 0.489844 0.460156 0.278906 0.00609589
9 0.517578 0.488672 0.435156 0.265625 0.963867
16 0.51875 0.486719 0.432031 0.260156 0.0148392
24 0.517578 0.488672 0.435156 0.265625 0.0139008
6 0.518848 0.489844 0.43418 0.259375 0.00703812
4 0.51875 0.483594 0.434375 0.260938 0.00214958
9 0.516406 0.491406 0.432813 0.267188 0.93457
16 0.519531 0.489453 0.429688 0.264844 0.0160217
4 0.520312 0.48916 0.434375 0.27168 0.0131226
6 0.52041 0.491406 0.432617 0.276563 0.00717545
24 0.520312 0.48916 0.434375 0.27168 0.00400543
2 0.326562 0.586719 0.48125 0.310937 0.00138283
2 0.722656 0.2 0.478125 0.307031 0.00109863
9 0.523438 0.492188 0.435156 0.280469 0.912598
6 0.522266 0.491016 0.43125 0.277344 0.00881195
16 0.523047 0.487891 0.435937 0.278125 0.00734711
24 0.521484 0.487598 0.430469 0.281055 0.00723267
4 0.521484 0.487598 0.430469 0.281055 0.00521851
2 0.296484 0.592188 0.442969 0.257812 0.00240517
9 0.522656 0.494922 0.442969 0.275781 0.920898
4 0.518066 0.492578 0.42793 0.267969 0.0387573
24 0.518066 0.492578 0.42793 0.267969 0.00894928
6 0.520996 0.492969 0.43457 0.269531 0.00508118
16 0.520996 0.492969 0.43457 0.269531 0.00237846
9 0.520703 0.486621 0.421875 0.254883 0.961426
6 0.520703 0.4875 0.408594 0.253125 0.0129242
4 0.520703 0.488184 0.416406 0.256445 0.00834656
24 0.526172 0.492188 0.410938 0.25625 0.00766754
16 0.525391 0.49209 0.425 0.251758 0.00158501
9 0.522266 0.484277 0.433594 0.256445 0.873047
24 0.520996 0.488184 0.426758 0.256445 0.0156021
6 0.51875 0.487598 0.416406 0.257617 0.00800323
4 0.520996 0.488184 0.426758 0.256445 0.00582123
16 0.520312 0.487109 0.426563 0.253906 0.00486755
9 0.517578 0.486328 0.421094 0.251563 0.829102
24 0.518359 0.486035 0.417188 0.249805 0.0189819
6 0.517969 0.485156 0.413281 0.250781 0.0102921
4 0.518359 0.486035 0.417188 0.249805 0.00653839
16 0.51875 0.489063 0.420312 0.246094 0.00353813
2 0.285547 0.591406 0.445312 0.279687 0.00220871
9 0.519531 0.494141 0.417188 0.24375 0.921875
24 0.515723 0.491504 0.42168 0.245117 0.016983
6 0.516016 0.487598 0.413281 0.245117 0.0055542
16 0.520703 0.496094 0.424219 0.233594 0.00453949
4 0.520703 0.496094 0.424219 0.233594 0.00196457
9 0.507812 0.494434 0.403125 0.243945 0.868652
4 0.506348 0.492285 0.404492 0.24668 0.0154877
6 0.505859 0.489844 0.396875 0.245312 0.0126266
24 0.508984 0.49541 0.408594 0.241992 0.00941467
2 0.291797 0.596094 0.439844 0.272656 0.00634003
16 0.507129 0.492578 0.404492 0.24375 0.00261116
2 0.504687 0.491016 0.407813 0.246875 0.00213242
9 0.513672 0.492188 0.421094 0.260938 0.95166
4 0.513672 0.49375 0.423438 0.2625 0.0107346
6 0.513672 0.491797 0.4125 0.255469 0.00787354
24 0.516016 0.493066 0.421875 0.254492 0.00337601
16 0.516016 0.493066 0.421875 0.254492 0.00290108
9 0.520703 0.489453 0.442188 0.271094 0.939453
4 0.521191 0.495313 0.438867 0.270313 0.021286
6 0.523047 0.492578 0.433594 0.267969 0.0102081
24 0.523047 0.494141 0.441406 0.266406 0.0029583
2 0.291797 0.594922 0.447656 0.274219 0.00254059
16 0.523047 0.494141 0.441406 0.266406 0.00168133
9 0.524609 0.487891 0.441406 0.271094 0.915039
4 0.524219 0.492871 0.4375 0.270508 0.0359497
6 0.524609 0.48916 0.435156 0.263867 0.0111618
24 0.524902 0.492285 0.442383 0.266992 0.00379562
16 0.524902 0.492285 0.442383 0.266992 0.00107765
9 0.521875 0.491016 0.435156 0.260938 0.94873
6 0.523438 0.493359 0.43125 0.258594 0.0115967
4 0.521973 0.495313 0.431055 0.2625 0.00766754
24 0.521973 0.495313 0.431055 0.2625 0.00251198
16 0.523047 0.494531 0.433594 0.257031 0.00162315
9 0.521191 0.497559 0.43418 0.264258 0.930176
4 0.521484 0.494531 0.43125 0.269531 0.0284424
6 0.522266 0.491797 0.433594 0.271875 0.00790405
24 0.519531 0.494141 0.436719 0.263281 0.00230598
9 0.523828 0.492285 0.442969 0.263867 0.948242
4 0.524121 0.495313 0.44082 0.260156 0.00985718
6 0.523828 0.492188 0.435937 0.265625 0.00898743
24 0.524121 0.495313 0.44082 0.260156 0.00316048
16 0.524121 0.495313 0.44082 0.260156 0.00211525
2 0.523828 0.492285 0.442969 0.263867 0.00104427
9 0.522559 0.486719 0.42832 0.2625 0.928711
6 0.523438 0.489453 0.425781 0.257031 0.00818634
24 0.525879 0.495215 0.424805 0.254883 0.00612259
4 0.522656 0.491797 0.425 0.259375 0.00402451
16 0.524609 0.492188 0.432813 0.259375 0.00158501
9 0.519922 0.494434 0.425 0.24707 0.934082
6 0.518652 0.490723 0.425195 0.251367 0.0114212
24 0.519922 0.492578 0.426563 0.25 0.0064888
4 0.519922 0.492578 0.426563 0.25 0.00407028
16 0.520215 0.492871 0.426758 0.243945 0.00327301
9 0.520703 0.491797 0.433594 0.255469 0.930176
6 0.521191 0.492188 0.432617 0.25625 0.0106506
24 0.520996 0.494922 0.42832 0.257812 0.005867
4 0.520996 0.494922 0.42832 0.257812 0.00323486
16 0.521094 0.494531 0.432813 0.253906 0.0029583
9 0.520215 0.492188 0.43457 0.259375 0.906738
6 0.521777 0.491406 0.433008 0.257812 0.00844574
24 0.520312 0.494531 0.429688 0.260938 0.0069313
16 0.521094 0.494531 0.433594 0.259375 0.00327301
4 0.520312 0.494531 0.429688 0.260938 0.00305176
2 0.520215 0.492188 0.43457 0.259375 0.00109482
9 0.521875 0.491016 0.439063 0.2625 0.9375
24 0.522754 0.493359 0.435742 0.264844 0.00905609
6 0.52334 0.496777 0.439258 0.261133 0.00609589
16 0.522754 0.49375 0.437305 0.2625 0.00540543
4 0.52334 0.496777 0.439258 0.261133 0.00359344
2 0.521875 0.491016 0.439063 0.2625 0.00102806
9 0.524902 0.490234 0.44082 0.273438 0.952148
6 0.525098 0.495215 0.44043 0.270508 0.0069313
4 0.525098 0.495215 0.44043 0.270508 0.00570679
24 0.525098 0.495215 0.44043 0.270508 0.00553513
16 0.525098 0.495215 0.44043 0.270508 0.00450516
2 0.524902 0.490234 0.44082 0.273438 0.00113392
9 0.52334 0.491309 0.442383 0.27207 0.963379
6 0.524219 0.495215 0.442188 0.27207 0.00740433
16 0.524219 0.495215 0.442188 0.27207 0.00557709
4 0.524219 0.495215 0.442188 0.27207 0.00544739
24 0.524219 0.495215 0.442188 0.27207 0.00424957
9 0.522754 0.489453 0.437305 0.264844 0.943848
24 0.524219 0.495313 0.439063 0.261719 0.00577545
6 0.524219 0.495313 0.439063 0.261719 0.00566483
16 0.523047 0.493652 0.435937 0.264258 0.00479126
4 0.524219 0.495313 0.439063 0.261719 0.00234985
9 0.521777 0.489453 0.437695 0.266406 0.93457
24 0.521875 0.49375 0.432813 0.265625 0.00800323
6 0.523828 0.494629 0.439844 0.262305 0.00634003
16 0.523828 0.494629 0.439844 0.262305 0.00484848
4 0.523828 0.494629 0.439844 0.262305 0.00317192
9 0.520703 0.487891 0.436719 0.264062 0.936523
24 0.520215 0.491797 0.431445 0.263281 0.0113754
16 0.521777 0.491406 0.43457 0.2625 0.00679779
6 0.521484 0.489844 0.432031 0.260938 0.00609589
4 0.522754 0.492871 0.438867 0.261133 0.00127411
9 0.51875 0.489063 0.432031 0.257031 0.932129
24 0.518848 0.491797 0.42793 0.254688 0.00664139
6 0.518359 0.489844 0.427344 0.252344 0.00643921
16 0.519141 0.492188 0.429688 0.254688 0.00432968
4 0.518848 0.491797 0.42793 0.254688 0.00211525
9 0.519141 0.490234 0.432813 0.257812 0.940918
6 0.519922 0.491016 0.43125 0.252344 0.00570679
24 0.519141 0.492578 0.428906 0.258594 0.00516129
16 0.521777 0.494922 0.43457 0.254688 0.00324821
4 0.519141 0.492578 0.428906 0.258594 0.00221634
9 0.519922 0.489453 0.43125 0.2625 0.945312
6 0.520215 0.490625 0.429883 0.257031 0.00566483
24 0.519922 0.493359 0.427344 0.261719 0.00457382
16 0.521875 0.493848 0.433594 0.25918 0.00319672
4 0.519922 0.493359 0.427344 0.261719 0.00269318
9 0.52041 0.489453 0.431055 0.261719 0.941895
6 0.521875 0.49375 0.433594 0.259375 0.00498199
24 0.521875 0.49375 0.433594 0.259375 0.00416565
16 0.521875 0.49375 0.433594 0.259375 0.00362206
4 0.520215 0.492969 0.426758 0.2625 0.00327301
9 0.52041 0.489063 0.429492 0.260938 0.939941
6 0.522656 0.494531 0.432813 0.258594 0.00502014
24 0.522656 0.494531 0.432813 0.258594 0.00424957
4 0.520703 0.492969 0.425 0.260938 0.00353813
16 0.522656 0.494531 0.432813 0.258594 0.00317192
9 0.521484 0.489063 0.432031 0.259375 0.927246
6 0.521875 0.490625 0.430469 0.255469 0.00445175
24 0.521777 0.492188 0.42832 0.259375 0.00424957
16 0.521875 0.493066 0.432031 0.257617 0.00331116
4 0.521777 0.492188 0.42832 0.259375 0.003088
9 0.520996 0.489746 0.429883 0.261133 0.930664
6 0.522559 0.49541 0.433008 0.260742 0.00475693
24 0.522559 0.49541 0.433008 0.260742 0.0046463
16 0.522559 0.49541 0.433008 0.260742 0.00380898
4 0.521094 0.493359 0.425781 0.261719 0.00352478
9 0.520703 0.496094 0.427344 0.257812 0.928711
24 0.521484 0.496191 0.433594 0.260742 0.00446701
6 0.519922 0.491406 0.427344 0.257812 0.00443268
4 0.519922 0.493848 0.426563 0.262305 0.00397491
16 0.521484 0.496191 0.433594 0.260742 0.00325966
9 0.521094 0.490234 0.433594 0.261719 0.914062
24 0.521094 0.493652 0.429688 0.262695 0.00508118
6 0.521094 0.491406 0.43125 0.257812 0.00482941
4 0.521094 0.493652 0.429688 0.262695 0.00340271
16 0.521484 0.493652 0.433594 0.261133 0.00314713
9 0.521191 0.490234 0.432617 0.260156 0.92041
6 0.521094 0.491797 0.430469 0.257031 0.00469971
24 0.520996 0.493652 0.42832 0.261133 0.00416565
16 0.521191 0.494141 0.432617 0.258594 0.00342941
4 0.520996 0.493652 0.42832 0.261133 0.00298119
9 0.520312 0.489844 0.43125 0.260938 0.931641
6 0.521094 0.491406 0.428906 0.257812 0.00446701
24 0.520703 0.492969 0.427344 0.261719 0.00407028
16 0.520996 0.493359 0.431445 0.259375 0.00348282
4 0.520703 0.492969 0.427344 0.261719 0.00263214
9 0.52041 0.489453 0.431055 0.260938 0.933594
6 0.520703 0.491016 0.428906 0.258594 0.00446701
24 0.520312 0.493066 0.426563 0.262305 0.00362206
16 0.522266 0.494922 0.433594 0.259375 0.00327301
4 0.520312 0.493066 0.426563 0.262305 0.00325966
9 0.520312 0.489941 0.430469 0.260742 0.933594
6 0.520703 0.491016 0.428906 0.258594 0.00453949
24 0.520312 0.492871 0.426563 0.261133 0.00380898
4 0.520312 0.492871 0.426563 0.261133 0.00328636
16 0.522559 0.494922 0.433008 0.258594 0.00286674
9 0.520312 0.489453 0.429688 0.260156 0.93457
6 0.520703 0.491016 0.428125 0.258594 0.00434875
24 0.52041 0.492969 0.426367 0.260938 0.00359344
4 0.52041 0.492969 0.426367 0.260938 0.00312424
16 0.521094 0.492871 0.429688 0.258008 0.00291252
9 0.520703 0.489453 0.430469 0.260156 0.93457
6 0.521094 0.491406 0.428125 0.258594 0.00439835
24 0.522559 0.494434 0.433008 0.258008 0.00365067
4 0.520703 0.492969 0.426563 0.260938 0.00325966
16 0.522559 0.494434 0.433008 0.258008 0.00314713
9 0.520703 0.489941 0.429688 0.25918 0.932129
6 0.521094 0.491406 0.427344 0.257812 0.00453949
24 0.522656 0.494531 0.432813 0.25625 0.00391388
4 0.520703 0.492969 0.425781 0.259375 0.00335121
16 0.522656 0.494531 0.432813 0.25625 0.00314713
9 0.521191 0.489453 0.431055 0.260156 0.933594
6 0.521094 0.491309 0.428906 0.258008 0.00403976
24 0.522656 0.494531 0.433594 0.257031 0.00359344
4 0.520996 0.492578 0.426758 0.260156 0.00317192
16 0.521484 0.492578 0.43125 0.257812 0.00298119
9 0.52041 0.489453 0.431055 0.260938 0.933594
6 0.520703 0.491016 0.428906 0.258594 0.00445175
24 0.520312 0.493066 0.426563 0.262305 0.00365067
4 0.520312 0.493066 0.426563 0.262305 0.00325966
16 0.522266 0.495215 0.433594 0.25957 0.00325966
