11 0.365625 0.425781 0.446875 0.292188 0.0064888
14 0.363477 0.432422 0.426172 0.291406 0.00408554
11 0.496484 0.313477 0.733594 0.540234 0.00332451
19 0.564844 0.759375 0.289062 0.385938 0.00322342
19 0.404687 0.38291 0.309375 0.332617 0.00321007
5 0.363477 0.427734 0.435547 0.289844 0.00313568
3 0.3625 0.439844 0.423438 0.298438 0.00269318
10 0.363477 0.427734 0.435547 0.289844 0.00258064
11 0.53291 0.392969 0.763867 0.4 0.00255013
19 0.348828 0.802344 0.327344 0.395313 0.00251198
9 0.363477 0.427734 0.435547 0.289844 0.00219917
11 0.496094 0.814063 0.732813 0.371875 0.00208282
19 0.349219 0.401953 0.330469 0.263281 0.00198746
4 0.363086 0.425391 0.448828 0.294531 0.00174141
20 0.363477 0.432422 0.426172 0.291406 0.00158501
3 0.53291 0.392969 0.763867 0.4 0.00153637
11 0.535547 0.521875 0.872656 0.876563 0.00151253
11 0.522266 0.670313 0.882031 0.659375 0.0014782
2 0.363477 0.432422 0.426172 0.291406 0.00146103
11 0.53125 0.384961 0.9375 0.769922 0.00145531
9 0.458496 0.426563 0.673633 0.314063 0.0014267
0 0.3625 0.439844 0.423438 0.298438 0.00141048
14 0.53291 0.392969 0.763867 0.4 0.00140476
11 0.330469 0.830469 0.421875 0.339063 0.00138855
5 0.424512 0.403906 0.596289 0.353125 0.00136662
11 0.458496 0.426563 0.673633 0.314063 0.00132465
11 0.499609 0.739844 0.841406 0.520312 0.00130939
0 0.53291 0.392969 0.763867 0.4 0.00124454
11 0.548047 0.298633 0.847656 0.597266 0.00118828
2 0.53291 0.392969 0.763867 0.4 0.0011692
0 0.551562 0.303516 0.85 0.607031 0.00114727
14 0.333398 0.836914 0.413672 0.326172 0.00112438
7 0.363477 0.432422 0.426172 0.291406 0.00110722
14 0.510547 0.769922 0.757031 0.460156 0.00108624
4 0.412891 0.819922 0.625781 0.360156 0.00105667
18 0.363477 0.432422 0.426172 0.291406 0.00104809
3 0.333398 0.836914 0.413672 0.326172 0.00104427
4 0.330469 0.830469 0.421875 0.339063 0.00104046
3 0.551562 0.303516 0.85 0.607031 0.00103664
9 0.330469 0.830469 0.421875 0.339063 0.00102806
22 0.5 0.703906 0.523438 0.592188 0.943359
17 0.469531 0.70293 0.588281 0.594141 0.901367
22 0.458691 0.662109 0.541992 0.675781 0.824219
17 0.404297 0.579297 0.558594 0.722656 0.680664
22 0.404297 0.579297 0.558594 0.722656 0.662109
22 0.528809 0.714648 0.714258 0.570703 0.611328
17 0.458203 0.637891 0.528906 0.724219 0.609375
17 0.495313 0.657813 0.740625 0.684375 0.560059
17 0.595313 0.321875 0.809375 0.64375 0.550781
22 0.649219 0.67207 0.701563 0.655859 0.509766
20 0.428906 0.548438 0.604688 0.782813 0.501953
17 0.389453 0.554785 0.489063 0.548242 0.458984
22 0.595313 0.321875 0.809375 0.64375 0.424316
17 0.61875 0.376172 0.7625 0.752344 0.424316
22 0.617578 0.596875 0.764844 0.80625 0.422607
20 0.469531 0.70293 0.588281 0.594141 0.407227
20 0.389453 0.554785 0.489063 0.548242 0.381104
22 0.389453 0.554785 0.489063 0.548242 0.376709
17 0.536035 0.734375 0.593555 0.53125 0.335449
22 0.61875 0.376172 0.7625 0.752344 0.313965
14 0.350391 0.515625 0.442188 0.474219 0.301514
17 0.45625 0.294531 0.815625 0.589063 0.294189
17 0.649219 0.67207 0.701563 0.655859 0.286865
17 0.689844 0.342578 0.620313 0.685156 0.260498
17 0.617578 0.596875 0.764844 0.80625 0.256836
22 0.298438 0.72168 0.596875 0.556641 0.252441
14 0.409766 0.559473 0.577344 0.56543 0.240112
11 0.409766 0.559473 0.577344 0.56543 0.233765
3 0.469531 0.70293 0.588281 0.594141 0.229492
20 0.266406 0.747461 0.532813 0.505078 0.228149
22 0.277539 0.775781 0.498047 0.448438 0.186523
22 0.689844 0.342578 0.620313 0.685156 0.181885
22 0.465723 0.6 0.774805 0.8 0.179565
20 0.267969 0.787891 0.511719 0.424219 0.169434
17 0.267969 0.787891 0.511719 0.424219 0.167236
22 0.45625 0.294531 0.815625 0.589063 0.164551
3 0.389453 0.554785 0.489063 0.548242 0.161377
17 0.66875 0.527344 0.6625 0.939063 0.15979
20 0.495313 0.657813 0.740625 0.684375 0.158203
17 0.266406 0.747461 0.532813 0.505078 0.156128
20 0.549609 0.32207 0.816406 0.644141 0.152588
11 0.43291 0.537109 0.66543 0.797656 0.148071
17 0.4625 0.589453 0.707812 0.821094 0.144653
22 0.341016 0.738672 0.545313 0.522656 0.139404
14 0.43291 0.537109 0.66543 0.797656 0.136108
14 0.32793 0.469434 0.394141 0.351758 0.12854
5 0.43291 0.537109 0.66543 0.797656 0.126831
1 0.528809 0.714648 0.714258 0.570703 0.125122
22 0.292188 0.802344 0.448438 0.395313 0.124634
22 0.66875 0.527344 0.6625 0.939063 0.123779
20 0.619531 0.348828 0.760938 0.697656 0.111633
11 0.298438 0.72168 0.596875 0.556641 0.110474
17 0.341016 0.738672 0.545313 0.522656 0.108948
22 0.378125 0.429688 0.495313 0.859375 0.103394
22 0.264453 0.775391 0.528906 0.449219 0.0994873
14 0.469531 0.70293 0.588281 0.594141 0.0980835
25 0.350391 0.515625 0.442188 0.474219 0.0933228
17 0.621484 0.455469 0.757031 0.910937 0.0927124
21 0.554688 0.738672 0.3125 0.433594 0.0913696
14 0.549609 0.32207 0.816406 0.644141 0.085083
17 0.645703 0.260938 0.708594 0.521875 0.0838623
22 0.569531 0.458984 0.860938 0.917969 0.0820923
17 0.480469 0.394531 0.870313 0.789062 0.0809326
20 0.3375 0.51875 0.414844 0.473438 0.076416
14 0.512402 0.675977 0.775195 0.648047 0.0758667
14 0.264453 0.775391 0.528906 0.449219 0.0755615
14 0.298438 0.72168 0.596875 0.556641 0.0742188
11 0.350391 0.515625 0.442188 0.474219 0.0739746
17 0.369336 0.321875 0.738672 0.64375 0.0734253
17 0.378125 0.429688 0.495313 0.859375 0.0720825
20 0.534473 0.730469 0.723242 0.539062 0.0678101
3 0.404297 0.579297 0.558594 0.722656 0.0668335
3 0.495313 0.657813 0.740625 0.684375 0.0653687
3 0.458203 0.637891 0.528906 0.724219 0.0614319
14 0.619531 0.348828 0.760938 0.697656 0.0605164
5 0.417578 0.553027 0.572656 0.550195 0.0596619
20 0.458203 0.637891 0.528906 0.724219 0.0596619
1 0.457129 0.644141 0.668555 0.711719 0.0587769
22 0.480469 0.394531 0.870313 0.789062 0.0564575
17 0.535156 0.710938 0.86875 0.578125 0.0560303
17 0.6875 0.607031 0.625 0.785937 0.0538025
1 0.549609 0.32207 0.816406 0.644141 0.0531921
25 0.409766 0.559473 0.577344 0.56543 0.0524292
24 0.43291 0.537109 0.66543 0.797656 0.0518494
19 0.554688 0.738672 0.3125 0.433594 0.0516663
11 0.528809 0.714648 0.714258 0.570703 0.0514526
3 0.266406 0.747461 0.532813 0.505078 0.0512695
16 0.409766 0.559473 0.577344 0.56543 0.0505066
3 0.595313 0.321875 0.809375 0.64375 0.049408
3 0.536035 0.734375 0.593555 0.53125 0.0483093
22 0.648047 0.743555 0.703906 0.512891 0.0481262
22 0.369336 0.321875 0.738672 0.64375 0.0479431
13 0.521484 0.69375 0.785156 0.6125 0.0479431
3 0.3375 0.51875 0.414844 0.473438 0.0477905
0 0.350391 0.515625 0.442188 0.474219 0.0460205
9 0.43291 0.537109 0.66543 0.797656 0.0458679
17 0.69375 0.429688 0.6125 0.859375 0.0445251
3 0.267969 0.787891 0.511719 0.424219 0.0438538
20 0.323438 0.733789 0.646875 0.532422 0.0435181
20 0.410938 0.294531 0.821875 0.589063 0.0433655
1 0.619531 0.348828 0.760938 0.697656 0.042572
25 0.5 0.703906 0.523438 0.592188 0.0422363
22 0.6875 0.607031 0.625 0.785937 0.0417786
22 0.528906 0.751172 0.864062 0.497656 0.0409851
14 0.410938 0.294531 0.821875 0.589063 0.0402527
14 0.357812 0.4 0.447656 0.8 0.0396423
22 0.645703 0.260938 0.708594 0.521875 0.0380249
17 0.648047 0.743555 0.703906 0.512891 0.0379028
14 0.536035 0.734375 0.593555 0.53125 0.0374756
24 0.409766 0.559473 0.577344 0.56543 0.037323
13 0.389453 0.554785 0.489063 0.548242 0.036499
22 0.69375 0.429688 0.6125 0.859375 0.0358276
8 0.528809 0.714648 0.714258 0.570703 0.0358276
3 0.648047 0.698438 0.703906 0.603125 0.0354004
14 0.458203 0.637891 0.528906 0.724219 0.033844
20 0.571875 0.410938 0.85625 0.821875 0.0323486
14 0.465723 0.6 0.774805 0.8 0.0319824
14 0.292188 0.802344 0.448438 0.395313 0.0318604
16 0.350391 0.515625 0.442188 0.474219 0.03125
25 0.428906 0.548438 0.604688 0.782813 0.03125
3 0.61875 0.376172 0.7625 0.752344 0.0298767
13 0.428906 0.548438 0.604688 0.782813 0.0294189
20 0.648047 0.698438 0.703906 0.603125 0.0293121
20 0.378125 0.429688 0.495313 0.859375 0.0279083
17 0.286719 0.729688 0.459375 0.540625 0.0274811
2 0.350391 0.515625 0.442188 0.474219 0.0273743
10 0.3375 0.51875 0.414844 0.473438 0.0271759
10 0.512402 0.675977 0.775195 0.648047 0.0270691
1 0.401953 0.614062 0.633594 0.771875 0.0270081
20 0.411328 0.585938 0.805469 0.828125 0.0262604
17 0.3375 0.51875 0.414844 0.473438 0.026062
1 0.392188 0.322266 0.784375 0.644531 0.026001
20 0.69043 0.373828 0.619141 0.747656 0.0258636
22 0.744531 0.304297 0.510938 0.608594 0.0256653
20 0.64375 0.428516 0.7125 0.857031 0.025177
17 0.744531 0.304297 0.510938 0.608594 0.0249939
3 0.617578 0.596875 0.764844 0.80625 0.0249939
13 0.306445 0.721484 0.612891 0.557031 0.0243378
13 0.561328 0.350195 0.839844 0.700391 0.0236969
14 0.331641 0.699219 0.503906 0.601562 0.0234222
3 0.414062 0.322266 0.828125 0.644531 0.0230713
11 0.267969 0.787891 0.511719 0.424219 0.0229797
10 0.469531 0.70293 0.588281 0.594141 0.0228882
17 0.223828 0.78457 0.447656 0.430859 0.0222931
18 0.350391 0.515625 0.442188 0.474219 0.0219421
1 0.5 0.703906 0.523438 0.592188 0.0217743
20 0.331641 0.699219 0.503906 0.601562 0.0214539
1 0.619531 0.428906 0.760938 0.857813 0.0212402
25 0.264453 0.775391 0.528906 0.449219 0.0211182
14 0.69043 0.373828 0.619141 0.747656 0.0209656
13 0.45625 0.322266 0.825 0.644531 0.0207214
13 0.266406 0.747461 0.532813 0.505078 0.0207214
2 0.409766 0.559473 0.577344 0.56543 0.0205688
1 0.66875 0.555078 0.6625 0.889844 0.02034
1 0.480469 0.394531 0.870313 0.789062 0.0202942
17 0.696094 0.249219 0.607813 0.498437 0.0202484
1 0.69043 0.373828 0.619141 0.747656 0.0201721
10 0.417578 0.553027 0.572656 0.550195 0.0198669
14 0.277539 0.775781 0.498047 0.448438 0.0196381
8 0.549609 0.32207 0.816406 0.644141 0.0195618
14 0.62041 0.262891 0.75918 0.525781 0.0194244
14 0.571875 0.410938 0.85625 0.821875 0.0190582
22 0.337891 0.478516 0.411719 0.383594 0.0190582
20 0.617578 0.596875 0.764844 0.80625 0.0188293
20 0.66875 0.527344 0.6625 0.939063 0.018692
13 0.465723 0.6 0.774805 0.8 0.0186157
3 0.4625 0.589453 0.707812 0.821094 0.0185394
13 0.506348 0.719727 0.54043 0.560547 0.0185394
13 0.642969 0.375391 0.714063 0.750781 0.0183411
17 0.296289 0.335156 0.592578 0.670313 0.0181274
8 0.45791 0.685156 0.549805 0.629687 0.0181274
11 0.465723 0.6 0.774805 0.8 0.0178528
20 0.66875 0.2875 0.6625 0.575 0.0177765
25 0.458691 0.662109 0.541992 0.675781 0.0177155
24 0.266406 0.747461 0.532813 0.505078 0.0174408
13 0.267969 0.787891 0.511719 0.424219 0.0173035
3 0.689844 0.342578 0.620313 0.685156 0.0170441
20 0.209766 0.776563 0.419531 0.446875 0.0164032
11 0.257617 0.759375 0.515234 0.48125 0.0164032
20 0.438281 0.404687 0.876563 0.809375 0.0162811
10 0.266406 0.747461 0.532813 0.505078 0.0161591
11 0.45791 0.685156 0.549805 0.629687 0.016098
13 0.3375 0.51875 0.414844 0.473438 0.0158997
17 0.352734 0.396094 0.705469 0.792188 0.0158386
14 0.266406 0.682422 0.514844 0.635156 0.0158386
8 0.619531 0.348828 0.760938 0.697656 0.0157776
9 0.409766 0.559473 0.577344 0.56543 0.0156708
14 0.419434 0.503516 0.50332 0.886719 0.0156708
14 0.191211 0.774219 0.382422 0.451562 0.0156708
20 0.286719 0.729688 0.459375 0.540625 0.0154877
16 0.32793 0.469434 0.394141 0.351758 0.0153046
3 0.66875 0.527344 0.6625 0.939063 0.0153046
14 0.645312 0.451562 0.709375 0.903125 0.0151901
20 0.375 0.356641 0.75 0.713281 0.0150757
22 0.734375 0.569922 0.53125 0.860156 0.0149536
20 0.349219 0.77793 0.5875 0.444141 0.0149002
17 0.607813 0.225781 0.721875 0.451562 0.0147858
14 0.648047 0.698438 0.703906 0.603125 0.0146179
5 0.280078 0.715234 0.560156 0.569531 0.014061
14 0.374609 0.410938 0.621875 0.821875 0.0140076
17 0.283203 0.722266 0.566406 0.555469 0.0139542
17 0.734766 0.599609 0.530469 0.800781 0.0139008
9 0.298438 0.72168 0.596875 0.556641 0.0138474
16 0.267969 0.787891 0.511719 0.424219 0.0137405
1 0.325586 0.343359 0.651172 0.686719 0.0136871
25 0.298438 0.72168 0.596875 0.556641 0.0135345
13 0.569531 0.458984 0.860938 0.917969 0.0134277
3 0.378125 0.429688 0.495313 0.859375 0.0131683
14 0.617578 0.596875 0.764844 0.80625 0.0131226
5 0.323438 0.733789 0.646875 0.532422 0.0131226
3 0.323438 0.733789 0.646875 0.532422 0.0130692
10 0.428906 0.548438 0.604688 0.782813 0.0129242
11 0.549609 0.32207 0.816406 0.644141 0.0128708
13 0.309766 0.525781 0.619531 0.871875 0.0127258
16 0.43291 0.537109 0.66543 0.797656 0.0127258
13 0.378125 0.429688 0.495313 0.859375 0.0126266
14 0.438281 0.404687 0.876563 0.809375 0.012291
14 0.344336 0.320703 0.688672 0.641406 0.012146
25 0.292188 0.802344 0.448438 0.395313 0.0120087
5 0.3375 0.51875 0.414844 0.473438 0.0119629
0 0.391797 0.566797 0.496875 0.589844 0.0119171
14 0.689063 0.525781 0.621875 0.9375 0.0118713
1 0.371289 0.407031 0.742578 0.814063 0.0115051
8 0.389453 0.554785 0.489063 0.548242 0.011467
20 0.55 0.754492 0.6 0.491016 0.0113297
13 0.45791 0.685156 0.549805 0.629687 0.0112915
18 0.409766 0.559473 0.577344 0.56543 0.0112
13 0.620703 0.291406 0.758594 0.582812 0.0111618
1 0.66875 0.2875 0.6625 0.575 0.0111618
14 0.691016 0.284375 0.617969 0.56875 0.0110321
22 0.296289 0.335156 0.592578 0.670313 0.0108566
22 0.696094 0.249219 0.607813 0.498437 0.0108185
13 0.438281 0.404687 0.876563 0.809375 0.0108185
1 0.694141 0.450781 0.611719 0.901563 0.0108185
22 0.352734 0.396094 0.705469 0.792188 0.0107346
1 0.667578 0.634375 0.664844 0.73125 0.0107346
14 0.164355 0.755078 0.328711 0.386719 0.0106506
0 0.27793 0.796484 0.487891 0.407031 0.0106506
13 0.331641 0.699219 0.503906 0.601562 0.0105667
3 0.494141 0.266406 0.789844 0.532813 0.0104904
13 0.283203 0.420312 0.566406 0.840625 0.0104904
3 0.331641 0.699219 0.503906 0.601562 0.0104065
8 0.465723 0.6 0.774805 0.8 0.0103302
0 0.5 0.703906 0.523438 0.592188 0.0102463
24 0.323438 0.733789 0.646875 0.532422 0.0102081
1 0.448828 0.266406 0.797656 0.532813 0.01017
13 0.616016 0.5625 0.767969 0.875 0.01017
22 0.358008 0.805664 0.585547 0.388672 0.01017
13 0.286719 0.729688 0.459375 0.540625 0.0100555
11 0.619531 0.348828 0.760938 0.697656 0.0100098
9 0.257617 0.759375 0.515234 0.48125 0.00967407
16 0.266406 0.747461 0.532813 0.505078 0.00963593
8 0.423047 0.355078 0.846094 0.710156 0.00959778
13 0.510059 0.757031 0.645508 0.485938 0.00941467
1 0.277539 0.775781 0.498047 0.448438 0.00926971
13 0.691797 0.405078 0.616406 0.810156 0.00919342
21 0.256445 0.785937 0.512891 0.428125 0.00919342
3 0.480469 0.394531 0.870313 0.789062 0.00905609
11 0.357812 0.4 0.447656 0.8 0.00905609
1 0.374609 0.410938 0.621875 0.821875 0.00901794
20 0.320312 0.317773 0.640625 0.635547 0.00894928
1 0.263867 0.736719 0.527734 0.526563 0.0088501
25 0.32793 0.469434 0.394141 0.351758 0.00881195
1 0.378125 0.429688 0.495313 0.859375 0.00871277
17 0.29707 0.444531 0.594141 0.889063 0.0086441
16 0.223828 0.78457 0.447656 0.430859 0.00857544
20 0.6875 0.607031 0.625 0.785937 0.00854492
1 0.309766 0.525781 0.619531 0.871875 0.0085144
17 0.374609 0.410938 0.621875 0.821875 0.00837708
0 0.32793 0.469434 0.394141 0.351758 0.00837708
17 0.358008 0.805664 0.585547 0.388672 0.00831604
11 0.32793 0.469434 0.394141 0.351758 0.00828552
21 0.389453 0.554785 0.489063 0.548242 0.00828552
13 0.375 0.356641 0.75 0.713281 0.008255
13 0.648047 0.698438 0.703906 0.603125 0.008255
17 0.444629 0.790039 0.681055 0.419922 0.008255
11 0.510059 0.757031 0.645508 0.485938 0.00821686
3 0.621484 0.455469 0.757031 0.910937 0.00818634
11 0.647656 0.719336 0.704688 0.561328 0.00818634
8 0.3375 0.51875 0.414844 0.473438 0.00812531
22 0.332813 0.747656 0.665625 0.504687 0.00812531
3 0.286719 0.729688 0.459375 0.540625 0.00809479
23 0.3375 0.51875 0.414844 0.473438 0.00806427
17 0.332813 0.747656 0.665625 0.504687 0.00806427
22 0.444629 0.790039 0.681055 0.419922 0.00806427
1 0.669141 0.713672 0.661719 0.572656 0.00800323
20 0.225 0.757422 0.45 0.485156 0.0078125
10 0.267969 0.787891 0.511719 0.424219 0.0077858
22 0.374609 0.410938 0.621875 0.821875 0.00775528
8 0.571875 0.410938 0.85625 0.821875 0.00775528
3 0.209766 0.776563 0.419531 0.446875 0.00772476
17 0.385156 0.229687 0.765625 0.459375 0.00769424
2 0.469531 0.70293 0.588281 0.594141 0.00769424
3 0.6875 0.607031 0.625 0.785937 0.00763702
1 0.391797 0.566797 0.496875 0.589844 0.00760651
0 0.596484 0.292383 0.805469 0.584766 0.00751877
13 0.374609 0.410938 0.621875 0.821875 0.00748825
9 0.534473 0.730469 0.723242 0.539062 0.00746155
17 0.191211 0.774219 0.382422 0.451562 0.00728989
24 0.267969 0.787891 0.511719 0.424219 0.00720596
19 0.573438 0.76875 0.309375 0.35625 0.218628
21 0.573438 0.76875 0.309375 0.35625 0.0797729
16 0.58125 0.781445 0.28125 0.318359 0.0237732
16 0.410254 0.410059 0.35918 0.308008 0.0230713
13 0.578125 0.776563 0.295312 0.346875 0.0162811
19 0.407031 0.400781 0.351562 0.304688 0.0146713
21 0.557031 0.707812 0.292188 0.389062 0.0116882
19 0.576172 0.810156 0.271875 0.3 0.011467
16 0.347656 0.436328 0.41875 0.313281 0.0053215
2 0.323047 0.428516 0.401563 0.294531 0.00471878
1 0.3 0.731836 0.478906 0.536328 0.00402451
4 0.347656 0.436328 0.41875 0.313281 0.00358009
19 0.557031 0.707812 0.292188 0.389062 0.00345612
0 0.340283 0.430859 0.399902 0.292969 0.00327301
22 0.3 0.731836 0.478906 0.536328 0.00309944
11 0.347656 0.436328 0.41875 0.313281 0.00304031
1 0.574219 0.735938 0.246875 0.445312 0.00300407
21 0.361719 0.771484 0.365625 0.360156 0.00279999
12 0.407813 0.671875 0.76875 0.65625 0.00279045
17 0.3 0.731836 0.478906 0.536328 0.00277901
12 0.511719 0.683691 0.460156 0.632617 0.00275803
14 0.323047 0.428516 0.401563 0.294531 0.00271416
1 0.511719 0.683691 0.460156 0.632617 0.00261116
6 0.34375 0.439063 0.409375 0.289062 0.00251198
1 0.312891 0.678613 0.625781 0.642773 0.00219154
21 0.575391 0.81543 0.280469 0.303516 0.00217438
17 0.574219 0.735938 0.246875 0.445312 0.00216484
12 0.347656 0.436328 0.41875 0.313281 0.00206757
19 0.361719 0.771484 0.365625 0.360156 0.0020504
1 0.340283 0.430859 0.399902 0.292969 0.00201035
25 0.340283 0.430859 0.399902 0.292969 0.00194931
12 0.54375 0.656641 0.603125 0.686719 0.00188255
17 0.340283 0.430859 0.399902 0.292969 0.00185299
1 0.575781 0.810156 0.248438 0.257812 0.00178909
12 0.574219 0.735938 0.246875 0.445312 0.00175476
12 0.312891 0.678613 0.625781 0.642773 0.00168705
1 0.54375 0.656641 0.603125 0.686719 0.00161648
13 0.557813 0.721094 0.29375 0.382812 0.00160408
22 0.574219 0.735938 0.246875 0.445312 0.0015974
12 0.615234 0.698438 0.769531 0.603125 0.00158501
12 0.292188 0.42959 0.584375 0.326758 0.0015192
13 0.300781 0.437109 0.4625 0.305469 0.00150108
7 0.300781 0.437109 0.4625 0.305469 0.00148964
12 0.3 0.731836 0.478906 0.536328 0.00148392
16 0.564844 0.816992 0.239063 0.287891 0.00142097
12 0.357812 0.701953 0.715625 0.596094 0.00141048
12 0.561719 0.695312 0.33125 0.609375 0.00140476
3 0.347656 0.436328 0.41875 0.313281 0.00139427
23 0.300781 0.437109 0.4625 0.305469 0.00136185
18 0.300781 0.437109 0.4625 0.305469 0.00134563
12 0.453809 0.617969 0.77832 0.764063 0.00134563
13 0.532422 0.710156 0.367188 0.579688 0.00133514
1 0.407813 0.671875 0.76875 0.65625 0.00129414
9 0.34375 0.439063 0.409375 0.289062 0.0012846
12 0.324219 0.376953 0.648438 0.753906 0.00127888
12 0.572559 0.751563 0.464258 0.496875 0.0012598
1 0.281836 0.430371 0.563672 0.30332 0.00118828
1 0.538672 0.805469 0.332813 0.378125 0.00117874
2 0.281836 0.430371 0.563672 0.30332 0.00117397
22 0.340283 0.430859 0.399902 0.292969 0.00117397
1 0.357031 0.737891 0.334375 0.524219 0.00115585
12 0.684375 0.724219 0.63125 0.551562 0.00115108
24 0.34375 0.439063 0.409375 0.289062 0.00114727
12 0.384277 0.735938 0.636133 0.528125 0.00114727
17 0.357031 0.737891 0.334375 0.524219 0.00113773
16 0.574219 0.845313 0.270313 0.309375 0.00113392
12 0.694141 0.471094 0.611719 0.814063 0.00112438
13 0.292188 0.42959 0.584375 0.326758 0.00108147
22 0.3625 0.703516 0.65625 0.592969 0.00107288
12 0.357031 0.737891 0.334375 0.524219 0.00105667
20 0.300781 0.437109 0.4625 0.305469 0.00105286
17 0.589063 0.827344 0.245312 0.24375 0.00105286
17 0.312891 0.678613 0.625781 0.642773 0.00103188
12 0.751367 0.698438 0.497266 0.603125 0.00102043
1 0.121289 0.789062 0.242578 0.421875 0.00101662
14 0.281836 0.430371 0.563672 0.30332 0.00101185
19 0.560938 0.763281 0.28125 0.385938 0.165649
21 0.560938 0.763281 0.28125 0.385938 0.11438
16 0.341797 0.433691 0.392969 0.282617 0.0574951
9 0.344531 0.509375 0.417188 0.451562 0.0574951
24 0.347656 0.474121 0.408594 0.354883 0.0526123
18 0.341797 0.433691 0.392969 0.282617 0.0460205
19 0.564844 0.709766 0.2375 0.355469 0.0374756
6 0.344531 0.509375 0.417188 0.451562 0.033844
20 0.344531 0.509375 0.417188 0.451562 0.0302124
23 0.347656 0.474121 0.408594 0.354883 0.028656
16 0.355078 0.499609 0.424219 0.416406 0.0273743
21 0.347656 0.474121 0.408594 0.354883 0.0271759
25 0.344531 0.509375 0.417188 0.451562 0.021698
4 0.347656 0.474121 0.408594 0.354883 0.0197601
2 0.341797 0.433691 0.392969 0.282617 0.0192719
9 0.345313 0.436621 0.402344 0.27832 0.0191193
11 0.351172 0.517871 0.451562 0.483008 0.0177765
24 0.351172 0.517871 0.451562 0.483008 0.0146179
20 0.345313 0.436621 0.402344 0.27832 0.0137939
13 0.560938 0.763281 0.28125 0.385938 0.0137405
5 0.344531 0.509375 0.417188 0.451562 0.0133743
4 0.351172 0.517871 0.451562 0.483008 0.0112457
6 0.345313 0.436621 0.402344 0.27832 0.0109863
21 0.555469 0.697656 0.276563 0.370313 0.0109024
0 0.355078 0.499609 0.424219 0.416406 0.0106506
21 0.351172 0.517871 0.451562 0.483008 0.00959778
15 0.347656 0.474121 0.408594 0.354883 0.00955963
14 0.347656 0.474121 0.408594 0.354883 0.00912476
5 0.345313 0.436621 0.402344 0.27832 0.00857544
7 0.341797 0.433691 0.392969 0.282617 0.00821686
2 0.355078 0.499609 0.424219 0.416406 0.00821686
10 0.344531 0.509375 0.417188 0.451562 0.00775528
18 0.355078 0.499609 0.424219 0.416406 0.00746155
11 0.347656 0.474121 0.408594 0.354883 0.00731659
14 0.351172 0.517871 0.451562 0.483008 0.00712204
1 0.293359 0.7125 0.477344 0.575 0.00712204
1 0.560547 0.691016 0.296875 0.557031 0.00624084
19 0.344531 0.509375 0.417188 0.451562 0.00605011
19 0.557813 0.641406 0.240625 0.354688 0.00572968
12 0.346484 0.440625 0.400781 0.3125 0.00548935
4 0.351953 0.440625 0.3625 0.276563 0.00538635
22 0.293359 0.7125 0.477344 0.575 0.00518036
25 0.345313 0.436621 0.402344 0.27832 0.00503922
14 0.351953 0.440625 0.3625 0.276563 0.00498199
0 0.346484 0.440625 0.400781 0.3125 0.00468063
0 0.367383 0.54375 0.495703 0.528125 0.00453949
16 0.367383 0.54375 0.495703 0.528125 0.00428009
15 0.351172 0.517871 0.451562 0.483008 0.00367928
6 0.382812 0.555859 0.545313 0.566406 0.00366402
17 0.5625 0.688281 0.271875 0.5375 0.00365067
19 0.384766 0.393359 0.296094 0.372656 0.00355148
22 0.348047 0.524609 0.450781 0.489063 0.00348282
3 0.346484 0.440625 0.400781 0.3125 0.00340271
10 0.345313 0.436621 0.402344 0.27832 0.00340271
17 0.33418 0.716797 0.480078 0.566406 0.00335121
9 0.382812 0.555859 0.545313 0.566406 0.00333786
11 0.332861 0.736328 0.383496 0.527344 0.00329781
23 0.351953 0.440625 0.3625 0.276563 0.00324821
20 0.382812 0.555859 0.545313 0.566406 0.00318527
19 0.351562 0.755859 0.309375 0.414844 0.00313568
19 0.129883 0.813672 0.259766 0.372656 0.00307465
19 0.568359 0.81875 0.272656 0.3625 0.00299263
1 0.342578 0.439844 0.373437 0.285156 0.00299263
7 0.355078 0.499609 0.424219 0.416406 0.00291252
22 0.322705 0.752344 0.37959 0.495313 0.00284576
22 0.5625 0.688281 0.271875 0.5375 0.00282288
13 0.348047 0.524609 0.450781 0.489063 0.00279999
12 0.326953 0.725781 0.433594 0.548438 0.00279999
13 0.344141 0.437891 0.374219 0.269531 0.0026207
1 0.367383 0.54375 0.495703 0.528125 0.00259018
13 0.555469 0.697656 0.276563 0.370313 0.00258064
3 0.355078 0.499609 0.424219 0.416406 0.00248146
2 0.367383 0.54375 0.495703 0.528125 0.00243378
12 0.423828 0.689844 0.736719 0.620313 0.00242424
12 0.539062 0.667969 0.859375 0.664062 0.00240517
21 0.557813 0.641406 0.240625 0.354688 0.00236893
4 0.381348 0.560938 0.541992 0.5875 0.00234222
13 0.347656 0.474121 0.408594 0.354883 0.00231361
13 0.560547 0.691016 0.296875 0.557031 0.00231361
25 0.382812 0.555859 0.545313 0.566406 0.00230598
1 0.34668 0.444922 0.450391 0.366406 0.00226974
3 0.332861 0.736328 0.383496 0.527344 0.00223351
1 0.342773 0.788477 0.353516 0.423047 0.00223351
23 0.351172 0.517871 0.451562 0.483008 0.00222588
16 0.407715 0.461328 0.676758 0.830469 0.00216484
1 0.563965 0.637793 0.414258 0.724414 0.00216484
11 0.560547 0.691016 0.296875 0.557031 0.00216484
13 0.332861 0.736328 0.383496 0.527344 0.00212479
1 0.295312 0.691797 0.590625 0.616406 0.00210762
11 0.381348 0.560938 0.541992 0.5875 0.0020504
12 0.688672 0.674707 0.622656 0.650586 0.00204277
12 0.480078 0.625781 0.802344 0.748438 0.00203514
1 0.423828 0.689844 0.736719 0.620313 0.00202751
17 0.355078 0.499609 0.424219 0.416406 0.00200272
17 0.56875 0.666309 0.3375 0.667383 0.00194931
12 0.407715 0.461328 0.676758 0.830469 0.00193405
15 0.351953 0.440625 0.3625 0.276563 0.00183868
12 0.5625 0.688281 0.271875 0.5375 0.00182438
12 0.398047 0.400684 0.535937 0.448633 0.00179577
11 0.351953 0.440625 0.3625 0.276563 0.00179577
5 0.382812 0.555859 0.545313 0.566406 0.00179577
1 0.407715 0.461328 0.676758 0.830469 0.00168705
13 0.539062 0.667969 0.859375 0.664062 0.00162888
0 0.33418 0.716797 0.480078 0.566406 0.00162315
12 0.469531 0.401563 0.876563 0.803125 0.00161648
22 0.56875 0.666309 0.3375 0.667383 0.00161076
12 0.56875 0.666309 0.3375 0.667383 0.00160408
14 0.381348 0.560938 0.541992 0.5875 0.0015974
21 0.381348 0.560938 0.541992 0.5875 0.0015974
11 0.407715 0.461328 0.676758 0.830469 0.00159168
20 0.332861 0.736328 0.383496 0.527344 0.00158501
12 0.692187 0.710156 0.615625 0.579688 0.00157928
13 0.283203 0.317969 0.517188 0.635938 0.00157356
1 0.398047 0.400684 0.535937 0.448633 0.00157356
0 0.407715 0.461328 0.676758 0.830469 0.00156116
14 0.293359 0.7125 0.477344 0.575 0.00156116
13 0.423828 0.689844 0.736719 0.620313 0.00153637
8 0.355078 0.499609 0.424219 0.416406 0.00152493
12 0.382812 0.555859 0.545313 0.566406 0.00151253
19 0.535156 0.584375 0.2375 0.339063 0.00145531
17 0.346484 0.440625 0.400781 0.3125 0.00145531
13 0.407715 0.461328 0.676758 0.830469 0.00145531
11 0.431641 0.713672 0.724219 0.572656 0.00144386
22 0.346484 0.440625 0.400781 0.3125 0.00143814
15 0.381348 0.560938 0.541992 0.5875 0.0014267
24 0.381348 0.560938 0.541992 0.5875 0.00142097
17 0.322705 0.752344 0.37959 0.495313 0.00141621
13 0.342187 0.391406 0.4375 0.371094 0.00141048
13 0.398047 0.400684 0.535937 0.448633 0.00140476
1 0.550391 0.63125 0.877344 0.7375 0.00138283
4 0.332861 0.736328 0.383496 0.527344 0.00136662
11 0.398047 0.400684 0.535937 0.448633 0.00134087
12 0.271094 0.683496 0.542188 0.633008 0.00133038
12 0.317578 0.273047 0.499219 0.546094 0.00132465
17 0.367383 0.54375 0.495703 0.528125 0.00132465
13 0.271094 0.683496 0.542188 0.633008 0.00132465
2 0.33418 0.716797 0.480078 0.566406 0.00131989
1 0.688672 0.674707 0.622656 0.650586 0.00131512
10 0.382812 0.555859 0.545313 0.566406 0.00129986
18 0.367383 0.54375 0.495703 0.528125 0.00129414
12 0.310937 0.343359 0.621875 0.686719 0.0012846
12 0.355078 0.499609 0.424219 0.416406 0.0012846
22 0.295312 0.691797 0.590625 0.616406 0.0012846
11 0.271094 0.683496 0.542188 0.633008 0.00126457
14 0.407715 0.461328 0.676758 0.830469 0.00125504
1 0.465234 0.625488 0.732031 0.749023 0.00123501
22 0.423828 0.689844 0.736719 0.620313 0.00122547
1 0.283203 0.317969 0.517188 0.635938 0.0012064
13 0.380566 0.600781 0.585742 0.665625 0.0012064
13 0.480078 0.625781 0.802344 0.748438 0.00119686
17 0.688672 0.674707 0.622656 0.650586 0.00119209
12 0.342773 0.788477 0.353516 0.423047 0.00119209
21 0.568359 0.81875 0.272656 0.3625 0.00117874
8 0.342578 0.439844 0.373437 0.285156 0.00117874
12 0.288477 0.240234 0.576953 0.480469 0.0011425
19 0.345313 0.436621 0.402344 0.27832 0.00113392
7 0.367383 0.54375 0.495703 0.528125 0.00113392
1 0.558594 0.773828 0.303906 0.414844 0.00112438
11 0.480078 0.625781 0.802344 0.748438 0.00112057
11 0.539062 0.667969 0.859375 0.664062 0.00112057
21 0.293359 0.7125 0.477344 0.575 0.00111198
5 0.332861 0.736328 0.383496 0.527344 0.00111198
17 0.372266 0.674219 0.721875 0.651563 0.00110722
22 0.381348 0.560938 0.541992 0.5875 0.00108624
16 0.380566 0.600781 0.585742 0.665625 0.00107765
3 0.367383 0.54375 0.495703 0.528125 0.00107288
12 0.498828 0.624219 0.613281 0.742188 0.00107288
12 0.298828 0.756641 0.597656 0.486719 0.00107288
19 0.332861 0.736328 0.383496 0.527344 0.00106525
3 0.560547 0.691016 0.296875 0.557031 0.00106049
12 0.503516 0.729688 0.761719 0.540625 0.00106049
19 0.382812 0.555859 0.545313 0.566406 0.00105667
11 0.283203 0.317969 0.517188 0.635938 0.00104809
1 0.751563 0.615527 0.423438 0.483008 0.00103664
12 0.570312 0.439844 0.859375 0.879687 0.00103188
14 0.431641 0.713672 0.724219 0.572656 0.00102806
16 0.326953 0.725781 0.433594 0.548438 0.00102425
6 0.407715 0.461328 0.676758 0.830469 0.00101662
25 0.33418 0.716797 0.480078 0.566406 0.00101662
13 0.469531 0.401563 0.876563 0.803125 0.00100803
4 0.407715 0.461328 0.676758 0.830469 0.00100803
24 0.335352 0.415625 0.344141 0.249219 0.0651245
7 0.334375 0.423828 0.339063 0.270313 0.0486755
19 0.569531 0.742188 0.250781 0.392188 0.0339661
16 0.340039 0.429785 0.363672 0.276367 0.0297546
6 0.334375 0.423828 0.339063 0.270313 0.0280151
1 0.575 0.764844 0.2625 0.3875 0.0173035
9 0.335352 0.415625 0.344141 0.249219 0.016098
18 0.334375 0.423828 0.339063 0.270313 0.0147858
21 0.567969 0.719922 0.251563 0.391406 0.0133286
23 0.334375 0.423828 0.339063 0.270313 0.0132751
11 0.334717 0.415625 0.325879 0.270313 0.0125275
12 0.335742 0.414746 0.440234 0.292383 0.011734
17 0.569922 0.742969 0.257031 0.420312 0.0113754
13 0.328906 0.412402 0.332813 0.27207 0.0109863
19 0.561719 0.671094 0.253125 0.382812 0.0108566
12 0.499219 0.696484 0.907813 0.607031 0.00985718
12 0.584375 0.688672 0.364063 0.622656 0.00981903
12 0.334717 0.415625 0.325879 0.270313 0.00941467
2 0.334375 0.423828 0.339063 0.270313 0.00905609
1 0.584375 0.688672 0.364063 0.622656 0.00787354
22 0.575 0.764844 0.2625 0.3875 0.00775528
12 0.511035 0.719531 0.616992 0.560938 0.00775528
13 0.584375 0.688672 0.364063 0.622656 0.00746155
12 0.316797 0.750195 0.633594 0.499609 0.00746155
12 0.4 0.717969 0.765625 0.564063 0.00709534
13 0.511035 0.719531 0.616992 0.560938 0.00658798
1 0.5875 0.756641 0.297656 0.486719 0.00658798
14 0.334717 0.415625 0.325879 0.270313 0.00591278
12 0.575 0.764844 0.2625 0.3875 0.00551224
12 0.301758 0.769531 0.490234 0.460938 0.00547028
12 0.272656 0.363086 0.545313 0.601172 0.00521851
21 0.555078 0.64375 0.255469 0.367188 0.00469971
13 0.575 0.764844 0.2625 0.3875 0.0046463
13 0.276367 0.753516 0.552734 0.492969 0.00450516
12 0.277539 0.803125 0.555078 0.39375 0.00443268
12 0.5875 0.756641 0.297656 0.486719 0.00439835
13 0.5875 0.756641 0.297656 0.486719 0.00426483
1 0.589453 0.704297 0.486719 0.591406 0.00399017
17 0.569531 0.674609 0.33125 0.650781 0.00385475
15 0.334375 0.423828 0.339063 0.270313 0.00382423
19 0.545313 0.611719 0.248438 0.367188 0.00359344
16 0.296924 0.412402 0.356152 0.261133 0.00355148
1 0.339502 0.419531 0.358496 0.275781 0.00352478
3 0.334717 0.415625 0.325879 0.270313 0.00351143
4 0.334375 0.423828 0.339063 0.270313 0.00346947
19 0.334375 0.423828 0.339063 0.270313 0.00336266
0 0.345654 0.423535 0.356348 0.26543 0.00324821
12 0.507422 0.655078 0.445312 0.689844 0.00322342
1 0.507422 0.655078 0.445312 0.689844 0.00314713
11 0.486035 0.735938 0.698242 0.528125 0.00314713
12 0.489844 0.599609 0.898438 0.800781 0.003088
19 0.345703 0.805469 0.308594 0.2625 0.00302696
11 0.335742 0.414746 0.440234 0.292383 0.00296974
3 0.575 0.764844 0.2625 0.3875 0.0029583
12 0.305078 0.320703 0.610156 0.641406 0.00291252
13 0.499219 0.696484 0.907813 0.607031 0.00291252
20 0.575 0.764844 0.2625 0.3875 0.00269318
20 0.334375 0.423828 0.339063 0.270313 0.00253105
13 0.4 0.717969 0.765625 0.564063 0.00247192
16 0.486035 0.735938 0.698242 0.528125 0.00239754
17 0.507422 0.655078 0.445312 0.689844 0.00237846
19 0.317578 0.401563 0.292188 0.21875 0.00235939
25 0.334375 0.423828 0.339063 0.270313 0.00234222
1 0.266406 0.75293 0.510938 0.494141 0.00224304
12 0.430371 0.584375 0.551758 0.771875 0.00221634
12 0.329297 0.327539 0.524219 0.551953 0.00218201
22 0.5875 0.756641 0.297656 0.486719 0.00215721
12 0.560156 0.692969 0.301563 0.545313 0.00214005
11 0.478125 0.725391 0.892188 0.549219 0.00212479
8 0.569922 0.742969 0.257031 0.420312 0.00209999
11 0.316797 0.750195 0.633594 0.499609 0.00201035
13 0.296875 0.798438 0.432813 0.403125 0.00199509
1 0.560156 0.692969 0.301563 0.545313 0.00198746
16 0.582031 0.758789 0.35 0.482422 0.00196457
1 0.486035 0.735938 0.698242 0.528125 0.00191212
25 0.569922 0.742969 0.257031 0.420312 0.00183868
2 0.569922 0.742969 0.257031 0.420312 0.00174141
22 0.569531 0.674609 0.33125 0.650781 0.00171375
21 0.575 0.77793 0.280469 0.372266 0.00169373
1 0.329297 0.327539 0.524219 0.551953 0.00168705
12 0.384375 0.653125 0.76875 0.69375 0.00166798
16 0.478125 0.725391 0.892188 0.549219 0.00165462
12 0.314453 0.383008 0.553906 0.766016 0.0016489
13 0.305078 0.320703 0.610156 0.641406 0.00163555
13 0.272656 0.363086 0.545313 0.601172 0.00162888
4 0.584375 0.688672 0.364063 0.622656 0.00161648
13 0.507422 0.655078 0.445312 0.689844 0.00161076
16 0.276367 0.753516 0.552734 0.492969 0.00161076
5 0.334375 0.423828 0.339063 0.270313 0.00158501
11 0.4 0.717969 0.765625 0.564063 0.00157356
11 0.301758 0.769531 0.490234 0.460938 0.00156116
17 0.589453 0.704297 0.486719 0.591406 0.00153065
17 0.582031 0.758789 0.35 0.482422 0.00152493
16 0.4 0.717969 0.765625 0.564063 0.00141621
17 0.339502 0.419531 0.358496 0.275781 0.00139427
13 0.329297 0.327539 0.524219 0.551953 0.00138855
4 0.575 0.764844 0.2625 0.3875 0.00138855
10 0.575 0.764844 0.2625 0.3875 0.00136662
12 0.607422 0.674609 0.785156 0.650781 0.00134563
0 0.569922 0.742969 0.257031 0.420312 0.00131512
11 0.582031 0.758789 0.35 0.482422 0.00128937
6 0.575 0.764844 0.2625 0.3875 0.0012598
19 0.501172 0.53125 0.277344 0.35625 0.00124931
13 0.560156 0.692969 0.301563 0.545313 0.00123501
12 0.478223 0.775977 0.585742 0.448047 0.00123501
14 0.329297 0.327539 0.524219 0.551953 0.00121593
13 0.478223 0.775977 0.585742 0.448047 0.00121593
12 0.451953 0.361133 0.819531 0.722266 0.0012064
3 0.584375 0.688672 0.364063 0.622656 0.00120163
20 0.5875 0.756641 0.297656 0.486719 0.00116062
13 0.575781 0.788672 0.379688 0.422656 0.00116062
17 0.266406 0.75293 0.510938 0.494141 0.00115108
11 0.589453 0.704297 0.486719 0.591406 0.00114727
19 0.409375 0.389453 0.258594 0.314063 0.0011425
16 0.296875 0.798438 0.432813 0.403125 0.00110722
11 0.329297 0.327539 0.524219 0.551953 0.00109863
13 0.430371 0.584375 0.551758 0.771875 0.00108624
14 0.569922 0.742969 0.257031 0.420312 0.00107288
12 0.336523 0.540625 0.553516 0.553125 0.00106525
11 0.277539 0.803125 0.555078 0.39375 0.00106049
6 0.367969 0.439063 0.442188 0.323438 0.00105667
12 0.530469 0.673438 0.290625 0.45625 0.00104809
4 0.589453 0.704297 0.486719 0.591406 0.00104809
3 0.5875 0.756641 0.297656 0.486719 0.00104809
14 0.335742 0.414746 0.440234 0.292383 0.00103188
5 0.575 0.764844 0.2625 0.3875 0.00103188
19 0.554688 0.78457 0.242188 0.305859 0.00102043
16 0.575 0.764844 0.2625 0.3875 0.00101662
23 0.349951 0.437598 0.371191 0.29668 0.0503235
19 0.567969 0.771484 0.259375 0.372656 0.0481262
24 0.350391 0.439746 0.372656 0.267383 0.0453491
6 0.350391 0.439746 0.372656 0.267383 0.0420837
4 0.349951 0.437598 0.371191 0.29668 0.0359497
21 0.565625 0.754297 0.265625 0.377344 0.0351562
17 0.553125 0.798242 0.246875 0.359766 0.0344849
9 0.350391 0.439746 0.372656 0.267383 0.0224609
14 0.347705 0.439453 0.363184 0.302344 0.02211
0 0.347705 0.439453 0.363184 0.302344 0.0199432
7 0.341211 0.436328 0.364453 0.278125 0.0196381
18 0.350391 0.439746 0.372656 0.267383 0.0170441
1 0.553125 0.798242 0.246875 0.359766 0.0162811
16 0.350391 0.439746 0.372656 0.267383 0.0162201
2 0.339844 0.441406 0.357031 0.298438 0.0158386
8 0.553125 0.798242 0.246875 0.359766 0.0153046
11 0.349951 0.437598 0.371191 0.29668 0.0147324
3 0.553125 0.798242 0.246875 0.359766 0.0120544
17 0.561719 0.843555 0.246094 0.234766 0.0100937
17 0.5 0.667578 0.38125 0.641406 0.00959778
19 0.557422 0.705469 0.257031 0.359375 0.00933838
17 0.558594 0.700781 0.267188 0.579688 0.00891876
25 0.553125 0.798242 0.246875 0.359766 0.00888062
1 0.558594 0.700781 0.267188 0.579688 0.0086441
4 0.561719 0.843555 0.246094 0.234766 0.00844574
1 0.561719 0.843555 0.246094 0.234766 0.00834656
22 0.553125 0.798242 0.246875 0.359766 0.00831604
1 0.5 0.667578 0.38125 0.641406 0.00818634
8 0.561719 0.843555 0.246094 0.234766 0.00800323
4 0.553125 0.798242 0.246875 0.359766 0.0078125
19 0.145508 0.815625 0.286719 0.345313 0.00772476
12 0.558594 0.700781 0.267188 0.579688 0.00614548
3 0.561719 0.843555 0.246094 0.234766 0.00614548
12 0.553125 0.798242 0.246875 0.359766 0.00609589
0 0.553125 0.798242 0.246875 0.359766 0.00551224
17 0.535156 0.707031 0.254688 0.457813 0.00502014
22 0.561719 0.843555 0.246094 0.234766 0.0049057
0 0.561719 0.843555 0.246094 0.234766 0.00453949
13 0.558594 0.700781 0.267188 0.579688 0.00448608
12 0.561719 0.843555 0.246094 0.234766 0.00441742
4 0.558594 0.700781 0.267188 0.579688 0.00421524
14 0.553125 0.798242 0.246875 0.359766 0.00419998
13 0.553125 0.798242 0.246875 0.359766 0.00407028
2 0.561719 0.843555 0.246094 0.234766 0.00388527
8 0.558594 0.700781 0.267188 0.579688 0.0037365
10 0.553125 0.798242 0.246875 0.359766 0.00370789
12 0.5 0.667578 0.38125 0.641406 0.00369263
25 0.347705 0.439453 0.363184 0.302344 0.00362206
12 0.347705 0.439453 0.363184 0.302344 0.00358009
5 0.350391 0.439746 0.372656 0.267383 0.00355148
11 0.561719 0.843555 0.246094 0.234766 0.00340271
25 0.561719 0.843555 0.246094 0.234766 0.00332451
14 0.561719 0.843555 0.246094 0.234766 0.00318527
6 0.553125 0.798242 0.246875 0.359766 0.00309944
3 0.558594 0.700781 0.267188 0.579688 0.00305176
6 0.561719 0.843555 0.246094 0.234766 0.00302696
2 0.553125 0.798242 0.246875 0.359766 0.00301552
1 0.535156 0.707031 0.254688 0.457813 0.0028553
11 0.5625 0.775 0.267188 0.401563 0.00283432
10 0.561719 0.843555 0.246094 0.234766 0.00277901
3 0.345654 0.435156 0.375879 0.304688 0.00276756
23 0.561719 0.843555 0.246094 0.234766 0.0026722
10 0.339844 0.441406 0.357031 0.298438 0.00264168
15 0.347705 0.439453 0.363184 0.302344 0.00264168
11 0.571094 0.690625 0.301563 0.617188 0.00251198
13 0.561719 0.843555 0.246094 0.234766 0.0024929
20 0.553125 0.798242 0.246875 0.359766 0.00244331
21 0.332813 0.553125 0.314063 0.296875 0.00240517
8 0.5 0.667578 0.38125 0.641406 0.00237846
22 0.5 0.667578 0.38125 0.641406 0.00235939
22 0.558594 0.700781 0.267188 0.579688 0.00234222
12 0.536035 0.700781 0.406055 0.598437 0.00223351
4 0.5 0.667578 0.38125 0.641406 0.00217438
21 0.311914 0.508594 0.295703 0.3125 0.00212479
21 0.550781 0.684766 0.253906 0.353906 0.00203514
4 0.342578 0.487891 0.460938 0.461719 0.00202751
14 0.558594 0.700781 0.267188 0.579688 0.00199509
13 0.5 0.667578 0.38125 0.641406 0.00197983
16 0.561719 0.843555 0.246094 0.234766 0.00197983
12 0.40166 0.629199 0.681055 0.741602 0.00192642
5 0.561719 0.843555 0.246094 0.234766 0.00189686
6 0.342578 0.487891 0.460938 0.461719 0.00186729
10 0.558594 0.700781 0.267188 0.579688 0.00179577
3 0.5 0.667578 0.38125 0.641406 0.00178909
12 0.659766 0.643359 0.578906 0.713281 0.00174141
0 0.342578 0.487891 0.460938 0.461719 0.0016613
0 0.571094 0.690625 0.301563 0.617188 0.00158501
11 0.342578 0.487891 0.460938 0.461719 0.00157928
17 0.425391 0.596875 0.467969 0.58125 0.00153065
12 0.325 0.44209 0.466406 0.36582 0.00150681
20 0.561719 0.843555 0.246094 0.234766 0.00150681
21 0.561719 0.843555 0.246094 0.234766 0.00147247
19 0.350391 0.439746 0.372656 0.267383 0.00146675
1 0.425391 0.596875 0.467969 0.58125 0.00146675
22 0.535156 0.707031 0.254688 0.457813 0.00144386
12 0.535156 0.707031 0.254688 0.457813 0.00141621
5 0.553125 0.798242 0.246875 0.359766 0.00141048
20 0.350391 0.439746 0.372656 0.267383 0.00134563
8 0.535156 0.707031 0.254688 0.457813 0.00130939
21 0.145508 0.815625 0.286719 0.345313 0.00128937
14 0.342578 0.487891 0.460938 0.461719 0.00127888
2 0.571094 0.690625 0.301563 0.617188 0.00126457
9 0.561719 0.843555 0.246094 0.234766 0.00123024
14 0.5 0.667578 0.38125 0.641406 0.00120163
10 0.5 0.667578 0.38125 0.641406 0.00119209
12 0.683984 0.67002 0.632031 0.659961 0.00118828
25 0.571094 0.690625 0.301563 0.617188 0.0011692
19 0.406348 0.407129 0.285742 0.32793 0.00113773
6 0.558594 0.700781 0.267188 0.579688 0.00106049
16 0.560938 0.785742 0.259375 0.362891 0.00106049
19 0.139844 0.866992 0.279687 0.266016 0.00103188
23 0.553125 0.798242 0.246875 0.359766 0.00101185
6 0.345508 0.426953 0.382422 0.285938 0.206299
23 0.345508 0.426953 0.382422 0.285938 0.109314
9 0.345508 0.426953 0.382422 0.285938 0.0739746
2 0.345654 0.417285 0.37041 0.268555 0.0653687
0 0.345654 0.417285 0.37041 0.268555 0.0470886
16 0.345654 0.417285 0.37041 0.268555 0.0456848
4 0.345508 0.426953 0.382422 0.285938 0.0423889
14 0.345654 0.417285 0.37041 0.268555 0.0403748
7 0.345654 0.417285 0.37041 0.268555 0.0332031
10 0.345508 0.426953 0.382422 0.285938 0.0305634
24 0.345508 0.426953 0.382422 0.285938 0.0232391
25 0.345508 0.426953 0.382422 0.285938 0.02034
18 0.345654 0.417285 0.37041 0.268555 0.0197906
11 0.345508 0.426953 0.382422 0.285938 0.0149002
6 0.382129 0.418848 0.498242 0.31543 0.0129242
19 0.562109 0.758594 0.260156 0.348438 0.0101318
15 0.349805 0.417871 0.375391 0.251758 0.00784302
13 0.561328 0.747656 0.277344 0.396875 0.00740433
3 0.352344 0.426172 0.371875 0.261719 0.00717545
12 0.561328 0.747656 0.277344 0.396875 0.00717545
1 0.548438 0.735938 0.303125 0.454688 0.0068512
5 0.350586 0.428223 0.381641 0.26543 0.00638962
17 0.561328 0.747656 0.277344 0.396875 0.00626373
9 0.382129 0.418848 0.498242 0.31543 0.00475693
0 0.382129 0.418848 0.498242 0.31543 0.00405502
19 0.554297 0.703125 0.241406 0.334375 0.00382423
20 0.350586 0.428223 0.381641 0.26543 0.00358009
12 0.342187 0.425879 0.372656 0.266992 0.00355148
10 0.382129 0.418848 0.498242 0.31543 0.00317192
12 0.541797 0.69375 0.338281 0.542188 0.00317192
16 0.382129 0.418848 0.498242 0.31543 0.00313568
22 0.548438 0.735938 0.303125 0.454688 0.00309944
1 0.560156 0.795508 0.275 0.327734 0.00302696
12 0.563672 0.703906 0.500781 0.520312 0.0029583
2 0.382129 0.418848 0.498242 0.31543 0.00269318
13 0.563672 0.703906 0.500781 0.520312 0.00263214
17 0.336328 0.421875 0.355469 0.246094 0.00259018
8 0.336328 0.421875 0.355469 0.246094 0.00255013
4 0.382129 0.418848 0.498242 0.31543 0.00246239
25 0.561328 0.747656 0.277344 0.396875 0.00246239
3 0.561328 0.747656 0.277344 0.396875 0.00223351
12 0.56416 0.662598 0.788867 0.674805 0.00218201
24 0.382129 0.418848 0.498242 0.31543 0.00214958
23 0.382129 0.418848 0.498242 0.31543 0.00198746
14 0.382129 0.418848 0.498242 0.31543 0.00195694
11 0.563672 0.703906 0.500781 0.520312 0.00179577
11 0.561328 0.747656 0.277344 0.396875 0.00170708
6 0.559375 0.820117 0.275781 0.303516 0.00162315
1 0.344727 0.419922 0.407422 0.280469 0.0015974
25 0.382129 0.418848 0.498242 0.31543 0.0015974
7 0.382129 0.418848 0.498242 0.31543 0.00158501
13 0.541797 0.69375 0.338281 0.542188 0.00153637
11 0.592871 0.659277 0.798633 0.681445 0.00153637
16 0.559375 0.820117 0.275781 0.303516 0.00150108
21 0.548438 0.735938 0.303125 0.454688 0.00134563
13 0.56416 0.662598 0.788867 0.674805 0.00134087
12 0.365234 0.42959 0.441406 0.376758 0.00133514
6 0.561328 0.747656 0.277344 0.396875 0.00131512
22 0.560156 0.795508 0.275 0.327734 0.00130463
11 0.382129 0.418848 0.498242 0.31543 0.00126457
2 0.561328 0.747656 0.277344 0.396875 0.00126457
0 0.559375 0.820117 0.275781 0.303516 0.00126457
21 0.562109 0.758594 0.260156 0.348438 0.00125504
19 0.349805 0.417871 0.375391 0.251758 0.00122547
13 0.340234 0.422559 0.36875 0.23457 0.00118351
15 0.563672 0.703906 0.500781 0.520312 0.00116062
14 0.561328 0.747656 0.277344 0.396875 0.00115585
20 0.561328 0.747656 0.277344 0.396875 0.00115108
15 0.588281 0.633594 0.810938 0.732813 0.0011425
4 0.559375 0.820117 0.275781 0.303516 0.0011425
21 0.334375 0.43125 0.365625 0.240625 0.00112438
17 0.563672 0.703906 0.500781 0.520312 0.00112438
15 0.382129 0.418848 0.498242 0.31543 0.00107288
15 0.560156 0.795508 0.275 0.327734 0.00107288
11 0.559375 0.820117 0.275781 0.303516 0.00105286
4 0.561328 0.747656 0.277344 0.396875 0.00102043
23 0.347266 0.412598 0.370313 0.281055 0.336426
2 0.347266 0.412598 0.370313 0.281055 0.138428
14 0.347266 0.412598 0.370313 0.281055 0.11554
6 0.348633 0.425781 0.373047 0.289062 0.112
0 0.347266 0.412598 0.370313 0.281055 0.0673218
9 0.348633 0.425781 0.373047 0.289062 0.0639648
16 0.350195 0.416309 0.371484 0.287695 0.0375977
18 0.347266 0.412598 0.370313 0.281055 0.0332031
17 0.560156 0.716016 0.257812 0.500781 0.0323486
4 0.349561 0.412598 0.364941 0.293555 0.0315552
19 0.402246 0.429004 0.258008 0.281055 0.0298767
25 0.347266 0.412598 0.370313 0.281055 0.0279083
7 0.347266 0.412598 0.370313 0.281055 0.0210419
25 0.560156 0.716016 0.257812 0.500781 0.0190582
1 0.560156 0.716016 0.257812 0.500781 0.0176392
12 0.55 0.683984 0.308594 0.582031 0.0171051
10 0.348633 0.425781 0.373047 0.289062 0.0150146
12 0.566406 0.720703 0.25625 0.441406 0.0147324
22 0.560156 0.716016 0.257812 0.500781 0.0144501
11 0.354492 0.427734 0.383203 0.29375 0.0123825
12 0.475781 0.611328 0.801562 0.777344 0.0113297
24 0.348633 0.425781 0.373047 0.289062 0.0112
3 0.347266 0.412598 0.370313 0.281055 0.0106506
13 0.5625 0.709375 0.273438 0.471875 0.0100937
12 0.581152 0.65166 0.495508 0.69668 0.00963593
12 0.492578 0.645215 0.434375 0.648633 0.00874329
5 0.345117 0.42666 0.378516 0.282617 0.00857544
0 0.380078 0.439844 0.479688 0.392969 0.008255
19 0.562891 0.724609 0.250781 0.375781 0.00775528
1 0.492578 0.645215 0.434375 0.648633 0.00723267
6 0.380078 0.439844 0.479688 0.392969 0.00717545
17 0.492578 0.645215 0.434375 0.648633 0.00717545
3 0.560156 0.716016 0.257812 0.500781 0.00703812
21 0.559375 0.707031 0.251563 0.379688 0.0069313
20 0.348633 0.425781 0.373047 0.289062 0.0064888
1 0.569531 0.8 0.248438 0.296875 0.005867
16 0.380078 0.439844 0.479688 0.392969 0.00502014
15 0.355127 0.414453 0.368652 0.294531 0.00453949
12 0.569531 0.8 0.248438 0.296875 0.00443268
12 0.426172 0.592578 0.532813 0.680469 0.00426483
17 0.569531 0.8 0.248438 0.296875 0.00419998
20 0.560156 0.716016 0.257812 0.500781 0.00416565
22 0.569531 0.8 0.248438 0.296875 0.00413513
13 0.492578 0.645215 0.434375 0.648633 0.00407028
6 0.394434 0.512109 0.533008 0.560156 0.00372124
22 0.492578 0.645215 0.434375 0.648633 0.00367928
13 0.565625 0.783008 0.257812 0.333984 0.00362206
4 0.380078 0.439844 0.479688 0.392969 0.00352478
0 0.394434 0.512109 0.533008 0.560156 0.00348282
2 0.380078 0.439844 0.479688 0.392969 0.00342941
17 0.426172 0.592578 0.532813 0.680469 0.00324821
17 0.574219 0.66084 0.360938 0.675195 0.00316048
1 0.426172 0.592578 0.532813 0.680469 0.003088
16 0.26875 0.807813 0.482031 0.384375 0.003088
13 0.574219 0.66084 0.360938 0.675195 0.00294685
13 0.426172 0.592578 0.532813 0.680469 0.00288963
13 0.475781 0.611328 0.801562 0.777344 0.00253105
8 0.560156 0.716016 0.257812 0.500781 0.00245285
15 0.380078 0.439844 0.479688 0.392969 0.00240517
6 0.566406 0.720703 0.25625 0.441406 0.00235939
1 0.574219 0.66084 0.360938 0.675195 0.00230598
25 0.394434 0.512109 0.533008 0.560156 0.00226974
10 0.560156 0.716016 0.257812 0.500781 0.00226021
2 0.255469 0.805469 0.510938 0.389062 0.00224304
25 0.569531 0.8 0.248438 0.296875 0.00211525
4 0.560156 0.716016 0.257812 0.500781 0.00204277
16 0.394434 0.512109 0.533008 0.560156 0.00201988
14 0.380078 0.439844 0.479688 0.392969 0.00200272
22 0.426172 0.592578 0.532813 0.680469 0.00196457
13 0.581152 0.65166 0.495508 0.69668 0.00194931
14 0.560156 0.716016 0.257812 0.500781 0.00194168
25 0.492578 0.645215 0.434375 0.648633 0.00193405
4 0.394434 0.512109 0.533008 0.560156 0.00192642
11 0.380078 0.439844 0.479688 0.392969 0.00191212
25 0.380078 0.439844 0.479688 0.392969 0.00191212
0 0.560156 0.716016 0.257812 0.500781 0.00188255
2 0.560156 0.716016 0.257812 0.500781 0.00182438
21 0.546094 0.701563 0.275 0.492188 0.00178242
25 0.574219 0.66084 0.360938 0.675195 0.00168705
2 0.394434 0.512109 0.533008 0.560156 0.00167465
15 0.566406 0.720703 0.25625 0.441406 0.00166798
19 0.551562 0.665625 0.247656 0.359375 0.0016613
15 0.394434 0.512109 0.533008 0.560156 0.0016613
10 0.394434 0.512109 0.533008 0.560156 0.0016489
0 0.259375 0.804688 0.51875 0.390625 0.00162315
6 0.26875 0.807813 0.482031 0.384375 0.00159168
14 0.394434 0.512109 0.533008 0.560156 0.00157928
1 0.446094 0.564844 0.704688 0.767188 0.00154877
6 0.569531 0.8 0.248438 0.296875 0.00154877
20 0.380078 0.439844 0.479688 0.392969 0.00150681
5 0.566406 0.720703 0.25625 0.441406 0.00148392
12 0.472656 0.505078 0.696875 0.813281 0.00143242
1 0.394434 0.512109 0.533008 0.560156 0.00139904
11 0.262891 0.800391 0.525781 0.399219 0.00138855
6 0.55 0.683984 0.308594 0.582031 0.00136185
7 0.380078 0.439844 0.479688 0.392969 0.00135612
23 0.380078 0.439844 0.479688 0.392969 0.00134563
20 0.394434 0.512109 0.533008 0.560156 0.00131512
15 0.55 0.683984 0.308594 0.582031 0.00130939
1 0.380078 0.439844 0.479688 0.392969 0.00129414
3 0.569531 0.8 0.248438 0.296875 0.00127888
18 0.380078 0.439844 0.479688 0.392969 0.0012598
10 0.380078 0.439844 0.479688 0.392969 0.00122547
14 0.569531 0.8 0.248438 0.296875 0.00122547
17 0.446094 0.564844 0.704688 0.767188 0.0012207
12 0.67373 0.657813 0.652539 0.684375 0.0012207
20 0.569531 0.8 0.248438 0.296875 0.00121593
24 0.380078 0.439844 0.479688 0.392969 0.0012064
12 0.385547 0.667578 0.771094 0.664844 0.0012064
21 0.553516 0.628516 0.230469 0.341406 0.00119209
16 0.415625 0.424316 0.267188 0.318555 0.00118351
19 0.348633 0.425781 0.373047 0.289062 0.00118351
1 0.355127 0.414453 0.368652 0.294531 0.00115585
15 0.581152 0.65166 0.495508 0.69668 0.00114727
19 0.544531 0.60625 0.228125 0.3375 0.0011425
17 0.394434 0.512109 0.533008 0.560156 0.00113392
25 0.426172 0.592578 0.532813 0.680469 0.00112438
7 0.255469 0.805469 0.510938 0.389062 0.00112438
21 0.569531 0.8 0.248438 0.296875 0.0011158
3 0.380078 0.439844 0.479688 0.392969 0.00111198
9 0.380078 0.439844 0.479688 0.392969 0.00111198
12 0.355127 0.414453 0.368652 0.294531 0.00110722
3 0.492578 0.645215 0.434375 0.648633 0.00109482
21 0.492578 0.645215 0.434375 0.648633 0.00109482
4 0.569531 0.8 0.248438 0.296875 0.00108624
11 0.5625 0.709375 0.273438 0.471875 0.00108147
21 0.354492 0.427734 0.383203 0.29375 0.00107765
14 0.492578 0.645215 0.434375 0.648633 0.00107288
12 0.550781 0.451562 0.873438 0.903125 0.00106907
20 0.492578 0.645215 0.434375 0.648633 0.00105667
15 0.475781 0.611328 0.801562 0.777344 0.00105286
11 0.394434 0.512109 0.533008 0.560156 0.00104809
11 0.574219 0.66084 0.360938 0.675195 0.00104809
15 0.385547 0.667578 0.771094 0.664844 0.00104809
12 0.502344 0.334375 0.723437 0.66875 0.00104427
2 0.492578 0.645215 0.434375 0.648633 0.00104427
4 0.574219 0.66084 0.360938 0.675195 0.00103188
5 0.569531 0.8 0.248438 0.296875 0.00103188
0 0.574219 0.66084 0.360938 0.675195 0.00102806
22 0.574219 0.66084 0.360938 0.675195 0.00102806
11 0.493359 0.41875 0.672656 0.39375 0.00100422
2 0.341992 0.429004 0.368359 0.281055 0.135254
23 0.343799 0.428223 0.368652 0.288867 0.119629
14 0.341797 0.430469 0.354688 0.276563 0.102295
6 0.344922 0.426953 0.367188 0.264062 0.053009
9 0.344922 0.426953 0.367188 0.264062 0.0440063
17 0.55625 0.755469 0.242969 0.434375 0.036499
16 0.343799 0.428223 0.368652 0.288867 0.0350037
4 0.344922 0.426953 0.367188 0.264062 0.0346069
0 0.340625 0.432422 0.363281 0.283594 0.0240936
12 0.558594 0.76875 0.240625 0.38125 0.0237732
12 0.518359 0.652832 0.463281 0.694336 0.0211182
25 0.340625 0.432422 0.363281 0.283594 0.0207977
13 0.561328 0.800195 0.238281 0.327734 0.0186157
10 0.344922 0.426953 0.367188 0.264062 0.0125732
12 0.401172 0.631738 0.682813 0.736523 0.0124283
22 0.5625 0.774219 0.242188 0.365625 0.0110703
17 0.565625 0.802344 0.242188 0.31875 0.00971222
1 0.5625 0.774219 0.242188 0.365625 0.00959778
25 0.55625 0.755469 0.242969 0.434375 0.00955963
7 0.341992 0.429004 0.368359 0.281055 0.008255
3 0.341797 0.430469 0.354688 0.276563 0.00790405
13 0.518359 0.652832 0.463281 0.694336 0.00769424
19 0.405859 0.413379 0.253906 0.329492 0.00740433
12 0.585156 0.680859 0.40625 0.638281 0.00671768
12 0.563281 0.680469 0.290625 0.592188 0.00641251
13 0.563281 0.680469 0.290625 0.592188 0.00559998
11 0.337158 0.425 0.387402 0.292188 0.00538635
18 0.341992 0.429004 0.368359 0.281055 0.00530243
12 0.688672 0.631934 0.622656 0.736133 0.00466537
13 0.550781 0.746875 0.248438 0.454688 0.00419998
13 0.401172 0.631738 0.682813 0.736523 0.00397491
5 0.341992 0.429004 0.368359 0.281055 0.00388527
21 0.55625 0.755469 0.242969 0.434375 0.0028553
3 0.5625 0.774219 0.242188 0.365625 0.00274658
25 0.565625 0.802344 0.242188 0.31875 0.00263214
20 0.5625 0.774219 0.242188 0.365625 0.00257111
13 0.585156 0.680859 0.40625 0.638281 0.00254059
13 0.688672 0.631934 0.622656 0.736133 0.00232315
17 0.563281 0.680469 0.290625 0.592188 0.00227928
19 0.557813 0.764453 0.242969 0.360156 0.00218201
12 0.566406 0.826367 0.242188 0.284766 0.00213242
10 0.5625 0.774219 0.242188 0.365625 0.00203514
24 0.344922 0.426953 0.367188 0.264062 0.00185299
12 0.540625 0.70625 0.251563 0.471875 0.00165462
20 0.340625 0.432422 0.363281 0.283594 0.00152493
22 0.563281 0.680469 0.290625 0.592188 0.00145531
15 0.670215 0.641309 0.65957 0.717383 0.0014267
1 0.401172 0.631738 0.682813 0.736523 0.00130939
14 0.5625 0.774219 0.242188 0.365625 0.00127411
8 0.340625 0.432422 0.363281 0.283594 0.00122547
17 0.339063 0.433203 0.389062 0.289844 0.0011425
8 0.55625 0.755469 0.242969 0.434375 0.00113773
6 0.565625 0.802344 0.242188 0.31875 0.00113773
15 0.5625 0.774219 0.242188 0.365625 0.00113392
16 0.566406 0.826367 0.242188 0.284766 0.00113392
19 0.343799 0.428223 0.368652 0.288867 0.00107765
17 0.688672 0.631934 0.622656 0.736133 0.00106049
15 0.339063 0.433203 0.389062 0.289844 0.00102425
1 0.339063 0.433203 0.389062 0.289844 0.00100803
23 0.350732 0.441406 0.36416 0.279687 0.252441
2 0.345117 0.435254 0.369141 0.293555 0.149048
16 0.354102 0.430078 0.403516 0.280469 0.0856934
14 0.350732 0.441406 0.36416 0.279687 0.0847778
6 0.352734 0.43291 0.385938 0.27168 0.0823975
9 0.343945 0.432422 0.366797 0.269531 0.0539856
7 0.352734 0.43291 0.385938 0.27168 0.0229797
4 0.343945 0.432422 0.366797 0.269531 0.022583
0 0.352783 0.440625 0.386621 0.289062 0.0211182
18 0.350732 0.441406 0.36416 0.279687 0.0210419
24 0.352734 0.43291 0.385938 0.27168 0.0170441
25 0.350732 0.441406 0.36416 0.279687 0.0115967
3 0.351123 0.433203 0.38291 0.298438 0.00857544
11 0.354102 0.430078 0.403516 0.280469 0.00595856
10 0.352734 0.43291 0.385938 0.27168 0.0046463
5 0.343945 0.432422 0.366797 0.269531 0.00269318
12 0.555469 0.682031 0.2875 0.559375 0.00189686
19 0.564063 0.759766 0.229687 0.321094 0.00186729
12 0.391797 0.594141 0.778906 0.811719 0.00168705
12 0.557422 0.74375 0.239844 0.434375 0.00154877
17 0.557422 0.74375 0.239844 0.434375 0.00154305
15 0.343945 0.432422 0.366797 0.269531 0.00150108
12 0.692969 0.618066 0.614062 0.763867 0.00138855
20 0.354102 0.430078 0.403516 0.280469 0.00137806
13 0.557422 0.74375 0.239844 0.434375 0.00117874
12 0.571875 0.796094 0.245312 0.303125 0.00106525
13 0.571875 0.796094 0.245312 0.303125 0.00105667
12 0.45625 0.60166 0.485938 0.731055 0.00105286
13 0.555469 0.682031 0.2875 0.559375 0.00104427
23 0.348389 0.433594 0.371973 0.275781 0.142212
6 0.346924 0.43584 0.378027 0.262695 0.128052
2 0.343555 0.437109 0.378516 0.278906 0.114746
9 0.346924 0.43584 0.378027 0.262695 0.0836182
7 0.343555 0.437109 0.378516 0.278906 0.032959
14 0.346143 0.446484 0.365527 0.297656 0.0311432
16 0.342529 0.433496 0.378223 0.270508 0.0302124
18 0.346924 0.43584 0.378027 0.262695 0.0248871
0 0.341357 0.444531 0.379785 0.292188 0.0214081
4 0.346924 0.43584 0.378027 0.262695 0.0180206
10 0.346924 0.43584 0.378027 0.262695 0.0109863
3 0.348389 0.433594 0.371973 0.275781 0.00844574
11 0.343555 0.437109 0.378516 0.278906 0.00516129
24 0.346924 0.43584 0.378027 0.262695 0.00457382
25 0.346143 0.446484 0.365527 0.297656 0.00400543
19 0.403125 0.427441 0.260938 0.287305 0.00194168
15 0.339844 0.430469 0.364063 0.273438 0.00184631
5 0.349951 0.433594 0.375098 0.2625 0.00140476
14 0.358203 0.44209 0.394531 0.28457 0.329346
2 0.358594 0.427344 0.398438 0.291406 0.269775
23 0.358203 0.44209 0.394531 0.28457 0.263672
6 0.361328 0.432031 0.400781 0.28125 0.189575
9 0.361328 0.432031 0.400781 0.28125 0.155029
18 0.361328 0.432031 0.400781 0.28125 0.0560303
7 0.361719 0.432422 0.420312 0.285156 0.0531921
4 0.358203 0.44209 0.394531 0.28457 0.0406799
16 0.361719 0.432422 0.420312 0.285156 0.0213623
11 0.35332 0.426172 0.411328 0.291406 0.0195007
0 0.357373 0.441406 0.399316 0.282031 0.0161591
19 0.341992 0.789648 0.349609 0.420703 0.0113754
24 0.361719 0.432422 0.420312 0.285156 0.0105286
10 0.361328 0.432031 0.400781 0.28125 0.00901794
25 0.357373 0.441406 0.399316 0.282031 0.00841522
3 0.35332 0.426172 0.411328 0.291406 0.00561905
13 0.782422 0.591504 0.435156 0.699805 0.00538635
12 0.735352 0.601172 0.529297 0.797656 0.00521851
12 0.770117 0.525 0.459766 0.804688 0.00468063
12 0.468359 0.646777 0.508594 0.704883 0.00443268
12 0.342773 0.823242 0.316797 0.291016 0.00388527
12 0.782422 0.591504 0.435156 0.699805 0.00382423
13 0.770117 0.525 0.459766 0.804688 0.00376511
13 0.878906 0.6 0.242188 0.5375 0.00372124
21 0.890625 0.796094 0.21875 0.370313 0.00353813
12 0.5625 0.715234 0.253125 0.491406 0.00342941
6 0.372266 0.437109 0.510156 0.3375 0.00332451
5 0.358203 0.429785 0.407031 0.281055 0.00312424
13 0.5625 0.715234 0.253125 0.491406 0.00275803
17 0.5625 0.715234 0.253125 0.491406 0.00247192
13 0.575 0.801758 0.246875 0.327734 0.00232315
12 0.614844 0.616309 0.560938 0.762695 0.00223351
15 0.361719 0.432422 0.420312 0.285156 0.00214958
12 0.640234 0.601172 0.719531 0.797656 0.00214958
12 0.42666 0.598828 0.74043 0.802344 0.00206757
12 0.572656 0.801562 0.242188 0.31875 0.00189686
13 0.735352 0.601172 0.529297 0.797656 0.0018034
15 0.342773 0.823242 0.316797 0.291016 0.00168133
0 0.372266 0.437109 0.510156 0.3375 0.00164223
13 0.468359 0.646777 0.508594 0.704883 0.00161076
16 0.372266 0.437109 0.510156 0.3375 0.00155449
13 0.614844 0.616309 0.560938 0.762695 0.0014782
12 0.783984 0.406641 0.432031 0.691406 0.0014267
13 0.363672 0.430859 0.455469 0.308594 0.00113392
12 0.878906 0.6 0.242188 0.5375 0.00108624
12 0.312061 0.796875 0.379004 0.353125 0.00101662
14 0.348047 0.42959 0.382812 0.29082 0.492188
2 0.345117 0.425098 0.375391 0.299805 0.252441
6 0.35 0.428906 0.398438 0.292969 0.139893
9 0.35 0.428906 0.398438 0.292969 0.0960083
23 0.345117 0.425098 0.375391 0.299805 0.0872803
16 0.354492 0.427734 0.414453 0.297656 0.0279083
10 0.348047 0.42959 0.382812 0.29082 0.0248871
7 0.35 0.428906 0.398438 0.292969 0.0219421
25 0.35 0.428906 0.398438 0.292969 0.0181274
4 0.348047 0.42959 0.382812 0.29082 0.0161591
18 0.35 0.428906 0.398438 0.292969 0.00959778
0 0.354492 0.427734 0.414453 0.297656 0.00941467
11 0.35 0.428906 0.398438 0.292969 0.00359344
5 0.348047 0.42959 0.382812 0.29082 0.00332451
24 0.351172 0.427344 0.407031 0.289062 0.00298119
12 0.538281 0.736328 0.332031 0.496094 0.00288963
3 0.350781 0.425 0.411719 0.315625 0.00195694
15 0.354492 0.427734 0.414453 0.297656 0.00154877
12 0.557031 0.754297 0.259375 0.432031 0.00150681
13 0.765234 0.469922 0.469531 0.824219 0.00148392
13 0.550781 0.737109 0.282813 0.469531 0.00123978
12 0.734375 0.532031 0.53125 0.840625 0.00119686
12 0.607422 0.594141 0.785156 0.811719 0.00111198
12 0.792383 0.539453 0.415234 0.592969 0.00105286
12 0.723828 0.652734 0.552344 0.675781 0.00102043
12 0.397559 0.603125 0.750195 0.79375 0.00102043
2 0.344971 0.426953 0.365527 0.282813 0.144653
14 0.344141 0.428027 0.364844 0.27207 0.105957
6 0.344141 0.428125 0.354688 0.275 0.0539856
23 0.347266 0.429004 0.36875 0.285742 0.0528259
9 0.344141 0.428125 0.354688 0.275 0.0237732
16 0.344971 0.426953 0.365527 0.282813 0.0222015
4 0.347266 0.429004 0.36875 0.285742 0.0189362
7 0.344971 0.426953 0.365527 0.282813 0.0133743
0 0.351758 0.430469 0.382422 0.275 0.0114212
18 0.354639 0.427734 0.379785 0.286719 0.0100555
10 0.344141 0.428125 0.354688 0.275 0.00746155
25 0.344141 0.428125 0.354688 0.275 0.00591278
11 0.354639 0.427734 0.379785 0.286719 0.00314713
3 0.354639 0.427734 0.379785 0.286719 0.00255013
19 0.272314 0.384473 0.220215 0.151367 0.00242424
1 0.345313 0.430078 0.378125 0.277344 0.00130463
24 0.358203 0.428516 0.372656 0.278125 0.00117874
14 0.350732 0.437109 0.387598 0.292188 0.420654
2 0.35 0.437598 0.407031 0.299805 0.29248
9 0.352734 0.438281 0.405469 0.292969 0.160767
23 0.354736 0.43916 0.399902 0.298242 0.138916
6 0.352734 0.438281 0.405469 0.292969 0.0375977
7 0.349609 0.439453 0.401563 0.295312 0.0261536
16 0.358984 0.4375 0.420312 0.297656 0.021286
4 0.354736 0.43916 0.399902 0.298242 0.0199432
18 0.349609 0.439453 0.401563 0.295312 0.0179901
0 0.354736 0.43916 0.399902 0.298242 0.00743103
25 0.350732 0.437109 0.387598 0.292188 0.00679779
10 0.350732 0.437109 0.387598 0.292188 0.00582123
24 0.358984 0.4375 0.420312 0.297656 0.00341606
11 0.358984 0.4375 0.420312 0.297656 0.00225258
5 0.350732 0.437109 0.387598 0.292188 0.00155449
12 0.316797 0.254883 0.633594 0.509766 0.00145531
15 0.355469 0.435547 0.424219 0.304688 0.00128937
3 0.355469 0.435547 0.424219 0.304688 0.00125504
19 0.342578 0.826563 0.326562 0.346875 0.00102425
14 0.348633 0.432422 0.380859 0.297656 0.563965
2 0.345654 0.431348 0.373535 0.29668 0.504883
23 0.346533 0.435254 0.364746 0.29668 0.117554
25 0.348633 0.432422 0.380859 0.297656 0.0680542
16 0.343359 0.42959 0.391406 0.304883 0.0441895
18 0.343555 0.430469 0.387891 0.303125 0.0406799
7 0.343555 0.430469 0.387891 0.303125 0.0220337
9 0.347607 0.433203 0.38916 0.296094 0.0151901
6 0.347607 0.433203 0.38916 0.296094 0.0104904
4 0.346533 0.435254 0.364746 0.29668 0.0102463
10 0.348633 0.432422 0.380859 0.297656 0.00591278
0 0.347852 0.433203 0.393359 0.296094 0.00457382
24 0.343555 0.430469 0.387891 0.303125 0.00276756
5 0.348633 0.432422 0.380859 0.297656 0.00178909
1 0.344922 0.434277 0.371094 0.295508 0.00160408
13 0.557422 0.748438 0.296094 0.503125 0.00121117
12 0.601172 0.621094 0.797656 0.757812 0.00107288
13 0.564844 0.757422 0.246875 0.352344 0.00106049
14 0.355664 0.438672 0.393359 0.296094 0.854004
2 0.349658 0.434473 0.399121 0.312305 0.626953
23 0.356445 0.435547 0.393359 0.302344 0.294189
9 0.353955 0.434766 0.39209 0.308594 0.0897827
4 0.356445 0.435547 0.393359 0.302344 0.0594177
25 0.355664 0.438672 0.393359 0.296094 0.0160217
0 0.356445 0.435547 0.393359 0.302344 0.0123367
6 0.350391 0.439063 0.402344 0.304688 0.00971222
18 0.351953 0.436816 0.401563 0.316992 0.00407028
10 0.349658 0.434473 0.399121 0.312305 0.00405502
16 0.349658 0.434473 0.399121 0.312305 0.00403976
7 0.351953 0.436816 0.401563 0.316992 0.00345612
11 0.350391 0.439063 0.402344 0.304688 0.00324821
5 0.355664 0.438672 0.393359 0.296094 0.00305176
1 0.356055 0.434375 0.394141 0.289844 0.00161648
2 0.35293 0.429297 0.394141 0.288281 0.680176
14 0.353711 0.427246 0.400391 0.283008 0.319092
23 0.352539 0.435937 0.388672 0.29375 0.0718384
7 0.352539 0.435937 0.388672 0.29375 0.0411377
16 0.35957 0.429004 0.412109 0.307617 0.0177155
6 0.353711 0.427246 0.400391 0.283008 0.00793457
18 0.354883 0.436328 0.399609 0.301563 0.00600433
25 0.353711 0.427246 0.400391 0.283008 0.00551224
10 0.353711 0.427246 0.400391 0.283008 0.00488663
12 0.782031 0.626172 0.435937 0.608594 0.00443268
9 0.358984 0.432422 0.413281 0.296875 0.00348282
11 0.34707 0.427344 0.396484 0.275 0.0027256
12 0.789453 0.665234 0.421094 0.586719 0.00228691
4 0.352539 0.435937 0.388672 0.29375 0.00216484
13 0.782031 0.626172 0.435937 0.608594 0.00188923
13 0.557813 0.757422 0.2375 0.338281 0.00174141
0 0.348242 0.428125 0.395703 0.275 0.00158501
12 0.356836 0.258984 0.713672 0.517969 0.00137806
19 0.557813 0.757422 0.2375 0.338281 0.00119686
19 0.423438 0.432715 0.241406 0.298633 0.00102806
14 0.350977 0.432031 0.376172 0.279687 0.949219
2 0.350977 0.432031 0.376172 0.279687 0.919434
23 0.348828 0.431641 0.377344 0.299219 0.236572
25 0.350977 0.432031 0.376172 0.279687 0.0403748
9 0.34668 0.432031 0.378516 0.277344 0.0142822
6 0.345361 0.431641 0.383496 0.297656 0.00479126
10 0.351758 0.433984 0.375391 0.294531 0.00429916
4 0.34668 0.432031 0.378516 0.277344 0.00351143
16 0.347852 0.434277 0.389453 0.273633 0.00329781
7 0.34292 0.432031 0.378223 0.296875 0.00305176
18 0.34292 0.432031 0.378223 0.296875 0.00166798
5 0.350977 0.432031 0.376172 0.279687 0.00133514
0 0.348242 0.435254 0.383203 0.299805 0.00119686
2 0.348486 0.42666 0.389746 0.301367 0.933594
14 0.346289 0.424219 0.392578 0.28125 0.191895
9 0.351562 0.425391 0.403906 0.284375 0.154541
23 0.346289 0.424219 0.392578 0.28125 0.110474
7 0.349805 0.429785 0.403516 0.298242 0.0156708
6 0.352734 0.427734 0.405469 0.303906 0.0152512
18 0.348486 0.42666 0.389746 0.301367 0.0100555
16 0.352734 0.427734 0.405469 0.303906 0.00912476
4 0.354688 0.426172 0.401563 0.285938 0.005867
25 0.346289 0.424219 0.392578 0.28125 0.00564194
24 0.346826 0.429688 0.398535 0.299219 0.00319672
11 0.349805 0.429785 0.403516 0.298242 0.00216484
0 0.354688 0.426172 0.401563 0.285938 0.00178909
10 0.349414 0.430469 0.395703 0.310156 0.00147247
14 0.35332 0.440234 0.401172 0.321094 0.980957
23 0.35332 0.440234 0.401172 0.321094 0.320801
2 0.355469 0.441406 0.413281 0.325781 0.259033
4 0.35332 0.440234 0.401172 0.321094 0.160278
9 0.354688 0.438965 0.410938 0.325195 0.119629
25 0.354688 0.443359 0.40625 0.321094 0.0118713
6 0.355078 0.4375 0.414844 0.332813 0.00971222
18 0.355469 0.441406 0.413281 0.325781 0.00263214
5 0.354688 0.443359 0.40625 0.321094 0.0019722
10 0.353711 0.440527 0.406641 0.311133 0.00163555
7 0.319141 0.377441 0.294531 0.16543 0.00138855
2 0.35332 0.429785 0.398047 0.301367 0.80127
14 0.351904 0.435547 0.390723 0.301563 0.128906
7 0.351172 0.428906 0.4 0.3 0.0402527
6 0.351172 0.428906 0.4 0.3 0.0327148
23 0.351904 0.435547 0.390723 0.301563 0.0301056
16 0.354102 0.433496 0.398828 0.29082 0.00941467
18 0.353857 0.435254 0.398535 0.30293 0.00717545
9 0.35332 0.429785 0.398047 0.301367 0.00502014
11 0.351172 0.428906 0.4 0.3 0.00385475
25 0.351904 0.435547 0.390723 0.301563 0.0016489
10 0.354102 0.433496 0.398828 0.29082 0.0012598
24 0.355029 0.43125 0.399316 0.295312 0.00110722
2 0.353467 0.440527 0.375879 0.29082 0.902832
14 0.353467 0.440527 0.375879 0.29082 0.267334
23 0.348633 0.427344 0.375391 0.291406 0.194336
25 0.361377 0.442969 0.385059 0.29375 0.0262604
6 0.354883 0.436035 0.373047 0.29043 0.0228424
7 0.349561 0.435937 0.382129 0.303125 0.00905609
16 0.361377 0.442969 0.385059 0.29375 0.00695801
18 0.349561 0.435937 0.382129 0.303125 0.00651169
4 0.349414 0.435937 0.388672 0.295312 0.005867
10 0.351172 0.436719 0.373437 0.3 0.00419998
0 0.361377 0.442969 0.385059 0.29375 0.00402451
9 0.351172 0.436719 0.373437 0.3 0.00374985
1 0.344727 0.44375 0.380859 0.288281 0.00109863
2 0.339844 0.433984 0.373437 0.304688 0.932129
14 0.345654 0.435059 0.394629 0.304883 0.187134
23 0.341797 0.433203 0.385156 0.310156 0.0623169
6 0.347656 0.431641 0.392188 0.301563 0.042572
9 0.342236 0.426465 0.392871 0.304883 0.033844
7 0.343408 0.430078 0.393652 0.309375 0.012825
16 0.340967 0.432031 0.382129 0.307813 0.00403976
11 0.345508 0.433594 0.399609 0.3125 0.00259018
18 0.343408 0.430078 0.393652 0.309375 0.00259018
10 0.345508 0.433594 0.399609 0.3125 0.00253105
25 0.341455 0.431641 0.397559 0.308594 0.00218201
4 0.34043 0.430469 0.366016 0.299219 0.00194931
24 0.341748 0.432031 0.387598 0.299219 0.00134563
0 0.345654 0.435059 0.394629 0.304883 0.00123501
14 0.359814 0.429297 0.389746 0.294531 0.710449
23 0.359814 0.429297 0.389746 0.294531 0.15979
2 0.363867 0.429785 0.401953 0.301367 0.147583
25 0.360547 0.430566 0.399219 0.320117 0.0165863
6 0.360352 0.431348 0.398828 0.29043 0.0144501
4 0.357422 0.432031 0.386719 0.316406 0.00857544
10 0.360352 0.431348 0.398828 0.29043 0.00544739
19 0.348438 0.796094 0.34375 0.407813 0.00323486
9 0.360547 0.430566 0.399219 0.320117 0.00211525
0 0.357422 0.432031 0.386719 0.316406 0.00179577
1 0.360352 0.431348 0.398828 0.29043 0.00176811
7 0.360352 0.431348 0.398828 0.29043 0.00136185
18 0.363672 0.427734 0.403906 0.296875 0.00112438
2 0.354297 0.43584 0.399219 0.293945 0.902832
14 0.350977 0.433203 0.390234 0.274219 0.0820923
23 0.353711 0.434375 0.389453 0.276563 0.0797729
9 0.355469 0.434375 0.409375 0.2875 0.0207977
7 0.353125 0.440625 0.403125 0.289062 0.02034
18 0.355469 0.434375 0.409375 0.2875 0.0162811
16 0.355469 0.434375 0.409375 0.2875 0.0161591
6 0.354297 0.43584 0.399219 0.293945 0.00790405
10 0.351758 0.441016 0.388672 0.297656 0.00291252
25 0.355469 0.434375 0.409375 0.2875 0.00269318
11 0.352734 0.443359 0.397656 0.29375 0.00169373
0 0.352734 0.443359 0.397656 0.29375 0.00108624
2 0.353711 0.425098 0.378516 0.282617 0.513672
14 0.354346 0.425391 0.382715 0.275 0.146118
23 0.353711 0.425098 0.378516 0.282617 0.062561
25 0.347656 0.423535 0.377344 0.288867 0.0046463
7 0.347705 0.421973 0.37959 0.288867 0.00457382
16 0.346826 0.424121 0.387598 0.298633 0.00448608
6 0.347705 0.421973 0.37959 0.288867 0.0029583
10 0.354346 0.425391 0.382715 0.275 0.00253105
18 0.34917 0.428809 0.381348 0.292383 0.0015974
2 0.349268 0.437109 0.392871 0.301563 0.768555
14 0.353125 0.439844 0.388281 0.292969 0.166138
23 0.349268 0.437109 0.392871 0.301563 0.0713501
7 0.351953 0.443359 0.391406 0.300781 0.0204926
6 0.347998 0.434375 0.39541 0.304688 0.00878143
25 0.347998 0.434375 0.39541 0.304688 0.0029583
18 0.35 0.441797 0.398438 0.303125 0.00195694
16 0.349219 0.438281 0.398438 0.298438 0.00187492
9 0.347998 0.434375 0.39541 0.304688 0.00155449
10 0.350977 0.439844 0.398047 0.300781 0.0011034
11 0.350977 0.439844 0.398047 0.300781 0.00105286
2 0.352539 0.436816 0.381641 0.287305 0.823242
14 0.347607 0.438281 0.378223 0.292188 0.160278
23 0.350049 0.437402 0.380371 0.279883 0.0663452
6 0.342969 0.436328 0.375781 0.296094 0.0130234
4 0.350049 0.437402 0.380371 0.279883 0.005867
9 0.345313 0.436816 0.375781 0.288867 0.00462723
16 0.345313 0.436816 0.375781 0.288867 0.00323486
7 0.342969 0.436328 0.375781 0.296094 0.0024929
25 0.350049 0.437402 0.380371 0.279883 0.00237846
10 0.347607 0.436328 0.378223 0.275781 0.00188255
18 0.345313 0.436816 0.375781 0.288867 0.00188255
2 0.360596 0.441016 0.392871 0.282031 0.773438
23 0.357812 0.440723 0.384375 0.274805 0.0953369
6 0.357422 0.439453 0.383594 0.272656 0.0881958
14 0.355078 0.441406 0.384375 0.2875 0.0558167
25 0.368359 0.441309 0.4 0.286133 0.00431442
9 0.354736 0.439453 0.387402 0.271094 0.00426483
18 0.368359 0.441309 0.4 0.286133 0.00319672
7 0.364111 0.439063 0.39209 0.29375 0.00305176
4 0.354736 0.439453 0.387402 0.271094 0.00300407
0 0.368359 0.441309 0.4 0.286133 0.00282288
19 0.344336 0.795313 0.344141 0.404687 0.00236893
16 0.368359 0.441309 0.4 0.286133 0.00138855
2 0.358594 0.441016 0.40625 0.308594 0.687012
9 0.357031 0.435937 0.403125 0.299219 0.142212
4 0.357031 0.435937 0.403125 0.299219 0.132935
23 0.358594 0.441016 0.40625 0.308594 0.0266571
14 0.358203 0.436816 0.401563 0.298242 0.0240479
6 0.358008 0.434766 0.398047 0.296094 0.0189056
24 0.357031 0.435937 0.403125 0.299219 0.00385475
0 0.360156 0.435547 0.40625 0.310156 0.00382423
11 0.361523 0.439063 0.406641 0.309375 0.00265312
10 0.360156 0.435547 0.40625 0.310156 0.00151253
16 0.361523 0.439063 0.406641 0.309375 0.00142097
15 0.357031 0.435937 0.403125 0.299219 0.00142097
18 0.360156 0.435547 0.40625 0.310156 0.00132465
7 0.358594 0.441016 0.40625 0.308594 0.0011425
2 0.350977 0.432813 0.371484 0.276563 0.558105
14 0.348438 0.431641 0.36875 0.285156 0.223389
6 0.351562 0.433496 0.370313 0.273633 0.0252228
23 0.348438 0.431641 0.36875 0.285156 0.0128708
9 0.351562 0.433496 0.370313 0.273633 0.00570679
25 0.350977 0.432422 0.375391 0.282813 0.00284576
7 0.351562 0.433496 0.370313 0.273633 0.00186729
4 0.351562 0.433496 0.370313 0.273633 0.00176144
10 0.351562 0.433496 0.370313 0.273633 0.00109863
2 0.358594 0.437598 0.403125 0.31543 0.96582
14 0.358203 0.440527 0.405469 0.318945 0.0939941
23 0.356641 0.432715 0.38125 0.30332 0.0091629
7 0.356641 0.432715 0.38125 0.30332 0.00857544
6 0.359766 0.439844 0.400781 0.321875 0.00486755
16 0.359766 0.433984 0.407813 0.314063 0.00482941
9 0.358398 0.439453 0.407422 0.319531 0.00311089
10 0.359766 0.439844 0.400781 0.321875 0.00293541
25 0.358594 0.437598 0.403125 0.31543 0.00229645
18 0.359766 0.430371 0.405469 0.306445 0.00124454
0 0.359766 0.439844 0.400781 0.321875 0.00105286
2 0.357471 0.437891 0.399121 0.302344 0.94873
14 0.359375 0.437109 0.392188 0.297656 0.182983
23 0.359375 0.437109 0.392188 0.297656 0.0115051
7 0.364502 0.434277 0.395996 0.304883 0.00367928
9 0.366016 0.433691 0.410938 0.304492 0.00284576
19 0.410938 0.416406 0.288281 0.3375 0.00279999
16 0.367188 0.437109 0.411719 0.307031 0.00232315
10 0.367188 0.437109 0.411719 0.307031 0.00226021
25 0.367188 0.437109 0.411719 0.307031 0.00152493
18 0.367188 0.437109 0.411719 0.307031 0.00103188
2 0.358936 0.433691 0.388379 0.30918 0.977051
14 0.358936 0.433691 0.388379 0.30918 0.041626
16 0.367383 0.426465 0.415234 0.320508 0.00919342
6 0.362891 0.431641 0.4 0.303906 0.0078125
7 0.366406 0.430469 0.405469 0.316406 0.00559998
23 0.3625 0.428516 0.403125 0.310156 0.00468063
9 0.367383 0.426465 0.415234 0.320508 0.00362206
1 0.356592 0.435156 0.391504 0.300781 0.00184631
2 0.35918 0.432813 0.395703 0.2875 0.917969
6 0.359375 0.427344 0.398438 0.292969 0.0598755
14 0.355859 0.433203 0.402344 0.283594 0.0432129
23 0.363281 0.435254 0.402344 0.299805 0.0104065
9 0.361279 0.428516 0.397754 0.296875 0.00653839
4 0.359375 0.427344 0.398438 0.292969 0.00441742
7 0.361328 0.437109 0.391406 0.289844 0.00218201
11 0.361279 0.428516 0.397754 0.296875 0.00208282
25 0.365039 0.435059 0.402734 0.295508 0.00119686
17 0.357373 0.43125 0.397754 0.286719 0.00115108
10 0.359375 0.427344 0.398438 0.292969 0.00104809
2 0.357422 0.431641 0.389062 0.269531 0.926758
14 0.356055 0.431641 0.384766 0.272656 0.486328
9 0.360156 0.432422 0.403125 0.274219 0.062561
23 0.356836 0.431641 0.392578 0.274219 0.0227966
6 0.359375 0.43291 0.385938 0.285742 0.0195007
4 0.358008 0.434766 0.381641 0.283594 0.00547028
25 0.357031 0.43125 0.384375 0.267188 0.00174141
18 0.360156 0.432422 0.403125 0.274219 0.00104046
2 0.353711 0.433691 0.376172 0.28418 0.905762
14 0.35 0.433203 0.376563 0.275781 0.0894775
12 0.80625 0.7125 0.370313 0.528125 0.0252686
23 0.35 0.433203 0.376563 0.275781 0.0126266
6 0.355029 0.430566 0.371191 0.279492 0.00919342
7 0.360107 0.436621 0.398535 0.308008 0.00429916
9 0.360107 0.436621 0.398535 0.308008 0.00209999
16 0.362842 0.435547 0.397754 0.3 0.00122547
12 0.694922 0.714063 0.610156 0.571875 0.00102806
25 0.362842 0.435547 0.397754 0.3 0.00102425
11 0.360107 0.436621 0.398535 0.308008 0.00101662
2 0.361523 0.432031 0.380078 0.275781 0.935547
14 0.361523 0.432031 0.380078 0.275781 0.131226
23 0.36582 0.437402 0.393359 0.286133 0.0164642
6 0.359766 0.430859 0.377344 0.278125 0.00317192
9 0.367139 0.435937 0.397754 0.285938 0.00282288
7 0.362549 0.440527 0.37959 0.286133 0.00245285
2 0.347607 0.425781 0.366504 0.261719 0.700684
14 0.351514 0.429688 0.386035 0.267188 0.286865
23 0.345361 0.426465 0.376465 0.264258 0.0399475
4 0.345361 0.426465 0.376465 0.264258 0.0064888
6 0.350977 0.42334 0.358984 0.262695 0.00559998
0 0.345361 0.426465 0.376465 0.264258 0.00524139
9 0.345361 0.426465 0.376465 0.264258 0.00500107
25 0.349268 0.424316 0.370996 0.260742 0.0042305
1 0.703516 0.483984 0.592969 0.860156 0.0024147
11 0.345361 0.426465 0.376465 0.264258 0.00183868
10 0.350977 0.42334 0.358984 0.262695 0.00131512
7 0.345361 0.426465 0.376465 0.264258 0.00127888
2 0.357031 0.427441 0.385938 0.27168 0.725586
14 0.356299 0.427734 0.381152 0.270313 0.571777
23 0.357812 0.426953 0.382031 0.273438 0.025177
4 0.357812 0.426953 0.382031 0.273438 0.0026207
6 0.357812 0.426953 0.382031 0.273438 0.00252151
7 0.359766 0.431641 0.38125 0.267969 0.00234222
25 0.358008 0.427734 0.383984 0.276563 0.00150108
9 0.357812 0.426953 0.382031 0.273438 0.00127411
14 0.346924 0.426172 0.370215 0.272656 0.799316
2 0.342969 0.432031 0.365625 0.275781 0.10968
4 0.346924 0.426172 0.370215 0.272656 0.0630493
23 0.351611 0.427441 0.363184 0.274805 0.0198669
25 0.35332 0.428027 0.360547 0.279883 0.0051384
0 0.351611 0.427441 0.363184 0.274805 0.0042305
9 0.351611 0.427441 0.363184 0.274805 0.00411606
2 0.356445 0.422754 0.380078 0.270117 0.745605
14 0.353711 0.424609 0.381641 0.267969 0.32251
23 0.349805 0.422559 0.379297 0.267383 0.0171814
6 0.350977 0.425879 0.380859 0.268555 0.00629044
9 0.358984 0.421094 0.377344 0.269531 0.00269318
4 0.350195 0.424219 0.379297 0.2625 0.00243378
7 0.355859 0.423828 0.383594 0.274219 0.00167465
0 0.358984 0.421094 0.377344 0.269531 0.00161648
25 0.356445 0.422754 0.380078 0.270117 0.00151253
2 0.351172 0.419922 0.388281 0.269531 0.907715
14 0.351514 0.423535 0.382129 0.27168 0.0538025
23 0.351562 0.422754 0.389062 0.263867 0.0289764
6 0.35332 0.421973 0.385547 0.266992 0.00426483
7 0.351514 0.423535 0.382129 0.27168 0.00291252
16 0.352295 0.418652 0.393848 0.270508 0.0026722
9 0.353906 0.421094 0.391406 0.278125 0.00186729
25 0.354297 0.419922 0.397656 0.272656 0.00143242
0 0.351562 0.422754 0.389062 0.263867 0.00130463
11 0.35332 0.421973 0.385547 0.266992 0.00115108
2 0.346289 0.420703 0.373047 0.280469 0.956055
14 0.346289 0.421191 0.371484 0.274805 0.0249939
6 0.344922 0.41875 0.375781 0.267188 0.0088501
23 0.344922 0.41875 0.375781 0.267188 0.00367928
9 0.344922 0.41875 0.375781 0.267188 0.00322342
17 0.344531 0.417969 0.36875 0.271094 0.00227928
7 0.344922 0.41875 0.375781 0.267188 0.00138855
2 0.352295 0.422656 0.382129 0.28125 0.815918
14 0.352295 0.426465 0.38291 0.281445 0.0389099
9 0.351514 0.423535 0.397754 0.279492 0.00912476
23 0.352344 0.425098 0.3875 0.281055 0.00284576
6 0.352344 0.425098 0.3875 0.281055 0.00212479
16 0.351514 0.423535 0.397754 0.279492 0.0012598
7 0.352295 0.426465 0.38291 0.281445 0.0011425
4 0.352344 0.425098 0.3875 0.281055 0.00102043
2 0.348779 0.420996 0.374316 0.26582 0.975098
14 0.349609 0.420996 0.371094 0.268945 0.403564
23 0.349609 0.420996 0.371094 0.268945 0.0108185
9 0.341602 0.420703 0.373828 0.266406 0.00292397
6 0.341602 0.420703 0.373828 0.266406 0.00198746
25 0.35293 0.42041 0.376172 0.26543 0.00126457
2 0.352148 0.42041 0.383203 0.262305 0.869141
14 0.353125 0.420312 0.382812 0.264062 0.190674
23 0.354102 0.421484 0.382422 0.260938 0.0154877
7 0.348438 0.419922 0.382812 0.267969 0.00471878
25 0.354102 0.421484 0.382422 0.260938 0.00183868
9 0.344727 0.419531 0.380078 0.261719 0.00109005
2 0.351172 0.424609 0.384375 0.274219 0.899414
14 0.351611 0.425098 0.381934 0.27793 0.213989
23 0.352393 0.424609 0.388184 0.271094 0.00698471
6 0.350781 0.428125 0.38125 0.274219 0.00636292
9 0.352393 0.424609 0.388184 0.271094 0.00153065
25 0.353955 0.424316 0.388965 0.274805 0.00126457
2 0.36543 0.428125 0.389453 0.271875 0.897461
14 0.360742 0.428027 0.387891 0.27207 0.0195618
6 0.356445 0.431641 0.387109 0.266406 0.0183716
23 0.356445 0.431641 0.387109 0.266406 0.00418091
9 0.364893 0.429688 0.38584 0.275781 0.0039444
16 0.364893 0.429688 0.38584 0.275781 0.00234222
7 0.360742 0.428027 0.387891 0.27207 0.00203514
1 0.758203 0.427734 0.483594 0.825781 0.00161076
11 0.358398 0.432031 0.383203 0.271094 0.00105667
2 0.354688 0.42959 0.385938 0.275195 0.953613
14 0.358008 0.428809 0.387109 0.287695 0.0570679
23 0.355078 0.43125 0.39375 0.272656 0.00734711
9 0.351904 0.427441 0.386035 0.27793 0.00276756
7 0.351611 0.428125 0.38584 0.276563 0.00176144
6 0.351904 0.427441 0.386035 0.27793 0.00135136
2 0.349805 0.42334 0.376953 0.264258 0.904785
14 0.347852 0.428223 0.376172 0.27793 0.133911
23 0.349268 0.424316 0.376465 0.26543 0.00701141
11 0.584375 0.638379 0.83125 0.723242 0.00356483
25 0.347998 0.422656 0.37666 0.265625 0.00234222
7 0.35 0.42666 0.379688 0.279492 0.00117874
2 0.344922 0.425 0.373437 0.2625 0.787109
14 0.347266 0.425879 0.361719 0.263867 0.474609
23 0.344922 0.425 0.373437 0.2625 0.0186157
25 0.346484 0.427734 0.371094 0.263281 0.00124931
2 0.35 0.429297 0.379688 0.265625 0.925293
14 0.35083 0.430371 0.37959 0.25957 0.0231476
23 0.35083 0.430371 0.37959 0.25957 0.00757599
7 0.350781 0.434766 0.390625 0.279687 0.00213242
9 0.347461 0.428125 0.391016 0.270313 0.00201988
2 0.355859 0.432813 0.388281 0.275 0.926758
14 0.355859 0.436816 0.371094 0.28418 0.0577087
23 0.355859 0.432813 0.388281 0.275 0.00518036
7 0.35542 0.431934 0.383691 0.273633 0.00136185
9 0.355859 0.432813 0.388281 0.275 0.00105286
2 0.350732 0.428809 0.367285 0.262695 0.929199
14 0.356641 0.434766 0.363281 0.2625 0.0847778
23 0.35708 0.430469 0.36709 0.253125 0.00518036
7 0.354297 0.434766 0.36875 0.264062 0.00223351
2 0.354248 0.428906 0.361816 0.257812 0.914062
14 0.357422 0.43125 0.369531 0.257031 0.0328369
23 0.357422 0.43125 0.369531 0.257031 0.00740433
9 0.354248 0.428906 0.361816 0.257812 0.00230598
7 0.353564 0.430078 0.363965 0.260156 0.00183868
2 0.356982 0.430469 0.38916 0.269531 0.891602
14 0.358545 0.432031 0.379785 0.270313 0.0634766
23 0.357422 0.433594 0.385156 0.267188 0.00468063
7 0.355859 0.432813 0.388281 0.270313 0.00157356
9 0.356982 0.430469 0.38916 0.269531 0.00108147
2 0.351904 0.425391 0.360254 0.260156 0.922363
14 0.355469 0.432422 0.355469 0.266406 0.0217743
23 0.35332 0.426953 0.363672 0.255469 0.0123367
9 0.351904 0.425391 0.360254 0.260156 0.00251198
6 0.35332 0.426953 0.363672 0.255469 0.00232315
2 0.358984 0.432031 0.363281 0.273438 0.907227
14 0.362109 0.436816 0.36875 0.288867 0.0293121
23 0.361719 0.433594 0.36875 0.267188 0.00638962
2 0.357373 0.431934 0.371973 0.279883 0.927246
14 0.357812 0.435937 0.3625 0.28125 0.0220337
23 0.357373 0.433203 0.371191 0.279687 0.00443268
2 0.358545 0.43291 0.373535 0.270117 0.911621
14 0.35293 0.436816 0.370703 0.27168 0.0284424
23 0.35293 0.436816 0.370703 0.27168 0.00740433
9 0.358545 0.43291 0.373535 0.270117 0.00147247
25 0.35293 0.436816 0.370703 0.27168 0.00112438
6 0.358545 0.43291 0.373535 0.270117 0.00100803
2 0.358984 0.431641 0.351562 0.260938 0.929199
14 0.358789 0.431641 0.354297 0.257812 0.0406799
23 0.358789 0.431641 0.354297 0.257812 0.00518036
7 0.357812 0.432031 0.352344 0.2625 0.0016489
25 0.358789 0.431641 0.354297 0.257812 0.00115108
2 0.355078 0.429297 0.360156 0.271094 0.898438
14 0.355469 0.433594 0.354688 0.278125 0.0276947
23 0.357422 0.431641 0.361719 0.266406 0.00775528
25 0.357422 0.431641 0.361719 0.266406 0.00239754
6 0.354297 0.429297 0.363281 0.273438 0.00138855
9 0.354297 0.429297 0.363281 0.273438 0.00113773
2 0.35625 0.432813 0.35625 0.258594 0.915039
14 0.354639 0.435059 0.361035 0.254883 0.0381775
23 0.354639 0.435059 0.361035 0.254883 0.016098
6 0.355078 0.429785 0.35625 0.25918 0.00245285
25 0.354639 0.435059 0.361035 0.254883 0.00195694
11 0.622266 0.669141 0.755469 0.657031 0.00161648
9 0.355078 0.429785 0.35625 0.25918 0.00131512
7 0.353711 0.432422 0.355859 0.260156 0.00130463
2 0.349805 0.439453 0.361328 0.260156 0.921387
14 0.349805 0.439453 0.361328 0.260156 0.0143356
23 0.354883 0.437109 0.359766 0.263281 0.00609589
9 0.355273 0.433984 0.360547 0.264844 0.0024147
6 0.355273 0.433984 0.360547 0.264844 0.00158501
7 0.354883 0.437109 0.359766 0.263281 0.00129986
25 0.349805 0.439453 0.361328 0.260156 0.00117874
16 0.354883 0.437109 0.359766 0.263281 0.00103664
2 0.35 0.437109 0.3625 0.276563 0.891602
14 0.349951 0.439063 0.360254 0.273438 0.0304413
23 0.347314 0.435937 0.359277 0.273438 0.0162201
6 0.347314 0.435937 0.359277 0.273438 0.00431442
9 0.347314 0.435937 0.359277 0.273438 0.00186729
25 0.349951 0.439063 0.360254 0.273438 0.00168705
2 0.350586 0.433203 0.366016 0.278906 0.921875
14 0.351172 0.435059 0.367969 0.273633 0.0303345
23 0.349805 0.433594 0.365234 0.274219 0.00763702
7 0.349805 0.433594 0.365234 0.274219 0.00158501
9 0.349414 0.433496 0.365234 0.275195 0.00156689
6 0.349414 0.433496 0.365234 0.275195 0.00152493
25 0.351172 0.435059 0.367969 0.273633 0.00112438
2 0.354346 0.430566 0.381152 0.288867 0.884766
14 0.357227 0.433203 0.381641 0.296094 0.0528259
23 0.352734 0.432715 0.390625 0.287695 0.00766754
6 0.352734 0.432715 0.390625 0.287695 0.00235939
9 0.352734 0.432715 0.390625 0.287695 0.00154305
25 0.35625 0.431641 0.379688 0.289062 0.00112915
2 0.357764 0.430566 0.374316 0.27793 0.930664
14 0.358203 0.430859 0.378125 0.276563 0.0769653
23 0.355859 0.430371 0.380469 0.279883 0.0118256
9 0.355859 0.430371 0.380469 0.279883 0.00176811
6 0.355859 0.430371 0.380469 0.279883 0.00162315
2 0.353174 0.432422 0.369434 0.269531 0.907227
14 0.354492 0.433984 0.369141 0.267969 0.0370483
23 0.354492 0.433984 0.369141 0.267969 0.00844574
9 0.350732 0.432031 0.372754 0.267969 0.00286674
6 0.350732 0.432031 0.372754 0.267969 0.00136662
7 0.351123 0.432422 0.371973 0.267188 0.00101662
2 0.355469 0.433203 0.36875 0.275781 0.939941
14 0.356445 0.435156 0.368359 0.275 0.0340881
23 0.356445 0.435156 0.368359 0.275 0.0106506
9 0.351221 0.432813 0.371777 0.278125 0.002388
25 0.356445 0.435156 0.368359 0.275 0.00133038
2 0.35625 0.435059 0.380469 0.27832 0.950195
14 0.357373 0.4375 0.382129 0.276563 0.0278015
23 0.357373 0.4375 0.382129 0.276563 0.00787354
9 0.354688 0.432813 0.390625 0.277344 0.00173378
6 0.354688 0.432813 0.390625 0.277344 0.00108624
2 0.354883 0.435156 0.362109 0.26875 0.921875
14 0.354883 0.435156 0.362109 0.26875 0.012825
9 0.353711 0.43125 0.361328 0.267188 0.00436401
23 0.354883 0.435156 0.362109 0.26875 0.00432968
2 0.354688 0.43584 0.36875 0.27207 0.953125
14 0.355664 0.438281 0.371484 0.271875 0.0175171
23 0.355664 0.438281 0.371484 0.271875 0.005867
9 0.352686 0.433203 0.373535 0.269531 0.00223351
2 0.355273 0.433691 0.370703 0.270117 0.938477
14 0.358545 0.435254 0.368848 0.27793 0.0118713
23 0.357422 0.435547 0.372656 0.267969 0.00629044
9 0.352783 0.431641 0.378809 0.272656 0.00216484
2 0.353711 0.435156 0.375391 0.286719 0.930664
14 0.355518 0.435547 0.374121 0.289062 0.0127716
23 0.354883 0.436719 0.377734 0.284375 0.00390053
2 0.355078 0.435156 0.378125 0.282813 0.953125
14 0.357617 0.436035 0.378516 0.285742 0.0127258
23 0.357617 0.436719 0.380078 0.282813 0.00352478
9 0.354883 0.432813 0.389453 0.282031 0.00144386
2 0.35625 0.43584 0.373437 0.286133 0.946777
14 0.358936 0.435156 0.374316 0.286719 0.0190582
23 0.358154 0.436328 0.377441 0.285156 0.00390053
2 0.355518 0.435156 0.377246 0.285938 0.944824
14 0.357422 0.435059 0.374219 0.286133 0.0228882
23 0.357227 0.436719 0.379297 0.285156 0.00399017
2 0.354297 0.43291 0.36875 0.276367 0.943848
14 0.355518 0.434375 0.365527 0.278125 0.0227203
23 0.355273 0.435059 0.372266 0.276758 0.00388527
7 0.353564 0.43125 0.374121 0.273438 0.00112438
2 0.354346 0.433594 0.369434 0.279687 0.944824
14 0.356299 0.434766 0.36709 0.282813 0.0220337
23 0.355078 0.435254 0.373437 0.281055 0.00379562
2 0.354639 0.434277 0.37041 0.279883 0.94873
14 0.35625 0.435059 0.367969 0.281445 0.0213623
23 0.355469 0.435937 0.373437 0.280469 0.00429916
2 0.353906 0.433496 0.36875 0.273633 0.945312
14 0.355273 0.434766 0.366016 0.275781 0.0156708
23 0.355518 0.435547 0.370996 0.274219 0.00407028
9 0.353125 0.431641 0.375 0.269531 0.00105667
2 0.356055 0.433496 0.373047 0.276758 0.943848
14 0.357812 0.435547 0.372656 0.278906 0.0188293
23 0.357031 0.435547 0.376563 0.278125 0.0042305
2 0.355811 0.434277 0.373535 0.286133 0.944824
14 0.357422 0.435547 0.374219 0.286719 0.0184021
23 0.357373 0.436328 0.377441 0.286719 0.0039444
2 0.355273 0.433691 0.373047 0.28418 0.938477
14 0.356641 0.435156 0.372656 0.285938 0.0188293
23 0.356592 0.435547 0.37666 0.285156 0.00426483
2 0.355273 0.433984 0.368359 0.278125 0.948242
14 0.35625 0.435156 0.366406 0.277344 0.016983
23 0.35625 0.436328 0.371875 0.278125 0.00429916
9 0.353906 0.432031 0.371094 0.271875 0.00119686
2 0.355273 0.433594 0.369141 0.273438 0.950195
14 0.356836 0.435059 0.367578 0.273633 0.0142822
23 0.357422 0.436035 0.372656 0.274805 0.00390053
9 0.355078 0.43125 0.373437 0.26875 0.00130463
2 0.355273 0.434277 0.368359 0.276758 0.946777
14 0.356592 0.435156 0.365723 0.276563 0.0141754
23 0.356836 0.436816 0.372266 0.27793 0.00365067
9 0.355029 0.432031 0.372754 0.270313 0.00147247
2 0.354883 0.434375 0.368359 0.276563 0.948242
14 0.355859 0.435059 0.365625 0.276758 0.0163422
23 0.356445 0.436719 0.372266 0.278125 0.00362206
9 0.353711 0.431641 0.374609 0.270313 0.00129986
2 0.355469 0.433691 0.371875 0.27793 0.945312
14 0.356445 0.434277 0.369922 0.27832 0.02034
23 0.356836 0.435937 0.375391 0.279687 0.00385475
9 0.354346 0.43125 0.37959 0.271875 0.0011034
2 0.355273 0.432715 0.369922 0.273633 0.945312
14 0.356445 0.434375 0.368359 0.275781 0.0216217
23 0.356836 0.435156 0.373828 0.275781 0.00370789
2 0.355469 0.433203 0.370313 0.275 0.952148
14 0.35625 0.434375 0.36875 0.276563 0.0208893
23 0.356641 0.435254 0.374219 0.276367 0.00340271
2 0.355469 0.433203 0.36875 0.275781 0.949219
14 0.356055 0.434473 0.367578 0.27793 0.0217743
23 0.356445 0.435059 0.373047 0.276758 0.00341606
2 0.355664 0.433691 0.369922 0.276367 0.949219
14 0.35625 0.435156 0.367969 0.278125 0.0216217
23 0.356836 0.435937 0.373828 0.278125 0.00348282
2 0.356055 0.433594 0.369922 0.275 0.949707
14 0.356445 0.435156 0.368359 0.277344 0.0220337
23 0.357031 0.43584 0.373437 0.276758 0.00351143
2 0.356299 0.433496 0.370215 0.275195 0.950195
14 0.356836 0.435156 0.369141 0.278125 0.0231476
23 0.357617 0.43584 0.373828 0.276758 0.00362206
2 0.35625 0.432715 0.369531 0.273633 0.951172
14 0.356641 0.435156 0.367969 0.276563 0.024704
23 0.357422 0.435547 0.373437 0.275 0.00362206
2 0.356445 0.432813 0.370703 0.275 0.950195
14 0.35708 0.435254 0.369434 0.27793 0.0250854
23 0.357617 0.435156 0.374609 0.276563 0.00348282
2 0.355273 0.433203 0.369141 0.275781 0.949219
14 0.355859 0.434473 0.367188 0.27793 0.021698
23 0.356445 0.435547 0.373047 0.277344 0.00340271
