11 0.531934 0.267383 0.664258 0.394922 0.0103302
14 0.559766 0.271094 0.711719 0.371094 0.00614548
11 0.476953 0.240039 0.51875 0.458984 0.00605011
5 0.539746 0.227734 0.726758 0.455469 0.00479126
19 0.362109 0.237939 0.28125 0.314746 0.00429916
5 0.462109 0.251172 0.550781 0.415625 0.00355148
11 0.630078 0.262891 0.739844 0.525781 0.00351143
14 0.478516 0.26875 0.496875 0.407813 0.00250244
9 0.462109 0.251172 0.550781 0.415625 0.00247192
19 0.538281 0.225977 0.304688 0.387891 0.00230598
11 0.5 0.232422 0.56875 0.464844 0.00226974
3 0.462598 0.275 0.501367 0.370313 0.00225258
7 0.555078 0.258984 0.727344 0.404687 0.00223351
20 0.464453 0.275342 0.517188 0.38291 0.00216484
4 0.531934 0.267383 0.664258 0.394922 0.00212479
2 0.559766 0.271094 0.711719 0.371094 0.00208282
10 0.462109 0.251172 0.550781 0.415625 0.0020504
9 0.539746 0.227734 0.726758 0.455469 0.00178242
0 0.462598 0.275 0.501367 0.370313 0.0015974
3 0.559766 0.271094 0.711719 0.371094 0.00146675
0 0.5 0.232422 0.56875 0.464844 0.00143814
3 0.5 0.232422 0.56875 0.464844 0.00143242
20 0.555078 0.258984 0.727344 0.404687 0.00143242
11 0.763281 0.413379 0.473438 0.257617 0.00137806
10 0.539746 0.227734 0.726758 0.455469 0.00136185
0 0.559766 0.271094 0.711719 0.371094 0.0012846
11 0.562109 0.282813 0.875781 0.565625 0.00127411
4 0.476953 0.240039 0.51875 0.458984 0.00121593
2 0.462598 0.275 0.501367 0.370313 0.00117397
19 0.539746 0.227734 0.726758 0.455469 0.00112057
11 0.702734 0.37666 0.594531 0.318555 0.0011158
2 0.5 0.232422 0.56875 0.464844 0.00109482
14 0.5 0.232422 0.56875 0.464844 0.00106525
9 0.630078 0.262891 0.739844 0.525781 0.00102425
19 0.374902 0.198828 0.262695 0.217188 0.00100803
22 0.520703 0.386133 0.747656 0.772266 0.837402
17 0.471094 0.366797 0.544531 0.550781 0.813965
17 0.520703 0.386133 0.747656 0.772266 0.794434
22 0.471094 0.366797 0.544531 0.550781 0.751953
20 0.481641 0.384766 0.638281 0.586719 0.679199
20 0.520703 0.386133 0.747656 0.772266 0.656738
17 0.577441 0.402246 0.599805 0.654883 0.620605
22 0.577441 0.402246 0.599805 0.654883 0.611328
17 0.401563 0.559375 0.803125 0.88125 0.598145
22 0.446484 0.558984 0.825781 0.882031 0.484375
17 0.503125 0.580469 0.8375 0.839063 0.432129
22 0.407813 0.37832 0.728125 0.756641 0.368408
14 0.461328 0.3875 0.699219 0.604688 0.351318
17 0.541797 0.329297 0.442969 0.474219 0.348633
17 0.447656 0.308203 0.477344 0.427344 0.317383
22 0.36875 0.527344 0.7375 0.917188 0.311523
22 0.621094 0.428125 0.757812 0.8 0.303223
14 0.452344 0.326562 0.527344 0.46875 0.29834
22 0.541797 0.329297 0.442969 0.474219 0.294189
17 0.364063 0.474609 0.728125 0.919531 0.2854
11 0.499121 0.387305 0.737695 0.774609 0.246582
20 0.407813 0.37832 0.728125 0.756641 0.240723
20 0.503027 0.335156 0.492383 0.4875 0.237915
3 0.471094 0.366797 0.544531 0.550781 0.235107
17 0.358984 0.396777 0.717969 0.629883 0.223389
22 0.358984 0.396777 0.717969 0.629883 0.221313
17 0.621094 0.428125 0.757812 0.8 0.217285
22 0.560156 0.528516 0.851562 0.938281 0.210083
14 0.441406 0.382812 0.765625 0.765625 0.206299
20 0.577441 0.402246 0.599805 0.654883 0.179565
17 0.407813 0.37832 0.728125 0.756641 0.174438
3 0.542188 0.382422 0.7 0.754687 0.172729
17 0.345703 0.369922 0.691406 0.739844 0.172119
20 0.401563 0.559375 0.803125 0.88125 0.145142
17 0.417188 0.629687 0.834375 0.740625 0.143677
11 0.461328 0.3875 0.699219 0.604688 0.142212
22 0.587109 0.604688 0.816406 0.790625 0.134277
14 0.542188 0.382422 0.7 0.754687 0.111633
22 0.417188 0.629687 0.834375 0.740625 0.110107
22 0.345703 0.369922 0.691406 0.739844 0.106323
25 0.471094 0.366797 0.544531 0.550781 0.103394
20 0.621094 0.428125 0.757812 0.8 0.101257
17 0.589844 0.628906 0.820312 0.742188 0.101257
20 0.358984 0.396777 0.717969 0.629883 0.0991211
3 0.441406 0.382812 0.765625 0.765625 0.0991211
14 0.358984 0.396777 0.717969 0.629883 0.0823975
17 0.507031 0.679688 0.848437 0.640625 0.0820923
20 0.503125 0.580469 0.8375 0.839063 0.0817871
14 0.401563 0.559375 0.803125 0.88125 0.0789185
13 0.441406 0.382812 0.765625 0.765625 0.0761108
22 0.507031 0.679688 0.848437 0.640625 0.0648804
22 0.447656 0.308203 0.477344 0.427344 0.0639648
20 0.453125 0.474609 0.84375 0.919531 0.0549927
3 0.401563 0.559375 0.803125 0.88125 0.0538025
13 0.481641 0.384766 0.638281 0.586719 0.0524292
1 0.375391 0.558594 0.750781 0.882812 0.0522461
25 0.447656 0.308203 0.477344 0.427344 0.0501404
3 0.358984 0.396777 0.717969 0.629883 0.0486755
1 0.451953 0.580859 0.833594 0.838281 0.0440063
14 0.411816 0.273633 0.416992 0.358984 0.0433655
5 0.441406 0.382812 0.765625 0.765625 0.0430298
11 0.568848 0.426953 0.779492 0.830469 0.0420837
14 0.503125 0.580469 0.8375 0.839063 0.0411377
22 0.550391 0.633594 0.564844 0.732813 0.0384521
24 0.499121 0.387305 0.737695 0.774609 0.0381775
20 0.417188 0.629687 0.834375 0.740625 0.037323
14 0.525 0.447266 0.829688 0.894531 0.0368958
1 0.35918 0.385938 0.718359 0.771875 0.0362244
17 0.549902 0.602734 0.561133 0.794531 0.0362244
13 0.35918 0.385938 0.718359 0.771875 0.0360718
3 0.503125 0.580469 0.8375 0.839063 0.0360718
20 0.35 0.475781 0.7 0.93125 0.0343628
8 0.520703 0.386133 0.747656 0.772266 0.0339661
1 0.542188 0.382422 0.7 0.754687 0.0337219
20 0.345703 0.369922 0.691406 0.739844 0.0333252
17 0.684766 0.433984 0.630469 0.645312 0.0317383
0 0.447656 0.308203 0.477344 0.427344 0.0316162
10 0.520703 0.386133 0.747656 0.772266 0.0313721
13 0.542188 0.382422 0.7 0.754687 0.03125
3 0.541797 0.329297 0.442969 0.474219 0.0306702
10 0.411719 0.387598 0.704688 0.60293 0.0303345
14 0.345703 0.369922 0.691406 0.739844 0.029541
25 0.542188 0.382422 0.7 0.754687 0.0294189
22 0.595996 0.566797 0.64707 0.866406 0.0293121
14 0.617285 0.380859 0.57793 0.621875 0.0289764
3 0.447656 0.308203 0.477344 0.427344 0.0283356
0 0.471094 0.366797 0.544531 0.550781 0.0283356
14 0.541797 0.329297 0.442969 0.474219 0.0280151
14 0.651855 0.42334 0.696289 0.74707 0.0272675
9 0.499121 0.387305 0.737695 0.774609 0.0266571
25 0.541797 0.329297 0.442969 0.474219 0.0253754
17 0.589063 0.66875 0.639063 0.6625 0.0249939
8 0.481641 0.384766 0.638281 0.586719 0.0246124
17 0.330469 0.422656 0.660937 0.845313 0.0244293
17 0.344141 0.579688 0.688281 0.840625 0.0244293
20 0.684766 0.433984 0.630469 0.645312 0.0237732
17 0.4 0.704688 0.8 0.590625 0.0231476
22 0.684766 0.433984 0.630469 0.645312 0.0227966
3 0.345703 0.369922 0.691406 0.739844 0.0226288
8 0.358984 0.396777 0.717969 0.629883 0.0226288
1 0.392969 0.629687 0.785937 0.740625 0.0224609
1 0.545313 0.629297 0.821875 0.741406 0.0222931
1 0.339844 0.475 0.679688 0.934375 0.0222473
13 0.375391 0.558594 0.750781 0.882812 0.0219421
3 0.364063 0.474609 0.728125 0.919531 0.0215302
14 0.333203 0.521875 0.666406 0.932813 0.0215302
1 0.560156 0.528516 0.851562 0.938281 0.0213623
1 0.471094 0.366797 0.544531 0.550781 0.0208893
22 0.636035 0.688477 0.72793 0.623047 0.0208893
25 0.441406 0.382812 0.765625 0.765625 0.0202484
10 0.434375 0.334961 0.533594 0.484766 0.0198669
1 0.461719 0.680078 0.851562 0.639844 0.0197601
3 0.651855 0.42334 0.696289 0.74707 0.0194244
17 0.638281 0.530469 0.723437 0.917188 0.0194244
17 0.616406 0.704688 0.767188 0.590625 0.0191956
13 0.451953 0.580859 0.833594 0.838281 0.0189056
22 0.314844 0.472656 0.629687 0.929688 0.0187683
17 0.285938 0.360156 0.571875 0.720313 0.0186157
22 0.277344 0.329297 0.554688 0.658594 0.0185394
0 0.541797 0.329297 0.442969 0.474219 0.0182953
8 0.375391 0.558594 0.750781 0.882812 0.0182648
14 0.417188 0.629687 0.834375 0.740625 0.0179901
22 0.667188 0.498437 0.665625 0.85625 0.0175171
13 0.503027 0.335156 0.492383 0.4875 0.0173035
14 0.729688 0.448828 0.540625 0.464844 0.0173035
11 0.577441 0.402246 0.599805 0.654883 0.0171814
22 0.4 0.704688 0.8 0.590625 0.0171814
20 0.542188 0.654102 0.817187 0.691797 0.0171051
5 0.461328 0.3875 0.699219 0.604688 0.0164642
3 0.617285 0.380859 0.57793 0.621875 0.0164642
22 0.344141 0.579688 0.688281 0.840625 0.0161591
11 0.651855 0.42334 0.696289 0.74707 0.0157166
8 0.451953 0.580859 0.833594 0.838281 0.0151901
11 0.358984 0.396777 0.717969 0.629883 0.0150146
16 0.481641 0.384766 0.638281 0.586719 0.0150146
22 0.742578 0.538672 0.514844 0.703906 0.0147324
13 0.651855 0.42334 0.696289 0.74707 0.0142822
20 0.769922 0.471973 0.460156 0.491992 0.0142288
3 0.417188 0.629687 0.834375 0.740625 0.0142288
5 0.532813 0.423828 0.785937 0.847656 0.0136337
16 0.542188 0.382422 0.7 0.754687 0.0134277
14 0.589453 0.53125 0.821094 0.934375 0.0133286
10 0.35918 0.385938 0.718359 0.771875 0.0131683
0 0.340234 0.357031 0.63125 0.528906 0.0131226
2 0.481641 0.384766 0.638281 0.586719 0.0130234
20 0.742578 0.538672 0.514844 0.703906 0.0126724
13 0.617285 0.380859 0.57793 0.621875 0.0123825
2 0.503027 0.335156 0.492383 0.4875 0.0123367
17 0.769922 0.471973 0.460156 0.491992 0.0123367
8 0.407813 0.37832 0.728125 0.756641 0.012291
24 0.461328 0.3875 0.699219 0.604688 0.012146
20 0.344141 0.579688 0.688281 0.840625 0.012146
0 0.542188 0.382422 0.7 0.754687 0.0120544
1 0.59375 0.704102 0.8125 0.591797 0.0119629
16 0.441406 0.382812 0.765625 0.765625 0.0118713
1 0.331055 0.396875 0.662109 0.79375 0.0116425
13 0.525 0.447266 0.829688 0.894531 0.0116425
3 0.589453 0.53125 0.821094 0.934375 0.0116425
20 0.466406 0.705664 0.857813 0.588672 0.0116425
11 0.401563 0.559375 0.803125 0.88125 0.0115967
1 0.454688 0.415625 0.8125 0.83125 0.0115051
8 0.434375 0.334961 0.533594 0.484766 0.0114212
14 0.589844 0.628906 0.820312 0.742188 0.0114212
19 0.357227 0.199805 0.287891 0.377734 0.0113754
14 0.710938 0.500879 0.578125 0.637305 0.0113297
22 0.791211 0.467187 0.417578 0.377344 0.0112
17 0.742578 0.538672 0.514844 0.703906 0.0111618
8 0.345703 0.369922 0.691406 0.739844 0.0109863
17 0.791211 0.467187 0.417578 0.377344 0.0109024
17 0.811523 0.432813 0.376953 0.290625 0.0108566
3 0.589844 0.628906 0.820312 0.742188 0.0107803
1 0.340234 0.357031 0.63125 0.528906 0.0106964
5 0.35918 0.385938 0.718359 0.771875 0.0106506
1 0.376758 0.704688 0.753516 0.590625 0.0104904
9 0.568848 0.426953 0.779492 0.830469 0.0102921
14 0.811523 0.432813 0.376953 0.290625 0.0102081
20 0.791211 0.467187 0.417578 0.377344 0.01017
14 0.507031 0.679688 0.848437 0.640625 0.01017
13 0.392969 0.629687 0.785937 0.740625 0.0100937
14 0.778906 0.436328 0.442188 0.358594 0.00993347
3 0.507031 0.679688 0.848437 0.640625 0.00963593
11 0.452344 0.326562 0.527344 0.46875 0.00955963
1 0.338281 0.337109 0.676562 0.674219 0.00941467
13 0.545313 0.629297 0.821875 0.741406 0.00941467
8 0.621094 0.428125 0.757812 0.8 0.00933838
24 0.651855 0.42334 0.696289 0.74707 0.00905609
16 0.684766 0.433984 0.630469 0.645312 0.00888062
13 0.425781 0.704688 0.851562 0.590625 0.00878143
25 0.617285 0.380859 0.57793 0.621875 0.00857544
1 0.559277 0.652734 0.583008 0.694531 0.00857544
3 0.525 0.447266 0.829688 0.894531 0.00831604
13 0.338281 0.337109 0.676562 0.674219 0.00828552
16 0.729688 0.448828 0.540625 0.464844 0.00828552
16 0.617285 0.380859 0.57793 0.621875 0.00818634
13 0.339844 0.475 0.679688 0.934375 0.00818634
16 0.503027 0.335156 0.492383 0.4875 0.00815582
24 0.577441 0.402246 0.599805 0.654883 0.00800323
20 0.811523 0.432813 0.376953 0.290625 0.00800323
16 0.85625 0.421484 0.2875 0.261719 0.00793457
9 0.481641 0.384766 0.638281 0.586719 0.00790405
25 0.446875 0.526563 0.83125 0.925 0.00784302
13 0.340234 0.357031 0.63125 0.528906 0.00775528
25 0.340234 0.357031 0.63125 0.528906 0.00775528
14 0.330469 0.422656 0.660937 0.845313 0.00763702
22 0.85625 0.421484 0.2875 0.261719 0.00757599
11 0.503125 0.580469 0.8375 0.839063 0.00746155
21 0.447656 0.308203 0.477344 0.427344 0.00737381
13 0.588281 0.557813 0.820312 0.884375 0.00734711
14 0.855664 0.428027 0.288672 0.261133 0.00728989
16 0.791211 0.467187 0.417578 0.377344 0.00725937
10 0.401563 0.559375 0.803125 0.88125 0.00723267
1 0.641406 0.485156 0.717188 0.9 0.00712204
1 0.277344 0.329297 0.554688 0.658594 0.00706482
20 0.667188 0.498437 0.665625 0.85625 0.00706482
14 0.4 0.704688 0.8 0.590625 0.00706482
2 0.542188 0.382422 0.7 0.754687 0.00701141
25 0.651855 0.42334 0.696289 0.74707 0.00698471
9 0.35918 0.385938 0.718359 0.771875 0.0069313
0 0.569629 0.340039 0.512305 0.652734 0.0069046
11 0.344141 0.398438 0.688281 0.796875 0.0068779
17 0.85625 0.421484 0.2875 0.261719 0.0068512
22 0.644434 0.369531 0.711133 0.739062 0.00669098
16 0.358984 0.396777 0.717969 0.629883 0.00664139
10 0.577441 0.402246 0.599805 0.654883 0.00664139
17 0.654004 0.263281 0.613867 0.526563 0.00658798
17 0.700781 0.695312 0.598437 0.609375 0.00658798
14 0.708594 0.3375 0.582812 0.675 0.00651169
24 0.710938 0.500879 0.578125 0.637305 0.0064888
1 0.324609 0.580078 0.649219 0.839844 0.0064888
24 0.568848 0.426953 0.779492 0.830469 0.00643921
0 0.811523 0.432813 0.376953 0.290625 0.00634003
13 0.59375 0.704102 0.8125 0.591797 0.00624084
13 0.710938 0.500879 0.578125 0.637305 0.00616837
18 0.411816 0.273633 0.416992 0.358984 0.00609589
10 0.621094 0.428125 0.757812 0.8 0.00609589
13 0.769922 0.471973 0.460156 0.491992 0.00605011
22 0.695312 0.676953 0.609375 0.646094 0.00605011
1 0.595996 0.566797 0.64707 0.866406 0.00600433
20 0.373047 0.678906 0.746094 0.642188 0.00600433
11 0.729688 0.448828 0.540625 0.464844 0.00595856
8 0.357812 0.448828 0.715625 0.897656 0.00595856
1 0.66875 0.710938 0.6625 0.578125 0.00591278
22 0.763867 0.704297 0.472266 0.591406 0.00584412
16 0.811523 0.432813 0.376953 0.290625 0.00579834
8 0.577441 0.402246 0.599805 0.654883 0.00577545
22 0.795898 0.588184 0.408203 0.617383 0.00577545
3 0.550391 0.633594 0.564844 0.732813 0.00572968
17 0.721094 0.693164 0.557813 0.613672 0.00572968
21 0.481641 0.384766 0.638281 0.586719 0.00570679
21 0.357227 0.199805 0.287891 0.377734 0.0055542
11 0.411621 0.434375 0.78457 0.86875 0.0055542
2 0.411816 0.273633 0.416992 0.358984 0.00553513
1 0.696094 0.554297 0.607813 0.866406 0.00553513
14 0.285938 0.360156 0.571875 0.720313 0.00542831
13 0.331055 0.396875 0.662109 0.79375 0.00542831
20 0.285938 0.360156 0.571875 0.720313 0.00538635
14 0.349219 0.604688 0.698438 0.790625 0.00538635
16 0.411816 0.273633 0.416992 0.358984 0.00536346
0 0.345703 0.369922 0.691406 0.739844 0.00530243
0 0.397656 0.529688 0.795313 0.9125 0.00530243
20 0.550391 0.633594 0.564844 0.732813 0.00530243
8 0.392969 0.629687 0.785937 0.740625 0.00527954
22 0.746875 0.619141 0.50625 0.761719 0.00518036
3 0.4 0.704688 0.8 0.590625 0.0051384
3 0.710938 0.500879 0.578125 0.637305 0.00510025
11 0.541797 0.329297 0.442969 0.474219 0.00508118
22 0.654004 0.263281 0.613867 0.526563 0.0050621
2 0.340234 0.357031 0.63125 0.528906 0.00494385
16 0.345703 0.369922 0.691406 0.739844 0.00494385
20 0.85625 0.421484 0.2875 0.261719 0.00494385
8 0.560156 0.528516 0.851562 0.938281 0.00494385
17 0.746875 0.619141 0.50625 0.761719 0.00486755
8 0.587109 0.604688 0.816406 0.790625 0.00482941
0 0.855664 0.428027 0.288672 0.261133 0.00481033
17 0.689844 0.655859 0.620313 0.688281 0.00479126
22 0.721875 0.585156 0.55625 0.829688 0.00475693
17 0.102539 0.292578 0.205078 0.585156 0.00471878
22 0.729688 0.448828 0.540625 0.464844 0.00471878
13 0.324609 0.580078 0.649219 0.839844 0.00469971
22 0.102539 0.292578 0.205078 0.585156 0.00468063
0 0.729688 0.448828 0.540625 0.464844 0.00468063
25 0.525 0.447266 0.829688 0.894531 0.00468063
4 0.411719 0.387598 0.704688 0.60293 0.00466537
7 0.452344 0.326562 0.527344 0.46875 0.0046463
10 0.503125 0.580469 0.8375 0.839063 0.0046463
11 0.417188 0.629687 0.834375 0.740625 0.00460815
5 0.641797 0.460938 0.716406 0.851562 0.00457382
11 0.710938 0.500879 0.578125 0.637305 0.00453949
3 0.85625 0.421484 0.2875 0.261719 0.00453949
20 0.616406 0.704688 0.767188 0.590625 0.00448608
17 0.296094 0.522656 0.592188 0.926562 0.00439835
17 0.661719 0.313477 0.676562 0.626953 0.00432968
17 0.721875 0.585156 0.55625 0.829688 0.00432968
11 0.708594 0.3375 0.582812 0.675 0.00426483
1 0.698438 0.287305 0.590625 0.574609 0.00424957
0 0.501563 0.557422 0.834375 0.885156 0.00419998
5 0.411816 0.273633 0.416992 0.358984 0.00416565
18 0.452344 0.326562 0.527344 0.46875 0.00416565
16 0.708594 0.3375 0.582812 0.675 0.00416565
10 0.338281 0.337109 0.676562 0.674219 0.00413513
2 0.410156 0.264258 0.489063 0.343359 0.0212097
16 0.834375 0.387598 0.33125 0.304492 0.0171051
0 0.451562 0.270898 0.5375 0.350391 0.0141754
11 0.480469 0.275 0.623438 0.355469 0.0123367
4 0.408984 0.272461 0.522656 0.348828 0.0121918
16 0.480469 0.275 0.623438 0.355469 0.0100937
19 0.835156 0.395313 0.329688 0.264844 0.0100098
19 0.61875 0.285547 0.328125 0.325781 0.00952148
14 0.410156 0.264258 0.489063 0.343359 0.00837708
16 0.810938 0.3875 0.378125 0.265625 0.00806427
16 0.76875 0.357812 0.426563 0.266406 0.00720596
18 0.410156 0.264258 0.489063 0.343359 0.00658798
25 0.451562 0.270898 0.5375 0.350391 0.00638962
16 0.644141 0.314502 0.347656 0.303027 0.00619125
20 0.408984 0.272461 0.522656 0.348828 0.00568771
4 0.522656 0.235547 0.710938 0.471094 0.00534439
24 0.522656 0.235547 0.710938 0.471094 0.00530243
4 0.429004 0.226758 0.610742 0.453516 0.00502014
11 0.522656 0.235547 0.710938 0.471094 0.00486755
23 0.410156 0.264258 0.489063 0.343359 0.00457382
7 0.480469 0.275 0.623438 0.355469 0.00419998
2 0.479297 0.273486 0.607031 0.395215 0.00395966
3 0.410156 0.264258 0.489063 0.343359 0.00388527
6 0.522656 0.235547 0.710938 0.471094 0.00383949
24 0.408984 0.272461 0.522656 0.348828 0.00379562
22 0.388281 0.639063 0.776563 0.721875 0.00379562
12 0.408984 0.272461 0.522656 0.348828 0.00367928
11 0.429004 0.226758 0.610742 0.453516 0.00367928
24 0.429004 0.226758 0.610742 0.453516 0.00366402
4 0.479297 0.273486 0.607031 0.395215 0.00365067
16 0.429004 0.226758 0.610742 0.453516 0.00348282
9 0.408984 0.272461 0.522656 0.348828 0.00322342
16 0.522656 0.235547 0.710938 0.471094 0.00307465
11 0.381152 0.273486 0.423633 0.341309 0.00305176
11 0.405469 0.614453 0.810938 0.771094 0.00299263
9 0.522656 0.235547 0.710938 0.471094 0.00296974
9 0.429004 0.226758 0.610742 0.453516 0.00292397
16 0.381152 0.273486 0.423633 0.341309 0.0028553
6 0.480469 0.275 0.623438 0.355469 0.00283432
5 0.408984 0.272461 0.522656 0.348828 0.00277901
6 0.429004 0.226758 0.610742 0.453516 0.00273705
17 0.451562 0.270898 0.5375 0.350391 0.0026722
7 0.522656 0.235547 0.710938 0.471094 0.00263214
17 0.388281 0.639063 0.776563 0.721875 0.0024929
19 0.800977 0.379297 0.398047 0.253906 0.00248146
5 0.429004 0.226758 0.610742 0.453516 0.00245285
22 0.451562 0.270898 0.5375 0.350391 0.00237846
12 0.389453 0.613672 0.778906 0.772656 0.00234222
12 0.479297 0.273486 0.607031 0.395215 0.00228691
16 0.594531 0.279687 0.348438 0.330469 0.00227928
14 0.429004 0.226758 0.610742 0.453516 0.00227928
11 0.713281 0.282031 0.573438 0.564063 0.00226974
7 0.429004 0.226758 0.610742 0.453516 0.00223351
14 0.479297 0.273486 0.607031 0.395215 0.00221634
20 0.429004 0.226758 0.610742 0.453516 0.00217438
10 0.408984 0.272461 0.522656 0.348828 0.00216484
1 0.3875 0.591016 0.775 0.817969 0.00213242
13 0.381152 0.273486 0.423633 0.341309 0.00204277
16 0.372266 0.198437 0.379688 0.322266 0.00195694
4 0.405078 0.640234 0.810156 0.719531 0.00195694
22 0.383984 0.55625 0.767969 0.8375 0.00191879
22 0.429004 0.226758 0.610742 0.453516 0.00189686
7 0.381152 0.273486 0.423633 0.341309 0.00185299
15 0.410156 0.264258 0.489063 0.343359 0.00181007
13 0.480469 0.275 0.623438 0.355469 0.00179577
11 0.401563 0.692187 0.803125 0.615625 0.00179577
11 0.7375 0.347266 0.525 0.434375 0.00175476
1 0.410156 0.264258 0.489063 0.343359 0.00174141
2 0.522656 0.235547 0.710938 0.471094 0.0017004
12 0.376563 0.241406 0.689844 0.43125 0.00169373
20 0.522656 0.235547 0.710938 0.471094 0.00168705
18 0.479297 0.273486 0.607031 0.395215 0.00167465
14 0.522656 0.235547 0.710938 0.471094 0.00167465
12 0.360156 0.69375 0.720313 0.6125 0.0016613
17 0.522656 0.235547 0.710938 0.471094 0.0016489
25 0.522656 0.235547 0.710938 0.471094 0.0016489
5 0.522656 0.235547 0.710938 0.471094 0.00164223
2 0.429004 0.226758 0.610742 0.453516 0.00163555
13 0.429004 0.226758 0.610742 0.453516 0.00163555
17 0.383984 0.55625 0.767969 0.8375 0.0015974
12 0.385547 0.421094 0.771094 0.842188 0.00158501
6 0.43916 0.267578 0.54043 0.535156 0.00154305
1 0.366406 0.665234 0.732813 0.669531 0.00153637
6 0.381152 0.273486 0.423633 0.341309 0.00153065
17 0.429004 0.226758 0.610742 0.453516 0.00152493
0 0.522656 0.235547 0.710938 0.471094 0.00148964
3 0.479297 0.273486 0.607031 0.395215 0.00146675
20 0.383984 0.664844 0.767969 0.670313 0.00146675
12 0.522656 0.235547 0.710938 0.471094 0.00146103
12 0.425 0.558594 0.825 0.835938 0.00145531
1 0.342578 0.374609 0.622656 0.742188 0.00144386
13 0.522656 0.235547 0.710938 0.471094 0.00143814
20 0.479297 0.273486 0.607031 0.395215 0.00143242
12 0.428125 0.667578 0.83125 0.664844 0.00142097
15 0.522656 0.235547 0.710938 0.471094 0.00141621
12 0.342578 0.374609 0.622656 0.742188 0.00140476
23 0.479297 0.273486 0.607031 0.395215 0.00136662
13 0.405469 0.614453 0.810938 0.771094 0.00134563
16 0.405469 0.614453 0.810938 0.771094 0.00134563
16 0.402441 0.194189 0.323242 0.260059 0.00133514
4 0.43916 0.267578 0.54043 0.535156 0.00133514
22 0.522656 0.235547 0.710938 0.471094 0.00132465
8 0.408984 0.272461 0.522656 0.348828 0.0012846
19 0.423047 0.262842 0.391406 0.313379 0.00126457
23 0.522656 0.235547 0.710938 0.471094 0.00126457
15 0.479297 0.273486 0.607031 0.395215 0.00123978
25 0.429004 0.226758 0.610742 0.453516 0.00123978
2 0.3875 0.591016 0.775 0.817969 0.0012207
19 0.402441 0.194189 0.323242 0.260059 0.00121593
24 0.405078 0.640234 0.810156 0.719531 0.00121593
1 0.385547 0.421094 0.771094 0.842188 0.0012064
20 0.403906 0.591797 0.807813 0.816406 0.0012064
14 0.383984 0.664844 0.767969 0.670313 0.00120163
7 0.713281 0.282031 0.573438 0.564063 0.00118828
19 0.378223 0.238281 0.338867 0.371875 0.00117874
13 0.380469 0.692969 0.760938 0.614062 0.00117874
23 0.429004 0.226758 0.610742 0.453516 0.0011692
4 0.401172 0.555859 0.802344 0.835156 0.0011692
16 0.44541 0.266992 0.36543 0.303516 0.00116062
24 0.479297 0.273486 0.607031 0.395215 0.00115585
2 0.7375 0.347266 0.525 0.434375 0.00115108
3 0.3875 0.591016 0.775 0.817969 0.00115108
12 0.364844 0.319727 0.729688 0.639453 0.00113773
24 0.713281 0.282031 0.573438 0.564063 0.00112438
12 0.381445 0.346484 0.762891 0.692969 0.00109863
0 0.429004 0.226758 0.610742 0.453516 0.00109005
7 0.7375 0.347266 0.525 0.434375 0.00108624
2 0.403125 0.665625 0.80625 0.66875 0.00108624
14 0.403906 0.591797 0.807813 0.816406 0.00108147
10 0.429004 0.226758 0.610742 0.453516 0.00106525
1 0.332031 0.268555 0.524219 0.537109 0.00106525
0 0.403906 0.591797 0.807813 0.816406 0.00106525
6 0.405078 0.640234 0.810156 0.719531 0.00106525
16 0.366406 0.265039 0.504687 0.530078 0.00104427
19 0.766406 0.358203 0.385938 0.253906 0.00104046
10 0.522656 0.235547 0.710938 0.471094 0.00102425
15 0.429004 0.226758 0.610742 0.453516 0.00101662
24 0.750781 0.412109 0.498437 0.288281 0.00101662
9 0.405078 0.640234 0.810156 0.719531 0.00101662
11 0.77207 0.404297 0.455859 0.332031 0.00100803
22 0.821875 0.708984 0.35625 0.525781 0.053009
24 0.506641 0.298438 0.617969 0.410938 0.0299835
16 0.441797 0.27832 0.472656 0.340234 0.0213623
11 0.456641 0.283789 0.502344 0.341797 0.0212097
1 0.821875 0.708984 0.35625 0.525781 0.018158
18 0.456641 0.283789 0.502344 0.341797 0.0171051
14 0.429688 0.275342 0.432813 0.329004 0.0131226
17 0.821875 0.708984 0.35625 0.525781 0.0127716
11 0.506641 0.298438 0.617969 0.410938 0.0123367
24 0.441797 0.27832 0.472656 0.340234 0.0112915
11 0.834961 0.711719 0.330078 0.540625 0.0107346
2 0.441797 0.27832 0.472656 0.340234 0.0104904
6 0.506641 0.298438 0.617969 0.410938 0.0103302
9 0.506641 0.298438 0.617969 0.410938 0.0103302
4 0.441797 0.27832 0.472656 0.340234 0.0100098
23 0.441797 0.27832 0.472656 0.340234 0.00867462
9 0.441797 0.27832 0.472656 0.340234 0.0085144
3 0.821875 0.708984 0.35625 0.525781 0.00806427
16 0.506641 0.298438 0.617969 0.410938 0.0077858
6 0.441797 0.27832 0.472656 0.340234 0.00751877
0 0.456641 0.283789 0.502344 0.341797 0.00751877
21 0.466406 0.284326 0.529688 0.383691 0.00629044
7 0.441797 0.27832 0.472656 0.340234 0.00619125
20 0.821875 0.708984 0.35625 0.525781 0.006073
4 0.506641 0.298438 0.617969 0.410938 0.00591278
15 0.441797 0.27832 0.472656 0.340234 0.00568771
15 0.506641 0.298438 0.617969 0.410938 0.00559998
20 0.441797 0.27832 0.472656 0.340234 0.00518036
11 0.822266 0.716016 0.355469 0.567969 0.00466537
20 0.506641 0.298438 0.617969 0.410938 0.00439835
25 0.441797 0.27832 0.472656 0.340234 0.00436401
19 0.823828 0.700391 0.352344 0.553906 0.00407028
22 0.796875 0.703516 0.40625 0.592969 0.00399017
12 0.429688 0.275342 0.432813 0.329004 0.00388527
5 0.441797 0.27832 0.472656 0.340234 0.00385475
25 0.506641 0.298438 0.617969 0.410938 0.00385475
12 0.821875 0.708984 0.35625 0.525781 0.00383949
5 0.821875 0.708984 0.35625 0.525781 0.00370789
4 0.821875 0.708984 0.35625 0.525781 0.00362206
13 0.441797 0.27832 0.472656 0.340234 0.00348282
21 0.821875 0.708984 0.35625 0.525781 0.00345612
24 0.409375 0.333203 0.417188 0.470313 0.00336266
1 0.796875 0.703516 0.40625 0.592969 0.00329781
0 0.506641 0.298438 0.617969 0.410938 0.00327301
13 0.823828 0.700391 0.352344 0.553906 0.00327301
3 0.429688 0.275342 0.432813 0.329004 0.00314713
0 0.844336 0.7 0.311328 0.49375 0.00309944
23 0.506641 0.298438 0.617969 0.410938 0.00307465
14 0.506641 0.298438 0.617969 0.410938 0.00298119
5 0.506641 0.298438 0.617969 0.410938 0.00290108
1 0.429688 0.275342 0.432813 0.329004 0.00287819
12 0.477734 0.284961 0.582031 0.364453 0.00287819
25 0.835938 0.708984 0.328125 0.517969 0.00273705
10 0.441797 0.27832 0.472656 0.340234 0.00271416
7 0.506641 0.298438 0.617969 0.410938 0.00271416
24 0.835938 0.708984 0.328125 0.517969 0.00261116
1 0.467969 0.237109 0.571875 0.474219 0.00259018
2 0.506641 0.298438 0.617969 0.410938 0.00259018
14 0.821875 0.708984 0.35625 0.525781 0.00259018
9 0.821875 0.708984 0.35625 0.525781 0.00254059
10 0.834961 0.711719 0.330078 0.540625 0.00237846
22 0.409375 0.333203 0.417188 0.470313 0.00234985
1 0.849219 0.651563 0.301563 0.407813 0.00234222
22 0.466406 0.284326 0.529688 0.383691 0.00233269
18 0.506641 0.298438 0.617969 0.410938 0.00225258
21 0.409375 0.333203 0.417188 0.470313 0.00225258
8 0.821875 0.708984 0.35625 0.525781 0.00225258
11 0.591406 0.31875 0.5125 0.3875 0.00220871
2 0.844336 0.7 0.311328 0.49375 0.00219917
16 0.591406 0.31875 0.5125 0.3875 0.00218201
21 0.511328 0.361523 0.644531 0.529297 0.00214958
14 0.467969 0.237109 0.571875 0.474219 0.00209045
11 0.467969 0.237109 0.571875 0.474219 0.00206757
13 0.796875 0.703516 0.40625 0.592969 0.00204277
6 0.409375 0.333203 0.417188 0.470313 0.00203514
1 0.620703 0.317773 0.603906 0.449609 0.00193405
13 0.467969 0.278711 0.610938 0.436328 0.00191879
0 0.467969 0.237109 0.571875 0.474219 0.00186062
22 0.849219 0.651563 0.301563 0.407813 0.00185299
16 0.467969 0.237109 0.571875 0.474219 0.00183868
11 0.622754 0.385547 0.576367 0.530469 0.00182438
25 0.409375 0.333203 0.417188 0.470313 0.00178242
20 0.409375 0.333203 0.417188 0.470313 0.00175476
3 0.477734 0.284961 0.582031 0.364453 0.00174141
4 0.409375 0.333203 0.417188 0.470313 0.00174141
17 0.796875 0.703516 0.40625 0.592969 0.00171375
1 0.700781 0.278516 0.582812 0.557031 0.00168133
10 0.506641 0.298438 0.617969 0.410938 0.00162315
1 0.548438 0.273828 0.567187 0.5125 0.0015974
19 0.796875 0.703516 0.40625 0.592969 0.0015974
12 0.548438 0.273828 0.567187 0.5125 0.00158501
1 0.7125 0.699609 0.575 0.600781 0.00157928
17 0.466406 0.284326 0.529688 0.383691 0.00153637
19 0.506641 0.298438 0.617969 0.410938 0.00153637
19 0.456641 0.283789 0.502344 0.341797 0.00152493
24 0.511719 0.395996 0.671875 0.573633 0.00150108
2 0.467969 0.237109 0.571875 0.474219 0.00148392
4 0.467969 0.237109 0.571875 0.474219 0.00148392
6 0.511719 0.395996 0.671875 0.573633 0.00145531
11 0.723828 0.320703 0.552344 0.535937 0.00144386
13 0.591406 0.31875 0.5125 0.3875 0.00143814
13 0.700781 0.278516 0.582812 0.557031 0.00142097
12 0.485254 0.517969 0.791992 0.851562 0.00142097
12 0.542871 0.622559 0.761133 0.675195 0.00142097
12 0.796875 0.703516 0.40625 0.592969 0.00139904
19 0.592969 0.280908 0.279687 0.36084 0.00138855
6 0.832227 0.703125 0.335547 0.515625 0.00137234
11 0.746289 0.703906 0.507422 0.592188 0.00136662
16 0.409375 0.333203 0.417188 0.470313 0.00134563
12 0.365234 0.632422 0.730469 0.735156 0.00133514
11 0.511719 0.395996 0.671875 0.573633 0.00132465
12 0.591406 0.31875 0.5125 0.3875 0.00131512
12 0.386328 0.608984 0.553906 0.603906 0.00130463
6 0.591406 0.31875 0.5125 0.3875 0.00129986
4 0.591406 0.31875 0.5125 0.3875 0.00128937
12 0.725781 0.288281 0.548438 0.576563 0.0012846
12 0.501465 0.270313 0.723633 0.540625 0.00127411
17 0.409375 0.333203 0.417188 0.470313 0.00126934
12 0.849219 0.651563 0.301563 0.407813 0.00126934
21 0.874219 0.872852 0.251563 0.254297 0.00126457
13 0.548438 0.273828 0.567187 0.5125 0.00126457
16 0.844336 0.7 0.311328 0.49375 0.00124931
13 0.849219 0.651563 0.301563 0.407813 0.00123501
14 0.409375 0.333203 0.417188 0.470313 0.00123024
12 0.575391 0.645312 0.849219 0.709375 0.00123024
22 0.7125 0.699609 0.575 0.600781 0.00123024
15 0.409375 0.333203 0.417188 0.470313 0.00121593
22 0.520312 0.391016 0.584375 0.548438 0.00121593
22 0.622754 0.385547 0.576367 0.530469 0.00121593
12 0.7125 0.699609 0.575 0.600781 0.00120163
17 0.425 0.267969 0.415625 0.326562 0.00119686
9 0.409375 0.333203 0.417188 0.470313 0.00119209
22 0.750781 0.713281 0.465625 0.573438 0.00119209
12 0.616309 0.283594 0.651758 0.567187 0.00117874
17 0.849219 0.651563 0.301563 0.407813 0.00116062
0 0.591406 0.31875 0.5125 0.3875 0.00114727
24 0.697656 0.346094 0.603125 0.482812 0.00112438
13 0.7125 0.699609 0.575 0.600781 0.0011158
3 0.796875 0.703516 0.40625 0.592969 0.0011158
5 0.409375 0.333203 0.417188 0.470313 0.00111198
16 0.723828 0.320703 0.552344 0.535937 0.00111198
14 0.849219 0.651563 0.301563 0.407813 0.00110722
4 0.511719 0.395996 0.671875 0.573633 0.0011034
18 0.467969 0.237109 0.571875 0.474219 0.00109482
1 0.842773 0.755078 0.314453 0.489844 0.00109482
11 0.849219 0.651563 0.301563 0.407813 0.00108147
5 0.796875 0.703516 0.40625 0.592969 0.00108147
2 0.591406 0.31875 0.5125 0.3875 0.00107765
6 0.697656 0.346094 0.603125 0.482812 0.00106525
22 0.697656 0.346094 0.603125 0.482812 0.00105286
12 0.733594 0.712109 0.495313 0.575781 0.00105286
14 0.700781 0.278516 0.582812 0.557031 0.00104809
11 0.409375 0.333203 0.417188 0.470313 0.00104427
6 0.622754 0.385547 0.576367 0.530469 0.00104427
14 0.591406 0.31875 0.5125 0.3875 0.00104046
1 0.750781 0.713281 0.465625 0.573438 0.00104046
1 0.501465 0.270313 0.723633 0.540625 0.00103188
12 0.6125 0.489844 0.775 0.798438 0.00103188
12 0.520312 0.426953 0.698438 0.667969 0.00102806
1 0.387598 0.317578 0.345117 0.457031 0.00102043
24 0.392969 0.278467 0.760938 0.371191 0.0126266
7 0.41875 0.281055 0.667969 0.348047 0.011116
12 0.439941 0.253711 0.47793 0.301953 0.0106125
12 0.439063 0.291602 0.576563 0.342578 0.0104065
6 0.392969 0.278467 0.760938 0.371191 0.0100555
24 0.467969 0.284814 0.534375 0.339746 0.00844574
7 0.780469 0.413672 0.439063 0.247656 0.00828552
7 0.694531 0.399609 0.610938 0.259375 0.00812531
6 0.467969 0.284814 0.534375 0.339746 0.0077858
11 0.631641 0.30625 0.736719 0.5 0.00772476
11 0.694531 0.399609 0.610938 0.259375 0.0068779
24 0.785742 0.397266 0.428516 0.232031 0.00595856
13 0.46875 0.286914 0.532813 0.373047 0.00557709
7 0.631641 0.30625 0.736719 0.5 0.00542831
19 0.346289 0.208643 0.251953 0.31084 0.00526047
11 0.780469 0.413672 0.439063 0.247656 0.00518036
12 0.358203 0.217969 0.675781 0.435937 0.00510025
16 0.471191 0.287305 0.554492 0.365234 0.0050621
11 0.41875 0.281055 0.667969 0.348047 0.00475693
6 0.412598 0.251758 0.45918 0.301172 0.0046463
11 0.482129 0.276172 0.570117 0.416406 0.00457382
15 0.467969 0.284814 0.534375 0.339746 0.00439835
12 0.485254 0.259766 0.531055 0.519531 0.00439835
24 0.394141 0.333203 0.788281 0.536719 0.00434875
14 0.413965 0.262305 0.548633 0.351953 0.00429916
13 0.408203 0.253516 0.517969 0.340625 0.00421524
18 0.780469 0.413672 0.439063 0.247656 0.00421524
16 0.819531 0.428809 0.360938 0.233008 0.00400543
11 0.425098 0.257373 0.448242 0.343066 0.00385475
6 0.780469 0.413672 0.439063 0.247656 0.00372124
24 0.412598 0.251758 0.45918 0.301172 0.00366402
11 0.6 0.344922 0.8 0.689844 0.00355148
11 0.581152 0.32168 0.725195 0.402734 0.00352478
15 0.392969 0.278467 0.760938 0.371191 0.00346947
24 0.528516 0.308545 0.436719 0.297754 0.00337601
24 0.705859 0.373633 0.588281 0.271484 0.00336266
24 0.819531 0.428809 0.360938 0.233008 0.00325966
12 0.392969 0.278467 0.760938 0.371191 0.00317192
24 0.631641 0.30625 0.736719 0.5 0.00314713
16 0.694531 0.399609 0.610938 0.259375 0.00313568
13 0.485254 0.259766 0.531055 0.519531 0.00312424
18 0.694531 0.399609 0.610938 0.259375 0.00305176
12 0.6 0.344922 0.8 0.689844 0.00302696
24 0.581152 0.32168 0.725195 0.402734 0.00300407
6 0.694531 0.399609 0.610938 0.259375 0.00299263
16 0.631641 0.30625 0.736719 0.5 0.00284576
6 0.631641 0.30625 0.736719 0.5 0.00283432
4 0.41875 0.281055 0.667969 0.348047 0.00282288
2 0.413965 0.262305 0.548633 0.351953 0.00279999
0 0.413965 0.262305 0.548633 0.351953 0.00275803
9 0.392969 0.278467 0.760938 0.371191 0.0026722
16 0.392969 0.278467 0.760938 0.371191 0.00256157
13 0.694531 0.399609 0.610938 0.259375 0.00252151
13 0.6 0.344922 0.8 0.689844 0.00251198
16 0.581152 0.32168 0.725195 0.402734 0.00251198
2 0.780469 0.413672 0.439063 0.247656 0.0024929
14 0.780469 0.413672 0.439063 0.247656 0.0024929
16 0.785742 0.397266 0.428516 0.232031 0.00243378
6 0.394141 0.333203 0.788281 0.536719 0.00240517
13 0.780469 0.413672 0.439063 0.247656 0.00240517
16 0.546875 0.316211 0.446875 0.307422 0.00239754
16 0.412598 0.251758 0.45918 0.301172 0.00226974
1 0.425098 0.257373 0.448242 0.343066 0.00226021
18 0.41875 0.281055 0.667969 0.348047 0.00224304
6 0.546875 0.316211 0.446875 0.307422 0.00224304
12 0.327344 0.272266 0.654688 0.523438 0.00222588
12 0.468652 0.260547 0.533008 0.453906 0.00219917
4 0.425098 0.257373 0.448242 0.343066 0.00214958
6 0.581152 0.32168 0.725195 0.402734 0.00214958
13 0.358203 0.217969 0.675781 0.435937 0.00214005
7 0.482129 0.276172 0.570117 0.416406 0.00213242
13 0.631641 0.30625 0.736719 0.5 0.00209999
9 0.467969 0.284814 0.534375 0.339746 0.00208282
16 0.485254 0.259766 0.531055 0.519531 0.00203514
12 0.35625 0.247461 0.474219 0.311328 0.00196457
7 0.425098 0.257373 0.448242 0.343066 0.00195694
11 0.485254 0.259766 0.531055 0.519531 0.00192642
23 0.804297 0.409277 0.391406 0.229883 0.00191212
13 0.392969 0.278467 0.760938 0.371191 0.00181007
15 0.394141 0.333203 0.788281 0.536719 0.0018034
0 0.780469 0.413672 0.439063 0.247656 0.00178909
18 0.425098 0.257373 0.448242 0.343066 0.00178242
1 0.436719 0.29458 0.546094 0.36709 0.00177479
2 0.694531 0.399609 0.610938 0.259375 0.00174809
14 0.694531 0.399609 0.610938 0.259375 0.00174809
12 0.833594 0.678906 0.332813 0.590625 0.0017271
16 0.6 0.344922 0.8 0.689844 0.00171375
7 0.581152 0.32168 0.725195 0.402734 0.00171375
7 0.851367 0.441016 0.297266 0.247656 0.00170708
18 0.631641 0.30625 0.736719 0.5 0.0017004
23 0.392969 0.278467 0.760938 0.371191 0.0015974
15 0.694531 0.399609 0.610938 0.259375 0.00157356
6 0.859375 0.440234 0.28125 0.259375 0.00157356
15 0.631641 0.30625 0.736719 0.5 0.00155449
15 0.780469 0.413672 0.439063 0.247656 0.00150681
2 0.392969 0.278467 0.760938 0.371191 0.00150108
14 0.392969 0.278467 0.760938 0.371191 0.00143814
12 0.673047 0.325 0.653906 0.635938 0.00141621
11 0.851367 0.441016 0.297266 0.247656 0.00141048
3 0.425098 0.257373 0.448242 0.343066 0.00140476
12 0.864258 0.685156 0.271484 0.534375 0.00138855
0 0.694531 0.399609 0.610938 0.259375 0.00138283
23 0.467969 0.284814 0.534375 0.339746 0.00137234
23 0.694531 0.399609 0.610938 0.259375 0.00133514
11 0.546875 0.316211 0.446875 0.307422 0.00133038
2 0.851367 0.441016 0.297266 0.247656 0.00132465
12 0.311914 0.242188 0.623828 0.484375 0.00130939
9 0.705859 0.373633 0.588281 0.271484 0.00127411
9 0.785742 0.397266 0.428516 0.232031 0.00127411
9 0.828516 0.419141 0.342969 0.235938 0.00127411
13 0.833594 0.678906 0.332813 0.590625 0.00126457
12 0.813281 0.429785 0.373437 0.24668 0.0012598
2 0.631641 0.30625 0.736719 0.5 0.00123024
1 0.813281 0.429785 0.373437 0.24668 0.00123024
15 0.408203 0.253516 0.517969 0.340625 0.0012207
19 0.605469 0.271436 0.271875 0.348535 0.0012064
12 0.764453 0.683203 0.471094 0.633594 0.00120163
20 0.413965 0.262305 0.548633 0.351953 0.00118828
14 0.631641 0.30625 0.736719 0.5 0.00116062
17 0.444922 0.267969 0.491406 0.347656 0.00115108
4 0.780469 0.413672 0.439063 0.247656 0.00115108
0 0.859375 0.440234 0.28125 0.259375 0.00115108
16 0.394141 0.333203 0.788281 0.536719 0.0011425
19 0.631641 0.30625 0.736719 0.5 0.0011425
12 0.694531 0.399609 0.610938 0.259375 0.00113773
7 0.6 0.344922 0.8 0.689844 0.00110722
25 0.425098 0.257373 0.448242 0.343066 0.00109863
13 0.581152 0.32168 0.725195 0.402734 0.00109863
19 0.694531 0.399609 0.610938 0.259375 0.00109482
12 0.732031 0.412109 0.535937 0.385156 0.00109005
19 0.439941 0.253711 0.47793 0.301953 0.00108624
18 0.851367 0.441016 0.297266 0.247656 0.00106525
19 0.439063 0.291602 0.576563 0.342578 0.00105667
13 0.842773 0.436719 0.314453 0.259375 0.00105667
11 0.394141 0.333203 0.788281 0.536719 0.00104809
13 0.732031 0.412109 0.535937 0.385156 0.00104809
19 0.780469 0.413672 0.439063 0.247656 0.00104809
1 0.485254 0.259766 0.531055 0.519531 0.00104427
15 0.6 0.344922 0.8 0.689844 0.00103664
13 0.394141 0.333203 0.788281 0.536719 0.00102806
23 0.631641 0.30625 0.736719 0.5 0.00102425
11 0.732031 0.412109 0.535937 0.385156 0.00101662
24 0.474609 0.320703 0.496094 0.291406 0.0399475
7 0.474609 0.320703 0.496094 0.291406 0.0311432
6 0.474609 0.320703 0.496094 0.291406 0.0219116
18 0.474609 0.320703 0.496094 0.291406 0.0153656
24 0.485156 0.297266 0.604688 0.407031 0.0138474
7 0.485156 0.297266 0.604688 0.407031 0.0134277
6 0.485156 0.297266 0.604688 0.407031 0.0105667
14 0.45459 0.296289 0.483008 0.320703 0.0103302
11 0.45459 0.296289 0.483008 0.320703 0.00971222
4 0.45459 0.296289 0.483008 0.320703 0.00967407
18 0.485156 0.297266 0.604688 0.407031 0.00800323
9 0.474609 0.320703 0.496094 0.291406 0.00746155
23 0.474609 0.320703 0.496094 0.291406 0.00698471
4 0.485156 0.297266 0.604688 0.407031 0.00460815
2 0.45459 0.296289 0.483008 0.320703 0.00416565
11 0.485156 0.297266 0.604688 0.407031 0.00397491
14 0.485156 0.297266 0.604688 0.407031 0.00390053
15 0.474609 0.320703 0.496094 0.291406 0.00382423
9 0.485156 0.297266 0.604688 0.407031 0.00379562
0 0.45459 0.296289 0.483008 0.320703 0.00359344
23 0.485156 0.297266 0.604688 0.407031 0.00359344
16 0.475391 0.317969 0.4875 0.285156 0.00328636
15 0.485156 0.297266 0.604688 0.407031 0.00265312
11 0.574316 0.261719 0.745117 0.523438 0.00264168
16 0.519141 0.316016 0.632031 0.3875 0.0026207
7 0.574316 0.261719 0.745117 0.523438 0.00237846
7 0.444434 0.269336 0.467383 0.350391 0.00231361
0 0.519141 0.316016 0.632031 0.3875 0.00226974
2 0.519141 0.316016 0.632031 0.3875 0.00216484
6 0.574316 0.261719 0.745117 0.523438 0.00208282
23 0.444434 0.269336 0.467383 0.350391 0.00201988
24 0.574316 0.261719 0.745117 0.523438 0.00194168
16 0.436328 0.284961 0.539844 0.401953 0.00165462
5 0.474609 0.320703 0.496094 0.291406 0.0015974
24 0.580371 0.373437 0.751758 0.632812 0.00153065
18 0.444434 0.269336 0.467383 0.350391 0.0014782
14 0.43125 0.25 0.529688 0.45625 0.00140476
14 0.574316 0.261719 0.745117 0.523438 0.00139904
15 0.444434 0.269336 0.467383 0.350391 0.00135136
6 0.444434 0.269336 0.467383 0.350391 0.00134563
12 0.436328 0.284961 0.539844 0.401953 0.00123978
11 0.43125 0.25 0.529688 0.45625 0.00123501
5 0.485156 0.297266 0.604688 0.407031 0.00118828
4 0.574316 0.261719 0.745117 0.523438 0.00111198
19 0.389746 0.235205 0.348633 0.238184 0.00107765
18 0.574316 0.261719 0.745117 0.523438 0.00107765
0 0.43125 0.25 0.529688 0.45625 0.00105286
16 0.574316 0.261719 0.745117 0.523438 0.00104427
4 0.441797 0.262695 0.472656 0.354297 0.0534058
14 0.441797 0.262695 0.472656 0.354297 0.0495911
9 0.441797 0.262695 0.472656 0.354297 0.0435181
0 0.439063 0.266406 0.46875 0.358594 0.0428772
6 0.441797 0.262695 0.472656 0.354297 0.0419312
2 0.436816 0.261768 0.46543 0.345215 0.0368958
23 0.441797 0.262695 0.472656 0.354297 0.0268555
25 0.418848 0.251221 0.423242 0.31084 0.0167236
7 0.436816 0.261768 0.46543 0.345215 0.0154877
24 0.441797 0.262695 0.472656 0.354297 0.0153046
11 0.448047 0.259326 0.500781 0.367285 0.0149536
18 0.436816 0.261768 0.46543 0.345215 0.0146713
23 0.324414 0.255469 0.230859 0.257031 0.014389
2 0.324414 0.255469 0.230859 0.257031 0.0136871
16 0.324414 0.255469 0.230859 0.257031 0.0115509
17 0.325781 0.247656 0.228125 0.273438 0.011467
25 0.325781 0.247656 0.228125 0.273438 0.0104523
15 0.448047 0.259326 0.500781 0.367285 0.0100555
6 0.346875 0.251172 0.279687 0.289844 0.00985718
4 0.324414 0.255469 0.230859 0.257031 0.0088501
10 0.441797 0.262695 0.472656 0.354297 0.008255
14 0.325781 0.247656 0.228125 0.273438 0.00812531
16 0.448047 0.259326 0.500781 0.367285 0.00787354
0 0.325781 0.247656 0.228125 0.273438 0.00695801
5 0.418848 0.251221 0.423242 0.31084 0.00695801
15 0.416309 0.25542 0.39707 0.309473 0.00669098
12 0.416309 0.25542 0.39707 0.309473 0.00624084
8 0.325781 0.247656 0.228125 0.273438 0.00600433
12 0.335352 0.248828 0.275391 0.277344 0.0055542
9 0.324414 0.255469 0.230859 0.257031 0.00551224
3 0.325781 0.247656 0.228125 0.273438 0.00521851
3 0.416309 0.25542 0.39707 0.309473 0.00471878
10 0.324414 0.255469 0.230859 0.257031 0.00434875
5 0.324414 0.255469 0.230859 0.257031 0.00416565
1 0.329297 0.256836 0.264844 0.262891 0.00379562
16 0.416309 0.25542 0.39707 0.309473 0.0037365
13 0.325781 0.247656 0.228125 0.273438 0.00345612
15 0.325781 0.247656 0.228125 0.273438 0.0026207
11 0.414453 0.256299 0.391406 0.31084 0.0024147
20 0.441797 0.262695 0.472656 0.354297 0.00226974
25 0.449316 0.25708 0.518555 0.396777 0.00217438
12 0.344482 0.243555 0.356348 0.323828 0.00205803
17 0.414453 0.256299 0.391406 0.31084 0.00202751
7 0.325781 0.247656 0.228125 0.273438 0.00183868
20 0.324414 0.255469 0.230859 0.257031 0.00179577
1 0.825 0.748438 0.25 0.382812 0.00177479
11 0.346875 0.251172 0.279687 0.289844 0.00173378
8 0.414453 0.256299 0.391406 0.31084 0.0014782
13 0.416309 0.25542 0.39707 0.309473 0.00146675
5 0.451172 0.256299 0.502344 0.377246 0.0014267
24 0.324414 0.255469 0.230859 0.257031 0.00138855
1 0.850781 0.779883 0.234375 0.324609 0.00136185
21 0.324414 0.255469 0.230859 0.257031 0.00134563
18 0.324414 0.255469 0.230859 0.257031 0.00125504
1 0.414453 0.256299 0.391406 0.31084 0.0012064
22 0.324414 0.255469 0.230859 0.257031 0.00104046
19 0.345117 0.200049 0.253516 0.310059 0.00101662
16 0.533691 0.267773 0.44668 0.378516 0.00100803
2 0.45625 0.261328 0.45625 0.364844 0.0994873
23 0.446094 0.254736 0.446875 0.361621 0.058136
6 0.469629 0.260938 0.485742 0.376563 0.053009
14 0.453516 0.258984 0.449219 0.371094 0.0522461
9 0.453906 0.256055 0.460156 0.359766 0.0435181
0 0.453516 0.258984 0.449219 0.371094 0.0420837
4 0.45625 0.261328 0.45625 0.364844 0.0396423
18 0.453516 0.258984 0.449219 0.371094 0.035675
25 0.441504 0.257031 0.45293 0.363281 0.0212097
16 0.475 0.263086 0.50625 0.389453 0.0201721
7 0.453516 0.258984 0.449219 0.371094 0.0176392
24 0.469629 0.260938 0.485742 0.376563 0.014061
11 0.459766 0.25957 0.447656 0.363672 0.012146
4 0.401563 0.246875 0.385938 0.320312 0.00653839
2 0.401563 0.246875 0.385938 0.320312 0.00600433
5 0.453906 0.256055 0.460156 0.359766 0.00595856
15 0.441504 0.257031 0.45293 0.363281 0.00453949
6 0.401563 0.246875 0.385938 0.320312 0.00443268
3 0.446094 0.254736 0.446875 0.361621 0.0042305
10 0.460156 0.262695 0.449219 0.368359 0.00365067
9 0.401563 0.246875 0.385938 0.320312 0.00359344
0 0.401563 0.246875 0.385938 0.320312 0.00323486
14 0.401563 0.246875 0.385938 0.320312 0.00269318
20 0.475 0.263086 0.50625 0.389453 0.00209999
1 0.351758 0.264844 0.288672 0.317969 0.00196457
12 0.441504 0.257031 0.45293 0.363281 0.00191212
16 0.401563 0.246875 0.385938 0.320312 0.00183105
5 0.401563 0.246875 0.385938 0.320312 0.00178242
17 0.401563 0.246875 0.385938 0.320312 0.00168705
1 0.401563 0.246875 0.385938 0.320312 0.0015974
10 0.401563 0.246875 0.385938 0.320312 0.00145531
4 0.351758 0.264844 0.288672 0.317969 0.00143814
15 0.501465 0.264453 0.47832 0.40625 0.00142097
19 0.567187 0.277783 0.288281 0.375684 0.00139904
13 0.475 0.263086 0.50625 0.389453 0.00130463
6 0.351758 0.264844 0.288672 0.317969 0.00124454
0 0.492871 0.266211 0.498633 0.475391 0.0011425
13 0.401563 0.246875 0.385938 0.320312 0.00109863
22 0.401563 0.246875 0.385938 0.320312 0.00109863
8 0.401563 0.246875 0.385938 0.320312 0.00106525
1 0.471094 0.270898 0.503125 0.400391 0.00106049
12 0.372656 0.241797 0.34375 0.325 0.00104809
25 0.501465 0.264453 0.47832 0.40625 0.00101662
14 0.452734 0.270703 0.486719 0.36875 0.0734253
2 0.457813 0.268555 0.479688 0.358203 0.0455322
4 0.452246 0.269531 0.492383 0.359375 0.028595
9 0.452246 0.269531 0.492383 0.359375 0.0248871
6 0.452246 0.269531 0.492383 0.359375 0.0162811
23 0.457813 0.268555 0.479688 0.358203 0.00919342
24 0.451172 0.269873 0.474219 0.354785 0.00831604
0 0.462402 0.270313 0.487695 0.353906 0.00746155
11 0.452246 0.269531 0.492383 0.359375 0.00734711
25 0.462402 0.270313 0.487695 0.353906 0.0064888
7 0.451172 0.269873 0.474219 0.354785 0.00479126
15 0.451172 0.269873 0.474219 0.354785 0.00408554
5 0.456934 0.264258 0.475195 0.351172 0.00403976
18 0.452246 0.269531 0.492383 0.359375 0.00344276
2 0.386719 0.245898 0.309375 0.294922 0.00309944
12 0.452734 0.270703 0.486719 0.36875 0.00293541
12 0.456934 0.60625 0.733008 0.753125 0.00287819
14 0.386719 0.245898 0.309375 0.294922 0.00229645
17 0.461328 0.277344 0.496094 0.360156 0.00226974
10 0.457813 0.268555 0.479688 0.358203 0.00225258
3 0.452734 0.270703 0.486719 0.36875 0.00175476
16 0.452246 0.269531 0.492383 0.359375 0.00124931
12 0.685938 0.167969 0.610938 0.335938 0.00118828
13 0.456934 0.60625 0.733008 0.753125 0.0011692
1 0.461328 0.277344 0.496094 0.360156 0.00116539
23 0.386719 0.245898 0.309375 0.294922 0.00103188
2 0.474219 0.277344 0.482031 0.373437 0.124207
14 0.471973 0.274609 0.491992 0.366406 0.0419312
4 0.468848 0.275977 0.482617 0.355078 0.0348816
0 0.474219 0.277344 0.482031 0.373437 0.0279083
23 0.471973 0.274609 0.491992 0.366406 0.0202484
6 0.458203 0.279102 0.453125 0.358984 0.0136337
11 0.458203 0.279102 0.453125 0.358984 0.0134277
9 0.468848 0.275977 0.482617 0.355078 0.0124817
24 0.458984 0.28457 0.457031 0.337109 0.0108185
16 0.475781 0.283643 0.501563 0.382715 0.00878143
18 0.479297 0.282861 0.520312 0.395215 0.00796509
7 0.474219 0.277344 0.482031 0.373437 0.00634003
25 0.471973 0.274609 0.491992 0.366406 0.00577545
24 0.519141 0.283154 0.588281 0.397754 0.00502014
2 0.417578 0.266064 0.360156 0.324121 0.00345612
2 0.526563 0.282813 0.625 0.426563 0.00332451
6 0.519141 0.283154 0.588281 0.397754 0.00328636
15 0.458203 0.279102 0.453125 0.358984 0.00314713
14 0.417578 0.266064 0.360156 0.324121 0.00219917
10 0.458203 0.279102 0.453125 0.358984 0.00218201
5 0.468848 0.275977 0.482617 0.355078 0.00203514
0 0.526563 0.282813 0.625 0.426563 0.0015974
12 0.461816 0.270508 0.451367 0.347266 0.00157356
15 0.519141 0.283154 0.588281 0.397754 0.00148392
3 0.474219 0.277344 0.482031 0.373437 0.00141048
14 0.526563 0.282813 0.625 0.426563 0.00132465
2 0.453125 0.281445 0.484375 0.371484 0.116333
9 0.453125 0.281445 0.484375 0.371484 0.0390625
14 0.448438 0.280518 0.467187 0.368652 0.0381775
6 0.456152 0.271875 0.486133 0.360938 0.0381775
7 0.456152 0.271875 0.486133 0.360938 0.0228882
4 0.448438 0.280518 0.467187 0.368652 0.0228424
0 0.448828 0.282813 0.478125 0.371875 0.0193481
18 0.480859 0.274219 0.525 0.386719 0.0174408
23 0.453125 0.281445 0.484375 0.371484 0.0157776
11 0.453125 0.281445 0.484375 0.371484 0.0130234
24 0.480859 0.274219 0.525 0.386719 0.00989532
16 0.464941 0.283789 0.48418 0.379297 0.00919342
15 0.456152 0.271875 0.486133 0.360938 0.00671768
10 0.453125 0.281445 0.484375 0.371484 0.00242424
6 0.523047 0.283789 0.619531 0.418359 0.00233269
7 0.523047 0.283789 0.619531 0.418359 0.00211525
25 0.448438 0.280518 0.467187 0.368652 0.00198746
5 0.450781 0.27207 0.467187 0.357422 0.00196457
0 0.523047 0.283789 0.619531 0.418359 0.00158501
3 0.464941 0.283789 0.48418 0.379297 0.00151253
12 0.450391 0.269336 0.478906 0.342578 0.0014782
9 0.523047 0.283789 0.619531 0.418359 0.00108147
2 0.475391 0.280811 0.5 0.380566 0.202393
14 0.474609 0.27417 0.500781 0.371973 0.194946
6 0.473438 0.272217 0.491406 0.360254 0.0772095
9 0.473438 0.272217 0.491406 0.360254 0.0490417
23 0.475391 0.280811 0.5 0.380566 0.0462036
15 0.475781 0.275 0.500781 0.370313 0.0453491
4 0.474609 0.27417 0.500781 0.371973 0.0408325
18 0.475781 0.275 0.500781 0.370313 0.0255585
11 0.475391 0.280811 0.5 0.380566 0.0243378
13 0.798828 0.602246 0.402344 0.704883 0.0197144
12 0.761328 0.594141 0.477344 0.757031 0.0108185
0 0.475781 0.283008 0.507812 0.383984 0.0105667
7 0.473438 0.272217 0.491406 0.360254 0.00978088
25 0.475391 0.280811 0.5 0.380566 0.0091629
24 0.475781 0.275 0.500781 0.370313 0.00871277
13 0.854688 0.719141 0.24375 0.449219 0.00766754
12 0.683887 0.576563 0.632227 0.846875 0.00400543
2 0.440625 0.269482 0.420312 0.311035 0.00385475
13 0.723437 0.54375 0.553125 0.803125 0.00367928
5 0.472754 0.269531 0.49043 0.360938 0.00359344
12 0.474902 0.283203 0.512695 0.388281 0.00340271
12 0.854688 0.719141 0.24375 0.449219 0.003088
13 0.475391 0.285889 0.525781 0.387598 0.00291252
10 0.474609 0.27417 0.500781 0.371973 0.00279999
23 0.440625 0.269482 0.420312 0.311035 0.00268364
14 0.392578 0.25957 0.347656 0.308984 0.00268364
16 0.474902 0.283203 0.512695 0.388281 0.00223351
12 0.773828 0.584766 0.452344 0.808594 0.00215721
13 0.860938 0.765625 0.207813 0.35625 0.00205803
13 0.773828 0.584766 0.452344 0.808594 0.00194931
0 0.440625 0.269482 0.420312 0.311035 0.00190449
4 0.397559 0.258398 0.370508 0.333984 0.00172043
1 0.475391 0.288672 0.530469 0.4 0.0017004
12 0.419922 0.549609 0.839844 0.900781 0.00168133
3 0.475781 0.283008 0.507812 0.383984 0.0015974
12 0.397559 0.258398 0.370508 0.333984 0.0014782
17 0.475391 0.288672 0.530469 0.4 0.00147247
15 0.819922 0.415625 0.360156 0.248438 0.00127411
12 0.705078 0.619141 0.589844 0.738281 0.00122547
6 0.807031 0.391016 0.385938 0.292969 0.00111198
14 0.350391 0.231201 0.245312 0.229785 0.00110722
1 0.397559 0.258398 0.370508 0.333984 0.00107288
6 0.397559 0.258398 0.370508 0.333984 0.00104427
2 0.478516 0.2875 0.526563 0.415625 0.354004
14 0.464941 0.282617 0.498242 0.398828 0.265869
6 0.519434 0.285742 0.611133 0.413672 0.122925
2 0.549902 0.29375 0.69082 0.45625 0.11438
7 0.553906 0.293359 0.695312 0.449219 0.0970459
9 0.519434 0.285742 0.611133 0.413672 0.0397949
18 0.553906 0.293359 0.695312 0.449219 0.0386047
24 0.553906 0.293359 0.695312 0.449219 0.0230713
15 0.553906 0.293359 0.695312 0.449219 0.0216217
23 0.478516 0.2875 0.526563 0.415625 0.0198669
4 0.464941 0.282617 0.498242 0.398828 0.0183411
11 0.478516 0.2875 0.526563 0.415625 0.0154266
6 0.573438 0.305273 0.7625 0.497266 0.0146713
16 0.549902 0.29375 0.69082 0.45625 0.0130234
11 0.549902 0.29375 0.69082 0.45625 0.0119629
14 0.549902 0.29375 0.69082 0.45625 0.00985718
25 0.464941 0.282617 0.498242 0.398828 0.00841522
23 0.549902 0.29375 0.69082 0.45625 0.00821686
10 0.519434 0.285742 0.611133 0.413672 0.00679779
7 0.471484 0.282422 0.514844 0.392969 0.00614548
0 0.519434 0.285742 0.611133 0.413672 0.005867
9 0.573438 0.305273 0.7625 0.497266 0.00534439
4 0.553906 0.293359 0.695312 0.449219 0.00521851
16 0.478516 0.2875 0.526563 0.415625 0.00353813
18 0.471484 0.282422 0.514844 0.392969 0.00331116
15 0.471484 0.282422 0.514844 0.392969 0.00325966
7 0.602344 0.323828 0.795313 0.564844 0.00263214
5 0.471484 0.282422 0.514844 0.392969 0.00253105
2 0.425391 0.262842 0.422656 0.350879 0.00217438
14 0.412402 0.248828 0.386133 0.325781 0.00195694
25 0.549902 0.29375 0.69082 0.45625 0.00186729
3 0.549902 0.29375 0.69082 0.45625 0.0014782
0 0.574902 0.298828 0.750195 0.492969 0.00146103
24 0.471484 0.282422 0.514844 0.392969 0.00113773
14 0.454297 0.266602 0.486719 0.368359 0.200562
4 0.455859 0.271094 0.48125 0.363281 0.0923462
2 0.455859 0.271094 0.48125 0.363281 0.083313
9 0.452734 0.269922 0.478125 0.365625 0.0643921
23 0.454297 0.269531 0.484375 0.3625 0.0198669
0 0.453125 0.275781 0.497656 0.378125 0.0165863
6 0.452734 0.269922 0.478125 0.365625 0.0148392
25 0.454297 0.269531 0.484375 0.3625 0.00861359
5 0.453027 0.267383 0.481445 0.365234 0.0041008
11 0.450781 0.274609 0.480469 0.380469 0.00307465
24 0.453809 0.274658 0.479883 0.370996 0.00305176
1 0.455078 0.265674 0.490625 0.367871 0.00276756
15 0.453809 0.274658 0.479883 0.370996 0.00274658
18 0.453125 0.275781 0.497656 0.378125 0.00227928
12 0.454297 0.269531 0.484375 0.3625 0.00186729
7 0.453809 0.274658 0.479883 0.370996 0.00153637
16 0.450781 0.274609 0.480469 0.380469 0.00137234
4 0.340234 0.303125 0.23125 0.175 0.00106049
14 0.478125 0.286914 0.509375 0.357422 0.357666
2 0.478027 0.291406 0.520508 0.365625 0.32251
23 0.482422 0.298438 0.534375 0.401563 0.0318604
9 0.475781 0.296045 0.50625 0.35791 0.0317383
14 0.552344 0.295752 0.673438 0.399121 0.029541
4 0.470313 0.293018 0.490625 0.353027 0.0206451
6 0.475781 0.296045 0.50625 0.35791 0.0197144
25 0.482422 0.298438 0.534375 0.401563 0.00941467
9 0.552344 0.295752 0.673438 0.399121 0.00751877
6 0.552344 0.295752 0.673438 0.399121 0.00453949
4 0.511328 0.302734 0.596094 0.434375 0.00424957
7 0.511328 0.302734 0.596094 0.434375 0.00392914
18 0.511328 0.302734 0.596094 0.434375 0.00387001
0 0.511328 0.302734 0.596094 0.434375 0.00342941
10 0.475781 0.296045 0.50625 0.35791 0.00235939
16 0.552344 0.295752 0.673438 0.399121 0.00229645
2 0.431641 0.260352 0.422656 0.327734 0.00223351
7 0.475781 0.296045 0.50625 0.35791 0.00193405
14 0.421973 0.258203 0.401367 0.321094 0.0016613
11 0.475781 0.296045 0.50625 0.35791 0.00163555
24 0.55 0.295752 0.6625 0.377246 0.00153637
5 0.475781 0.296045 0.50625 0.35791 0.00128937
1 0.460156 0.280273 0.490625 0.347266 0.00126457
2 0.459473 0.266992 0.495117 0.395703 0.541016
14 0.459473 0.266992 0.495117 0.395703 0.398926
23 0.459473 0.266992 0.495117 0.395703 0.0269623
2 0.408496 0.255273 0.37207 0.341016 0.0262604
25 0.459473 0.266992 0.495117 0.395703 0.0220337
16 0.462891 0.272852 0.50625 0.404297 0.02034
6 0.463281 0.2625 0.5 0.395313 0.0165253
14 0.408496 0.255273 0.37207 0.341016 0.0120544
18 0.462891 0.272852 0.50625 0.404297 0.0111618
4 0.459375 0.25957 0.491406 0.394141 0.00948334
15 0.463281 0.2625 0.5 0.395313 0.00834656
7 0.461719 0.274561 0.492188 0.388379 0.00806427
9 0.463281 0.2625 0.5 0.395313 0.00671768
25 0.408496 0.255273 0.37207 0.341016 0.00510025
1 0.459277 0.263477 0.47832 0.385547 0.00376511
23 0.408496 0.255273 0.37207 0.341016 0.00345612
0 0.462891 0.272852 0.50625 0.404297 0.00298119
10 0.459473 0.266992 0.495117 0.395703 0.0024147
24 0.463281 0.2625 0.5 0.395313 0.0017271
5 0.459375 0.25957 0.491406 0.394141 0.00168705
11 0.462891 0.272852 0.50625 0.404297 0.00156116
12 0.425781 0.255811 0.407813 0.35791 0.00154877
13 0.464844 0.266797 0.503125 0.400781 0.00129414
4 0.408496 0.255273 0.37207 0.341016 0.00122547
14 0.45625 0.272656 0.480469 0.373437 0.733887
2 0.45625 0.272656 0.480469 0.373437 0.332031
4 0.460059 0.285938 0.492383 0.389062 0.162354
9 0.456348 0.274609 0.491992 0.383594 0.092041
23 0.460059 0.285938 0.492383 0.389062 0.0460205
25 0.45625 0.272656 0.480469 0.373437 0.0179901
0 0.477734 0.28418 0.521094 0.417578 0.0157776
6 0.508496 0.280469 0.587695 0.415625 0.0120544
2 0.56875 0.289648 0.726562 0.470703 0.0100937
15 0.508496 0.280469 0.587695 0.415625 0.00671768
18 0.508496 0.280469 0.587695 0.415625 0.00631332
24 0.508496 0.280469 0.587695 0.415625 0.00510025
11 0.490527 0.279297 0.55332 0.416406 0.00443268
11 0.748438 0.777344 0.503125 0.445312 0.00434875
11 0.56875 0.289648 0.726562 0.470703 0.00387001
5 0.458496 0.275781 0.481445 0.380469 0.00376511
7 0.611719 0.304688 0.735938 0.478125 0.00367928
9 0.56875 0.289648 0.726562 0.470703 0.00298119
18 0.611719 0.304688 0.735938 0.478125 0.00279045
6 0.611719 0.304688 0.735938 0.478125 0.00265312
15 0.586719 0.314844 0.8125 0.551562 0.0026207
24 0.611719 0.304688 0.735938 0.478125 0.00243378
1 0.458496 0.275781 0.481445 0.380469 0.00214005
14 0.56875 0.289648 0.726562 0.470703 0.00177479
7 0.508496 0.280469 0.587695 0.415625 0.00157928
11 0.729688 0.757812 0.540625 0.484375 0.00137234
17 0.748438 0.777344 0.503125 0.445312 0.00119686
7 0.70625 0.373633 0.54375 0.313672 0.00117397
10 0.477734 0.28418 0.521094 0.417578 0.00102425
12 0.439063 0.260596 0.449219 0.360059 0.00101185
14 0.473438 0.277002 0.528125 0.391309 0.850098
2 0.473438 0.277002 0.528125 0.391309 0.288574
23 0.473438 0.277002 0.528125 0.391309 0.0510864
2 0.370703 0.228857 0.321875 0.254004 0.0226288
14 0.370703 0.228857 0.321875 0.254004 0.0202484
4 0.473438 0.277002 0.528125 0.391309 0.0112457
25 0.458594 0.272656 0.496875 0.357812 0.0109863
13 0.75918 0.564453 0.481641 0.664844 0.00677109
9 0.472656 0.281055 0.521875 0.387891 0.00661469
23 0.370703 0.228857 0.321875 0.254004 0.00624084
25 0.370703 0.228857 0.321875 0.254004 0.00547028
12 0.75918 0.564453 0.481641 0.664844 0.00518036
12 0.669922 0.526563 0.660156 0.815625 0.00486755
6 0.474219 0.279297 0.54375 0.411719 0.00408554
13 0.669922 0.526563 0.660156 0.815625 0.00281143
1 0.375781 0.238281 0.335938 0.289062 0.00269318
13 0.842188 0.566797 0.315625 0.591406 0.00263214
1 0.458984 0.261133 0.504687 0.351172 0.00256157
12 0.842188 0.566797 0.315625 0.591406 0.00245285
13 0.837891 0.611328 0.324219 0.708594 0.00156116
5 0.474219 0.273389 0.53125 0.397754 0.00146675
4 0.375781 0.238281 0.335938 0.289062 0.00143814
0 0.446875 0.265234 0.460938 0.325 0.00128937
7 0.474219 0.279297 0.54375 0.411719 0.00119209
10 0.474609 0.281641 0.530469 0.396094 0.00117397
6 0.375781 0.238281 0.335938 0.289062 0.00117397
14 0.474219 0.278906 0.507031 0.3875 0.954102
2 0.475 0.28418 0.504687 0.388672 0.477539
23 0.474219 0.278906 0.507031 0.3875 0.0859985
9 0.499609 0.287109 0.569531 0.396094 0.0552063
4 0.475 0.28418 0.504687 0.388672 0.0548096
2 0.38584 0.255908 0.336133 0.338184 0.0463867
14 0.38584 0.255908 0.336133 0.338184 0.0401001
25 0.474219 0.278906 0.507031 0.3875 0.0351562
2 0.588281 0.255859 0.767188 0.478906 0.00568771
5 0.476562 0.279883 0.509375 0.390234 0.0039444
25 0.38584 0.255908 0.336133 0.338184 0.00369263
1 0.476562 0.279883 0.509375 0.390234 0.00329781
6 0.499609 0.287109 0.569531 0.396094 0.00298119
23 0.38584 0.255908 0.336133 0.338184 0.00226021
9 0.586719 0.272266 0.757812 0.466406 0.00201988
17 0.470996 0.28042 0.51582 0.387598 0.00148964
10 0.475391 0.283984 0.5125 0.385938 0.00132465
14 0.588281 0.255859 0.767188 0.478906 0.00121593
0 0.48291 0.283936 0.529492 0.393066 0.00119686
11 0.593359 0.271094 0.813281 0.542188 0.00113392
1 0.410059 0.263281 0.383008 0.348438 0.00101662
14 0.450391 0.276758 0.5 0.387891 0.753418
2 0.450391 0.276758 0.5 0.387891 0.516602
23 0.450391 0.276758 0.5 0.387891 0.0856934
4 0.454688 0.28042 0.50625 0.39541 0.0198364
25 0.452344 0.27583 0.5 0.390527 0.0194244
9 0.454688 0.28042 0.50625 0.39541 0.0190582
6 0.460254 0.280273 0.53418 0.412891 0.00626373
5 0.452344 0.27583 0.5 0.390527 0.00352478
10 0.452344 0.27583 0.5 0.390527 0.00324821
15 0.461035 0.283984 0.532617 0.404687 0.00323486
0 0.45459 0.278516 0.529883 0.413281 0.00296974
18 0.460254 0.280273 0.53418 0.412891 0.00281143
1 0.417969 0.255859 0.429688 0.349219 0.00193405
24 0.461035 0.283984 0.532617 0.404687 0.00120163
14 0.466309 0.283008 0.50957 0.413672 0.975586
4 0.465527 0.279736 0.514258 0.395215 0.287842
23 0.466309 0.283008 0.50957 0.413672 0.0789185
9 0.472656 0.28125 0.525 0.415625 0.0566406
2 0.474609 0.28125 0.524219 0.415625 0.0528259
25 0.472266 0.28125 0.521094 0.401563 0.0108185
5 0.467187 0.28125 0.507812 0.414062 0.00740433
10 0.467187 0.28125 0.507812 0.414062 0.00182438
6 0.472559 0.278125 0.539258 0.425 0.00173378
17 0.46875 0.283008 0.527344 0.391797 0.00127411
1 0.469141 0.283008 0.517969 0.411328 0.00107288
14 0.464844 0.267578 0.501563 0.377344 0.789062
2 0.47041 0.271289 0.513867 0.371484 0.676758
23 0.464844 0.267773 0.50625 0.379297 0.0154877
4 0.465723 0.270117 0.50293 0.372266 0.0151291
25 0.47041 0.271289 0.513867 0.371484 0.0107346
9 0.464453 0.275586 0.522656 0.403516 0.00510025
6 0.448438 0.257031 0.482812 0.358594 0.00446701
1 0.448438 0.257031 0.482812 0.358594 0.00363541
7 0.463379 0.266797 0.510742 0.382812 0.00340271
10 0.461328 0.269482 0.499219 0.387598 0.00243378
18 0.466406 0.270313 0.526563 0.3875 0.00194168
0 0.466406 0.270313 0.526563 0.3875 0.00188255
5 0.461328 0.269482 0.499219 0.387598 0.00125504
14 0.45625 0.270117 0.482031 0.373828 0.91748
23 0.45625 0.276172 0.484375 0.374219 0.206299
2 0.45625 0.270117 0.482031 0.373828 0.170532
4 0.455078 0.273047 0.48125 0.371094 0.0205688
25 0.458691 0.272998 0.479492 0.379004 0.0197906
0 0.462402 0.273633 0.49707 0.394141 0.00746155
23 0.391309 0.261328 0.354883 0.345313 0.00540543
9 0.45625 0.276172 0.484375 0.374219 0.00479126
15 0.460547 0.26958 0.485156 0.387402 0.00407028
14 0.391309 0.261328 0.354883 0.345313 0.00391388
1 0.459375 0.270703 0.477344 0.375781 0.00369263
25 0.391309 0.261328 0.354883 0.345313 0.00356483
2 0.391309 0.261328 0.354883 0.345313 0.00348282
18 0.457031 0.278174 0.48125 0.391309 0.00259018
6 0.457031 0.278174 0.48125 0.391309 0.0018034
8 0.419141 0.260352 0.413281 0.344141 0.0012846
10 0.462402 0.273633 0.49707 0.394141 0.00100803
14 0.458594 0.279883 0.496875 0.406641 0.935059
2 0.459473 0.272998 0.499805 0.396191 0.872559
23 0.458594 0.279883 0.496875 0.406641 0.130737
25 0.459375 0.276563 0.507812 0.394531 0.0123825
10 0.454004 0.275732 0.485742 0.396191 0.00919342
7 0.452246 0.272852 0.48457 0.379297 0.00609589
9 0.455078 0.271484 0.488281 0.391406 0.00362206
4 0.454004 0.275732 0.485742 0.396191 0.00353813
6 0.453027 0.273438 0.508008 0.414062 0.0024929
16 0.425 0.26333 0.423438 0.357715 0.00214958
0 0.435937 0.262842 0.450781 0.369629 0.00191212
18 0.454688 0.274609 0.528125 0.417188 0.00141048
14 0.473047 0.283594 0.500781 0.395313 0.915527
23 0.473047 0.283594 0.500781 0.395313 0.102295
25 0.473047 0.281641 0.5 0.396094 0.0403748
2 0.473047 0.283594 0.500781 0.395313 0.0145035
4 0.473047 0.281641 0.5 0.396094 0.00602722
10 0.473047 0.283594 0.500781 0.395313 0.00534439
0 0.473047 0.281641 0.5 0.396094 0.00342941
8 0.464453 0.280859 0.485156 0.388281 0.00202751
17 0.473047 0.281641 0.5 0.396094 0.00149536
5 0.473047 0.283594 0.500781 0.395313 0.00108624
14 0.479004 0.288281 0.54043 0.403125 0.762207
2 0.471484 0.289258 0.533594 0.412109 0.236572
4 0.479004 0.288281 0.54043 0.403125 0.0481262
23 0.468848 0.279883 0.518555 0.399609 0.0428772
9 0.470996 0.284961 0.548633 0.422266 0.0129242
25 0.471484 0.289258 0.533594 0.412109 0.00881195
14 0.361914 0.255664 0.292578 0.308984 0.00317192
25 0.361914 0.255664 0.292578 0.308984 0.00288963
2 0.361914 0.255664 0.292578 0.308984 0.00232315
10 0.468848 0.279883 0.518555 0.399609 0.00219917
0 0.476465 0.29082 0.564258 0.454297 0.00185299
5 0.468848 0.279883 0.518555 0.399609 0.00137234
6 0.472266 0.276563 0.525781 0.398438 0.00109005
7 0.471094 0.282422 0.521875 0.400781 0.00102806
14 0.459375 0.268408 0.492969 0.386621 0.812988
2 0.457031 0.270703 0.5 0.401563 0.113953
23 0.457031 0.270703 0.5 0.401563 0.0723877
25 0.457422 0.271484 0.5 0.385156 0.0106506
4 0.461328 0.271289 0.505469 0.384766 0.0068512
10 0.456934 0.271289 0.492383 0.394922 0.00271416
14 0.454785 0.278564 0.49668 0.396777 0.948242
2 0.454785 0.280859 0.499805 0.373437 0.557129
23 0.454785 0.278564 0.49668 0.396777 0.029541
25 0.454785 0.280859 0.499805 0.373437 0.016983
2 0.407031 0.268018 0.389062 0.328809 0.0110703
7 0.455859 0.274951 0.489844 0.36416 0.00460815
14 0.407031 0.268018 0.389062 0.328809 0.00327301
23 0.407031 0.268018 0.389062 0.328809 0.00245285
4 0.450781 0.281055 0.510938 0.400391 0.00201988
25 0.407031 0.268018 0.389062 0.328809 0.00171375
10 0.455469 0.278076 0.501563 0.393848 0.0011158
9 0.450781 0.281055 0.510938 0.400391 0.00105667
14 0.463281 0.29043 0.5 0.381641 0.869629
2 0.463281 0.29043 0.5 0.381641 0.0332031
23 0.472266 0.284375 0.513281 0.364063 0.0269623
25 0.447266 0.281641 0.458594 0.346094 0.0211182
4 0.468359 0.287695 0.510156 0.366016 0.0160217
25 0.32793 0.252344 0.208984 0.2625 0.0030632
23 0.345703 0.268945 0.257031 0.312109 0.00240517
25 0.345703 0.268945 0.257031 0.312109 0.00162315
6 0.472266 0.284375 0.513281 0.364063 0.00154877
0 0.472559 0.284375 0.50957 0.365625 0.00153637
17 0.332227 0.247852 0.217578 0.256641 0.0015192
14 0.345703 0.268945 0.257031 0.312109 0.00139427
8 0.345703 0.268945 0.257031 0.312109 0.00131512
2 0.345703 0.268945 0.257031 0.312109 0.00130463
1 0.472266 0.284375 0.513281 0.364063 0.00129414
9 0.468359 0.287695 0.510156 0.366016 0.00112915
14 0.467969 0.278125 0.50625 0.400781 0.618652
4 0.471484 0.289404 0.507031 0.383691 0.0408325
23 0.472266 0.278125 0.503906 0.385938 0.0229797
2 0.471484 0.289404 0.507031 0.383691 0.0146179
25 0.471484 0.289404 0.507031 0.383691 0.0115509
6 0.469531 0.274805 0.504687 0.398047 0.00311089
0 0.475781 0.281836 0.513281 0.384766 0.00233269
9 0.471484 0.289404 0.507031 0.383691 0.00148392
8 0.470313 0.285352 0.514844 0.386328 0.00104809
14 0.467969 0.277686 0.501563 0.397754 0.852051
23 0.467969 0.277686 0.501563 0.397754 0.0966797
4 0.462109 0.275977 0.483594 0.404297 0.0574951
2 0.464844 0.278711 0.492969 0.401953 0.0171814
25 0.464844 0.281982 0.489063 0.392285 0.00881195
9 0.462109 0.275977 0.483594 0.404297 0.00591278
17 0.426953 0.268164 0.405469 0.363672 0.00385475
0 0.464844 0.278711 0.492969 0.401953 0.00266266
10 0.467969 0.277686 0.501563 0.397754 0.0026207
8 0.460254 0.279346 0.473242 0.390527 0.00191212
25 0.408594 0.267578 0.365625 0.353906 0.00186062
14 0.408594 0.267578 0.365625 0.353906 0.00132465
1 0.426953 0.268164 0.405469 0.363672 0.00109482
1 0.698438 0.559375 0.603125 0.86875 0.00109005
14 0.698438 0.559375 0.603125 0.86875 0.00105667
14 0.452441 0.275781 0.482617 0.383594 0.856934
2 0.447266 0.279248 0.471094 0.368066 0.0441895
23 0.449902 0.27793 0.47207 0.380078 0.0337219
4 0.447266 0.279248 0.471094 0.368066 0.00720596
25 0.447266 0.279248 0.471094 0.368066 0.0042305
9 0.448047 0.275781 0.471094 0.373437 0.00131989
10 0.457813 0.273779 0.486719 0.386816 0.00102043
14 0.461328 0.279346 0.499219 0.396777 0.978516
23 0.461328 0.279346 0.499219 0.396777 0.0280151
2 0.448828 0.280078 0.497656 0.392969 0.0219421
4 0.459473 0.28457 0.49043 0.391797 0.012825
25 0.459473 0.28457 0.49043 0.391797 0.011116
7 0.462402 0.279297 0.500195 0.407813 0.0012846
9 0.447266 0.283984 0.49375 0.399219 0.00109482
14 0.477734 0.278906 0.511719 0.378906 0.921387
2 0.471484 0.280518 0.508594 0.388184 0.0387573
23 0.479688 0.282031 0.507812 0.375781 0.0330811
4 0.470313 0.287109 0.4875 0.375781 0.0158997
25 0.470313 0.287109 0.4875 0.375781 0.0105286
14 0.476172 0.287891 0.536719 0.407031 0.983887
2 0.471777 0.291211 0.525195 0.394922 0.0518494
4 0.471094 0.289258 0.525 0.399609 0.00658798
25 0.474219 0.290234 0.535937 0.417969 0.00582123
23 0.476172 0.287891 0.536719 0.407031 0.00530243
14 0.39541 0.262158 0.354492 0.344434 0.0028553
2 0.39541 0.262158 0.354492 0.344434 0.0011425
14 0.463281 0.280273 0.504687 0.411328 0.977539
2 0.456152 0.29043 0.479883 0.397266 0.0301056
4 0.471484 0.287109 0.519531 0.403906 0.0151901
23 0.471484 0.287109 0.519531 0.403906 0.0112457
25 0.468848 0.298047 0.524805 0.410156 0.00874329
14 0.413379 0.270117 0.387305 0.356641 0.00112915
1 0.475 0.27832 0.509375 0.416797 0.00105286
14 0.478125 0.270117 0.522656 0.391797 0.881836
2 0.469531 0.272461 0.517188 0.385547 0.093689
23 0.478125 0.270117 0.522656 0.391797 0.0165253
25 0.473535 0.278906 0.520117 0.382812 0.00542831
4 0.469531 0.272461 0.517188 0.385547 0.00538635
9 0.471875 0.272266 0.510156 0.389844 0.00165462
6 0.793164 0.432715 0.413672 0.248633 0.00134087
14 0.413672 0.260107 0.386719 0.361035 0.0012846
7 0.816992 0.42334 0.322266 0.229883 0.00116539
0 0.472656 0.281055 0.528125 0.387109 0.00116062
14 0.453125 0.286719 0.482812 0.401563 0.945312
23 0.453125 0.286719 0.482812 0.401563 0.0438538
25 0.454297 0.286133 0.490625 0.399609 0.0105286
2 0.455371 0.285938 0.47832 0.401563 0.00748825
4 0.452441 0.28457 0.479492 0.394922 0.00372124
14 0.472754 0.281299 0.52168 0.39209 0.984375
2 0.475781 0.287891 0.523438 0.385938 0.0583496
23 0.475781 0.287891 0.523438 0.385938 0.02211
4 0.475781 0.287891 0.523438 0.385938 0.00595856
25 0.475781 0.293945 0.523438 0.370703 0.00344276
0 0.471875 0.294922 0.534375 0.377344 0.00188255
17 0.471875 0.294922 0.534375 0.377344 0.00148964
14 0.464063 0.273486 0.498437 0.380371 0.954102
23 0.456348 0.278906 0.473242 0.365625 0.0474243
4 0.457422 0.278711 0.484375 0.370703 0.0131683
25 0.462402 0.278711 0.486133 0.376953 0.0106506
2 0.462402 0.278711 0.486133 0.376953 0.0104904
6 0.789062 0.381641 0.421875 0.366406 0.00322342
6 0.784961 0.342578 0.430078 0.463281 0.00288963
7 0.789062 0.381641 0.421875 0.366406 0.00127411
14 0.416016 0.272998 0.392188 0.327441 0.00120163
14 0.46875 0.278857 0.501563 0.377441 0.985352
2 0.472266 0.284326 0.517969 0.375098 0.0164642
23 0.46875 0.278857 0.501563 0.377441 0.0088501
25 0.474609 0.286719 0.500781 0.369531 0.00457382
4 0.472266 0.284326 0.517969 0.375098 0.00144958
14 0.444141 0.272266 0.477344 0.386719 0.95166
23 0.446191 0.271436 0.482617 0.386035 0.00985718
4 0.437109 0.274219 0.48125 0.384375 0.00362206
2 0.444922 0.275732 0.475781 0.381348 0.00333786
25 0.444531 0.281055 0.475 0.378516 0.00288963
17 0.439453 0.285547 0.461719 0.364844 0.00132465
21 0.439453 0.285547 0.461719 0.364844 0.00119209
0 0.437109 0.274219 0.48125 0.384375 0.0011692
14 0.460938 0.273438 0.491406 0.374219 0.909668
2 0.460547 0.276514 0.482031 0.374316 0.0451965
23 0.459766 0.27168 0.486719 0.373828 0.0253754
0 0.455566 0.279736 0.488867 0.370215 0.00431442
25 0.460547 0.281445 0.48125 0.368359 0.00387001
4 0.455566 0.279736 0.488867 0.370215 0.00318527
14 0.460547 0.269141 0.505469 0.390625 0.941895
23 0.470215 0.275439 0.511133 0.385059 0.0125732
2 0.460938 0.270117 0.5125 0.393359 0.00997162
25 0.460059 0.27793 0.506445 0.387109 0.00510025
0 0.456641 0.276758 0.504687 0.394141 0.00162888
4 0.452344 0.272266 0.496875 0.388281 0.00129986
14 0.45625 0.271289 0.495313 0.369922 0.875
2 0.457813 0.275195 0.510156 0.379297 0.167236
23 0.457813 0.275195 0.510156 0.379297 0.00841522
6 0.462402 0.276172 0.518945 0.392188 0.00787354
25 0.45791 0.27207 0.498242 0.371484 0.00429916
4 0.457813 0.275195 0.510156 0.379297 0.00199509
14 0.463281 0.275781 0.490625 0.376563 0.796875
2 0.464844 0.277002 0.492188 0.367871 0.0512695
23 0.463281 0.275781 0.490625 0.376563 0.00544739
4 0.462109 0.273242 0.483594 0.378516 0.0016489
14 0.453906 0.271875 0.459375 0.353906 0.883301
2 0.453906 0.272607 0.454688 0.348535 0.0923462
23 0.453906 0.271875 0.459375 0.353906 0.0227966
25 0.453906 0.272607 0.454688 0.348535 0.00945282
4 0.457422 0.269092 0.461719 0.348535 0.00134563
14 0.456641 0.269922 0.477344 0.366406 0.730957
23 0.456641 0.269922 0.477344 0.366406 0.0428772
2 0.450781 0.273242 0.464063 0.359766 0.0106506
25 0.454785 0.275391 0.474805 0.360156 0.00619125
4 0.458203 0.275781 0.473438 0.353906 0.00121117
14 0.457422 0.275586 0.485156 0.364453 0.855957
2 0.471484 0.280859 0.484375 0.350781 0.0384521
23 0.471484 0.280859 0.484375 0.350781 0.0191956
7 0.80332 0.401465 0.393359 0.320508 0.00867462
25 0.459766 0.282031 0.482031 0.353125 0.00595856
4 0.471484 0.280859 0.484375 0.350781 0.00416565
18 0.80332 0.401465 0.393359 0.320508 0.00411606
6 0.471484 0.280859 0.484375 0.350781 0.00214005
14 0.460059 0.280664 0.48457 0.376172 0.868164
2 0.460156 0.284766 0.474219 0.366406 0.0713501
23 0.466797 0.28125 0.491406 0.3875 0.00542831
25 0.458984 0.287061 0.478906 0.374316 0.00305176
1 0.464063 0.281836 0.476562 0.376172 0.00104046
14 0.454785 0.270752 0.462305 0.353027 0.699219
23 0.45791 0.273096 0.456055 0.353027 0.0290833
2 0.450391 0.272607 0.460156 0.35166 0.0130234
25 0.457715 0.27793 0.462695 0.344922 0.0104065
0 0.457715 0.27793 0.462695 0.344922 0.00595856
4 0.458203 0.277002 0.450781 0.342871 0.00379562
6 0.458203 0.277002 0.450781 0.342871 0.00284576
15 0.458203 0.277002 0.450781 0.342871 0.00117874
14 0.448535 0.270264 0.460742 0.356348 0.836426
2 0.444434 0.270898 0.445508 0.354297 0.0112
25 0.444434 0.270898 0.445508 0.354297 0.0068779
23 0.448535 0.270264 0.460742 0.356348 0.00638962
14 0.455469 0.280127 0.476562 0.356934 0.887207
23 0.454688 0.277734 0.480469 0.357031 0.0152512
2 0.463281 0.276611 0.475 0.36084 0.0145569
25 0.457813 0.280811 0.467187 0.34541 0.0100937
4 0.451562 0.276611 0.472656 0.343652 0.0028553
14 0.455859 0.278564 0.482031 0.365527 0.782715
2 0.455566 0.278955 0.47793 0.363184 0.0184784
23 0.455859 0.278564 0.482031 0.365527 0.00891876
4 0.453809 0.282373 0.470508 0.352441 0.00388527
25 0.457422 0.284326 0.477344 0.350098 0.00359344
0 0.453809 0.282373 0.470508 0.352441 0.00140476
14 0.467969 0.273047 0.492188 0.353906 0.505859
2 0.467578 0.275195 0.486719 0.346484 0.072876
25 0.473828 0.278711 0.480469 0.337109 0.011116
23 0.470996 0.274414 0.483008 0.349609 0.00319672
1 0.473828 0.278711 0.480469 0.337109 0.00174809
4 0.469922 0.271875 0.476562 0.353125 0.0017271
6 0.469922 0.271875 0.476562 0.353125 0.00143242
14 0.453516 0.271826 0.461719 0.346973 0.936523
2 0.456641 0.272461 0.466406 0.345703 0.0198669
25 0.45625 0.274023 0.465625 0.346484 0.00378036
23 0.452344 0.271875 0.469531 0.351562 0.00370789
4 0.45625 0.274023 0.465625 0.346484 0.0011158
14 0.455469 0.275 0.461719 0.353906 0.750488
2 0.455469 0.275977 0.45 0.342578 0.0220337
25 0.455469 0.275977 0.45 0.342578 0.00800323
23 0.451953 0.275977 0.446094 0.341797 0.00636292
4 0.451953 0.275977 0.446094 0.341797 0.00141048
14 0.456934 0.27583 0.486133 0.359277 0.789062
2 0.459766 0.274023 0.477344 0.344922 0.0394897
23 0.463965 0.274805 0.481445 0.364453 0.00959778
25 0.459766 0.274023 0.477344 0.344922 0.0041008
4 0.459766 0.275586 0.479688 0.348047 0.0024929
14 0.452734 0.268701 0.442969 0.336035 0.725098
2 0.455078 0.270313 0.439844 0.334375 0.0456848
25 0.455078 0.270313 0.439844 0.334375 0.0162201
23 0.452734 0.272217 0.439844 0.330566 0.0112457
14 0.396875 0.258398 0.329688 0.302734 0.00416565
4 0.452734 0.272217 0.439844 0.330566 0.00279045
6 0.452734 0.272217 0.439844 0.330566 0.00113392
14 0.462109 0.279102 0.461719 0.350391 0.859863
2 0.464453 0.279687 0.453125 0.350781 0.00714874
25 0.464453 0.280127 0.458594 0.345996 0.005867
23 0.464844 0.278711 0.460156 0.358203 0.00199509
14 0.471094 0.272705 0.48125 0.347559 0.741699
2 0.471094 0.273047 0.446875 0.3375 0.0380249
25 0.467578 0.274805 0.452344 0.338672 0.00527954
23 0.471094 0.273047 0.446875 0.3375 0.00366402
14 0.462598 0.27168 0.462305 0.353516 0.82666
2 0.460156 0.274951 0.452344 0.340723 0.0283356
25 0.461328 0.274561 0.449219 0.341504 0.0049057
23 0.457813 0.273242 0.451562 0.347266 0.00271416
14 0.45791 0.272705 0.44043 0.34209 0.871582
2 0.460156 0.272998 0.440625 0.330566 0.0180511
25 0.460059 0.274219 0.442383 0.3375 0.0042305
23 0.460156 0.272998 0.440625 0.330566 0.00130463
14 0.456934 0.273389 0.458008 0.35166 0.844727
2 0.45791 0.271436 0.457617 0.342285 0.0106125
25 0.458984 0.273389 0.455469 0.348535 0.00329781
23 0.461621 0.270703 0.454883 0.349219 0.00192642
4 0.45791 0.271436 0.457617 0.342285 0.00156116
14 0.453809 0.271143 0.451758 0.343652 0.818848
2 0.456641 0.270898 0.45 0.345703 0.0141144
23 0.45459 0.269189 0.45332 0.340527 0.00544739
25 0.45459 0.269189 0.45332 0.340527 0.00255013
4 0.45459 0.269189 0.45332 0.340527 0.00178242
14 0.450684 0.276611 0.454883 0.349902 0.726562
2 0.454688 0.274609 0.453906 0.342969 0.0178528
23 0.449219 0.276367 0.464844 0.344141 0.00237846
4 0.449219 0.276367 0.464844 0.344141 0.00128937
14 0.448047 0.27832 0.450781 0.337109 0.795898
2 0.450781 0.277734 0.446094 0.335938 0.0147858
23 0.446484 0.279102 0.455469 0.335547 0.0064621
4 0.446484 0.279102 0.455469 0.335547 0.00237846
25 0.448828 0.279736 0.45 0.337402 0.0020504
14 0.462891 0.279492 0.483594 0.364453 0.854004
2 0.461719 0.276563 0.478125 0.363281 0.00561905
23 0.461719 0.280029 0.480469 0.361816 0.00279999
4 0.461719 0.280029 0.480469 0.361816 0.00151253
25 0.461719 0.280029 0.480469 0.361816 0.0014782
14 0.400098 0.2625 0.354492 0.317188 0.00131512
14 0.463672 0.27832 0.484375 0.363672 0.859863
2 0.464453 0.277783 0.492188 0.356934 0.0068779
25 0.464453 0.277783 0.492188 0.356934 0.00275803
23 0.461328 0.276904 0.472656 0.363379 0.00263214
4 0.464453 0.277783 0.492188 0.356934 0.00227928
14 0.461328 0.273438 0.470313 0.34375 0.883301
2 0.457715 0.269336 0.451758 0.336328 0.00728989
23 0.457715 0.269336 0.451758 0.336328 0.00402451
25 0.465625 0.273486 0.475781 0.340527 0.00276756
4 0.465625 0.273486 0.475781 0.340527 0.00191879
14 0.457813 0.274609 0.472656 0.350781 0.873047
2 0.457422 0.275 0.460156 0.347656 0.00602722
23 0.457422 0.275 0.460156 0.347656 0.00471878
25 0.459375 0.278125 0.466406 0.345313 0.00141048
4 0.456934 0.276563 0.473633 0.340625 0.00125504
14 0.457813 0.273828 0.459375 0.346875 0.864258
2 0.459375 0.274219 0.463281 0.340625 0.00901794
23 0.459375 0.274219 0.463281 0.340625 0.00466537
25 0.459375 0.274219 0.463281 0.340625 0.00312424
14 0.460254 0.274561 0.468555 0.34541 0.875977
2 0.467187 0.27417 0.470313 0.340723 0.0117798
23 0.463184 0.271924 0.467383 0.349121 0.00358009
25 0.467187 0.27417 0.470313 0.340723 0.00197983
14 0.457422 0.272705 0.463281 0.349902 0.877441
2 0.458203 0.272852 0.469531 0.344922 0.00279999
23 0.459277 0.270898 0.458008 0.351953 0.00144386
14 0.459277 0.271924 0.470508 0.356152 0.892578
23 0.462109 0.272656 0.471094 0.35625 0.00482941
2 0.460059 0.274805 0.468945 0.351172 0.00286674
25 0.460254 0.276563 0.47168 0.351562 0.00113392
14 0.455469 0.271924 0.465625 0.34834 0.878418
2 0.458691 0.270703 0.473242 0.35 0.0085144
23 0.458691 0.270703 0.473242 0.35 0.0050621
25 0.457813 0.27207 0.467187 0.346484 0.00147247
4 0.458691 0.270703 0.473242 0.35 0.0012846
14 0.456152 0.272852 0.470508 0.354297 0.875
2 0.457813 0.271533 0.478125 0.35459 0.0085144
23 0.456641 0.268311 0.471094 0.356348 0.00450516
25 0.458594 0.272607 0.471094 0.35166 0.00141048
14 0.45625 0.273438 0.473438 0.354688 0.879883
2 0.460547 0.272852 0.483594 0.353516 0.0175781
23 0.453809 0.272656 0.462695 0.351562 0.00436401
25 0.459375 0.273242 0.475 0.351953 0.00124931
14 0.45625 0.273828 0.460156 0.347656 0.884766
2 0.459766 0.274609 0.465625 0.344531 0.0064888
23 0.457715 0.274219 0.45957 0.353125 0.00253105
14 0.457813 0.275391 0.46875 0.346094 0.854004
2 0.460938 0.274951 0.478125 0.343848 0.013588
23 0.459375 0.272998 0.467187 0.352441 0.00431442
25 0.461816 0.27583 0.468555 0.34209 0.00136662
14 0.459375 0.273828 0.461719 0.345313 0.864258
2 0.461719 0.272656 0.471094 0.339844 0.0153656
23 0.460938 0.271484 0.465625 0.349219 0.00288963
25 0.461719 0.274023 0.464063 0.341016 0.0014267
14 0.460156 0.274609 0.471094 0.348438 0.856934
2 0.465234 0.273828 0.477344 0.344531 0.00812531
23 0.461328 0.271875 0.471875 0.35625 0.00209999
25 0.462891 0.275 0.473438 0.345313 0.00138855
14 0.457813 0.275732 0.470313 0.346973 0.85791
2 0.460254 0.272852 0.482617 0.347266 0.00857544
23 0.458984 0.271484 0.469531 0.35625 0.00229645
25 0.460156 0.275977 0.473438 0.344922 0.00156116
14 0.458691 0.276514 0.47168 0.343848 0.833496
2 0.461328 0.274609 0.48125 0.341406 0.0138474
23 0.461328 0.274609 0.48125 0.341406 0.00324821
25 0.461719 0.276758 0.473438 0.340234 0.00150681
14 0.457813 0.275195 0.472656 0.348047 0.852051
2 0.462109 0.273828 0.48125 0.34375 0.00784302
23 0.457129 0.273633 0.462305 0.344922 0.00319672
25 0.461328 0.275439 0.474219 0.344434 0.00129414
14 0.460059 0.274805 0.470508 0.348828 0.824219
2 0.463281 0.273828 0.478125 0.345313 0.00746155
23 0.458594 0.273486 0.4625 0.346777 0.00363541
25 0.4625 0.275049 0.471875 0.345215 0.0018177
14 0.458984 0.274268 0.467969 0.347559 0.833496
2 0.463281 0.273096 0.473438 0.344434 0.00658798
23 0.460938 0.271484 0.470313 0.353906 0.00407028
25 0.461719 0.274658 0.469531 0.344434 0.00195694
14 0.458984 0.274658 0.466406 0.342871 0.855957
2 0.462598 0.273242 0.47168 0.339453 0.00712204
23 0.459277 0.273633 0.461133 0.340234 0.00379562
25 0.461621 0.274951 0.467383 0.33916 0.00200272
14 0.460156 0.273877 0.470313 0.340527 0.842773
2 0.463281 0.271924 0.478906 0.337402 0.00933838
23 0.463281 0.271924 0.478906 0.337402 0.00426483
25 0.4625 0.274219 0.471875 0.3375 0.00184631
14 0.458594 0.274658 0.467187 0.342871 0.855957
2 0.462598 0.273438 0.474805 0.339063 0.00751877
23 0.462598 0.273438 0.474805 0.339063 0.00387001
25 0.460938 0.274805 0.46875 0.339453 0.0017271
14 0.458691 0.275 0.470117 0.34375 0.863281
2 0.461816 0.273779 0.47793 0.340723 0.00854492
23 0.461816 0.273779 0.47793 0.340723 0.0037365
25 0.460547 0.275195 0.471094 0.340234 0.00181007
14 0.458594 0.275391 0.470313 0.344531 0.867188
2 0.462891 0.274023 0.478125 0.341016 0.00844574
23 0.462891 0.274023 0.478125 0.341016 0.00348282
25 0.46084 0.275342 0.47207 0.340723 0.00186729
14 0.458691 0.274805 0.468555 0.342578 0.863281
2 0.462891 0.273438 0.475781 0.338281 0.00806427
23 0.462891 0.273438 0.475781 0.338281 0.00332451
25 0.460938 0.274609 0.470313 0.339063 0.00182438
14 0.458203 0.274561 0.469531 0.343066 0.861328
2 0.462109 0.272852 0.476562 0.338672 0.00812531
23 0.462109 0.272852 0.476562 0.338672 0.00305176
25 0.460547 0.274561 0.470313 0.339941 0.0017004
14 0.458496 0.274561 0.468945 0.343848 0.867188
2 0.461621 0.272852 0.476758 0.340234 0.00679779
23 0.458496 0.273779 0.464258 0.340723 0.00346947
25 0.460059 0.274268 0.470508 0.340527 0.00182438
14 0.458594 0.274951 0.470313 0.343848 0.869629
2 0.461719 0.273047 0.478125 0.340625 0.00734711
23 0.458594 0.274023 0.464844 0.341016 0.00345612
25 0.460547 0.274805 0.471094 0.341016 0.00188923
14 0.459473 0.274805 0.470117 0.343359 0.870605
2 0.462402 0.272998 0.47832 0.339941 0.00734711
23 0.458691 0.273828 0.46543 0.339844 0.00327301
25 0.460938 0.274951 0.471875 0.340723 0.00191212
14 0.459277 0.275 0.470508 0.34375 0.871582
2 0.462891 0.273242 0.478906 0.341016 0.00682449
23 0.462891 0.273242 0.478906 0.341016 0.00324821
25 0.461328 0.274951 0.471875 0.340723 0.0018177
14 0.459375 0.275 0.470313 0.342969 0.870605
2 0.462891 0.273096 0.478906 0.339746 0.00651169
23 0.462891 0.273096 0.478906 0.339746 0.00332451
25 0.461719 0.275 0.471875 0.339844 0.00182438
14 0.459766 0.275391 0.472656 0.34375 0.868164
2 0.463672 0.273438 0.480469 0.340625 0.00669098
23 0.463672 0.273438 0.480469 0.340625 0.00305176
25 0.462109 0.275195 0.473438 0.341016 0.0017271
14 0.458203 0.274561 0.469531 0.343848 0.867188
2 0.461621 0.272852 0.476758 0.340234 0.0068512
23 0.458496 0.273779 0.464258 0.340723 0.00342941
25 0.460059 0.274268 0.470508 0.340527 0.00182438
