11 0.550391 0.371484 0.341406 0.319531 0.00276756
11 0.681641 0.268359 0.636719 0.536719 0.00205803
3 0.550781 0.370117 0.340625 0.314453 0.0020504
19 0.548438 0.340625 0.303125 0.276563 0.00187492
19 0.578125 0.322461 0.289062 0.345703 0.00158501
14 0.550781 0.370117 0.340625 0.314453 0.00158501
5 0.551562 0.352344 0.351562 0.333594 0.00140476
11 0.521484 0.28125 0.417969 0.498437 0.00127411
4 0.550391 0.371484 0.341406 0.319531 0.00122547
5 0.545703 0.275 0.494531 0.490625 0.00121593
11 0.62334 0.292188 0.67207 0.584375 0.00118351
22 0.533496 0.498047 0.462695 0.696094 0.920898
17 0.480566 0.489063 0.488867 0.539844 0.913086
17 0.449316 0.456641 0.570117 0.702344 0.873047
22 0.480566 0.489063 0.488867 0.539844 0.863281
17 0.533496 0.498047 0.462695 0.696094 0.839844
22 0.449316 0.456641 0.570117 0.702344 0.782715
22 0.50166 0.436719 0.713867 0.870313 0.754883
22 0.614844 0.510156 0.73125 0.829688 0.750488
17 0.439063 0.423438 0.734375 0.846875 0.729492
17 0.521094 0.409375 0.407031 0.360938 0.694336
20 0.471484 0.481641 0.549219 0.728906 0.649414
17 0.614844 0.510156 0.73125 0.829688 0.567871
17 0.614062 0.653125 0.771875 0.69375 0.567871
20 0.480566 0.489063 0.488867 0.539844 0.523438
17 0.637891 0.58125 0.724219 0.8375 0.515625
17 0.451953 0.539062 0.824219 0.921875 0.511719
20 0.50166 0.436719 0.713867 0.870313 0.503906
3 0.480566 0.489063 0.488867 0.539844 0.486328
22 0.639063 0.654688 0.721875 0.690625 0.476562
17 0.402344 0.63125 0.804688 0.7375 0.474609
22 0.521094 0.409375 0.407031 0.360938 0.443604
14 0.449316 0.456641 0.570117 0.702344 0.407227
14 0.480566 0.489063 0.488867 0.539844 0.403564
22 0.615625 0.581641 0.76875 0.836719 0.403564
3 0.471484 0.481641 0.549219 0.728906 0.399902
22 0.59541 0.410938 0.562305 0.821875 0.381104
17 0.293945 0.567187 0.587891 0.865625 0.360352
22 0.489844 0.560156 0.832812 0.879687 0.346924
22 0.667969 0.486328 0.664062 0.913281 0.343262
22 0.359766 0.609375 0.719531 0.78125 0.334473
22 0.440625 0.660156 0.828125 0.679688 0.325195
17 0.667969 0.486328 0.664062 0.913281 0.303955
3 0.50166 0.436719 0.713867 0.870313 0.30249
17 0.523047 0.68125 0.857031 0.6375 0.291748
17 0.500781 0.607422 0.845313 0.785156 0.282227
20 0.614844 0.510156 0.73125 0.829688 0.269043
22 0.415234 0.388281 0.678906 0.776563 0.262207
22 0.293945 0.567187 0.587891 0.865625 0.256836
22 0.366992 0.528516 0.733984 0.908594 0.248047
14 0.50166 0.436719 0.713867 0.870313 0.246582
17 0.59541 0.410938 0.562305 0.821875 0.226074
3 0.521094 0.409375 0.407031 0.360938 0.210083
14 0.521094 0.409375 0.407031 0.360938 0.209473
25 0.480566 0.489063 0.488867 0.539844 0.187134
22 0.558594 0.631641 0.839063 0.736719 0.184814
17 0.291016 0.629687 0.582031 0.740625 0.169434
11 0.50166 0.436719 0.713867 0.870313 0.149536
17 0.410156 0.708594 0.820312 0.582812 0.141235
20 0.614062 0.653125 0.771875 0.69375 0.139404
17 0.642969 0.705469 0.714063 0.589063 0.139404
10 0.449316 0.456641 0.570117 0.702344 0.136597
20 0.415234 0.388281 0.678906 0.776563 0.132935
17 0.467578 0.333789 0.520312 0.667578 0.129883
22 0.522656 0.705469 0.854688 0.589063 0.126831
19 0.553906 0.319727 0.31875 0.348828 0.125977
14 0.533496 0.498047 0.462695 0.696094 0.119995
17 0.37168 0.478906 0.743359 0.920313 0.119995
11 0.471484 0.481641 0.549219 0.728906 0.118408
10 0.50166 0.436719 0.713867 0.870313 0.109314
25 0.521094 0.409375 0.407031 0.360938 0.108582
14 0.415234 0.388281 0.678906 0.776563 0.105591
8 0.457031 0.45 0.765625 0.9 0.100159
8 0.449316 0.456641 0.570117 0.702344 0.093689
20 0.365625 0.632031 0.73125 0.735938 0.093689
22 0.291016 0.629687 0.582031 0.740625 0.0917358
14 0.614062 0.653125 0.771875 0.69375 0.0907593
20 0.451953 0.539062 0.824219 0.921875 0.0891113
20 0.521094 0.409375 0.407031 0.360938 0.0888062
1 0.449316 0.456641 0.570117 0.702344 0.0872803
14 0.614844 0.510156 0.73125 0.829688 0.0836182
20 0.637891 0.58125 0.724219 0.8375 0.0836182
17 0.378125 0.367383 0.75625 0.734766 0.0823975
13 0.457031 0.45 0.765625 0.9 0.0809326
1 0.50166 0.436719 0.713867 0.870313 0.0778198
22 0.467578 0.333789 0.520312 0.667578 0.0775146
8 0.480566 0.489063 0.488867 0.539844 0.0772095
22 0.540234 0.369727 0.432031 0.739453 0.0769653
3 0.415234 0.388281 0.678906 0.776563 0.076416
22 0.355078 0.364844 0.710156 0.729688 0.0680542
0 0.480566 0.489063 0.488867 0.539844 0.062561
0 0.449316 0.456641 0.570117 0.702344 0.0614319
20 0.440625 0.660156 0.828125 0.679688 0.0611877
20 0.319727 0.587891 0.639453 0.824219 0.0609741
1 0.614062 0.653125 0.771875 0.69375 0.0607605
25 0.533496 0.498047 0.462695 0.696094 0.0603027
3 0.614844 0.678125 0.770312 0.64375 0.0574951
13 0.449316 0.456641 0.570117 0.702344 0.0568542
14 0.328711 0.630469 0.657422 0.739062 0.0566406
22 0.664062 0.70625 0.671875 0.5875 0.0566406
3 0.614844 0.510156 0.73125 0.829688 0.0564575
22 0.455859 0.159375 0.352344 0.31875 0.0552063
17 0.455859 0.159375 0.352344 0.31875 0.0548096
17 0.540234 0.369727 0.432031 0.739453 0.0535889
1 0.480566 0.489063 0.488867 0.539844 0.0534058
17 0.35 0.680469 0.7 0.639063 0.0534058
17 0.684473 0.392578 0.631055 0.785156 0.0512695
3 0.638281 0.605469 0.723437 0.789062 0.0510864
22 0.380859 0.680469 0.761719 0.639063 0.0505066
11 0.480566 0.489063 0.488867 0.539844 0.0495911
17 0.38125 0.221484 0.4875 0.442969 0.0467224
14 0.637891 0.58125 0.724219 0.8375 0.0467224
1 0.440625 0.660156 0.828125 0.679688 0.0465393
25 0.449316 0.456641 0.570117 0.702344 0.0448608
1 0.451953 0.539062 0.824219 0.921875 0.0437012
1 0.284375 0.586719 0.56875 0.826563 0.042572
20 0.55625 0.707031 0.83125 0.585938 0.0411377
22 0.684473 0.392578 0.631055 0.785156 0.0408325
1 0.55625 0.707031 0.83125 0.585938 0.0406799
22 0.704688 0.565625 0.590625 0.86875 0.0405273
13 0.480566 0.489063 0.488867 0.539844 0.0402527
1 0.637891 0.58125 0.724219 0.8375 0.0399475
14 0.451953 0.539062 0.824219 0.921875 0.0393372
17 0.688672 0.282422 0.622656 0.564844 0.0389099
20 0.667969 0.486328 0.664062 0.913281 0.0384521
14 0.407031 0.655469 0.814063 0.689063 0.0383301
21 0.416406 0.757812 0.291406 0.325 0.037323
22 0.414062 0.347266 0.828125 0.694531 0.0370483
3 0.440625 0.660156 0.828125 0.679688 0.0370483
14 0.293945 0.567187 0.587891 0.865625 0.0363464
17 0.424902 0.317773 0.729883 0.635547 0.0358276
0 0.521094 0.409375 0.407031 0.360938 0.0348816
17 0.704688 0.565625 0.590625 0.86875 0.0348816
22 0.679688 0.325781 0.59375 0.651563 0.0344849
3 0.489844 0.560156 0.832812 0.879687 0.0343628
10 0.480566 0.489063 0.488867 0.539844 0.0342407
14 0.499609 0.311719 0.455469 0.623438 0.0335999
1 0.337891 0.655469 0.675781 0.689063 0.0333862
1 0.57666 0.547266 0.79668 0.872656 0.0333252
3 0.293945 0.567187 0.587891 0.865625 0.0322266
1 0.415234 0.388281 0.678906 0.776563 0.0319214
22 0.38125 0.221484 0.4875 0.442969 0.0314941
14 0.59541 0.410938 0.562305 0.821875 0.0309143
11 0.614844 0.510156 0.73125 0.829688 0.0293121
22 0.600781 0.282617 0.798438 0.565234 0.0292053
3 0.365625 0.632031 0.73125 0.735938 0.0289764
20 0.642969 0.705469 0.714063 0.589063 0.0289764
1 0.642969 0.705469 0.714063 0.589063 0.0287628
19 0.493848 0.12168 0.285742 0.243359 0.0284424
3 0.59541 0.410938 0.562305 0.821875 0.0281067
14 0.364453 0.5875 0.728906 0.825 0.0279083
21 0.493848 0.12168 0.285742 0.243359 0.0278015
22 0.697656 0.274219 0.507812 0.548438 0.0278015
17 0.64502 0.3125 0.709961 0.625 0.0275879
9 0.552441 0.503906 0.74043 0.835938 0.0273743
21 0.460156 0.535156 0.296094 0.369531 0.0270691
25 0.614844 0.510156 0.73125 0.829688 0.0264587
0 0.439063 0.423438 0.734375 0.846875 0.0261536
20 0.59541 0.410938 0.562305 0.821875 0.0256653
21 0.44209 0.647656 0.286133 0.40625 0.0255585
14 0.523047 0.68125 0.857031 0.6375 0.0253754
3 0.467578 0.333789 0.520312 0.667578 0.025177
14 0.500781 0.607422 0.845313 0.785156 0.025177
22 0.4125 0.736719 0.825 0.526563 0.0243378
17 0.717578 0.2375 0.461719 0.475 0.024231
20 0.398438 0.451172 0.796875 0.902344 0.0240479
20 0.300781 0.654688 0.601562 0.690625 0.0240479
13 0.533496 0.498047 0.462695 0.696094 0.0236969
21 0.553906 0.319727 0.31875 0.348828 0.0234222
1 0.533496 0.498047 0.462695 0.696094 0.0233307
17 0.310156 0.428516 0.620313 0.857031 0.0229797
2 0.480566 0.489063 0.488867 0.539844 0.0229797
21 0.433203 0.720703 0.294531 0.427344 0.0227966
1 0.364453 0.5875 0.728906 0.825 0.0227661
3 0.663281 0.536328 0.673438 0.911719 0.0225372
5 0.50166 0.436719 0.713867 0.870313 0.0224609
16 0.449316 0.456641 0.570117 0.702344 0.0223694
16 0.480566 0.489063 0.488867 0.539844 0.0222015
13 0.552441 0.503906 0.74043 0.835938 0.0214539
13 0.407031 0.655469 0.814063 0.689063 0.0207977
13 0.591016 0.705469 0.817969 0.589063 0.0207977
17 0.591016 0.735938 0.817969 0.528125 0.0204926
17 0.280469 0.303516 0.560938 0.607031 0.0202484
14 0.398438 0.451172 0.796875 0.902344 0.0198669
22 0.310156 0.428516 0.620313 0.857031 0.0197144
22 0.280469 0.303516 0.560938 0.607031 0.0195007
3 0.558594 0.631641 0.839063 0.736719 0.0191193
8 0.533496 0.498047 0.462695 0.696094 0.0188293
13 0.521094 0.409375 0.407031 0.360938 0.018692
1 0.398438 0.451172 0.796875 0.902344 0.0181885
25 0.50166 0.436719 0.713867 0.870313 0.0180511
11 0.415234 0.388281 0.678906 0.776563 0.0179138
1 0.4125 0.736719 0.825 0.526563 0.0175171
14 0.66875 0.448438 0.6625 0.896875 0.0174408
1 0.685645 0.535156 0.628711 0.910937 0.0174408
10 0.521094 0.409375 0.407031 0.360938 0.0173035
3 0.366992 0.528516 0.733984 0.908594 0.0171814
13 0.615625 0.605469 0.76875 0.789062 0.0171051
3 0.522656 0.705469 0.854688 0.589063 0.016983
20 0.255664 0.529297 0.511328 0.892969 0.016922
8 0.552441 0.503906 0.74043 0.835938 0.0167847
9 0.471484 0.481641 0.549219 0.728906 0.0163422
1 0.467578 0.333789 0.520312 0.667578 0.0161591
20 0.467578 0.333789 0.520312 0.667578 0.0161591
8 0.614844 0.678125 0.770312 0.64375 0.0161591
2 0.533496 0.498047 0.462695 0.696094 0.016098
1 0.38125 0.221484 0.4875 0.442969 0.0160217
8 0.521094 0.409375 0.407031 0.360938 0.0160217
21 0.195703 0.563379 0.308594 0.391992 0.0159607
1 0.521094 0.409375 0.407031 0.360938 0.0159607
1 0.327539 0.476562 0.655078 0.9 0.0158997
8 0.45 0.562109 0.834375 0.875781 0.0158386
10 0.415234 0.388281 0.678906 0.776563 0.0157166
14 0.642969 0.705469 0.714063 0.589063 0.0154266
1 0.34043 0.395313 0.680859 0.790625 0.0151901
19 0.416406 0.757812 0.291406 0.325 0.0150757
25 0.59541 0.410938 0.562305 0.821875 0.0150146
13 0.300781 0.654688 0.601562 0.690625 0.0145035
16 0.533496 0.498047 0.462695 0.696094 0.0141754
20 0.380859 0.704688 0.761719 0.590625 0.0136337
20 0.355078 0.364844 0.710156 0.729688 0.0134811
22 0.619531 0.24082 0.745313 0.481641 0.0132217
20 0.38125 0.221484 0.4875 0.442969 0.0130234
8 0.615625 0.581641 0.76875 0.836719 0.0129242
13 0.45 0.562109 0.834375 0.875781 0.012825
22 0.696875 0.640625 0.571875 0.71875 0.012825
19 0.212305 0.578125 0.340234 0.375 0.0123367
16 0.439063 0.423438 0.734375 0.846875 0.0123367
2 0.449316 0.456641 0.570117 0.702344 0.0122375
3 0.540234 0.369727 0.432031 0.739453 0.0120544
13 0.641406 0.496875 0.717188 0.878125 0.0120087
1 0.455859 0.159375 0.352344 0.31875 0.0116882
3 0.455859 0.159375 0.352344 0.31875 0.0116882
8 0.411719 0.660547 0.823438 0.678906 0.0115509
3 0.38125 0.221484 0.4875 0.442969 0.011467
0 0.533496 0.498047 0.462695 0.696094 0.0113297
13 0.284375 0.583594 0.56875 0.832812 0.0113297
11 0.614453 0.629687 0.771094 0.740625 0.0113297
3 0.664062 0.70625 0.671875 0.5875 0.0113297
14 0.540234 0.369727 0.432031 0.739453 0.0111618
20 0.455859 0.159375 0.352344 0.31875 0.0108185
14 0.34043 0.395313 0.680859 0.790625 0.0108185
1 0.299023 0.70625 0.598047 0.5875 0.0108185
0 0.59541 0.410938 0.562305 0.821875 0.0105667
22 0.732031 0.423047 0.535937 0.835156 0.0105286
14 0.455859 0.159375 0.352344 0.31875 0.0104065
11 0.521094 0.409375 0.407031 0.360938 0.0104065
3 0.300781 0.654688 0.601562 0.690625 0.0104065
11 0.59541 0.410938 0.562305 0.821875 0.0102921
1 0.659766 0.397656 0.680469 0.795313 0.0102463
14 0.453516 0.735938 0.842969 0.528125 0.0102463
10 0.585156 0.680273 0.803125 0.639453 0.0101318
1 0.688672 0.282422 0.622656 0.564844 0.00993347
3 0.664062 0.422656 0.671875 0.845313 0.00963593
10 0.615625 0.605469 0.76875 0.789062 0.00952148
13 0.5125 0.632812 0.85625 0.734375 0.00941467
1 0.414062 0.347266 0.828125 0.694531 0.00933838
13 0.364453 0.5875 0.728906 0.825 0.00930023
22 0.728125 0.232031 0.429688 0.464063 0.00926971
13 0.59541 0.410938 0.562305 0.821875 0.00926971
17 0.696875 0.640625 0.571875 0.71875 0.00926971
11 0.337891 0.655469 0.675781 0.689063 0.00919342
14 0.38125 0.221484 0.4875 0.442969 0.00912476
11 0.489844 0.560156 0.832812 0.879687 0.00912476
19 0.441504 0.616797 0.288867 0.386719 0.00908661
11 0.319727 0.587891 0.639453 0.824219 0.00894928
8 0.337891 0.655469 0.675781 0.689063 0.00894928
13 0.453516 0.735938 0.842969 0.528125 0.00894928
19 0.460156 0.535156 0.296094 0.369531 0.0088501
24 0.614844 0.510156 0.73125 0.829688 0.00881195
13 0.664062 0.70625 0.671875 0.5875 0.00874329
11 0.616406 0.705469 0.767188 0.589063 0.00867462
20 0.659766 0.397656 0.680469 0.795313 0.0086441
1 0.64502 0.3125 0.709961 0.625 0.0085144
1 0.705469 0.439453 0.589063 0.878906 0.0085144
3 0.355078 0.364844 0.710156 0.729688 0.00844574
3 0.705469 0.439453 0.589063 0.878906 0.00841522
17 0.288867 0.769141 0.577734 0.461719 0.00837708
5 0.471484 0.481641 0.549219 0.728906 0.00834656
3 0.688672 0.282422 0.622656 0.564844 0.00806427
13 0.352539 0.704688 0.705078 0.590625 0.00806427
25 0.499609 0.311719 0.455469 0.623438 0.00803375
13 0.385938 0.397266 0.771875 0.794531 0.00793457
0 0.499609 0.311719 0.455469 0.623438 0.00787354
1 0.288867 0.769141 0.577734 0.461719 0.00787354
10 0.288281 0.608594 0.576563 0.782813 0.00784302
14 0.442969 0.292188 0.742188 0.584375 0.00772476
11 0.440625 0.660156 0.828125 0.679688 0.00772476
25 0.639063 0.654688 0.721875 0.690625 0.00769424
21 0.191602 0.336523 0.283594 0.412891 0.00766754
20 0.414062 0.347266 0.828125 0.694531 0.00766754
13 0.621094 0.379492 0.757812 0.758984 0.00763702
17 0.732031 0.423047 0.535937 0.835156 0.00751877
8 0.284375 0.586719 0.56875 0.826563 0.00751877
24 0.533496 0.498047 0.462695 0.696094 0.00731659
13 0.557031 0.301367 0.320312 0.386328 0.00714874
22 0.420703 0.247461 0.651563 0.494922 0.00712204
14 0.352539 0.704688 0.705078 0.590625 0.00706482
21 0.194141 0.485938 0.288281 0.421094 0.00698471
1 0.717578 0.2375 0.461719 0.475 0.00698471
8 0.38125 0.221484 0.4875 0.442969 0.00695801
11 0.66875 0.448438 0.6625 0.896875 0.0069313
25 0.415234 0.388281 0.678906 0.776563 0.0068779
17 0.728906 0.191016 0.375 0.382031 0.00679779
3 0.600781 0.282617 0.798438 0.565234 0.00679779
13 0.417285 0.363086 0.673242 0.726172 0.00679779
13 0.38125 0.221484 0.4875 0.442969 0.00677109
1 0.704688 0.590625 0.590625 0.81875 0.00674438
10 0.451953 0.539062 0.824219 0.921875 0.00671768
20 0.688672 0.282422 0.622656 0.564844 0.00664139
13 0.37168 0.478906 0.743359 0.920313 0.00664139
19 0.557422 0.303711 0.383594 0.372266 0.0589905
19 0.212695 0.736719 0.374609 0.310937 0.0453491
19 0.495703 0.125586 0.336719 0.251172 0.0362244
16 0.558203 0.315283 0.391406 0.361621 0.0318604
16 0.210938 0.742188 0.4125 0.298438 0.0225372
16 0.549219 0.335547 0.3125 0.307813 0.0139008
21 0.216846 0.71875 0.372559 0.353125 0.0113754
16 0.499316 0.12832 0.32793 0.256641 0.00821686
1 0.499219 0.29707 0.567187 0.594141 0.00746155
17 0.501563 0.283984 0.482812 0.567969 0.00575256
19 0.545313 0.326562 0.30625 0.311719 0.00536346
12 0.499219 0.3375 0.635938 0.675 0.00356483
13 0.226758 0.726172 0.342578 0.322656 0.00351143
21 0.495703 0.125586 0.336719 0.251172 0.00345612
22 0.501563 0.283984 0.482812 0.567969 0.00329781
1 0.495703 0.369922 0.515625 0.521094 0.00319672
2 0.501563 0.283984 0.482812 0.567969 0.00313568
19 0.429785 0.734375 0.27793 0.326562 0.00311089
21 0.574219 0.304492 0.379688 0.383203 0.0029583
17 0.495703 0.369922 0.515625 0.521094 0.0029583
1 0.198437 0.630469 0.396875 0.6 0.00291252
12 0.495703 0.369922 0.515625 0.521094 0.00284576
19 0.460938 0.533594 0.369531 0.409375 0.00276756
4 0.501563 0.283984 0.482812 0.567969 0.00255013
19 0.55 0.45166 0.340625 0.32793 0.00251198
1 0.528516 0.407031 0.752344 0.814063 0.00248146
3 0.501563 0.283984 0.482812 0.567969 0.00243378
12 0.501563 0.283984 0.482812 0.567969 0.002388
13 0.510254 0.124219 0.324805 0.248438 0.00237846
16 0.417871 0.760156 0.268945 0.309375 0.00237846
12 0.198437 0.630469 0.396875 0.6 0.00237846
4 0.495703 0.369922 0.515625 0.521094 0.00222588
12 0.528516 0.407031 0.752344 0.814063 0.00219154
14 0.501563 0.283984 0.482812 0.567969 0.00209999
19 0.438379 0.714844 0.33418 0.389062 0.0020752
0 0.501563 0.283984 0.482812 0.567969 0.00199509
16 0.495703 0.369922 0.515625 0.521094 0.0019722
21 0.55 0.45166 0.340625 0.32793 0.00190449
20 0.501563 0.283984 0.482812 0.567969 0.00188923
17 0.499219 0.3375 0.635938 0.675 0.00188255
4 0.499219 0.3375 0.635938 0.675 0.00185299
25 0.501563 0.283984 0.482812 0.567969 0.00183105
17 0.505859 0.391797 0.455469 0.400781 0.0018177
11 0.499219 0.29707 0.567187 0.594141 0.00181007
22 0.495703 0.369922 0.515625 0.521094 0.00178242
12 0.621094 0.68252 0.696875 0.634961 0.00170708
2 0.495703 0.369922 0.515625 0.521094 0.00168133
13 0.499219 0.3375 0.635938 0.675 0.00167465
12 0.435254 0.132031 0.404492 0.264062 0.00165462
11 0.199414 0.641797 0.398828 0.553906 0.00158501
12 0.349219 0.191797 0.698438 0.383594 0.00157928
19 0.449219 0.654297 0.323438 0.407031 0.00157356
1 0.622656 0.728906 0.676562 0.542188 0.00156116
12 0.505859 0.391797 0.455469 0.400781 0.00154877
1 0.494629 0.19043 0.301367 0.380859 0.00153637
16 0.501563 0.283984 0.482812 0.567969 0.00153637
1 0.505859 0.391797 0.455469 0.400781 0.0015192
1 0.195312 0.725391 0.390625 0.392969 0.00150108
16 0.499219 0.3375 0.635938 0.675 0.00148964
17 0.528516 0.407031 0.752344 0.814063 0.00146675
16 0.505859 0.391797 0.455469 0.400781 0.0014267
12 0.5125 0.695312 0.609375 0.609375 0.00142097
19 0.48125 0.484277 0.346094 0.373633 0.00139904
13 0.207813 0.639063 0.415625 0.570312 0.00138855
12 0.20918 0.685254 0.418359 0.629492 0.00135612
22 0.199414 0.641797 0.398828 0.553906 0.00135136
4 0.207813 0.639063 0.415625 0.570312 0.00134563
22 0.622656 0.728906 0.676562 0.542188 0.00134087
14 0.495703 0.369922 0.515625 0.521094 0.00132465
12 0.444141 0.520703 0.794531 0.814844 0.00132465
12 0.323047 0.660937 0.646094 0.678125 0.00131512
22 0.505859 0.391797 0.455469 0.400781 0.00130463
20 0.499219 0.3375 0.635938 0.675 0.00129986
13 0.495703 0.369922 0.515625 0.521094 0.00129414
1 0.289062 0.724219 0.578125 0.551562 0.0012846
3 0.495703 0.369922 0.515625 0.521094 0.00126934
17 0.494629 0.19043 0.301367 0.380859 0.00126457
12 0.443359 0.365234 0.866406 0.730469 0.0012598
20 0.495703 0.369922 0.515625 0.521094 0.00125504
1 0.5125 0.695312 0.609375 0.609375 0.00125504
12 0.460254 0.735547 0.72793 0.528906 0.00124454
14 0.499219 0.3375 0.635938 0.675 0.00122547
1 0.574902 0.521094 0.761133 0.826563 0.0012207
8 0.501563 0.283984 0.482812 0.567969 0.00121593
12 0.195312 0.725391 0.390625 0.392969 0.00121593
2 0.505859 0.391797 0.455469 0.400781 0.00120163
11 0.495703 0.369922 0.515625 0.521094 0.00119686
1 0.501953 0.267188 0.390625 0.534375 0.00118828
17 0.198437 0.630469 0.396875 0.6 0.0011692
0 0.495703 0.369922 0.515625 0.521094 0.00116062
13 0.501563 0.283984 0.482812 0.567969 0.00115108
22 0.528516 0.407031 0.752344 0.814063 0.00115108
12 0.56084 0.572656 0.795508 0.840625 0.00114727
12 0.312109 0.507031 0.624219 0.809375 0.0011425
12 0.505371 0.472656 0.464258 0.510938 0.00113773
17 0.622656 0.728906 0.676562 0.542188 0.00113773
12 0.673047 0.658594 0.653906 0.682813 0.00112915
12 0.502441 0.124219 0.262305 0.248438 0.0011158
2 0.499219 0.3375 0.635938 0.675 0.0011158
1 0.682129 0.680371 0.635742 0.639258 0.0011034
17 0.505371 0.472656 0.464258 0.510938 0.00109482
12 0.473438 0.13125 0.322656 0.2625 0.00109005
22 0.195898 0.765625 0.391797 0.39375 0.00109005
12 0.392578 0.795703 0.364844 0.408594 0.00109005
12 0.448047 0.164062 0.483594 0.328125 0.00107288
13 0.505859 0.391797 0.455469 0.400781 0.00107288
12 0.625879 0.373828 0.674805 0.747656 0.00107288
4 0.505859 0.391797 0.455469 0.400781 0.00106525
11 0.522656 0.336523 0.767188 0.673047 0.00105667
25 0.495703 0.369922 0.515625 0.521094 0.00105286
4 0.528516 0.407031 0.752344 0.814063 0.00105286
3 0.499219 0.3375 0.635938 0.675 0.00102425
13 0.513281 0.394922 0.835938 0.789844 0.00102043
12 0.36875 0.659277 0.435156 0.623633 0.00100422
12 0.244531 0.705469 0.489063 0.589063 0.00100422
22 0.228906 0.232031 0.364063 0.464063 0.0512695
16 0.569141 0.393066 0.364844 0.306055 0.0455322
24 0.569141 0.393066 0.364844 0.306055 0.0319824
20 0.232471 0.220703 0.36709 0.441406 0.0267639
22 0.224805 0.32168 0.356641 0.551172 0.026062
22 0.216064 0.428516 0.338965 0.526563 0.0254669
22 0.194531 0.667188 0.389062 0.576563 0.0207214
1 0.194531 0.667188 0.389062 0.576563 0.0189362
19 0.485254 0.508984 0.306055 0.415625 0.0177155
1 0.232227 0.263672 0.370703 0.51875 0.0168457
1 0.221289 0.416016 0.347266 0.542969 0.016098
11 0.234961 0.2375 0.372266 0.475 0.0146179
22 0.208594 0.516406 0.339844 0.484375 0.0138474
16 0.628906 0.386328 0.504687 0.333594 0.0129242
18 0.582812 0.389062 0.39375 0.313281 0.012291
6 0.569141 0.393066 0.364844 0.306055 0.0119629
1 0.210742 0.515234 0.331641 0.485156 0.0118713
17 0.228906 0.232031 0.364063 0.464063 0.0115967
20 0.542188 0.443848 0.375 0.42793 0.0115967
0 0.242773 0.193945 0.358984 0.387891 0.0114212
3 0.234961 0.2375 0.372266 0.475 0.0109863
20 0.567285 0.396973 0.387305 0.320117 0.0108185
1 0.544531 0.476562 0.43125 0.521875 0.0107346
11 0.628906 0.386328 0.504687 0.333594 0.01017
17 0.216064 0.428516 0.338965 0.526563 0.0100555
9 0.569141 0.393066 0.364844 0.306055 0.00985718
19 0.467871 0.576563 0.275195 0.367188 0.00971222
19 0.216406 0.446484 0.319531 0.450781 0.00945282
21 0.232471 0.220703 0.36709 0.441406 0.00937653
17 0.224805 0.32168 0.356641 0.551172 0.00891876
21 0.567285 0.396973 0.387305 0.320117 0.00891876
25 0.228906 0.232031 0.364063 0.464063 0.00878143
23 0.569141 0.393066 0.364844 0.306055 0.00878143
11 0.578125 0.395215 0.379688 0.300195 0.0086441
22 0.544531 0.476562 0.43125 0.521875 0.00857544
2 0.569141 0.393066 0.364844 0.306055 0.00844574
24 0.228906 0.232031 0.364063 0.464063 0.00837708
14 0.232471 0.220703 0.36709 0.441406 0.008255
9 0.542188 0.443848 0.375 0.42793 0.008255
21 0.542188 0.443848 0.375 0.42793 0.008255
5 0.234961 0.2375 0.372266 0.475 0.00821686
1 0.58125 0.393652 0.375 0.300195 0.00818634
19 0.234961 0.2375 0.372266 0.475 0.00809479
19 0.583203 0.319971 0.289062 0.388184 0.00800323
11 0.231055 0.324609 0.369141 0.553906 0.00800323
17 0.194531 0.667188 0.389062 0.576563 0.00787354
11 0.201563 0.714844 0.403125 0.5625 0.00763702
13 0.58125 0.393652 0.375 0.300195 0.00757599
16 0.238477 0.190234 0.369141 0.380469 0.00746155
21 0.454004 0.641406 0.291992 0.392188 0.00720596
3 0.231055 0.324609 0.369141 0.553906 0.00712204
1 0.238477 0.190234 0.369141 0.380469 0.00695801
2 0.238477 0.190234 0.369141 0.380469 0.0069046
4 0.542188 0.443848 0.375 0.42793 0.0069046
4 0.58125 0.393652 0.375 0.300195 0.0068512
20 0.224805 0.32168 0.356641 0.551172 0.00666809
4 0.242188 0.223828 0.374219 0.447656 0.00651169
12 0.585547 0.3875 0.391406 0.320312 0.00641251
0 0.569141 0.393066 0.364844 0.306055 0.00624084
25 0.569141 0.393066 0.364844 0.306055 0.00621796
21 0.216406 0.446484 0.319531 0.450781 0.00616837
11 0.540625 0.475391 0.403906 0.496875 0.00609589
22 0.611328 0.837109 0.442969 0.325781 0.00609589
3 0.221289 0.416016 0.347266 0.542969 0.006073
6 0.542188 0.443848 0.375 0.42793 0.00605011
21 0.467871 0.576563 0.275195 0.367188 0.00593567
25 0.220361 0.364453 0.347559 0.533594 0.00577545
14 0.542188 0.443848 0.375 0.42793 0.00564194
19 0.451953 0.661719 0.263281 0.364063 0.00544739
16 0.542188 0.443848 0.375 0.42793 0.00544739
17 0.208594 0.516406 0.339844 0.484375 0.00542831
21 0.485254 0.508984 0.306055 0.415625 0.00540543
1 0.618066 0.575781 0.643555 0.73125 0.00534439
24 0.635938 0.835156 0.478125 0.329688 0.00521851
6 0.232471 0.220703 0.36709 0.441406 0.00518036
14 0.58125 0.393652 0.375 0.300195 0.0051384
9 0.232471 0.220703 0.36709 0.441406 0.00502014
25 0.542188 0.443848 0.375 0.42793 0.00498199
24 0.542188 0.443848 0.375 0.42793 0.00496292
3 0.58125 0.393652 0.375 0.300195 0.00494385
20 0.221289 0.416016 0.347266 0.542969 0.00494385
0 0.628906 0.386328 0.504687 0.333594 0.00492477
5 0.542188 0.443848 0.375 0.42793 0.00482941
11 0.221289 0.416016 0.347266 0.542969 0.00471878
17 0.544531 0.476562 0.43125 0.521875 0.00471878
11 0.608203 0.838086 0.419531 0.323828 0.00471878
17 0.567285 0.396973 0.387305 0.320117 0.00469971
1 0.618359 0.291016 0.539844 0.582031 0.00468063
16 0.614062 0.840039 0.43125 0.319922 0.00468063
5 0.582812 0.389062 0.39375 0.313281 0.0046463
5 0.231055 0.324609 0.369141 0.553906 0.00450516
25 0.212695 0.499219 0.337109 0.476562 0.00443268
3 0.544531 0.476562 0.43125 0.521875 0.00439835
6 0.231055 0.324609 0.369141 0.553906 0.00431442
1 0.614062 0.840039 0.43125 0.319922 0.00431442
6 0.611328 0.837109 0.442969 0.325781 0.00424957
3 0.194531 0.667188 0.389062 0.576563 0.0042305
15 0.569141 0.393066 0.364844 0.306055 0.00419998
20 0.212695 0.499219 0.337109 0.476562 0.00419998
14 0.231055 0.324609 0.369141 0.553906 0.00416565
12 0.228906 0.232031 0.364063 0.464063 0.00415039
0 0.629297 0.835156 0.444531 0.329688 0.00413513
7 0.585547 0.3875 0.391406 0.320312 0.0041008
4 0.231055 0.324609 0.369141 0.553906 0.00408554
3 0.210742 0.515234 0.331641 0.485156 0.00403976
16 0.226611 0.256641 0.36084 0.508594 0.00402451
20 0.194531 0.667188 0.389062 0.576563 0.00402451
4 0.242627 0.162695 0.363184 0.325391 0.00400543
20 0.611328 0.837109 0.442969 0.325781 0.00383949
21 0.224805 0.32168 0.356641 0.551172 0.00382423
0 0.216064 0.428516 0.338965 0.526563 0.00378036
13 0.628906 0.386328 0.504687 0.333594 0.0037365
13 0.232227 0.263672 0.370703 0.51875 0.00372124
4 0.614062 0.840039 0.43125 0.319922 0.00370789
24 0.224805 0.32168 0.356641 0.551172 0.00359344
19 0.231055 0.324609 0.369141 0.553906 0.00353813
8 0.238477 0.190234 0.369141 0.380469 0.00351143
11 0.676953 0.278906 0.646094 0.557813 0.00348282
12 0.544531 0.476562 0.43125 0.521875 0.00348282
12 0.230029 0.364063 0.368066 0.535937 0.00345612
14 0.216064 0.428516 0.338965 0.526563 0.00345612
16 0.216064 0.428516 0.338965 0.526563 0.00345612
11 0.210742 0.515234 0.331641 0.485156 0.00344276
21 0.611328 0.837109 0.442969 0.325781 0.00340271
12 0.676953 0.278906 0.646094 0.557813 0.00335121
13 0.454004 0.641406 0.291992 0.392188 0.00332451
10 0.234961 0.2375 0.372266 0.475 0.00331116
22 0.585547 0.3875 0.391406 0.320312 0.00329781
2 0.628906 0.386328 0.504687 0.333594 0.00321007
14 0.614062 0.840039 0.43125 0.319922 0.00318527
4 0.221289 0.416016 0.347266 0.542969 0.00317192
2 0.542188 0.443848 0.375 0.42793 0.00314713
13 0.540625 0.475391 0.403906 0.496875 0.00307465
2 0.216064 0.428516 0.338965 0.526563 0.00305176
6 0.221289 0.416016 0.347266 0.542969 0.00298119
12 0.214062 0.483984 0.330469 0.511719 0.00298119
24 0.212695 0.499219 0.337109 0.476562 0.0029583
14 0.628906 0.386328 0.504687 0.333594 0.00288963
12 0.618066 0.575781 0.643555 0.73125 0.0028553
4 0.628906 0.386328 0.504687 0.333594 0.00282288
4 0.212695 0.499219 0.337109 0.476562 0.00281143
19 0.201563 0.714844 0.403125 0.5625 0.00277901
13 0.238477 0.190234 0.369141 0.380469 0.00275803
13 0.230029 0.364063 0.368066 0.535937 0.00275803
13 0.676953 0.278906 0.646094 0.557813 0.00273705
3 0.614062 0.840039 0.43125 0.319922 0.00273705
5 0.221289 0.416016 0.347266 0.542969 0.00271416
2 0.629297 0.835156 0.444531 0.329688 0.00270462
12 0.194531 0.667188 0.389062 0.576563 0.00269318
11 0.618066 0.575781 0.643555 0.73125 0.00265312
13 0.201563 0.714844 0.403125 0.5625 0.00264168
0 0.224805 0.32168 0.356641 0.551172 0.00261116
11 0.635938 0.805469 0.446875 0.389062 0.00261116
8 0.58125 0.393652 0.375 0.300195 0.00258064
1 0.676953 0.278906 0.646094 0.557813 0.00255013
3 0.242627 0.162695 0.363184 0.325391 0.00254059
3 0.628906 0.386328 0.504687 0.333594 0.00253105
22 0.197852 0.728906 0.395703 0.542188 0.00253105
22 0.618066 0.575781 0.643555 0.73125 0.00251198
5 0.611328 0.837109 0.442969 0.325781 0.00251198
1 0.649609 0.653906 0.441406 0.525 0.00244331
11 0.391504 0.478516 0.751367 0.771094 0.00243378
1 0.201563 0.735156 0.403125 0.529688 0.00243378
2 0.224805 0.32168 0.356641 0.551172 0.00242424
18 0.238477 0.190234 0.369141 0.380469 0.0024147
10 0.544531 0.476562 0.43125 0.521875 0.0024147
14 0.210742 0.515234 0.331641 0.485156 0.0024147
1 0.628906 0.386328 0.504687 0.333594 0.00239754
6 0.210742 0.515234 0.331641 0.485156 0.002388
19 0.560156 0.330469 0.307813 0.30625 0.00237846
14 0.242627 0.162695 0.363184 0.325391 0.00237846
21 0.208594 0.516406 0.339844 0.484375 0.00232315
11 0.205029 0.635938 0.363379 0.5875 0.00232315
14 0.194531 0.667188 0.389062 0.576563 0.00228691
9 0.231055 0.324609 0.369141 0.553906 0.00225258
6 0.628906 0.386328 0.504687 0.333594 0.00225258
8 0.232227 0.263672 0.370703 0.51875 0.00223351
19 0.540625 0.475391 0.403906 0.496875 0.00223351
0 0.542188 0.443848 0.375 0.42793 0.00220871
13 0.614062 0.840039 0.43125 0.319922 0.00220871
25 0.611328 0.837109 0.442969 0.325781 0.00216484
0 0.208594 0.516406 0.339844 0.484375 0.00214958
21 0.194531 0.667188 0.389062 0.576563 0.00211525
6 0.242627 0.162695 0.363184 0.325391 0.00210762
5 0.210742 0.515234 0.331641 0.485156 0.00209999
10 0.558984 0.39375 0.352344 0.329688 0.00208282
13 0.595313 0.276953 0.482812 0.553906 0.00206757
17 0.618066 0.575781 0.643555 0.73125 0.00205803
8 0.230029 0.364063 0.368066 0.535937 0.00203514
10 0.231055 0.324609 0.369141 0.553906 0.00201988
19 0.21543 0.523047 0.307422 0.438281 0.00201035
11 0.301367 0.385156 0.563672 0.671875 0.00197983
13 0.214062 0.483984 0.330469 0.511719 0.00197983
12 0.618359 0.291016 0.539844 0.582031 0.00194168
6 0.618066 0.575781 0.643555 0.73125 0.00191212
13 0.482812 0.530469 0.309375 0.425 0.00190449
5 0.201563 0.714844 0.403125 0.5625 0.00188923
12 0.451172 0.578125 0.882031 0.84375 0.00186062
12 0.617188 0.583984 0.765625 0.832031 0.00186062
17 0.242627 0.162695 0.363184 0.325391 0.00185299
4 0.618066 0.575781 0.643555 0.73125 0.00182438
8 0.214062 0.483984 0.330469 0.511719 0.00181007
1 0.617188 0.583984 0.765625 0.832031 0.00181007
16 0.208594 0.516406 0.339844 0.484375 0.0018034
23 0.238477 0.190234 0.369141 0.380469 0.00179577
15 0.242773 0.193945 0.358984 0.387891 0.00178242
16 0.676953 0.278906 0.646094 0.557813 0.00178242
13 0.618066 0.575781 0.643555 0.73125 0.00177479
22 0.242627 0.162695 0.363184 0.325391 0.00176811
11 0.618359 0.291016 0.539844 0.582031 0.00176811
14 0.618359 0.291016 0.539844 0.582031 0.00176811
18 0.629297 0.835156 0.444531 0.329688 0.00176144
14 0.676953 0.278906 0.646094 0.557813 0.00175476
23 0.628906 0.386328 0.504687 0.333594 0.00175476
19 0.22207 0.742188 0.312109 0.41875 0.00174141
16 0.618066 0.575781 0.643555 0.73125 0.00174141
9 0.611328 0.837109 0.442969 0.325781 0.00174141
25 0.242627 0.162695 0.363184 0.325391 0.0017271
15 0.542188 0.443848 0.375 0.42793 0.00172043
2 0.208594 0.516406 0.339844 0.484375 0.00172043
19 0.521875 0.125 0.275 0.25 0.0017004
12 0.242627 0.162695 0.363184 0.325391 0.00168705
12 0.614062 0.840039 0.43125 0.319922 0.00168705
12 0.414062 0.657422 0.828125 0.685156 0.00167465
11 0.246924 0.162305 0.353809 0.324609 0.0016613
0 0.391504 0.478516 0.751367 0.771094 0.00165462
17 0.618359 0.291016 0.539844 0.582031 0.0016489
0 0.676953 0.278906 0.646094 0.557813 0.0016489
2 0.194531 0.667188 0.389062 0.576563 0.0016489
11 0.408594 0.596094 0.798438 0.807813 0.00164223
19 0.245654 0.198242 0.329004 0.396484 0.00162315
4 0.205029 0.635938 0.363379 0.5875 0.00162315
8 0.194531 0.667188 0.389062 0.576563 0.00162315
9 0.221289 0.416016 0.347266 0.542969 0.00161648
11 0.659375 0.706641 0.489063 0.586719 0.00161076
12 0.659375 0.706641 0.489063 0.586719 0.00158501
17 0.611328 0.837109 0.442969 0.325781 0.00157928
15 0.628906 0.386328 0.504687 0.333594 0.00154877
0 0.203125 0.632129 0.359375 0.579492 0.00154305
15 0.629297 0.835156 0.444531 0.329688 0.00154305
25 0.203125 0.632129 0.359375 0.579492 0.00153637
19 0.608203 0.838086 0.419531 0.323828 0.00152493
19 0.582812 0.389062 0.39375 0.313281 0.00151253
4 0.618359 0.291016 0.539844 0.582031 0.00150681
10 0.608203 0.838086 0.419531 0.323828 0.00150108
0 0.301367 0.385156 0.563672 0.671875 0.00146675
3 0.618066 0.575781 0.643555 0.73125 0.00146103
4 0.201563 0.714844 0.403125 0.5625 0.00146103
24 0.628906 0.386328 0.504687 0.333594 0.00145531
17 0.649609 0.653906 0.441406 0.525 0.00145531
6 0.635938 0.805469 0.446875 0.389062 0.00144958
10 0.201563 0.714844 0.403125 0.5625 0.00144386
16 0.639844 0.732813 0.429688 0.534375 0.00144386
12 0.201563 0.735156 0.403125 0.529688 0.00143814
0 0.618359 0.291016 0.539844 0.582031 0.00143242
23 0.542188 0.443848 0.375 0.42793 0.0014267
14 0.618066 0.575781 0.643555 0.73125 0.0014267
12 0.301367 0.385156 0.563672 0.671875 0.00139427
20 0.242627 0.162695 0.363184 0.325391 0.00138855
9 0.210742 0.515234 0.331641 0.485156 0.00137234
1 0.626563 0.571094 0.426563 0.65625 0.00135612
4 0.676953 0.278906 0.646094 0.557813 0.00135136
19 0.481641 0.464746 0.259375 0.351758 0.00132465
12 0.391504 0.478516 0.751367 0.771094 0.00131512
6 0.205029 0.635938 0.363379 0.5875 0.00131512
12 0.205664 0.569922 0.349609 0.566406 0.00127888
24 0.221289 0.416016 0.347266 0.542969 0.00126457
1 0.301367 0.385156 0.563672 0.671875 0.0012598
22 0.649609 0.653906 0.441406 0.525 0.00123501
12 0.651953 0.622656 0.439844 0.539062 0.00122547
12 0.585547 0.38457 0.688281 0.769141 0.00121593
8 0.540625 0.475391 0.403906 0.496875 0.00121117
13 0.639844 0.732813 0.429688 0.534375 0.00121117
19 0.617578 0.684375 0.3 0.38125 0.00119686
10 0.221289 0.416016 0.347266 0.542969 0.00118828
24 0.195117 0.701563 0.390234 0.564063 0.00118828
11 0.64375 0.648438 0.40625 0.525 0.00118351
12 0.442188 0.419922 0.846875 0.839844 0.0011692
6 0.195117 0.701563 0.390234 0.564063 0.00116539
13 0.391504 0.478516 0.751367 0.771094 0.00115585
19 0.468652 0.539941 0.22832 0.337305 0.00115108
3 0.676953 0.278906 0.646094 0.557813 0.00113773
13 0.301367 0.385156 0.563672 0.671875 0.00113773
13 0.205029 0.635938 0.363379 0.5875 0.00113392
21 0.242627 0.162695 0.363184 0.325391 0.00112057
14 0.391504 0.478516 0.751367 0.771094 0.00111198
1 0.639844 0.732813 0.429688 0.534375 0.00111198
19 0.6375 0.565625 0.292188 0.367188 0.00110722
1 0.391504 0.478516 0.751367 0.771094 0.00110722
0 0.201563 0.714844 0.403125 0.5625 0.00109863
15 0.400781 0.535547 0.773438 0.769531 0.00108624
11 0.632422 0.840625 0.502344 0.31875 0.00108147
25 0.628906 0.386328 0.504687 0.333594 0.00107765
2 0.248096 0.139746 0.351465 0.279492 0.00107288
17 0.201563 0.735156 0.403125 0.529688 0.00106907
21 0.583203 0.319971 0.289062 0.388184 0.00106525
24 0.400781 0.535547 0.773438 0.769531 0.00106525
2 0.676953 0.278906 0.646094 0.557813 0.00105667
10 0.618066 0.575781 0.643555 0.73125 0.00105667
25 0.195117 0.701563 0.390234 0.564063 0.00105667
19 0.56875 0.335156 0.278125 0.283594 0.032959
12 0.573438 0.416309 0.43125 0.370508 0.0202484
19 0.564453 0.304492 0.300781 0.381641 0.0192719
12 0.577441 0.366797 0.535742 0.549219 0.0103302
13 0.56875 0.375 0.385938 0.407031 0.00746155
19 0.529688 0.362891 0.265625 0.246094 0.00720596
12 0.559375 0.314648 0.585938 0.629297 0.0068512
12 0.549219 0.125195 0.33125 0.250391 0.00638962
6 0.573438 0.409766 0.45625 0.375 0.00564194
19 0.500098 0.112988 0.251367 0.225977 0.00536346
13 0.608594 0.419434 0.439063 0.393945 0.00534439
24 0.573438 0.409766 0.45625 0.375 0.00519943
1 0.555859 0.394922 0.4 0.366406 0.00516129
16 0.573438 0.416309 0.43125 0.370508 0.00382423
12 0.435547 0.154395 0.666406 0.308789 0.0037365
12 0.548047 0.384961 0.753906 0.769922 0.00352478
12 0.563672 0.498437 0.555469 0.690625 0.00345612
13 0.577441 0.366797 0.535742 0.549219 0.00337601
13 0.559375 0.314648 0.585938 0.629297 0.00335121
11 0.580859 0.406348 0.372656 0.337305 0.00332451
19 0.471875 0.554688 0.257812 0.34375 0.00312424
1 0.53125 0.291016 0.545313 0.582031 0.00296974
15 0.573438 0.416309 0.43125 0.370508 0.00288963
17 0.555859 0.394922 0.4 0.366406 0.00279045
12 0.552344 0.439453 0.451562 0.598437 0.00277901
13 0.547656 0.468359 0.55625 0.666406 0.00251198
12 0.485938 0.559375 0.8875 0.88125 0.00232315
17 0.608594 0.419434 0.439063 0.393945 0.00213242
12 0.582812 0.80957 0.315625 0.380859 0.00213242
13 0.549219 0.125195 0.33125 0.250391 0.00211525
1 0.608594 0.419434 0.439063 0.393945 0.00211525
4 0.573438 0.416309 0.43125 0.370508 0.00205803
3 0.555859 0.394922 0.4 0.366406 0.00200272
16 0.548438 0.127344 0.314063 0.254688 0.00197983
9 0.573438 0.409766 0.45625 0.375 0.00194168
24 0.528906 0.416797 0.592188 0.533594 0.00192642
14 0.555859 0.394922 0.4 0.366406 0.00191879
7 0.573438 0.409766 0.45625 0.375 0.00189686
17 0.53125 0.291016 0.545313 0.582031 0.00170708
21 0.577344 0.321484 0.270313 0.31875 0.00168705
6 0.528906 0.416797 0.592188 0.533594 0.00167465
12 0.613281 0.733203 0.415625 0.533594 0.00158501
11 0.548438 0.12334 0.314063 0.24668 0.00156116
2 0.555859 0.394922 0.4 0.366406 0.00148964
16 0.554688 0.446875 0.617188 0.601562 0.00148964
13 0.582812 0.80957 0.315625 0.380859 0.00146103
12 0.451172 0.50625 0.902344 0.954688 0.00139904
20 0.555859 0.394922 0.4 0.366406 0.00135612
11 0.54834 0.33125 0.473633 0.51875 0.00135136
6 0.548438 0.12334 0.314063 0.24668 0.00134087
12 0.199414 0.776563 0.398828 0.446875 0.00129414
2 0.548438 0.12334 0.314063 0.24668 0.0012846
14 0.53125 0.291016 0.545313 0.582031 0.00123978
17 0.554688 0.446875 0.617188 0.601562 0.00122547
12 0.172461 0.861914 0.344922 0.276172 0.00118828
1 0.548438 0.12334 0.314063 0.24668 0.00117874
15 0.528906 0.416797 0.592188 0.533594 0.0011692
16 0.54834 0.33125 0.473633 0.51875 0.00116539
14 0.608594 0.419434 0.439063 0.393945 0.00112915
12 0.574219 0.635547 0.729688 0.728906 0.0011158
12 0.386914 0.70332 0.773828 0.593359 0.00110722
1 0.577441 0.366797 0.535742 0.549219 0.0011034
13 0.545313 0.479297 0.734375 0.752344 0.00107765
19 0.238086 0.745703 0.280859 0.289844 0.00106907
12 0.507031 0.711719 0.889063 0.576563 0.00105286
11 0.195898 0.829297 0.391797 0.341406 0.00104809
2 0.53125 0.291016 0.545313 0.582031 0.00103188
13 0.631641 0.766992 0.446094 0.466016 0.00102806
23 0.573438 0.391309 0.341406 0.293945 0.169434
4 0.583203 0.391406 0.371094 0.304688 0.0745239
14 0.559375 0.391406 0.320312 0.304688 0.0535889
9 0.594141 0.399219 0.405469 0.2875 0.053009
12 0.583203 0.391406 0.371094 0.304688 0.0486755
24 0.594141 0.399219 0.405469 0.2875 0.036499
6 0.594141 0.399219 0.405469 0.2875 0.0270081
0 0.559375 0.391406 0.320312 0.304688 0.0268555
7 0.573438 0.391309 0.341406 0.293945 0.0200195
19 0.5625 0.335107 0.334375 0.348535 0.0197906
16 0.573438 0.391309 0.341406 0.293945 0.0171814
2 0.583203 0.391406 0.371094 0.304688 0.0161591
11 0.582812 0.388379 0.385938 0.31543 0.0148392
25 0.559375 0.391406 0.320312 0.304688 0.0134277
3 0.559375 0.389062 0.325 0.295312 0.0130692
18 0.594141 0.399219 0.405469 0.2875 0.0118713
15 0.583203 0.391406 0.371094 0.304688 0.00933838
19 0.56875 0.335938 0.28125 0.2375 0.00706482
19 0.325977 0.884375 0.301172 0.23125 0.00598145
1 0.232764 0.295703 0.364941 0.589063 0.00579834
17 0.600391 0.282031 0.480469 0.532813 0.00496292
17 0.559375 0.391406 0.320312 0.304688 0.00484848
1 0.221143 0.425098 0.35459 0.623242 0.00436401
12 0.235205 0.332031 0.382715 0.623438 0.00432968
11 0.609277 0.355273 0.567383 0.416016 0.0042305
12 0.564844 0.347656 0.399219 0.446875 0.00416565
19 0.564063 0.850781 0.295312 0.298438 0.00415039
8 0.559375 0.389062 0.325 0.295312 0.00413513
1 0.600391 0.282031 0.480469 0.532813 0.00407028
12 0.221143 0.425098 0.35459 0.623242 0.00407028
19 0.224414 0.443359 0.333203 0.455469 0.00400543
19 0.520312 0.345313 0.25 0.316406 0.00397491
19 0.483594 0.549219 0.278906 0.390625 0.00382423
19 0.609766 0.724609 0.289844 0.336719 0.00380898
5 0.594141 0.399219 0.405469 0.2875 0.0037365
14 0.600391 0.282031 0.480469 0.532813 0.00337601
21 0.564063 0.850781 0.295312 0.298438 0.00336266
12 0.609277 0.355273 0.567383 0.416016 0.00332451
4 0.609277 0.355273 0.567383 0.416016 0.00331116
11 0.558203 0.394141 0.311719 0.271094 0.00314713
11 0.646094 0.281055 0.615625 0.562109 0.00296974
17 0.558496 0.34375 0.404883 0.414062 0.00293541
10 0.559375 0.391406 0.320312 0.304688 0.00290108
21 0.341211 0.882617 0.267578 0.234766 0.00284576
12 0.646094 0.281055 0.615625 0.562109 0.00282288
0 0.600391 0.282031 0.480469 0.532813 0.00277901
14 0.609277 0.355273 0.567383 0.416016 0.00271416
13 0.561719 0.390234 0.340625 0.288281 0.00269318
1 0.558496 0.34375 0.404883 0.414062 0.00268364
4 0.600391 0.282031 0.480469 0.532813 0.0026722
17 0.219141 0.337109 0.338281 0.594531 0.0026722
17 0.230127 0.260352 0.344434 0.520703 0.00263214
1 0.674219 0.273828 0.651563 0.547656 0.00259018
12 0.600391 0.282031 0.480469 0.532813 0.00256157
1 0.557031 0.391504 0.332813 0.31543 0.00255013
19 0.218555 0.524609 0.328516 0.461719 0.0024929
17 0.674219 0.273828 0.651563 0.547656 0.0024147
19 0.231836 0.320703 0.342578 0.461719 0.00234985
12 0.230127 0.260352 0.344434 0.520703 0.00232315
11 0.600391 0.282031 0.480469 0.532813 0.00230598
19 0.539844 0.362109 0.278125 0.2375 0.00225258
8 0.600391 0.282031 0.480469 0.532813 0.00219917
6 0.609277 0.355273 0.567383 0.416016 0.00219917
2 0.600391 0.282031 0.480469 0.532813 0.00210762
3 0.600391 0.282031 0.480469 0.532813 0.00210762
14 0.558496 0.34375 0.404883 0.414062 0.00204277
17 0.211328 0.435547 0.319141 0.582031 0.00202751
22 0.235205 0.332031 0.382715 0.623438 0.00198746
20 0.558203 0.394141 0.311719 0.271094 0.00195694
15 0.609277 0.355273 0.567383 0.416016 0.00192642
14 0.646094 0.281055 0.615625 0.562109 0.00190449
7 0.599219 0.388281 0.490625 0.332813 0.00186729
1 0.207422 0.512598 0.313672 0.562305 0.00186062
22 0.221143 0.425098 0.35459 0.623242 0.00176811
11 0.558496 0.34375 0.404883 0.414062 0.0017004
19 0.573438 0.391309 0.341406 0.293945 0.00167465
12 0.207422 0.512598 0.313672 0.562305 0.0016489
4 0.599219 0.388281 0.490625 0.332813 0.0015974
13 0.221143 0.425098 0.35459 0.623242 0.00157928
22 0.230127 0.260352 0.344434 0.520703 0.00157356
13 0.232764 0.295703 0.364941 0.589063 0.00155449
13 0.600391 0.282031 0.480469 0.532813 0.00154305
0 0.674219 0.273828 0.651563 0.547656 0.00154305
4 0.646094 0.281055 0.615625 0.562109 0.00144958
13 0.674219 0.273828 0.651563 0.547656 0.00144386
21 0.483594 0.549219 0.278906 0.390625 0.00143814
4 0.558496 0.34375 0.404883 0.414062 0.0014267
2 0.646094 0.281055 0.615625 0.562109 0.00140476
7 0.609277 0.355273 0.567383 0.416016 0.00139904
0 0.558496 0.34375 0.404883 0.414062 0.00138855
13 0.609277 0.355273 0.567383 0.416016 0.00137806
6 0.600391 0.282031 0.480469 0.532813 0.00130939
2 0.609277 0.355273 0.567383 0.416016 0.00126457
2 0.558496 0.34375 0.404883 0.414062 0.00125504
25 0.600391 0.282031 0.480469 0.532813 0.00121593
0 0.601562 0.414453 0.320312 0.2625 0.00121117
13 0.558496 0.34375 0.404883 0.414062 0.00117397
15 0.646094 0.281055 0.615625 0.562109 0.00116062
2 0.219141 0.337109 0.338281 0.594531 0.00112057
8 0.558496 0.34375 0.404883 0.414062 0.0011158
15 0.599219 0.388281 0.490625 0.332813 0.00110722
3 0.232764 0.295703 0.364941 0.589063 0.00108147
3 0.558496 0.34375 0.404883 0.414062 0.00107288
3 0.674219 0.273828 0.651563 0.547656 0.00106907
8 0.674219 0.273828 0.651563 0.547656 0.00106049
21 0.448535 0.711719 0.263867 0.371875 0.00103188
6 0.646094 0.281055 0.615625 0.562109 0.00102806
16 0.609277 0.355273 0.567383 0.416016 0.00102806
18 0.609277 0.355273 0.567383 0.416016 0.00101662
23 0.567187 0.376172 0.35625 0.290625 0.0984497
6 0.579688 0.3875 0.384375 0.282031 0.0680542
4 0.579688 0.3875 0.384375 0.282031 0.0405273
9 0.579688 0.3875 0.384375 0.282031 0.0386047
14 0.564453 0.369922 0.339844 0.277344 0.0368958
15 0.567187 0.376172 0.35625 0.290625 0.0322266
2 0.567187 0.376172 0.35625 0.290625 0.0285492
12 0.564453 0.369922 0.339844 0.277344 0.0275879
19 0.555078 0.319727 0.332031 0.420703 0.0271759
16 0.567187 0.376172 0.35625 0.290625 0.0249939
7 0.567187 0.376172 0.35625 0.290625 0.0235138
25 0.567187 0.376172 0.35625 0.290625 0.0232391
0 0.576953 0.386328 0.380469 0.291406 0.0231476
3 0.564453 0.369922 0.339844 0.277344 0.0137939
11 0.576172 0.369531 0.353906 0.279687 0.0103302
18 0.567187 0.376172 0.35625 0.290625 0.0100555
24 0.579688 0.3875 0.384375 0.282031 0.00955963
10 0.579688 0.3875 0.384375 0.282031 0.00881195
19 0.560938 0.344531 0.289062 0.228125 0.00803375
19 0.542578 0.846094 0.311719 0.307813 0.00757599
17 0.564453 0.369922 0.339844 0.277344 0.00754929
1 0.580469 0.363281 0.39375 0.3625 0.00725937
17 0.580469 0.363281 0.39375 0.3625 0.00725937
13 0.564453 0.369922 0.339844 0.277344 0.00725937
12 0.590625 0.335156 0.40625 0.413281 0.00706482
14 0.580469 0.363281 0.39375 0.3625 0.00518036
5 0.570312 0.378027 0.346875 0.270508 0.00439835
0 0.590625 0.335156 0.40625 0.413281 0.00400543
12 0.646875 0.275781 0.539062 0.551562 0.00365067
3 0.580469 0.363281 0.39375 0.3625 0.00349617
13 0.590625 0.335156 0.40625 0.413281 0.00345612
2 0.590625 0.335156 0.40625 0.413281 0.00340271
1 0.576172 0.369531 0.353906 0.279687 0.00340271
8 0.569531 0.367969 0.340625 0.273438 0.00335121
11 0.590625 0.335156 0.40625 0.413281 0.00333786
25 0.590625 0.335156 0.40625 0.413281 0.00311089
12 0.627734 0.323828 0.572656 0.438281 0.00309944
20 0.579688 0.3875 0.384375 0.282031 0.00294685
4 0.590625 0.335156 0.40625 0.413281 0.00283432
19 0.578125 0.723828 0.264062 0.335156 0.00266266
19 0.529688 0.362305 0.26875 0.247266 0.00244331
19 0.570312 0.378027 0.346875 0.270508 0.00234222
1 0.646875 0.275781 0.539062 0.551562 0.00227928
19 0.605469 0.721094 0.335938 0.403125 0.00222588
8 0.580469 0.363281 0.39375 0.3625 0.00222588
19 0.621875 0.578125 0.246875 0.315625 0.00211525
13 0.646875 0.275781 0.539062 0.551562 0.00201035
6 0.590625 0.335156 0.40625 0.413281 0.00190449
15 0.590625 0.335156 0.40625 0.413281 0.00188923
11 0.646875 0.275781 0.539062 0.551562 0.0016613
14 0.646875 0.275781 0.539062 0.551562 0.00139904
16 0.590625 0.335156 0.40625 0.413281 0.00138283
20 0.590625 0.335156 0.40625 0.413281 0.00130463
13 0.627734 0.323828 0.572656 0.438281 0.00128937
2 0.646875 0.275781 0.539062 0.551562 0.00121117
0 0.646875 0.275781 0.539062 0.551562 0.00119686
17 0.646875 0.275781 0.539062 0.551562 0.00116062
15 0.646875 0.275781 0.539062 0.551562 0.00110722
23 0.559375 0.362891 0.3125 0.288281 0.0863037
25 0.559375 0.362891 0.3125 0.288281 0.0634766
14 0.559375 0.362891 0.3125 0.288281 0.0469055
12 0.575781 0.364844 0.3 0.296875 0.0375977
16 0.186133 0.782813 0.372266 0.235938 0.0354004
4 0.559375 0.362891 0.3125 0.288281 0.0352783
0 0.559375 0.362891 0.3125 0.288281 0.0311432
2 0.555469 0.360547 0.310156 0.271094 0.0256653
9 0.557031 0.369531 0.320312 0.288281 0.0236969
16 0.559375 0.362891 0.3125 0.288281 0.0195007
6 0.191797 0.782813 0.376563 0.24375 0.0187683
3 0.559375 0.362891 0.3125 0.288281 0.0173035
15 0.557031 0.369531 0.320312 0.288281 0.0165253
6 0.557031 0.369531 0.320312 0.288281 0.012825
17 0.574609 0.369922 0.302344 0.289844 0.0120544
1 0.551562 0.397266 0.340625 0.325781 0.0100937
18 0.555469 0.360547 0.310156 0.271094 0.0100555
1 0.54375 0.395313 0.398438 0.428906 0.00963593
12 0.510938 0.617578 0.742188 0.764844 0.00933838
22 0.54375 0.395313 0.398438 0.428906 0.00926971
7 0.186133 0.782813 0.372266 0.235938 0.00926971
13 0.574609 0.369922 0.302344 0.289844 0.00908661
4 0.60625 0.362891 0.35 0.325781 0.00775528
20 0.551562 0.397266 0.340625 0.325781 0.00766754
18 0.186133 0.782813 0.372266 0.235938 0.00757599
1 0.599219 0.417188 0.235938 0.280469 0.0068512
23 0.186133 0.782813 0.372266 0.235938 0.0068512
22 0.5625 0.407031 0.302344 0.303125 0.00679779
2 0.186133 0.782813 0.372266 0.235938 0.00674438
21 0.5625 0.407031 0.302344 0.303125 0.00653839
12 0.629687 0.325195 0.467187 0.452734 0.0064621
10 0.559375 0.362891 0.3125 0.288281 0.00631332
8 0.599219 0.417188 0.235938 0.280469 0.00626373
15 0.60625 0.362891 0.35 0.325781 0.00619125
12 0.45166 0.644141 0.34668 0.591406 0.00614548
5 0.551562 0.397266 0.340625 0.325781 0.00600433
7 0.555469 0.360547 0.310156 0.271094 0.00577545
25 0.60625 0.362891 0.35 0.325781 0.00559998
12 0.421484 0.641406 0.579688 0.670313 0.00542831
0 0.196094 0.784375 0.392188 0.265625 0.0053215
1 0.532813 0.485059 0.459375 0.633008 0.00530243
2 0.553125 0.369922 0.35 0.350781 0.00526047
14 0.60625 0.362891 0.35 0.325781 0.00482941
12 0.573828 0.485254 0.572656 0.69043 0.00482941
6 0.273828 0.79082 0.547656 0.302734 0.00482941
11 0.203125 0.775 0.396094 0.265625 0.00453949
2 0.585156 0.3875 0.273438 0.277344 0.00419998
13 0.54375 0.395313 0.398438 0.428906 0.00391388
0 0.60625 0.362891 0.35 0.325781 0.00390053
21 0.539941 0.391504 0.376367 0.35918 0.00388527
11 0.555469 0.360547 0.310156 0.271094 0.00383949
0 0.3375 0.811328 0.675 0.377344 0.00376511
8 0.551562 0.397266 0.340625 0.325781 0.00370789
2 0.60625 0.362891 0.35 0.325781 0.00367928
22 0.532813 0.485059 0.459375 0.633008 0.00367928
1 0.629687 0.325195 0.467187 0.452734 0.00365067
12 0.580371 0.525781 0.67832 0.8375 0.00353813
11 0.3625 0.682813 0.725 0.634375 0.00342941
12 0.426563 0.60625 0.853125 0.7875 0.00342941
6 0.3375 0.811328 0.675 0.377344 0.00342941
14 0.629687 0.325195 0.467187 0.452734 0.00335121
9 0.196094 0.784375 0.392188 0.265625 0.00328636
13 0.573828 0.485254 0.572656 0.69043 0.00325966
6 0.60625 0.362891 0.35 0.325781 0.00317192
17 0.54375 0.395313 0.398438 0.428906 0.00317192
16 0.60625 0.362891 0.35 0.325781 0.00314713
13 0.45166 0.644141 0.34668 0.591406 0.00312424
12 0.54375 0.395313 0.398438 0.428906 0.00305176
11 0.273828 0.79082 0.547656 0.302734 0.00304031
0 0.629687 0.325195 0.467187 0.452734 0.00300407
24 0.196094 0.784375 0.392188 0.265625 0.00299263
3 0.186133 0.782813 0.372266 0.235938 0.00298119
13 0.580371 0.525781 0.67832 0.8375 0.00291252
12 0.504297 0.611328 0.4625 0.683594 0.00291252
16 0.273828 0.79082 0.547656 0.302734 0.00287819
13 0.510938 0.617578 0.742188 0.764844 0.00284576
1 0.60625 0.362891 0.35 0.325781 0.00282288
11 0.60625 0.362891 0.35 0.325781 0.00282288
4 0.539941 0.391504 0.376367 0.35918 0.00279999
0 0.273828 0.79082 0.547656 0.302734 0.00279999
2 0.629687 0.325195 0.467187 0.452734 0.00277901
17 0.532813 0.485059 0.459375 0.633008 0.00275803
11 0.553125 0.369922 0.35 0.350781 0.00269318
4 0.629687 0.325195 0.467187 0.452734 0.00263214
17 0.599219 0.417188 0.235938 0.280469 0.0026207
12 0.677344 0.29375 0.540625 0.546875 0.00261116
7 0.273828 0.79082 0.547656 0.302734 0.00256157
6 0.599219 0.417188 0.235938 0.280469 0.00248146
20 0.585156 0.3875 0.273438 0.277344 0.00247192
5 0.54375 0.395313 0.398438 0.428906 0.00239754
15 0.273828 0.79082 0.547656 0.302734 0.00237846
3 0.54375 0.395313 0.398438 0.428906 0.00226021
20 0.193359 0.780469 0.386719 0.257812 0.00223351
3 0.60625 0.362891 0.35 0.325781 0.00216484
4 0.191797 0.782813 0.376563 0.24375 0.00215721
5 0.599219 0.417188 0.235938 0.280469 0.00214958
13 0.421484 0.641406 0.579688 0.670313 0.00214958
0 0.599219 0.417188 0.235938 0.280469 0.00213242
13 0.629687 0.325195 0.467187 0.452734 0.00212479
4 0.599219 0.417188 0.235938 0.280469 0.00211525
25 0.629687 0.325195 0.467187 0.452734 0.00208282
15 0.629687 0.325195 0.467187 0.452734 0.00206757
3 0.599219 0.417188 0.235938 0.280469 0.00202751
20 0.54375 0.395313 0.398438 0.428906 0.00197983
11 0.3375 0.811328 0.675 0.377344 0.00197983
11 0.629687 0.325195 0.467187 0.452734 0.00194168
0 0.3625 0.682813 0.725 0.634375 0.00194168
23 0.60625 0.362891 0.35 0.325781 0.00192642
1 0.580371 0.525781 0.67832 0.8375 0.00184631
10 0.539941 0.391504 0.376367 0.35918 0.00179577
15 0.3375 0.811328 0.675 0.377344 0.00178242
17 0.629687 0.325195 0.467187 0.452734 0.00176144
4 0.273828 0.79082 0.547656 0.302734 0.00176144
6 0.3625 0.682813 0.725 0.634375 0.00175476
15 0.417188 0.632812 0.834375 0.734375 0.00175476
13 0.203125 0.775 0.396094 0.265625 0.00172043
12 0.279102 0.654688 0.558203 0.690625 0.00169373
14 0.203125 0.775 0.396094 0.265625 0.00168133
12 0.544922 0.347852 0.432031 0.318359 0.00167465
0 0.539941 0.391504 0.376367 0.35918 0.00167465
1 0.487402 0.635938 0.445508 0.678125 0.00165462
25 0.599219 0.417188 0.235938 0.280469 0.00163555
15 0.3625 0.682813 0.725 0.634375 0.00163555
2 0.273828 0.79082 0.547656 0.302734 0.0015974
4 0.3375 0.811328 0.675 0.377344 0.00156116
22 0.580371 0.525781 0.67832 0.8375 0.00153637
13 0.504297 0.611328 0.4625 0.683594 0.00153637
11 0.426563 0.60625 0.853125 0.7875 0.00153065
16 0.3625 0.682813 0.725 0.634375 0.00150108
5 0.193359 0.780469 0.386719 0.257812 0.00150108
1 0.203125 0.775 0.396094 0.265625 0.00146675
16 0.3375 0.811328 0.675 0.377344 0.00146675
9 0.599219 0.417188 0.235938 0.280469 0.00146103
12 0.568848 0.308008 0.420117 0.535547 0.00145531
10 0.186133 0.782813 0.372266 0.235938 0.00141048
14 0.3625 0.682813 0.725 0.634375 0.00139904
6 0.629687 0.325195 0.467187 0.452734 0.00139427
18 0.273828 0.79082 0.547656 0.302734 0.00138855
13 0.3625 0.682813 0.725 0.634375 0.00138283
24 0.555469 0.360547 0.310156 0.271094 0.00137806
6 0.539941 0.391504 0.376367 0.35918 0.00135136
12 0.549609 0.574609 0.900781 0.850781 0.00134087
2 0.3625 0.682813 0.725 0.634375 0.00131512
8 0.54375 0.395313 0.398438 0.428906 0.00129986
12 0.203125 0.775 0.396094 0.265625 0.00129986
15 0.191797 0.782813 0.376563 0.24375 0.0012846
14 0.273828 0.79082 0.547656 0.302734 0.00126934
19 0.186133 0.782813 0.372266 0.235938 0.00125504
11 0.532813 0.485059 0.459375 0.633008 0.00123978
9 0.3375 0.811328 0.675 0.377344 0.00123978
24 0.3375 0.811328 0.675 0.377344 0.00123024
9 0.60625 0.362891 0.35 0.325781 0.00121593
2 0.3375 0.811328 0.675 0.377344 0.0012064
19 0.575391 0.335938 0.269531 0.248438 0.00120163
20 0.60625 0.362891 0.35 0.325781 0.00119686
21 0.532813 0.485059 0.459375 0.633008 0.00119686
1 0.510938 0.617578 0.742188 0.764844 0.00118828
12 0.635547 0.811523 0.500781 0.376953 0.00118828
1 0.45166 0.644141 0.34668 0.591406 0.00118351
16 0.539941 0.391504 0.376367 0.35918 0.0011692
13 0.426563 0.60625 0.853125 0.7875 0.00114727
25 0.196094 0.784375 0.392188 0.265625 0.0011425
18 0.60625 0.362891 0.35 0.325781 0.00112438
19 0.54375 0.395313 0.398438 0.428906 0.00112438
0 0.367969 0.763281 0.735938 0.473438 0.00112438
10 0.592969 0.40459 0.258594 0.32832 0.00110722
1 0.3625 0.682813 0.725 0.634375 0.00109863
4 0.3625 0.682813 0.725 0.634375 0.00108624
7 0.3625 0.682813 0.725 0.634375 0.00108147
16 0.629687 0.325195 0.467187 0.452734 0.00107765
12 0.657031 0.805469 0.610938 0.389062 0.00106525
0 0.677344 0.29375 0.540625 0.546875 0.00105667
24 0.5625 0.407031 0.302344 0.303125 0.00105667
1 0.677344 0.29375 0.540625 0.546875 0.00105286
14 0.677344 0.29375 0.540625 0.546875 0.00105286
11 0.510938 0.617578 0.742188 0.764844 0.00100803
19 0.551562 0.397266 0.340625 0.325781 0.00100422
12 0.560938 0.353125 0.326562 0.339063 0.279053
12 0.555078 0.286133 0.346094 0.487109 0.111633
13 0.560938 0.353125 0.326562 0.339063 0.103027
13 0.555078 0.286133 0.346094 0.487109 0.0806274
12 0.582031 0.274219 0.442188 0.548438 0.0240479
12 0.682422 0.277734 0.625781 0.555469 0.0172424
25 0.560938 0.353125 0.326562 0.339063 0.0165863
17 0.560938 0.353125 0.326562 0.339063 0.0161591
17 0.555078 0.286133 0.346094 0.487109 0.0145569
15 0.574219 0.372656 0.348438 0.278906 0.0142288
13 0.652344 0.276953 0.59375 0.553906 0.0120544
25 0.555078 0.286133 0.346094 0.487109 0.00828552
12 0.704688 0.681738 0.590625 0.636523 0.00653839
23 0.560938 0.353125 0.326562 0.339063 0.00598145
14 0.560938 0.353125 0.326562 0.339063 0.00561905
6 0.560156 0.376563 0.314063 0.271875 0.00503922
13 0.564063 0.276563 0.428125 0.553125 0.00494385
4 0.560938 0.353125 0.326562 0.339063 0.00488663
17 0.582031 0.274219 0.442188 0.548438 0.00455475
1 0.582031 0.274219 0.442188 0.548438 0.00395966
0 0.560156 0.376563 0.314063 0.271875 0.00391388
16 0.564844 0.358789 0.338281 0.323828 0.00385475
1 0.555078 0.286133 0.346094 0.487109 0.0037365
15 0.555078 0.286133 0.346094 0.487109 0.00370789
17 0.682422 0.277734 0.625781 0.555469 0.00356483
1 0.560938 0.353125 0.326562 0.339063 0.00356483
1 0.682422 0.277734 0.625781 0.555469 0.00300407
13 0.680469 0.295703 0.639063 0.591406 0.00276756
3 0.560938 0.353125 0.326562 0.339063 0.00276756
25 0.582031 0.274219 0.442188 0.548438 0.00254059
13 0.704688 0.681738 0.590625 0.636523 0.00239754
12 0.665625 0.313281 0.66875 0.626563 0.00235939
14 0.555078 0.286133 0.346094 0.487109 0.00230598
9 0.560156 0.376563 0.314063 0.271875 0.00225258
3 0.555078 0.286133 0.346094 0.487109 0.00218201
16 0.555078 0.286133 0.346094 0.487109 0.00218201
2 0.560938 0.353125 0.326562 0.339063 0.00217438
15 0.582031 0.274219 0.442188 0.548438 0.00213242
25 0.682422 0.277734 0.625781 0.555469 0.00201988
14 0.582031 0.274219 0.442188 0.548438 0.00197983
5 0.564844 0.361719 0.33125 0.307813 0.0019722
11 0.564844 0.361719 0.33125 0.307813 0.00176144
4 0.555078 0.286133 0.346094 0.487109 0.0016489
12 0.568359 0.317969 0.614844 0.635938 0.00145531
15 0.682422 0.277734 0.625781 0.555469 0.00134087
23 0.555078 0.286133 0.346094 0.487109 0.00129986
12 0.370117 0.624219 0.740234 0.751563 0.0012207
14 0.682422 0.277734 0.625781 0.555469 0.00119686
11 0.555078 0.286133 0.346094 0.487109 0.00116539
2 0.555078 0.286133 0.346094 0.487109 0.00113773
12 0.586328 0.646875 0.827344 0.70625 0.00112915
15 0.7 0.674512 0.6 0.650977 0.00112057
1 0.7 0.674512 0.6 0.650977 0.00111198
7 0.574219 0.372656 0.348438 0.278906 0.00109863
20 0.560938 0.353125 0.326562 0.339063 0.00109005
20 0.555078 0.286133 0.346094 0.487109 0.00104427
12 0.554688 0.378516 0.307031 0.304688 0.128906
23 0.554688 0.378516 0.307031 0.304688 0.0618896
25 0.554688 0.378516 0.307031 0.304688 0.0427246
13 0.575 0.379297 0.275 0.304688 0.0390625
14 0.554688 0.378516 0.307031 0.304688 0.0272675
4 0.554688 0.378516 0.307031 0.304688 0.0118713
2 0.554688 0.378516 0.307031 0.304688 0.00871277
15 0.561719 0.37959 0.319531 0.304883 0.00793457
17 0.574609 0.381152 0.269531 0.301758 0.0064621
6 0.571875 0.375391 0.334375 0.285156 0.00614548
0 0.564453 0.378223 0.341406 0.285742 0.0055542
16 0.564453 0.378223 0.341406 0.285742 0.00551224
9 0.564453 0.378223 0.341406 0.285742 0.00498199
12 0.657031 0.3 0.598437 0.534375 0.0036068
13 0.553125 0.372461 0.353125 0.341016 0.00327301
17 0.553125 0.376465 0.380469 0.337695 0.00314713
5 0.554688 0.378516 0.307031 0.304688 0.00225258
3 0.554688 0.378516 0.307031 0.304688 0.00213242
13 0.657031 0.3 0.598437 0.534375 0.00167465
24 0.571875 0.375391 0.334375 0.285156 0.0016613
18 0.554688 0.378516 0.307031 0.304688 0.00138855
8 0.574609 0.381152 0.269531 0.301758 0.00138855
12 0.313672 0.613281 0.627344 0.773438 0.00134563
12 0.675 0.285938 0.65 0.571875 0.00113392
1 0.553125 0.372461 0.353125 0.341016 0.00106049
11 0.564453 0.378223 0.341406 0.285742 0.00101662
23 0.571094 0.391797 0.334375 0.266406 0.0866089
12 0.571094 0.391797 0.334375 0.266406 0.0830078
15 0.571094 0.391797 0.334375 0.266406 0.0499573
4 0.571094 0.391797 0.334375 0.266406 0.0250397
13 0.580859 0.398828 0.303906 0.253906 0.0216217
4 0.605469 0.412402 0.271875 0.233008 0.0196838
2 0.56875 0.389453 0.33125 0.286719 0.019455
9 0.576563 0.405078 0.345313 0.241406 0.0184021
25 0.580859 0.398828 0.303906 0.253906 0.0166626
17 0.580859 0.398828 0.303906 0.253906 0.01297
14 0.56875 0.389453 0.33125 0.286719 0.0123367
12 0.613281 0.406348 0.265625 0.24043 0.0115051
23 0.605469 0.412402 0.271875 0.233008 0.00974274
15 0.605469 0.412402 0.271875 0.233008 0.00971222
0 0.605469 0.412402 0.271875 0.233008 0.0078125
6 0.605469 0.412402 0.271875 0.233008 0.00624084
0 0.571094 0.391797 0.334375 0.266406 0.00584412
18 0.56875 0.389453 0.33125 0.286719 0.00534439
6 0.571094 0.391797 0.334375 0.266406 0.00407028
16 0.56875 0.389453 0.33125 0.286719 0.00356483
8 0.605469 0.412402 0.271875 0.233008 0.00352478
12 0.585938 0.375098 0.4125 0.376367 0.00319672
3 0.580859 0.398828 0.303906 0.253906 0.00317192
24 0.571094 0.388184 0.34375 0.264258 0.00302696
2 0.605469 0.412402 0.271875 0.233008 0.0026722
13 0.585938 0.375098 0.4125 0.376367 0.00239754
7 0.571094 0.388184 0.34375 0.264258 0.0020504
12 0.635547 0.343945 0.494531 0.455859 0.00196457
17 0.635547 0.419922 0.211719 0.221875 0.00189686
14 0.605469 0.412402 0.271875 0.233008 0.00188255
10 0.605469 0.412402 0.271875 0.233008 0.00174141
13 0.635547 0.343945 0.494531 0.455859 0.00139904
9 0.628125 0.404004 0.234375 0.210742 0.00131512
25 0.635547 0.419922 0.211719 0.221875 0.00102806
5 0.576563 0.405078 0.345313 0.241406 0.00102043
13 0.635547 0.419922 0.211719 0.221875 0.00102043
5 0.628125 0.404004 0.234375 0.210742 0.00100422
12 0.561328 0.384473 0.3125 0.276367 0.583008
23 0.5625 0.382812 0.31875 0.277344 0.243652
15 0.5625 0.382812 0.31875 0.277344 0.0917358
13 0.5625 0.386621 0.315625 0.273633 0.0745239
25 0.560156 0.389062 0.307813 0.272656 0.0739746
4 0.5625 0.382812 0.31875 0.277344 0.0710449
14 0.564063 0.387891 0.319531 0.267969 0.0528259
9 0.560156 0.382422 0.325 0.285156 0.0231476
2 0.564063 0.387891 0.319531 0.267969 0.0185394
17 0.5625 0.386621 0.315625 0.273633 0.0166626
0 0.560156 0.380859 0.328125 0.284375 0.0112457
6 0.55625 0.389941 0.334375 0.304492 0.00701141
8 0.562891 0.383594 0.323438 0.2875 0.00438309
5 0.5625 0.382812 0.31875 0.277344 0.00382423
1 0.557031 0.386719 0.339063 0.302344 0.00319672
18 0.564063 0.387891 0.319531 0.267969 0.00279999
10 0.55625 0.389941 0.334375 0.304492 0.0026207
3 0.557422 0.373242 0.324219 0.289453 0.00232315
12 0.684766 0.292578 0.630469 0.585156 0.00188923
19 0.545313 0.902344 0.307031 0.195312 0.00144386
20 0.557031 0.386719 0.339063 0.302344 0.00143242
19 0.560938 0.333203 0.3 0.210156 0.00130463
16 0.55625 0.389941 0.334375 0.304492 0.00119686
24 0.5625 0.382812 0.31875 0.277344 0.0011034
12 0.436328 0.565234 0.872656 0.869531 0.00109863
14 0.560156 0.375 0.364063 0.3375 0.00106525
12 0.692578 0.635645 0.614844 0.728711 0.00104046
12 0.605859 0.340039 0.472656 0.421484 0.00101662
12 0.560547 0.373047 0.322656 0.299219 0.729492
23 0.558203 0.374414 0.317969 0.289453 0.428223
15 0.558203 0.374414 0.317969 0.289453 0.234375
25 0.557813 0.378906 0.317188 0.297656 0.201172
13 0.562891 0.372461 0.344531 0.309766 0.156616
4 0.558203 0.374414 0.317969 0.289453 0.125977
9 0.560547 0.373047 0.322656 0.299219 0.104492
14 0.557813 0.378906 0.317188 0.297656 0.0812378
13 0.570703 0.329297 0.382031 0.408594 0.032959
2 0.557813 0.378906 0.317188 0.297656 0.0282135
12 0.570703 0.329297 0.382031 0.408594 0.0228882
6 0.553125 0.376563 0.323438 0.283594 0.0214844
0 0.555469 0.375 0.314063 0.285938 0.0210876
19 0.563672 0.349609 0.3 0.277344 0.01297
19 0.554688 0.320703 0.326562 0.430469 0.0123825
15 0.570703 0.329297 0.382031 0.408594 0.00955963
17 0.561328 0.371289 0.349219 0.332422 0.00748825
12 0.384277 0.601953 0.698633 0.796094 0.00579834
13 0.410059 0.614844 0.770508 0.770312 0.0050621
5 0.560547 0.373047 0.322656 0.299219 0.00457382
12 0.679688 0.288281 0.640625 0.576563 0.0039444
10 0.555469 0.378516 0.334375 0.283594 0.00376511
1 0.561328 0.371289 0.349219 0.332422 0.00309944
20 0.553125 0.376563 0.323438 0.283594 0.00305176
24 0.558203 0.374414 0.317969 0.289453 0.00301552
12 0.516016 0.589844 0.864844 0.820312 0.00261116
8 0.555469 0.378516 0.334375 0.283594 0.00248146
13 0.516016 0.589844 0.864844 0.820312 0.00243378
18 0.558203 0.374414 0.317969 0.289453 0.00236893
12 0.218164 0.389453 0.358984 0.528906 0.00218201
3 0.553516 0.372656 0.315625 0.283594 0.00206757
7 0.555469 0.375 0.314063 0.285938 0.00196457
25 0.570703 0.329297 0.382031 0.408594 0.00191879
16 0.553516 0.372656 0.315625 0.283594 0.00183868
13 0.679688 0.288281 0.640625 0.576563 0.00151253
12 0.20957 0.499609 0.366797 0.552344 0.00145531
14 0.570703 0.329297 0.382031 0.408594 0.00131512
19 0.5875 0.325391 0.253125 0.238281 0.0012207
12 0.652734 0.285938 0.689844 0.571875 0.00104809
12 0.691016 0.685938 0.588281 0.628125 0.00101185
12 0.557813 0.38125 0.345313 0.315625 0.147095
13 0.560156 0.380469 0.357812 0.320312 0.0878906
15 0.557813 0.38125 0.345313 0.315625 0.0282135
14 0.557031 0.381641 0.338281 0.299219 0.0137939
23 0.557813 0.38125 0.345313 0.315625 0.0112457
25 0.557031 0.381641 0.338281 0.299219 0.0107803
4 0.557031 0.381641 0.338281 0.299219 0.00912476
2 0.557031 0.381641 0.338281 0.299219 0.00793457
1 0.555469 0.379688 0.335938 0.297656 0.00331116
6 0.555469 0.379688 0.335938 0.297656 0.00273705
17 0.557813 0.38125 0.345313 0.315625 0.00260162
9 0.55625 0.37666 0.340625 0.313867 0.00200272
0 0.557031 0.381641 0.338281 0.299219 0.00186062
8 0.557031 0.381641 0.338281 0.299219 0.00116539
12 0.560156 0.383984 0.314844 0.305469 0.2323
25 0.564063 0.379785 0.314063 0.298242 0.150024
23 0.559375 0.381348 0.30625 0.299805 0.131226
14 0.559375 0.381348 0.30625 0.299805 0.0605164
13 0.561328 0.386035 0.325 0.299805 0.0271759
2 0.564063 0.379785 0.314063 0.298242 0.0224609
4 0.559375 0.381348 0.30625 0.299805 0.0219879
15 0.561328 0.386035 0.325 0.299805 0.00725937
9 0.560156 0.383984 0.314844 0.305469 0.00322342
0 0.557031 0.383203 0.320312 0.3 0.00265312
6 0.563672 0.386719 0.332813 0.302344 0.00218201
8 0.564063 0.379785 0.314063 0.298242 0.00192642
19 0.570312 0.326562 0.275781 0.182031 0.00145531
17 0.563672 0.386719 0.332813 0.302344 0.00138283
12 0.603516 0.35293 0.413281 0.397266 0.00118828
5 0.560156 0.383984 0.314844 0.305469 0.00102425
12 0.572656 0.381934 0.332813 0.30332 0.853027
23 0.571875 0.380469 0.31875 0.295312 0.233032
13 0.580078 0.382031 0.334375 0.300781 0.168823
25 0.571875 0.380469 0.31875 0.295312 0.122131
14 0.571875 0.380469 0.31875 0.295312 0.0386047
2 0.571875 0.380469 0.31875 0.295312 0.0322266
4 0.571875 0.380469 0.31875 0.295312 0.0302734
15 0.572656 0.38291 0.335938 0.293555 0.0167236
9 0.572656 0.381934 0.332813 0.30332 0.0148392
13 0.610938 0.360742 0.43125 0.353516 0.00806427
12 0.610938 0.360742 0.43125 0.353516 0.00231361
17 0.579688 0.378906 0.348438 0.317188 0.00188923
6 0.583594 0.383594 0.360938 0.307031 0.00184631
12 0.598828 0.620313 0.802344 0.759375 0.00171375
12 0.638281 0.711328 0.445312 0.577344 0.00167465
13 0.638281 0.711328 0.445312 0.577344 0.00146103
13 0.598828 0.620313 0.802344 0.759375 0.00126457
0 0.576953 0.381641 0.35625 0.30625 0.00115108
12 0.571875 0.378906 0.351562 0.317188 0.513672
23 0.561328 0.377344 0.336719 0.307813 0.178955
13 0.56875 0.37959 0.342187 0.312695 0.154541
4 0.561328 0.377344 0.336719 0.307813 0.113953
25 0.562109 0.37666 0.328906 0.30918 0.0970459
15 0.575 0.37959 0.3625 0.314258 0.0522461
14 0.561328 0.377344 0.336719 0.307813 0.0472412
9 0.561328 0.377344 0.336719 0.307813 0.0288696
2 0.561328 0.377344 0.336719 0.307813 0.0241394
0 0.56875 0.375 0.351562 0.30625 0.0151291
13 0.570703 0.320703 0.282031 0.400781 0.0106964
17 0.5625 0.376172 0.35 0.321094 0.00405502
8 0.562109 0.37666 0.328906 0.30918 0.00192642
13 0.590234 0.354102 0.432031 0.373828 0.00156689
13 0.589844 0.363281 0.242188 0.303906 0.00148392
18 0.56875 0.375 0.351562 0.30625 0.00142097
12 0.563672 0.378223 0.332031 0.307617 0.0262604
13 0.560156 0.378809 0.326562 0.30957 0.0258636
13 0.569531 0.319189 0.273438 0.365527 0.0178528
23 0.558594 0.38125 0.321875 0.303906 0.00861359
25 0.557031 0.379785 0.320312 0.307617 0.00754929
2 0.573438 0.372852 0.304688 0.319922 0.00224304
14 0.558594 0.38125 0.321875 0.303906 0.00218201
13 0.592188 0.343945 0.414062 0.427734 0.00160408
12 0.375 0.591406 0.75 0.817187 0.00118828
16 0.557031 0.379785 0.320312 0.307617 0.00115585
17 0.560156 0.378809 0.326562 0.30957 0.0011158
12 0.592188 0.343945 0.414062 0.427734 0.0011034
25 0.558594 0.375684 0.314063 0.295508 0.237183
12 0.561328 0.375781 0.314063 0.303125 0.201172
23 0.560547 0.374609 0.317969 0.299219 0.189575
14 0.559375 0.373437 0.315625 0.2875 0.0531921
2 0.564453 0.378809 0.325 0.281445 0.0305634
13 0.563281 0.380078 0.320312 0.303906 0.0191193
4 0.559375 0.373437 0.315625 0.2875 0.00803375
0 0.564453 0.378809 0.325 0.281445 0.0064621
15 0.561328 0.375781 0.314063 0.303125 0.00482941
9 0.558594 0.375684 0.314063 0.295508 0.00450516
8 0.561328 0.379004 0.31875 0.281055 0.00383949
17 0.561328 0.379004 0.31875 0.281055 0.00340271
1 0.561328 0.379004 0.31875 0.281055 0.00305176
10 0.559375 0.379688 0.335938 0.284375 0.00203514
6 0.564453 0.378809 0.325 0.281445 0.00163555
23 0.561719 0.375781 0.342187 0.325781 0.11084
2 0.563281 0.378125 0.365625 0.328906 0.0753174
14 0.563281 0.378125 0.365625 0.328906 0.0577087
12 0.564063 0.380859 0.348438 0.329688 0.0301056
25 0.563281 0.378125 0.365625 0.328906 0.0284424
13 0.572266 0.370313 0.352344 0.358594 0.00844574
4 0.561719 0.375781 0.342187 0.325781 0.00793457
9 0.561719 0.375781 0.342187 0.325781 0.00723267
15 0.560547 0.380078 0.353125 0.322656 0.00498199
6 0.557031 0.38125 0.376563 0.347656 0.00214958
19 0.576563 0.308984 0.310937 0.408594 0.00158501
1 0.563281 0.378125 0.365625 0.328906 0.00154305
0 0.560547 0.380078 0.353125 0.322656 0.00127411
14 0.558984 0.382715 0.325 0.314258 0.35498
23 0.561328 0.384766 0.328906 0.316406 0.135742
12 0.562109 0.379004 0.330469 0.32793 0.0690308
13 0.579297 0.352344 0.397656 0.403125 0.0344849
2 0.561328 0.384766 0.328906 0.316406 0.0317383
4 0.558984 0.382715 0.325 0.314258 0.0222931
25 0.5625 0.383496 0.335938 0.320508 0.0130692
12 0.579297 0.352344 0.397656 0.403125 0.00834656
6 0.559375 0.392871 0.334375 0.308008 0.00712204
15 0.559375 0.392871 0.334375 0.308008 0.00595856
9 0.5625 0.383496 0.335938 0.320508 0.00551224
13 0.559375 0.382422 0.335938 0.323438 0.00534439
12 0.654395 0.3 0.691211 0.6 0.00221634
0 0.559375 0.392871 0.334375 0.308008 0.00183868
15 0.579297 0.352344 0.397656 0.403125 0.00149536
13 0.654395 0.3 0.691211 0.6 0.00139904
12 0.562891 0.369141 0.324219 0.323438 0.496094
15 0.565234 0.372656 0.336719 0.314063 0.472656
13 0.570703 0.365234 0.329688 0.335938 0.420654
23 0.567578 0.364063 0.344531 0.328906 0.175537
25 0.570703 0.365234 0.329688 0.335938 0.0417786
13 0.624219 0.347705 0.35 0.39834 0.00714874
6 0.566406 0.378809 0.346875 0.31582 0.00570679
17 0.568359 0.358984 0.347656 0.348438 0.00471878
0 0.567578 0.364063 0.344531 0.328906 0.00443268
2 0.560156 0.371289 0.328125 0.318359 0.00294685
10 0.568359 0.358984 0.347656 0.348438 0.00252151
4 0.565234 0.372656 0.336719 0.314063 0.00235939
12 0.624219 0.347705 0.35 0.39834 0.00229645
8 0.568359 0.358984 0.347656 0.348438 0.00229645
3 0.571484 0.366992 0.371094 0.348828 0.00203514
9 0.567578 0.364063 0.344531 0.328906 0.00161648
14 0.567578 0.364063 0.344531 0.328906 0.00145531
23 0.562109 0.378809 0.301563 0.292383 0.73584
15 0.554297 0.377441 0.303906 0.291992 0.223999
12 0.562109 0.378809 0.301563 0.292383 0.116333
25 0.557031 0.382422 0.292188 0.296094 0.102661
13 0.569531 0.385059 0.33125 0.314258 0.0549927
4 0.555469 0.384277 0.320312 0.298633 0.0261993
15 0.596094 0.375 0.35 0.342187 0.0122375
8 0.548438 0.382129 0.3 0.306055 0.0077858
6 0.560938 0.374219 0.351562 0.326562 0.00746155
0 0.560547 0.385156 0.319531 0.298438 0.00679779
18 0.562109 0.378809 0.301563 0.292383 0.00413513
17 0.560547 0.385156 0.319531 0.298438 0.00413513
9 0.555469 0.384277 0.320312 0.298633 0.0041008
2 0.557031 0.382422 0.292188 0.296094 0.00388527
12 0.5875 0.347314 0.345313 0.395215 0.00353813
14 0.548438 0.382129 0.3 0.306055 0.00332451
23 0.596094 0.375 0.35 0.342187 0.00307465
3 0.560938 0.374219 0.351562 0.326562 0.0019722
10 0.560938 0.374219 0.351562 0.326562 0.00159168
25 0.5875 0.347314 0.345313 0.395215 0.00156116
1 0.554297 0.377734 0.333594 0.308594 0.00142097
16 0.560156 0.38125 0.298438 0.302344 0.00105667
23 0.563281 0.383984 0.335938 0.30625 0.791992
13 0.592969 0.357031 0.276563 0.346094 0.146606
25 0.561719 0.384375 0.3125 0.301563 0.0685425
13 0.561719 0.384375 0.3125 0.301563 0.0394897
2 0.563281 0.383984 0.335938 0.30625 0.0309143
12 0.564844 0.378223 0.324219 0.306055 0.029541
6 0.560156 0.373633 0.339063 0.324609 0.0243835
15 0.563281 0.38125 0.323438 0.295312 0.0146179
4 0.561719 0.378125 0.336719 0.307031 0.0132217
14 0.561719 0.385547 0.329688 0.291406 0.0118713
0 0.561719 0.385547 0.329688 0.291406 0.0105286
3 0.560156 0.373633 0.339063 0.324609 0.00502014
9 0.563281 0.383984 0.335938 0.30625 0.00457382
17 0.592969 0.357031 0.276563 0.346094 0.00388527
25 0.592969 0.357031 0.276563 0.346094 0.00351143
10 0.560156 0.373633 0.339063 0.324609 0.00335121
15 0.607813 0.378027 0.25625 0.326758 0.00314713
16 0.558594 0.369336 0.329688 0.326953 0.00293541
18 0.561719 0.385547 0.329688 0.291406 0.00263214
7 0.561719 0.378125 0.336719 0.307031 0.00254059
19 0.564063 0.353906 0.304688 0.260938 0.00185299
8 0.592969 0.357031 0.276563 0.346094 0.00172043
23 0.559766 0.384473 0.324219 0.293555 0.464844
25 0.560938 0.379785 0.315625 0.316992 0.320801
4 0.557813 0.387598 0.3375 0.285742 0.0325928
14 0.559766 0.384473 0.324219 0.293555 0.0290833
12 0.560938 0.385059 0.320312 0.311133 0.0150757
13 0.559375 0.378906 0.326562 0.301563 0.0123367
2 0.557813 0.378906 0.31875 0.31875 0.00677109
6 0.557813 0.387598 0.3375 0.285742 0.006073
0 0.557813 0.387598 0.3375 0.285742 0.00595856
15 0.560938 0.385059 0.320312 0.311133 0.00445175
4 0.535547 0.416797 0.422656 0.383594 0.00358009
8 0.559766 0.384473 0.324219 0.293555 0.00317192
9 0.557813 0.378906 0.31875 0.31875 0.00174141
1 0.557813 0.387598 0.3375 0.285742 0.00166798
17 0.560938 0.379785 0.315625 0.316992 0.00145531
10 0.559375 0.379004 0.314063 0.31543 0.00105667
23 0.569531 0.385156 0.3375 0.280469 0.631836
25 0.564063 0.393359 0.3125 0.294531 0.0687866
2 0.566016 0.387402 0.321094 0.298633 0.019165
4 0.570312 0.386328 0.328125 0.292969 0.0137405
14 0.564063 0.393359 0.3125 0.294531 0.0128708
0 0.569531 0.385156 0.3375 0.280469 0.00933838
13 0.592578 0.385156 0.335156 0.294531 0.00679779
12 0.566406 0.386621 0.314844 0.295508 0.00526047
15 0.572266 0.389844 0.374219 0.307031 0.00413513
10 0.572266 0.389844 0.374219 0.307031 0.00312424
9 0.566406 0.386621 0.314844 0.295508 0.00237846
18 0.56875 0.387109 0.339063 0.292188 0.00163555
6 0.572266 0.389844 0.374219 0.307031 0.00163555
8 0.567187 0.386719 0.329688 0.284375 0.00143242
3 0.572266 0.389844 0.374219 0.307031 0.00123501
23 0.557031 0.374023 0.310937 0.298047 0.97168
25 0.554688 0.375781 0.307031 0.298438 0.341553
2 0.557813 0.371875 0.3 0.290625 0.0541992
14 0.557813 0.371875 0.3 0.290625 0.0528259
23 0.558984 0.338867 0.339844 0.391016 0.0303345
15 0.558984 0.338867 0.339844 0.391016 0.0185394
25 0.558984 0.338867 0.339844 0.391016 0.0110703
13 0.558984 0.338867 0.339844 0.391016 0.00955963
19 0.560938 0.340234 0.307813 0.317969 0.00731659
12 0.558984 0.338867 0.339844 0.391016 0.00674438
12 0.557031 0.374023 0.310937 0.298047 0.00653839
0 0.561328 0.378906 0.319531 0.290625 0.00443268
4 0.557813 0.371875 0.3 0.290625 0.0039444
18 0.555078 0.367578 0.324219 0.328125 0.00257111
8 0.552344 0.374902 0.3 0.286133 0.00251198
10 0.557422 0.377246 0.316406 0.300195 0.00237846
15 0.557031 0.374023 0.310937 0.298047 0.00206757
9 0.554688 0.375781 0.307031 0.298438 0.00160408
8 0.558984 0.338867 0.339844 0.391016 0.00153637
17 0.558984 0.338867 0.339844 0.391016 0.00147247
3 0.558984 0.338867 0.339844 0.391016 0.00126934
0 0.558984 0.338867 0.339844 0.391016 0.00122547
23 0.563672 0.384766 0.328906 0.289062 0.694336
15 0.564844 0.383984 0.322656 0.289062 0.304932
25 0.557813 0.387402 0.315625 0.29707 0.0265503
12 0.560156 0.383594 0.317188 0.296875 0.0198669
0 0.558984 0.383691 0.336719 0.29668 0.0175781
13 0.570312 0.366797 0.321875 0.334375 0.0173798
4 0.558984 0.383691 0.336719 0.29668 0.0134277
18 0.564844 0.383984 0.322656 0.289062 0.0127258
2 0.561328 0.387598 0.319531 0.29043 0.00812531
6 0.558984 0.383691 0.336719 0.29668 0.00653839
10 0.558984 0.383691 0.336719 0.29668 0.00205803
3 0.558984 0.383691 0.336719 0.29668 0.0020504
14 0.5625 0.380078 0.329688 0.282813 0.00195694
9 0.563672 0.384766 0.328906 0.289062 0.00177479
8 0.558984 0.383691 0.336719 0.29668 0.00140476
13 0.544922 0.383594 0.296094 0.272656 0.00118828
23 0.551172 0.388672 0.317969 0.295312 0.682617
4 0.550391 0.398047 0.323438 0.274219 0.0427246
12 0.550391 0.387109 0.316406 0.30625 0.0333252
13 0.568359 0.372266 0.321094 0.33125 0.0302124
15 0.55 0.382812 0.321875 0.309375 0.0201721
14 0.551172 0.389844 0.3125 0.289062 0.0192719
25 0.547656 0.389941 0.310937 0.291992 0.0166626
0 0.551172 0.389844 0.3125 0.289062 0.0160217
2 0.546094 0.39209 0.303125 0.28457 0.0135345
8 0.550391 0.398047 0.323438 0.274219 0.00740433
6 0.551172 0.389844 0.3125 0.289062 0.00431442
13 0.607813 0.379688 0.259375 0.280469 0.00340271
19 0.551562 0.321094 0.328125 0.434375 0.00275803
9 0.551172 0.389844 0.3125 0.289062 0.00200272
19 0.558594 0.323779 0.307031 0.322754 0.0011158
10 0.547656 0.392578 0.326562 0.285938 0.00106525
1 0.552344 0.395996 0.320312 0.287695 0.00101185
23 0.557031 0.392969 0.315625 0.292969 0.355713
15 0.560938 0.392969 0.325 0.286719 0.174438
2 0.551953 0.390527 0.299219 0.283008 0.0927124
12 0.557031 0.392969 0.315625 0.292969 0.0334778
25 0.555078 0.390527 0.310156 0.287695 0.0255585
4 0.555469 0.398438 0.328125 0.278906 0.0195618
14 0.551953 0.390527 0.299219 0.283008 0.0130692
6 0.554688 0.398047 0.31875 0.280469 0.0105286
13 0.559375 0.390625 0.320312 0.295312 0.00760651
0 0.555469 0.398438 0.328125 0.278906 0.00616837
9 0.55625 0.390723 0.316406 0.282617 0.00213242
19 0.557813 0.325391 0.329688 0.435156 0.00168705
8 0.555469 0.398438 0.328125 0.278906 0.00123501
23 0.558594 0.388965 0.313281 0.298633 0.533203
15 0.558594 0.388965 0.313281 0.298633 0.147583
4 0.557813 0.391016 0.329688 0.294531 0.0440063
0 0.557813 0.386621 0.314063 0.298633 0.023468
12 0.557422 0.389453 0.307031 0.295312 0.0155411
4 0.576563 0.399902 0.473438 0.343945 0.014389
13 0.557031 0.386035 0.310937 0.30293 0.0109024
25 0.557813 0.388281 0.307813 0.288281 0.0107346
8 0.557813 0.386035 0.314063 0.291992 0.0055542
2 0.557813 0.388281 0.307813 0.288281 0.00397491
17 0.558203 0.383594 0.310937 0.291406 0.00168705
18 0.557031 0.386035 0.310937 0.30293 0.00164223
14 0.557813 0.388281 0.307813 0.288281 0.00156116
9 0.55625 0.387402 0.315625 0.29082 0.00135612
23 0.551953 0.396484 0.314063 0.26875 0.861328
0 0.550781 0.409766 0.314844 0.25625 0.0520325
4 0.550781 0.409766 0.314844 0.25625 0.0514526
15 0.551172 0.397656 0.314063 0.269531 0.0446777
14 0.550781 0.409766 0.314844 0.25625 0.0164032
6 0.551172 0.408984 0.317188 0.2625 0.0109482
25 0.551172 0.397656 0.314063 0.269531 0.0107803
3 0.551172 0.408984 0.317188 0.2625 0.0086441
8 0.550781 0.409766 0.314844 0.25625 0.00582123
13 0.55 0.394922 0.309375 0.273438 0.00542831
9 0.551953 0.396484 0.314063 0.26875 0.00279999
11 0.551172 0.408984 0.317188 0.2625 0.0024929
2 0.555078 0.396875 0.313281 0.254688 0.00205803
10 0.551172 0.408984 0.317188 0.2625 0.0019722
17 0.551172 0.397656 0.314063 0.269531 0.00183105
12 0.550781 0.395313 0.3125 0.277344 0.00174141
18 0.550781 0.395313 0.3125 0.277344 0.00143242
23 0.562891 0.395215 0.324219 0.300195 0.808105
2 0.565625 0.391016 0.325 0.296875 0.100525
25 0.566797 0.391406 0.321094 0.289844 0.0460205
14 0.557422 0.394434 0.323438 0.308008 0.0236053
8 0.560156 0.4 0.33125 0.30625 0.0217743
4 0.560156 0.4 0.33125 0.30625 0.0193787
0 0.560156 0.4 0.33125 0.30625 0.008255
10 0.563672 0.39375 0.328906 0.301563 0.00263214
18 0.565625 0.391016 0.325 0.296875 0.00229645
17 0.563672 0.39375 0.328906 0.301563 0.00183868
9 0.566797 0.391406 0.321094 0.289844 0.00139904
12 0.558984 0.389062 0.324219 0.291406 0.0011425
15 0.558984 0.389062 0.324219 0.291406 0.00105667
3 0.560156 0.4 0.33125 0.30625 0.00101662
23 0.573438 0.398438 0.345313 0.301563 0.476562
25 0.571875 0.398438 0.340625 0.307813 0.0583496
14 0.562891 0.396777 0.332031 0.298633 0.008255
2 0.567187 0.396777 0.334375 0.301758 0.00751877
4 0.562891 0.396777 0.332031 0.298633 0.00619125
13 0.575 0.391016 0.327344 0.307031 0.00436401
17 0.573438 0.398438 0.345313 0.301563 0.00419998
6 0.564063 0.394141 0.34375 0.284375 0.00418091
8 0.573438 0.398438 0.345313 0.301563 0.00385475
0 0.562891 0.396777 0.332031 0.298633 0.00366402
15 0.566016 0.397266 0.335156 0.300781 0.0036068
10 0.569922 0.395215 0.349219 0.30332 0.00209999
12 0.573438 0.398438 0.345313 0.301563 0.00148964
23 0.560938 0.387891 0.333594 0.328906 0.715332
25 0.55625 0.388281 0.326562 0.335938 0.104492
2 0.558594 0.388281 0.329688 0.334375 0.0334778
14 0.557422 0.384375 0.328906 0.327344 0.0269623
13 0.562109 0.383691 0.333594 0.341992 0.0123367
12 0.559375 0.387891 0.332031 0.328906 0.0115051
4 0.557422 0.384375 0.328906 0.327344 0.0049057
15 0.562109 0.383691 0.333594 0.341992 0.00203514
0 0.557813 0.396094 0.340625 0.317188 0.00104809
23 0.562891 0.39375 0.350781 0.323438 0.773438
25 0.562109 0.39375 0.349219 0.314844 0.0263519
14 0.562891 0.390625 0.380469 0.335156 0.0136337
15 0.560156 0.388281 0.36875 0.339063 0.00498199
4 0.558594 0.389844 0.363281 0.329688 0.00471878
2 0.562109 0.39375 0.349219 0.314844 0.00349617
8 0.562109 0.39375 0.349219 0.314844 0.00148392
12 0.562891 0.39375 0.350781 0.323438 0.00130463
13 0.560156 0.388281 0.36875 0.339063 0.00105667
23 0.557813 0.387891 0.320312 0.278125 0.811523
13 0.564844 0.377344 0.317188 0.304688 0.0841675
25 0.555078 0.384473 0.314844 0.288867 0.0603027
4 0.555859 0.391406 0.353906 0.303906 0.0112915
14 0.55625 0.380469 0.314063 0.279687 0.0068512
12 0.557813 0.387891 0.320312 0.278125 0.00658798
8 0.560156 0.38584 0.33125 0.28457 0.00307465
15 0.564844 0.377344 0.317188 0.304688 0.00279045
13 0.628906 0.359766 0.314063 0.345313 0.00136185
0 0.559375 0.382031 0.340625 0.2875 0.00116062
6 0.555078 0.392578 0.361719 0.303906 0.00115108
10 0.559375 0.382031 0.334375 0.292969 0.00112438
23 0.563281 0.382129 0.335938 0.332617 0.824219
12 0.563281 0.375 0.339063 0.348438 0.0544128
25 0.564844 0.375 0.345313 0.346094 0.0417786
15 0.563281 0.375 0.339063 0.348438 0.0304413
13 0.571875 0.367773 0.346875 0.362891 0.00952148
14 0.558594 0.384766 0.323438 0.316406 0.00268364
0 0.560156 0.395996 0.340625 0.295508 0.00198746
8 0.563281 0.382715 0.3375 0.32832 0.0018034
17 0.558594 0.375391 0.323438 0.339844 0.00143242
4 0.558594 0.384766 0.323438 0.316406 0.00126457
23 0.552344 0.38916 0.335938 0.279492 0.908203
15 0.553516 0.394531 0.335938 0.282813 0.0275879
14 0.547656 0.3875 0.339063 0.275 0.0165863
4 0.550781 0.389062 0.34375 0.280469 0.0113297
25 0.557031 0.391797 0.33125 0.291406 0.00530243
0 0.547656 0.3875 0.339063 0.275 0.00436401
12 0.553516 0.394531 0.335938 0.282813 0.00279999
3 0.558984 0.389453 0.325781 0.291406 0.0016613
10 0.552734 0.388281 0.336719 0.283594 0.0011158
6 0.558984 0.389453 0.325781 0.291406 0.00103188
23 0.553125 0.389453 0.314063 0.290625 0.816406
14 0.554688 0.387109 0.321875 0.285938 0.0088501
25 0.552734 0.391797 0.311719 0.294531 0.0078125
0 0.554688 0.389453 0.320312 0.291406 0.00544739
15 0.554297 0.391406 0.315625 0.289844 0.0051384
8 0.553125 0.389453 0.314063 0.290625 0.00273705
10 0.553125 0.389453 0.314063 0.290625 0.0024929
13 0.575781 0.382422 0.310937 0.309375 0.00213242
4 0.554688 0.381641 0.326562 0.301563 0.00155449
18 0.554297 0.38916 0.319531 0.298242 0.00127888
23 0.555469 0.392969 0.309375 0.285156 0.690918
15 0.555469 0.386328 0.31875 0.300781 0.0216217
4 0.557031 0.392578 0.345313 0.292969 0.0151901
14 0.55625 0.389453 0.33125 0.284375 0.00941467
25 0.555469 0.389062 0.301563 0.282813 0.00382423
13 0.555469 0.386328 0.31875 0.300781 0.00218201
12 0.555469 0.392969 0.309375 0.285156 0.00201988
0 0.55625 0.389453 0.33125 0.284375 0.00198746
8 0.555469 0.389062 0.301563 0.282813 0.00104809
23 0.548438 0.382129 0.340625 0.332617 0.876465
14 0.553125 0.392969 0.332813 0.295312 0.0340881
25 0.553125 0.392969 0.332813 0.295312 0.033844
8 0.553125 0.392969 0.332813 0.295312 0.00572968
2 0.553125 0.392969 0.332813 0.295312 0.00366402
10 0.546875 0.386719 0.34375 0.338281 0.00261116
0 0.554688 0.374414 0.329688 0.348047 0.00206757
15 0.547656 0.388281 0.344531 0.316406 0.00187492
4 0.553125 0.392969 0.332813 0.295312 0.0012207
23 0.555469 0.38916 0.332813 0.298242 0.457031
15 0.55625 0.395703 0.326562 0.289844 0.0285492
12 0.55625 0.395703 0.326562 0.289844 0.00609589
4 0.554688 0.397266 0.346875 0.296094 0.00547028
14 0.553906 0.386328 0.325 0.289844 0.0046463
25 0.555469 0.390625 0.321875 0.288281 0.00307465
0 0.551562 0.394922 0.348438 0.295312 0.00197983
23 0.5625 0.374023 0.329688 0.294141 0.708984
25 0.559375 0.380078 0.3125 0.288281 0.0483093
14 0.559375 0.378809 0.315625 0.275195 0.0050621
15 0.560938 0.381934 0.309375 0.293945 0.00329781
13 0.575781 0.375098 0.289062 0.312305 0.00302696
12 0.561719 0.384766 0.317188 0.285938 0.00227928
10 0.560156 0.371094 0.320312 0.317188 0.00129414
23 0.564844 0.364063 0.3375 0.328125 0.618652
15 0.564844 0.368359 0.329688 0.324219 0.0450134
25 0.560938 0.375879 0.320312 0.301367 0.0139008
12 0.563281 0.378906 0.328125 0.304688 0.0119629
6 0.565625 0.35332 0.335938 0.352734 0.0115967
13 0.579297 0.361133 0.310937 0.335547 0.00530243
3 0.579297 0.361133 0.310937 0.335547 0.00213242
4 0.563281 0.381641 0.35 0.302344 0.00183868
14 0.557813 0.369531 0.335938 0.3125 0.00179577
0 0.560547 0.363672 0.341406 0.328906 0.0011692
17 0.579297 0.361133 0.310937 0.335547 0.00102425
23 0.559766 0.374609 0.327344 0.294531 0.57959
25 0.560938 0.377246 0.310937 0.27832 0.0670776
14 0.560938 0.380371 0.315625 0.28457 0.00419998
4 0.557422 0.372852 0.311719 0.285547 0.00219154
15 0.559375 0.370703 0.325 0.301563 0.00198746
12 0.560938 0.377246 0.310937 0.27832 0.00156116
0 0.559375 0.370703 0.325 0.301563 0.00152493
23 0.554297 0.378906 0.311719 0.275781 0.800781
25 0.55625 0.372266 0.298438 0.276563 0.0176392
14 0.55625 0.372266 0.298438 0.276563 0.0140076
4 0.555469 0.380859 0.311719 0.276563 0.00247192
0 0.560156 0.378906 0.314063 0.26875 0.00239754
2 0.552734 0.378906 0.311719 0.279687 0.00203514
8 0.553906 0.376172 0.303125 0.278125 0.00156116
15 0.560156 0.378906 0.314063 0.26875 0.00131512
6 0.552734 0.378906 0.311719 0.279687 0.00114727
10 0.552734 0.378906 0.311719 0.279687 0.00114727
23 0.553125 0.373828 0.314063 0.269531 0.918945
25 0.552344 0.370703 0.302344 0.271094 0.0100098
14 0.555469 0.371875 0.307813 0.264062 0.00857544
10 0.551953 0.373437 0.311719 0.271875 0.00211525
2 0.553125 0.373828 0.314063 0.269531 0.00135612
0 0.553125 0.373828 0.314063 0.269531 0.00107765
23 0.560156 0.373828 0.34375 0.302344 0.747559
25 0.559375 0.375781 0.326562 0.279687 0.00809479
15 0.559375 0.378223 0.333594 0.28418 0.00413513
14 0.55625 0.364453 0.339063 0.316406 0.00307465
12 0.560156 0.375781 0.329688 0.282813 0.00214958
8 0.560938 0.373047 0.34375 0.310937 0.00148392
0 0.560938 0.373047 0.34375 0.310937 0.00103664
23 0.558594 0.381641 0.328125 0.295312 0.760742
15 0.561719 0.382031 0.320312 0.282813 0.0150757
25 0.563281 0.379688 0.315625 0.285938 0.0118256
13 0.58125 0.374609 0.2875 0.295312 0.00666809
0 0.557813 0.379688 0.329688 0.290625 0.0046463
4 0.557813 0.379688 0.329688 0.290625 0.00305176
14 0.557813 0.379688 0.329688 0.290625 0.00209999
12 0.561719 0.382031 0.320312 0.282813 0.00156689
3 0.564063 0.378516 0.323438 0.304688 0.00146675
23 0.553906 0.376172 0.3125 0.276563 0.682617
25 0.555859 0.376953 0.301563 0.278125 0.0222931
14 0.553125 0.375684 0.315625 0.25957 0.0184784
2 0.553125 0.375684 0.315625 0.25957 0.00871277
0 0.553125 0.375684 0.315625 0.25957 0.0041008
4 0.553125 0.375684 0.315625 0.25957 0.00261116
13 0.580469 0.374805 0.270313 0.287109 0.00131989
23 0.552734 0.367188 0.316406 0.300781 0.490234
25 0.553516 0.369727 0.308594 0.300391 0.0603027
14 0.556641 0.366797 0.317969 0.289844 0.00452042
2 0.552734 0.367188 0.321094 0.303125 0.00252151
13 0.567969 0.364844 0.315625 0.317188 0.00104046
23 0.553906 0.372461 0.328125 0.313672 0.297363
25 0.557813 0.369922 0.321875 0.311719 0.0446777
14 0.556641 0.374609 0.316406 0.289062 0.00237846
13 0.5625 0.365234 0.315625 0.319531 0.00146675
23 0.553906 0.381641 0.31875 0.294531 0.73877
25 0.553125 0.38125 0.317188 0.292969 0.0250854
14 0.555469 0.380859 0.320312 0.2875 0.00664139
13 0.564063 0.373242 0.3125 0.307422 0.00226974
2 0.555469 0.380859 0.320312 0.2875 0.00205803
0 0.555469 0.380859 0.320312 0.2875 0.00184631
10 0.554688 0.378516 0.323438 0.30625 0.00156689
15 0.553125 0.38125 0.317188 0.292969 0.00152493
17 0.553125 0.38125 0.317188 0.292969 0.00102425
23 0.557422 0.376953 0.316406 0.282031 0.73584
25 0.557813 0.378809 0.309375 0.283008 0.0460205
14 0.557031 0.376953 0.304688 0.277344 0.0105667
2 0.558594 0.375781 0.317188 0.292188 0.00370789
4 0.553125 0.377441 0.303125 0.266992 0.00137806
0 0.553125 0.377441 0.303125 0.266992 0.00119209
13 0.5625 0.375 0.307813 0.297656 0.00102425
23 0.557031 0.378809 0.307813 0.27207 0.638672
25 0.555469 0.379004 0.301563 0.276367 0.0228882
14 0.554688 0.376465 0.310937 0.267383 0.00345612
2 0.555469 0.379004 0.301563 0.276367 0.0019722
15 0.557031 0.378809 0.307813 0.27207 0.0015192
0 0.554688 0.376465 0.310937 0.267383 0.00124931
23 0.557813 0.377734 0.309375 0.282031 0.57373
15 0.559375 0.376953 0.314063 0.277344 0.0116882
25 0.557031 0.379004 0.3 0.27793 0.0068512
12 0.558203 0.380078 0.302344 0.275781 0.00172043
14 0.559375 0.376953 0.314063 0.277344 0.00112438
23 0.553516 0.379785 0.328125 0.282617 0.673828
25 0.554688 0.380078 0.317188 0.282031 0.021286
2 0.554688 0.380078 0.317188 0.282031 0.00538635
14 0.554297 0.380859 0.328906 0.277344 0.00466537
4 0.553516 0.387402 0.347656 0.283008 0.00304031
23 0.555469 0.379297 0.304688 0.273438 0.78125
25 0.555469 0.377344 0.295312 0.273438 0.0254669
14 0.552734 0.380469 0.308594 0.264844 0.00245285
4 0.552734 0.380469 0.308594 0.264844 0.00192642
0 0.552734 0.380469 0.308594 0.264844 0.00163555
15 0.554297 0.380859 0.308594 0.274219 0.00161076
2 0.552734 0.380469 0.308594 0.264844 0.00157928
13 0.574219 0.374805 0.282813 0.283203 0.0012064
23 0.558984 0.379297 0.299219 0.278125 0.602051
25 0.558594 0.379785 0.292188 0.279492 0.0279083
14 0.557813 0.380859 0.296875 0.266406 0.00154305
15 0.557813 0.379688 0.304688 0.280469 0.00148964
13 0.575781 0.376563 0.282813 0.289844 0.0011034
23 0.55625 0.380078 0.3125 0.286719 0.546875
25 0.556641 0.380859 0.303906 0.289062 0.00748825
14 0.557422 0.381641 0.310937 0.275781 0.00273705
15 0.556641 0.379785 0.317188 0.28418 0.00219917
8 0.558594 0.383594 0.298438 0.278125 0.00163555
4 0.556641 0.379785 0.317188 0.28418 0.00111198
23 0.557813 0.383594 0.303125 0.271875 0.592773
25 0.55625 0.379785 0.298438 0.276367 0.0216217
15 0.556641 0.384277 0.307031 0.279883 0.00265312
14 0.557031 0.38291 0.3 0.266992 0.00216484
8 0.557813 0.380469 0.292188 0.265625 0.00123501
23 0.559375 0.378906 0.295312 0.264062 0.613281
25 0.561719 0.378516 0.282813 0.271094 0.0370483
14 0.559375 0.378223 0.292188 0.25918 0.00324821
8 0.560938 0.380469 0.284375 0.265625 0.00142097
23 0.557813 0.376563 0.2875 0.258594 0.519531
25 0.557813 0.375879 0.279687 0.266992 0.0423889
14 0.557031 0.375781 0.285938 0.254688 0.00453949
15 0.557813 0.376563 0.2875 0.258594 0.0014782
8 0.557813 0.378223 0.279687 0.262305 0.00129986
0 0.555469 0.374805 0.286719 0.251953 0.00112438
23 0.558594 0.377344 0.289062 0.25 0.697754
25 0.559375 0.375 0.278125 0.258594 0.021698
8 0.560938 0.376172 0.279687 0.253906 0.0042305
0 0.557813 0.377441 0.286719 0.243555 0.00376511
15 0.557813 0.377441 0.286719 0.243555 0.00273705
14 0.559375 0.376465 0.285938 0.243945 0.00206757
23 0.555078 0.381348 0.296094 0.254492 0.654785
25 0.557031 0.378516 0.2875 0.260938 0.0465393
14 0.555469 0.379004 0.290625 0.249805 0.00457382
8 0.55625 0.379297 0.2875 0.257031 0.00157928
4 0.555469 0.379004 0.290625 0.249805 0.00121117
2 0.559375 0.381934 0.29375 0.256445 0.00114727
23 0.550781 0.378906 0.289062 0.2625 0.812988
25 0.552344 0.37666 0.28125 0.26543 0.0179901
14 0.553906 0.377344 0.285938 0.254688 0.0049057
8 0.553516 0.377734 0.278125 0.260156 0.0016613
0 0.551562 0.379004 0.290625 0.254492 0.00136662
23 0.553516 0.37959 0.3 0.270508 0.702637
25 0.55625 0.379297 0.284375 0.275781 0.018692
14 0.55625 0.378809 0.285156 0.270508 0.00253105
23 0.55625 0.37959 0.314063 0.276758 0.647949
25 0.557031 0.379688 0.303125 0.279687 0.005867
14 0.557813 0.381152 0.303125 0.261133 0.00281143
15 0.557422 0.379297 0.311719 0.264062 0.00261116
4 0.557422 0.379297 0.311719 0.264062 0.00192642
8 0.557813 0.379785 0.296094 0.276367 0.00120163
23 0.558594 0.380469 0.309375 0.273438 0.692871
25 0.560156 0.379297 0.303125 0.278125 0.00815582
14 0.560156 0.380859 0.303125 0.260938 0.00397491
4 0.559375 0.380078 0.307813 0.261719 0.00362206
0 0.559375 0.380078 0.307813 0.261719 0.00184631
8 0.560938 0.37959 0.294531 0.270508 0.00151253
15 0.559375 0.380078 0.307813 0.261719 0.00133514
23 0.557031 0.380078 0.304688 0.266406 0.750488
25 0.558594 0.379785 0.29375 0.27168 0.00643921
14 0.558984 0.380566 0.292969 0.256055 0.00304031
0 0.558984 0.379688 0.297656 0.25625 0.0017004
4 0.558984 0.379688 0.297656 0.25625 0.00159168
15 0.558984 0.379688 0.297656 0.25625 0.00148964
23 0.557422 0.380078 0.298438 0.264844 0.841797
25 0.557031 0.379688 0.29375 0.273438 0.00634003
14 0.55625 0.381152 0.295312 0.256445 0.00318527
2 0.557422 0.380859 0.302344 0.269531 0.00136662
0 0.55625 0.380859 0.3 0.255469 0.00116062
4 0.55625 0.380859 0.3 0.255469 0.00109005
23 0.55625 0.380859 0.301563 0.265625 0.790527
25 0.55625 0.378809 0.296875 0.273633 0.00757599
14 0.555859 0.381348 0.299219 0.256055 0.00416565
2 0.55625 0.380859 0.301563 0.265625 0.00147247
4 0.555859 0.381348 0.299219 0.256055 0.00141048
0 0.555859 0.381348 0.299219 0.256055 0.00105667
23 0.558203 0.379785 0.300781 0.268555 0.697754
25 0.559375 0.378906 0.29375 0.273438 0.0156708
14 0.555859 0.380371 0.296094 0.261133 0.00486755
4 0.554688 0.380078 0.3 0.258594 0.00168705
2 0.5625 0.380371 0.298438 0.273633 0.00151253
8 0.559766 0.378516 0.2875 0.267188 0.00100803
23 0.555859 0.380859 0.296094 0.263281 0.850098
25 0.55625 0.380078 0.2875 0.270313 0.00391388
14 0.555469 0.380469 0.292969 0.257031 0.00314713
23 0.558984 0.382031 0.291406 0.260938 0.830078
25 0.559375 0.380469 0.284375 0.26875 0.0160217
14 0.557813 0.382812 0.289062 0.257031 0.00251198
15 0.55625 0.383984 0.292188 0.250781 0.00147247
2 0.560156 0.382031 0.292188 0.265625 0.00141621
23 0.558203 0.381934 0.305469 0.270508 0.744629
25 0.559375 0.380469 0.297656 0.274219 0.00619125
14 0.55625 0.383203 0.301563 0.264844 0.00134087
23 0.558203 0.38291 0.303906 0.270117 0.792969
25 0.558594 0.381641 0.296875 0.276563 0.00593567
14 0.55625 0.382812 0.301563 0.267188 0.00288963
2 0.558984 0.382812 0.305469 0.275 0.00154877
23 0.557813 0.381641 0.301563 0.270313 0.771973
25 0.557813 0.381152 0.295312 0.275195 0.00327301
14 0.555469 0.381934 0.296875 0.26582 0.00321007
2 0.557813 0.381641 0.301563 0.270313 0.00146103
4 0.554688 0.380469 0.3 0.265625 0.00107765
23 0.557813 0.381641 0.307813 0.273438 0.741699
25 0.557813 0.381348 0.301563 0.276367 0.00328636
14 0.555859 0.381641 0.303906 0.26875 0.00237846
23 0.559766 0.38125 0.303906 0.269531 0.795898
25 0.559375 0.380469 0.298438 0.274219 0.00530243
2 0.560547 0.381641 0.307031 0.273438 0.00253105
14 0.559375 0.382715 0.292188 0.270508 0.00237846
23 0.557813 0.382031 0.3 0.270313 0.78418
25 0.558594 0.381641 0.292188 0.275781 0.00324821
2 0.558594 0.383496 0.301563 0.27207 0.00215721
14 0.557031 0.382031 0.297656 0.267188 0.00161076
23 0.558594 0.383594 0.302344 0.271875 0.825684
25 0.559375 0.382812 0.295312 0.275 0.00399017
2 0.559375 0.385059 0.304688 0.273633 0.0024929
14 0.558594 0.383594 0.290625 0.271875 0.00160408
23 0.557422 0.383594 0.300781 0.26875 0.822266
25 0.557422 0.382129 0.292969 0.27168 0.00503922
2 0.557813 0.385547 0.301563 0.270313 0.00235939
14 0.557031 0.382812 0.289062 0.267188 0.00200272
23 0.557813 0.383203 0.303125 0.269531 0.825684
25 0.557422 0.382129 0.295312 0.273242 0.00314713
2 0.557813 0.384375 0.304688 0.271875 0.00228691
14 0.55625 0.382715 0.3 0.267383 0.00176811
23 0.557813 0.382422 0.3 0.271875 0.810547
25 0.557813 0.38125 0.292188 0.275781 0.00370789
14 0.55625 0.38291 0.298438 0.270117 0.0014782
2 0.558203 0.383691 0.302344 0.274805 0.00147247
23 0.557031 0.383496 0.300781 0.270508 0.805664
25 0.557422 0.382031 0.292969 0.275 0.00235939
14 0.555078 0.383594 0.299219 0.269531 0.00181007
2 0.557422 0.384473 0.302344 0.273242 0.00104427
23 0.557813 0.383984 0.296875 0.26875 0.817383
25 0.557813 0.382031 0.289062 0.271875 0.00217438
14 0.555469 0.383203 0.296875 0.267188 0.00200272
2 0.558203 0.385254 0.298438 0.27168 0.00105286
23 0.558203 0.383984 0.300781 0.267969 0.795898
25 0.558594 0.382031 0.292188 0.271875 0.00239754
14 0.555469 0.383203 0.298438 0.266406 0.00138855
2 0.558594 0.385059 0.301563 0.270508 0.00116062
23 0.558594 0.383594 0.296875 0.267188 0.794434
25 0.558594 0.381934 0.289062 0.270508 0.00259018
2 0.558984 0.385156 0.298438 0.269531 0.00191879
14 0.556641 0.383496 0.296094 0.26582 0.00158501
23 0.557422 0.383594 0.297656 0.266406 0.796875
25 0.557813 0.382129 0.289062 0.270117 0.00348282
14 0.555859 0.383203 0.296094 0.265625 0.00201988
2 0.557813 0.385547 0.298438 0.267969 0.00195694
23 0.558594 0.383984 0.297656 0.267188 0.805664
25 0.558984 0.382715 0.289844 0.270508 0.00370789
2 0.558984 0.385547 0.299219 0.26875 0.00203514
14 0.556641 0.383496 0.296094 0.26582 0.00194931
23 0.558594 0.383984 0.296875 0.266406 0.796875
25 0.558594 0.38291 0.289062 0.270117 0.00380898
14 0.557031 0.383984 0.295312 0.265625 0.00206757
2 0.558594 0.38584 0.298438 0.267383 0.00170708
23 0.558594 0.383984 0.298438 0.267969 0.804199
25 0.558594 0.382812 0.290625 0.271094 0.00379562
2 0.558984 0.385547 0.3 0.26875 0.00194168
14 0.557031 0.384277 0.297656 0.267383 0.00181007
23 0.558594 0.383496 0.298438 0.267383 0.806641
25 0.558594 0.382422 0.290625 0.271094 0.00416565
14 0.557031 0.383496 0.296875 0.267383 0.00205803
2 0.558984 0.385059 0.299219 0.268945 0.0020504
23 0.558594 0.383594 0.297656 0.267188 0.79834
25 0.558984 0.382422 0.289844 0.271094 0.00426483
2 0.559375 0.385156 0.298438 0.26875 0.00200272
14 0.557031 0.383984 0.296875 0.267188 0.00188255
23 0.558984 0.383594 0.296875 0.266406 0.804199
25 0.559375 0.382812 0.289062 0.270313 0.0042305
2 0.559375 0.384766 0.298438 0.267969 0.00192642
14 0.557031 0.383496 0.295312 0.26582 0.00186729
23 0.559375 0.383691 0.296875 0.266992 0.806641
25 0.559375 0.382812 0.289062 0.271094 0.00429916
2 0.560156 0.385254 0.298438 0.268555 0.00192642
14 0.557813 0.383691 0.295312 0.266992 0.0016489
23 0.559375 0.383984 0.296875 0.266406 0.806641
25 0.559375 0.382812 0.289062 0.270313 0.00453949
2 0.560156 0.385059 0.298438 0.267383 0.00194168
14 0.557813 0.384473 0.295312 0.266992 0.00164223
23 0.558594 0.383594 0.298438 0.267188 0.796875
25 0.558594 0.382422 0.290625 0.271094 0.00503922
2 0.559375 0.384766 0.3 0.267969 0.00200272
14 0.557031 0.383496 0.296875 0.267383 0.00177479
23 0.558594 0.383496 0.298438 0.267383 0.806641
25 0.558984 0.382422 0.289844 0.271094 0.00413513
2 0.558984 0.385059 0.299219 0.268945 0.00205803
14 0.556641 0.383496 0.296875 0.267383 0.0020504
