19 0.535937 0.46875 0.29375 0.414844 0.0367737
3 0.511328 0.484375 0.332031 0.414844 0.0143356
11 0.50791 0.483594 0.337305 0.421875 0.0100555
20 0.50791 0.483594 0.337305 0.421875 0.00674438
11 0.601465 0.479688 0.514258 0.420312 0.00482941
11 0.66543 0.384766 0.669141 0.650781 0.00468063
14 0.507129 0.48125 0.338867 0.39375 0.00400543
9 0.50791 0.483594 0.337305 0.421875 0.00367928
5 0.48916 0.482422 0.398242 0.41875 0.00365067
19 0.885156 0.195752 0.229687 0.363965 0.00324821
17 0.507129 0.48125 0.338867 0.39375 0.00307465
1 0.50791 0.483594 0.337305 0.421875 0.00255013
19 0.499609 0.460156 0.295312 0.360938 0.00253105
8 0.511328 0.484375 0.332031 0.414844 0.00248146
11 0.558594 0.48584 0.748438 0.508008 0.00216484
21 0.535937 0.46875 0.29375 0.414844 0.00191879
11 0.859375 0.19668 0.28125 0.393359 0.00191212
0 0.519141 0.48125 0.34375 0.396094 0.00188923
5 0.5125 0.443066 0.840625 0.62168 0.0016613
3 0.660547 0.536035 0.678906 0.50918 0.00158501
19 0.491406 0.420996 0.260938 0.286133 0.00157356
3 0.61875 0.387891 0.7625 0.775781 0.00149536
2 0.507129 0.48125 0.338867 0.39375 0.00142097
0 0.61875 0.387891 0.7625 0.775781 0.00142097
19 0.899219 0.147461 0.201563 0.294922 0.00138855
3 0.571484 0.564063 0.727344 0.634375 0.00137234
3 0.665625 0.401563 0.66875 0.610938 0.00129986
3 0.861328 0.197461 0.277344 0.394922 0.00127888
10 0.511328 0.484375 0.332031 0.414844 0.00125504
14 0.601465 0.479688 0.514258 0.420312 0.00117397
11 0.649219 0.468848 0.701563 0.460742 0.00114727
4 0.502734 0.48125 0.353906 0.41875 0.00113392
13 0.490527 0.48125 0.356445 0.414062 0.00112438
5 0.601465 0.479688 0.514258 0.420312 0.00110722
14 0.571484 0.564063 0.727344 0.634375 0.00108624
11 0.835156 0.203906 0.329688 0.407813 0.00104809
1 0.859375 0.19668 0.28125 0.393359 0.00104809
0 0.660547 0.536035 0.678906 0.50918 0.00104427
2 0.66543 0.384766 0.669141 0.650781 0.00103188
3 0.601465 0.479688 0.514258 0.420312 0.00102425
19 0.534375 0.441406 0.276563 0.30625 0.00100803
22 0.528027 0.494922 0.361133 0.476562 0.995605
17 0.513379 0.499219 0.318555 0.451562 0.96582
22 0.416797 0.557422 0.572656 0.596094 0.911133
17 0.444922 0.509375 0.472656 0.472656 0.831055
17 0.416797 0.557422 0.572656 0.596094 0.831055
22 0.616406 0.504297 0.576563 0.647656 0.81543
20 0.496973 0.495215 0.351367 0.470508 0.806641
22 0.444922 0.509375 0.472656 0.472656 0.677246
3 0.496973 0.495215 0.351367 0.470508 0.665527
22 0.413672 0.581641 0.707031 0.780469 0.567871
17 0.413672 0.581641 0.707031 0.780469 0.529297
20 0.416797 0.557422 0.572656 0.596094 0.498047
3 0.416797 0.557422 0.572656 0.596094 0.46875
22 0.656348 0.611328 0.687305 0.777344 0.424316
17 0.398828 0.266406 0.797656 0.532813 0.375732
11 0.496973 0.495215 0.351367 0.470508 0.335449
17 0.616406 0.504297 0.576563 0.647656 0.330322
1 0.496973 0.495215 0.351367 0.470508 0.250244
14 0.496973 0.495215 0.351367 0.470508 0.236572
17 0.550781 0.483984 0.422656 0.521094 0.209473
25 0.528125 0.496191 0.341406 0.451367 0.206299
22 0.398828 0.266406 0.797656 0.532813 0.196777
11 0.416797 0.557422 0.572656 0.596094 0.196777
22 0.859766 0.20625 0.280469 0.4125 0.191895
21 0.535156 0.480566 0.302344 0.399805 0.175537
19 0.535156 0.480566 0.302344 0.399805 0.165649
11 0.438379 0.623828 0.695117 0.752344 0.154053
10 0.416797 0.557422 0.572656 0.596094 0.152588
17 0.45 0.654102 0.8375 0.691797 0.145142
20 0.413672 0.581641 0.707031 0.780469 0.140869
17 0.337891 0.229687 0.675781 0.459375 0.124207
14 0.416797 0.557422 0.572656 0.596094 0.117554
22 0.45 0.654102 0.8375 0.691797 0.113953
17 0.539062 0.269922 0.792188 0.539844 0.106323
10 0.496973 0.495215 0.351367 0.470508 0.0987549
17 0.656348 0.611328 0.687305 0.777344 0.092041
8 0.444922 0.509375 0.472656 0.472656 0.0913696
20 0.371094 0.265234 0.742188 0.530469 0.0900879
17 0.875 0.205273 0.25 0.410547 0.0900879
3 0.438379 0.623828 0.695117 0.752344 0.0888062
17 0.850391 0.219531 0.299219 0.439063 0.0859985
19 0.870703 0.1875 0.258594 0.375 0.085083
14 0.371094 0.265234 0.742188 0.530469 0.0836182
14 0.413672 0.581641 0.707031 0.780469 0.0794678
17 0.408691 0.44209 0.612305 0.762695 0.0775146
17 0.308984 0.373242 0.617969 0.746484 0.0755615
1 0.416797 0.557422 0.572656 0.596094 0.0715942
17 0.613281 0.657227 0.773438 0.685547 0.0713501
22 0.553809 0.447266 0.437695 0.700781 0.0690308
8 0.513379 0.499219 0.318555 0.451562 0.0675659
22 0.655859 0.470313 0.688281 0.895312 0.0670776
17 0.690234 0.528906 0.619531 0.926562 0.0658569
3 0.616406 0.504297 0.576563 0.647656 0.0656128
13 0.438379 0.623828 0.695117 0.752344 0.0653687
17 0.376172 0.330078 0.752344 0.660156 0.0600891
22 0.613281 0.657227 0.773438 0.685547 0.0598755
8 0.416797 0.557422 0.572656 0.596094 0.0592041
22 0.539062 0.269922 0.792188 0.539844 0.0566406
17 0.389062 0.605469 0.778125 0.789062 0.0564575
20 0.616406 0.504297 0.576563 0.647656 0.0492249
1 0.438379 0.623828 0.695117 0.752344 0.0484924
22 0.329688 0.266406 0.659375 0.532813 0.0481262
0 0.513379 0.499219 0.318555 0.451562 0.0467224
22 0.408691 0.44209 0.612305 0.762695 0.0456848
22 0.372266 0.495313 0.744531 0.851562 0.0438538
17 0.512109 0.217773 0.642969 0.435547 0.0435181
22 0.389062 0.605469 0.778125 0.789062 0.0435181
3 0.371094 0.265234 0.742188 0.530469 0.0419312
3 0.550781 0.483984 0.422656 0.521094 0.0411377
20 0.471484 0.303906 0.857031 0.607813 0.0409851
22 0.376172 0.330078 0.752344 0.660156 0.0406799
17 0.372266 0.495313 0.744531 0.851562 0.0399475
10 0.438379 0.623828 0.695117 0.752344 0.0384521
19 0.891406 0.160156 0.217188 0.320312 0.0383301
22 0.308984 0.373242 0.617969 0.746484 0.0374756
13 0.416797 0.557422 0.572656 0.596094 0.0374756
22 0.689844 0.555859 0.620313 0.888281 0.0360718
1 0.392969 0.302344 0.785937 0.604688 0.0359497
2 0.513379 0.499219 0.318555 0.451562 0.0340881
14 0.497656 0.269531 0.807813 0.539062 0.0327148
21 0.870703 0.1875 0.258594 0.375 0.0325928
13 0.392969 0.302344 0.785937 0.604688 0.0316162
17 0.730859 0.349219 0.538281 0.698438 0.0313721
8 0.438379 0.623828 0.695117 0.752344 0.0305634
0 0.416797 0.557422 0.572656 0.596094 0.0297546
0 0.444922 0.509375 0.472656 0.472656 0.029541
20 0.409375 0.654297 0.81875 0.691406 0.0292053
21 0.891406 0.160156 0.217188 0.320312 0.028656
22 0.730859 0.349219 0.538281 0.698438 0.0283356
3 0.859766 0.20625 0.280469 0.4125 0.0280151
3 0.656348 0.611328 0.687305 0.777344 0.0274811
20 0.550781 0.483984 0.422656 0.521094 0.0268555
13 0.496973 0.495215 0.351367 0.470508 0.0267639
9 0.496973 0.495215 0.351367 0.470508 0.0261536
1 0.289844 0.373828 0.579688 0.747656 0.0256653
17 0.514453 0.704102 0.858594 0.591797 0.0255585
20 0.661328 0.535937 0.677344 0.864062 0.0253754
25 0.444922 0.509375 0.472656 0.472656 0.0252686
11 0.656348 0.611328 0.687305 0.777344 0.0252686
17 0.543359 0.184473 0.574219 0.368945 0.024704
22 0.543066 0.251953 0.601367 0.503906 0.0226288
1 0.850391 0.219531 0.299219 0.439063 0.0225372
14 0.656348 0.611328 0.687305 0.777344 0.0223694
1 0.453906 0.678125 0.842188 0.64375 0.0223694
20 0.308984 0.373242 0.617969 0.746484 0.02211
8 0.392969 0.302344 0.785937 0.604688 0.0213623
14 0.616406 0.504297 0.576563 0.647656 0.0211182
22 0.486719 0.650098 0.524219 0.699805 0.0204926
3 0.380469 0.54375 0.760938 0.86875 0.0200958
20 0.850391 0.219531 0.299219 0.439063 0.0200195
14 0.315625 0.344922 0.63125 0.689844 0.0198669
1 0.380469 0.54375 0.760938 0.86875 0.0197906
1 0.329688 0.266406 0.659375 0.532813 0.0196838
11 0.616406 0.504297 0.576563 0.647656 0.0196381
17 0.354297 0.404297 0.708594 0.808594 0.0195007
14 0.408691 0.44209 0.612305 0.762695 0.0193481
17 0.691602 0.628906 0.616797 0.742188 0.0191956
20 0.875 0.205273 0.25 0.410547 0.0191193
20 0.348828 0.326758 0.697656 0.653516 0.0189819
13 0.616406 0.504297 0.576563 0.647656 0.0187683
3 0.497656 0.269531 0.807813 0.539062 0.0186157
1 0.497656 0.269531 0.807813 0.539062 0.0183411
17 0.443652 0.654688 0.564258 0.690625 0.0177155
13 0.329688 0.266406 0.659375 0.532813 0.0170441
1 0.417969 0.607031 0.835938 0.785937 0.0168457
25 0.616406 0.504297 0.576563 0.647656 0.0167236
22 0.514453 0.704102 0.858594 0.591797 0.0165863
20 0.585938 0.660156 0.81875 0.679688 0.016098
24 0.616406 0.504297 0.576563 0.647656 0.0160217
14 0.409375 0.654297 0.81875 0.691406 0.0159607
24 0.528027 0.494922 0.361133 0.476562 0.0157776
17 0.736328 0.483984 0.527344 0.864844 0.0156021
25 0.550781 0.483984 0.422656 0.521094 0.0155411
13 0.497656 0.269531 0.807813 0.539062 0.0154266
5 0.438379 0.623828 0.695117 0.752344 0.0153656
20 0.408691 0.44209 0.612305 0.762695 0.0148392
25 0.416797 0.557422 0.572656 0.596094 0.0148392
13 0.656348 0.611328 0.687305 0.777344 0.0147858
5 0.416797 0.557422 0.572656 0.596094 0.0144501
1 0.560938 0.703906 0.846875 0.592188 0.014389
17 0.475781 0.334766 0.870313 0.669531 0.0143356
11 0.442578 0.495313 0.540625 0.451562 0.0142288
13 0.535156 0.480566 0.302344 0.399805 0.014061
14 0.521191 0.461719 0.310742 0.360938 0.0137405
22 0.698438 0.426172 0.603125 0.852344 0.013588
9 0.416797 0.557422 0.572656 0.596094 0.0135345
16 0.528027 0.494922 0.361133 0.476562 0.0135345
11 0.392969 0.302344 0.785937 0.604688 0.0130234
19 0.864453 0.212549 0.271094 0.349121 0.0129242
22 0.563184 0.164062 0.526758 0.328125 0.0129242
11 0.859766 0.20625 0.280469 0.4125 0.0129242
1 0.690234 0.528906 0.619531 0.926562 0.0129242
3 0.45 0.654102 0.8375 0.691797 0.0127716
13 0.289844 0.373828 0.579688 0.747656 0.0127258
2 0.444922 0.509375 0.472656 0.472656 0.012146
22 0.733789 0.544141 0.532422 0.896094 0.012146
20 0.442578 0.495313 0.540625 0.451562 0.012146
22 0.475781 0.334766 0.870313 0.669531 0.0119171
17 0.621973 0.297656 0.756055 0.595313 0.011734
10 0.850391 0.219531 0.299219 0.439063 0.0115509
5 0.467578 0.489453 0.482031 0.445312 0.0113754
14 0.585938 0.660156 0.81875 0.679688 0.0113297
14 0.655859 0.470313 0.688281 0.895312 0.0112457
17 0.307422 0.449219 0.614844 0.898438 0.0110703
13 0.415625 0.678125 0.83125 0.64375 0.0109863
22 0.354297 0.404297 0.708594 0.808594 0.0107803
22 0.521191 0.461719 0.310742 0.360938 0.0106964
9 0.442578 0.495313 0.540625 0.451562 0.0105667
17 0.728906 0.681445 0.542188 0.637109 0.0104904
14 0.550781 0.483984 0.422656 0.521094 0.0103683
0 0.553809 0.447266 0.437695 0.700781 0.0102921
1 0.613281 0.657227 0.773438 0.685547 0.0101318
22 0.728906 0.63125 0.542188 0.7375 0.0100937
1 0.66875 0.607813 0.6625 0.784375 0.00985718
14 0.291406 0.217969 0.582812 0.435937 0.00981903
1 0.875 0.205273 0.25 0.410547 0.00978088
1 0.365234 0.380078 0.730469 0.760156 0.00978088
13 0.442578 0.495313 0.540625 0.451562 0.00974274
17 0.642188 0.44375 0.715625 0.8875 0.00959778
1 0.363672 0.656641 0.727344 0.686719 0.00955963
0 0.398828 0.266406 0.797656 0.532813 0.00948334
3 0.408691 0.44209 0.612305 0.762695 0.00941467
17 0.578906 0.141211 0.492188 0.282422 0.00926971
13 0.380469 0.54375 0.760938 0.86875 0.00919342
0 0.413672 0.581641 0.707031 0.780469 0.00919342
20 0.646484 0.610938 0.707031 0.778125 0.00905609
3 0.289844 0.373828 0.579688 0.747656 0.00888062
13 0.729688 0.380469 0.540625 0.760938 0.00888062
21 0.490625 0.503906 0.365625 0.453125 0.00881195
14 0.689844 0.555859 0.620313 0.888281 0.00878143
11 0.550781 0.483984 0.422656 0.521094 0.0086441
3 0.590234 0.679297 0.819531 0.641406 0.0086441
20 0.543066 0.251953 0.601367 0.503906 0.00861359
1 0.730859 0.349219 0.538281 0.698438 0.00857544
13 0.550781 0.483984 0.422656 0.521094 0.0085144
14 0.442578 0.495313 0.540625 0.451562 0.0085144
14 0.512109 0.217773 0.642969 0.435547 0.00844574
13 0.595313 0.30332 0.809375 0.606641 0.00844574
1 0.595313 0.30332 0.809375 0.606641 0.00841522
13 0.841797 0.214258 0.316406 0.428516 0.00831604
20 0.514453 0.704102 0.858594 0.591797 0.00821686
1 0.543066 0.251953 0.601367 0.503906 0.00812531
8 0.380469 0.54375 0.760938 0.86875 0.00812531
25 0.3875 0.231836 0.775 0.463672 0.00803375
22 0.621973 0.297656 0.756055 0.595313 0.00800323
14 0.850391 0.219531 0.299219 0.439063 0.00793457
22 0.307422 0.449219 0.614844 0.898438 0.00793457
13 0.514453 0.704102 0.858594 0.591797 0.00790405
13 0.316406 0.428516 0.632812 0.857031 0.00787354
8 0.329688 0.266406 0.659375 0.532813 0.0078125
3 0.543066 0.251953 0.601367 0.503906 0.0078125
24 0.656348 0.611328 0.687305 0.777344 0.0078125
13 0.670313 0.5625 0.659375 0.875 0.00775528
8 0.855273 0.211719 0.289453 0.423438 0.00772476
10 0.371094 0.265234 0.742188 0.530469 0.00769424
8 0.497656 0.269531 0.807813 0.539062 0.00769424
2 0.416797 0.557422 0.572656 0.596094 0.00760651
17 0.743359 0.705859 0.513281 0.588281 0.00760651
14 0.361133 0.605469 0.722266 0.789062 0.00757599
13 0.359961 0.630469 0.719922 0.739062 0.00751877
11 0.380469 0.54375 0.760938 0.86875 0.00746155
20 0.361133 0.605469 0.722266 0.789062 0.00746155
3 0.442578 0.495313 0.540625 0.451562 0.00740433
17 0.292383 0.269922 0.584766 0.539844 0.00734711
9 0.438379 0.623828 0.695117 0.752344 0.00723267
20 0.712109 0.532422 0.575781 0.928906 0.00720596
13 0.543066 0.251953 0.601367 0.503906 0.00714874
1 0.728906 0.681445 0.542188 0.637109 0.00712204
22 0.566797 0.41875 0.564844 0.8375 0.00695801
3 0.690234 0.528906 0.619531 0.926562 0.00695801
1 0.442578 0.495313 0.540625 0.451562 0.0069313
14 0.888281 0.194141 0.223438 0.388281 0.0069046
20 0.372266 0.495313 0.744531 0.851562 0.0068779
0 0.875 0.205273 0.25 0.410547 0.00679779
22 0.691406 0.683594 0.617188 0.632812 0.00679779
14 0.595313 0.30332 0.809375 0.606641 0.00653839
1 0.31875 0.475781 0.6375 0.920313 0.00653839
22 0.743359 0.705859 0.513281 0.588281 0.00653839
3 0.389062 0.605469 0.778125 0.789062 0.00651169
14 0.372266 0.495313 0.744531 0.851562 0.00643921
20 0.443652 0.654688 0.564258 0.690625 0.00641251
1 0.563184 0.164062 0.526758 0.328125 0.00634003
14 0.316406 0.428516 0.632812 0.857031 0.00629044
3 0.521191 0.461719 0.310742 0.360938 0.00629044
14 0.514453 0.704102 0.858594 0.591797 0.00626373
14 0.64375 0.632031 0.7125 0.735938 0.00619125
13 0.642188 0.44375 0.715625 0.8875 0.006073
19 0.18125 0.23042 0.3625 0.375879 0.00600433
22 0.137695 0.764258 0.275391 0.471484 0.00600433
13 0.585938 0.660156 0.81875 0.679688 0.00598145
1 0.408691 0.44209 0.612305 0.762695 0.00591278
14 0.486719 0.650098 0.524219 0.699805 0.00591278
1 0.635156 0.425781 0.729688 0.851562 0.005867
13 0.467969 0.609375 0.857813 0.78125 0.005867
17 0.262695 0.407813 0.525391 0.815625 0.00572968
11 0.329688 0.266406 0.659375 0.532813 0.00570679
16 0.471484 0.303906 0.857031 0.607813 0.00568771
14 0.730859 0.349219 0.538281 0.698438 0.00568771
14 0.543359 0.184473 0.574219 0.368945 0.00564194
3 0.730859 0.349219 0.538281 0.698438 0.00551224
20 0.730859 0.349219 0.538281 0.698438 0.00547028
13 0.870703 0.1875 0.258594 0.375 0.00540543
22 0.884766 0.198828 0.230469 0.397656 0.00538635
25 0.656348 0.611328 0.687305 0.777344 0.00538635
1 0.719531 0.585938 0.560938 0.828125 0.00538635
0 0.408691 0.44209 0.612305 0.762695 0.00530243
17 0.372266 0.681836 0.744531 0.636328 0.00526047
0 0.850391 0.219531 0.299219 0.439063 0.00521851
13 0.365234 0.380078 0.730469 0.760156 0.00521851
11 0.655859 0.470313 0.688281 0.895312 0.00518036
13 0.61875 0.705664 0.7625 0.588672 0.00518036
0 0.524316 0.227734 0.773242 0.455469 0.0051384
3 0.563184 0.164062 0.526758 0.328125 0.0051384
14 0.256641 0.377344 0.513281 0.754687 0.00511932
0 0.337891 0.229687 0.675781 0.459375 0.00510025
1 0.736328 0.483984 0.527344 0.864844 0.00510025
22 0.620703 0.141309 0.430469 0.282617 0.0050621
11 0.497656 0.269531 0.807813 0.539062 0.00503922
22 0.338281 0.664062 0.676562 0.671875 0.00498199
1 0.649609 0.710156 0.700781 0.579688 0.00498199
25 0.413672 0.581641 0.707031 0.780469 0.00496292
13 0.667578 0.653125 0.664844 0.69375 0.00494385
8 0.289844 0.373828 0.579688 0.747656 0.0049057
1 0.393359 0.424609 0.786719 0.849219 0.0049057
16 0.656348 0.611328 0.687305 0.777344 0.0049057
17 0.137695 0.764258 0.275391 0.471484 0.0049057
3 0.348828 0.326758 0.697656 0.653516 0.00486755
20 0.410938 0.366406 0.821875 0.732813 0.00486755
21 0.550781 0.483984 0.422656 0.521094 0.00482941
20 0.644141 0.682422 0.711719 0.635156 0.00468063
2 0.888281 0.194141 0.223438 0.388281 0.00460815
13 0.429297 0.455859 0.572656 0.688281 0.00460815
16 0.616406 0.504297 0.576563 0.647656 0.0045929
25 0.348047 0.26543 0.696094 0.530859 0.00457382
16 0.367578 0.301953 0.735156 0.603906 0.00457382
16 0.438379 0.623828 0.695117 0.752344 0.00450516
10 0.408691 0.44209 0.612305 0.762695 0.00448608
16 0.442578 0.495313 0.540625 0.451562 0.00448608
17 0.649609 0.710156 0.700781 0.579688 0.00448608
14 0.431641 0.333984 0.863281 0.667969 0.00446701
21 0.531934 0.487109 0.31582 0.342969 0.877441
19 0.538672 0.491504 0.325781 0.337305 0.596191
13 0.531934 0.487109 0.31582 0.342969 0.0881958
21 0.528516 0.471875 0.238281 0.389844 0.0605164
16 0.538672 0.505859 0.317969 0.326562 0.0456848
19 0.859375 0.199951 0.28125 0.375879 0.0348816
16 0.864258 0.224609 0.271484 0.33125 0.0256653
1 0.537891 0.485547 0.252344 0.394531 0.0154877
16 0.16123 0.242773 0.322461 0.347266 0.0109024
17 0.535156 0.483594 0.245312 0.405469 0.00908661
16 0.679688 0.113574 0.367188 0.227148 0.0077858
19 0.528516 0.471875 0.238281 0.389844 0.00737381
22 0.535156 0.483594 0.245312 0.405469 0.00712204
19 0.679297 0.111328 0.380469 0.222656 0.00544739
19 0.873828 0.221924 0.252344 0.302246 0.00530243
1 0.508496 0.490527 0.343945 0.448633 0.00526047
19 0.151953 0.218359 0.303906 0.376563 0.00443268
17 0.509277 0.499316 0.318945 0.44668 0.0030632
16 0.850391 0.271045 0.299219 0.361035 0.00292397
3 0.535156 0.483594 0.245312 0.405469 0.00269318
12 0.537891 0.485547 0.252344 0.394531 0.0024929
1 0.196484 0.349023 0.392969 0.698047 0.00245285
12 0.198437 0.359375 0.396875 0.71875 0.0024147
11 0.508496 0.490527 0.343945 0.448633 0.00211525
21 0.859375 0.199951 0.28125 0.375879 0.00209999
11 0.537891 0.485547 0.252344 0.394531 0.00209999
4 0.537891 0.485547 0.252344 0.394531 0.00204277
22 0.509277 0.499316 0.318945 0.44668 0.00197983
12 0.508496 0.490527 0.343945 0.448633 0.0019722
8 0.537891 0.485547 0.252344 0.394531 0.00187492
20 0.535156 0.483594 0.245312 0.405469 0.00183105
4 0.509277 0.499316 0.318945 0.44668 0.00182438
12 0.552734 0.526172 0.317969 0.477344 0.00177479
2 0.535156 0.483594 0.245312 0.405469 0.00176811
13 0.508496 0.490527 0.343945 0.448633 0.00176811
4 0.198437 0.359375 0.396875 0.71875 0.00170708
19 0.546875 0.539844 0.292188 0.309375 0.00167465
11 0.198437 0.359375 0.396875 0.71875 0.00161076
16 0.235938 0.196289 0.4375 0.35625 0.0015974
12 0.494922 0.517285 0.528125 0.523242 0.00154877
12 0.769336 0.208789 0.461328 0.417578 0.00151253
9 0.537891 0.485547 0.252344 0.394531 0.00150681
14 0.196484 0.349023 0.392969 0.698047 0.00141621
12 0.282422 0.235547 0.564844 0.471094 0.00140476
3 0.509277 0.499316 0.318945 0.44668 0.00139427
12 0.150586 0.212695 0.301172 0.425391 0.00138283
19 0.886719 0.166211 0.226562 0.332422 0.00133514
25 0.525781 0.494531 0.284375 0.3875 0.00133514
16 0.870703 0.227148 0.258594 0.288281 0.00127888
8 0.508496 0.490527 0.343945 0.448633 0.00123501
12 0.713281 0.245312 0.573438 0.490625 0.0012207
12 0.807813 0.203906 0.384375 0.407813 0.0012207
13 0.196484 0.349023 0.392969 0.698047 0.0012064
1 0.494922 0.517285 0.528125 0.523242 0.0012064
17 0.196484 0.349023 0.392969 0.698047 0.00118828
12 0.611621 0.129297 0.623633 0.258594 0.00118351
16 0.196484 0.349023 0.392969 0.698047 0.00117874
2 0.196484 0.349023 0.392969 0.698047 0.00115108
0 0.535156 0.483594 0.245312 0.405469 0.00114727
20 0.196484 0.349023 0.392969 0.698047 0.00110722
12 0.205859 0.219922 0.411719 0.439844 0.00109482
0 0.196484 0.349023 0.392969 0.698047 0.00108147
13 0.494922 0.517285 0.528125 0.523242 0.00108147
12 0.303711 0.311133 0.607422 0.622266 0.00107288
13 0.528516 0.471875 0.238281 0.389844 0.00106049
21 0.525781 0.497266 0.290625 0.395313 0.876465
19 0.523438 0.483594 0.271875 0.377344 0.84082
22 0.521094 0.496875 0.284375 0.40625 0.651367
21 0.878906 0.208008 0.242188 0.401953 0.269043
13 0.525781 0.497266 0.290625 0.395313 0.237915
17 0.521094 0.496875 0.284375 0.40625 0.204346
19 0.878906 0.208008 0.242188 0.401953 0.194336
11 0.526563 0.497656 0.270313 0.391406 0.169434
1 0.523828 0.49375 0.266406 0.402344 0.0930176
22 0.607031 0.516016 0.504687 0.488281 0.0651245
5 0.523047 0.501172 0.307031 0.421094 0.0618896
3 0.523828 0.49375 0.266406 0.402344 0.0603027
13 0.878906 0.208008 0.242188 0.401953 0.0317383
10 0.523828 0.49375 0.266406 0.402344 0.0305634
8 0.529688 0.487109 0.30625 0.426563 0.0282135
20 0.523828 0.49375 0.266406 0.402344 0.0270691
22 0.671973 0.578125 0.656055 0.64375 0.0237732
11 0.607031 0.516016 0.504687 0.488281 0.0166626
11 0.671973 0.578125 0.656055 0.64375 0.0162201
25 0.521094 0.496875 0.284375 0.40625 0.0153656
24 0.522656 0.502246 0.285938 0.408008 0.0129242
19 0.891406 0.165918 0.217188 0.331836 0.0124283
1 0.5875 0.499902 0.45 0.42832 0.0121002
17 0.607031 0.516016 0.504687 0.488281 0.0120544
4 0.529688 0.487109 0.30625 0.426563 0.0117798
9 0.523828 0.49375 0.266406 0.402344 0.0110703
14 0.523828 0.49375 0.266406 0.402344 0.0109024
12 0.521094 0.496875 0.284375 0.40625 0.00963593
11 0.528223 0.500781 0.335742 0.465625 0.00844574
3 0.607031 0.516016 0.504687 0.488281 0.00837708
4 0.607031 0.516016 0.504687 0.488281 0.00828552
12 0.607031 0.516016 0.504687 0.488281 0.00763702
24 0.671973 0.578125 0.656055 0.64375 0.00723267
24 0.607031 0.516016 0.504687 0.488281 0.00698471
1 0.872461 0.224268 0.255078 0.345215 0.00695801
1 0.525781 0.521484 0.303906 0.508594 0.00643921
19 0.552344 0.528125 0.485938 0.492969 0.00638962
0 0.521094 0.496875 0.284375 0.40625 0.00629044
21 0.891406 0.165918 0.217188 0.331836 0.00564194
17 0.872461 0.224268 0.255078 0.345215 0.00564194
22 0.872461 0.224268 0.255078 0.345215 0.00564194
17 0.671973 0.578125 0.656055 0.64375 0.00557709
20 0.607031 0.516016 0.504687 0.488281 0.00534439
21 0.607031 0.516016 0.504687 0.488281 0.00508118
13 0.552344 0.528125 0.485938 0.492969 0.0049057
0 0.5875 0.499902 0.45 0.42832 0.00482941
5 0.547559 0.505859 0.464258 0.471875 0.00479126
2 0.519531 0.495996 0.292969 0.39707 0.00468063
14 0.5875 0.499902 0.45 0.42832 0.00457382
4 0.671973 0.578125 0.656055 0.64375 0.00428009
25 0.607031 0.516016 0.504687 0.488281 0.00416565
19 0.528223 0.500781 0.335742 0.465625 0.00400543
13 0.888281 0.174316 0.223438 0.348633 0.00388527
19 0.533203 0.539844 0.280469 0.346875 0.00385475
6 0.522656 0.502246 0.285938 0.408008 0.00365067
12 0.671973 0.578125 0.656055 0.64375 0.00337601
11 0.873633 0.205127 0.252734 0.377246 0.00319672
25 0.671973 0.578125 0.656055 0.64375 0.00307465
1 0.671973 0.578125 0.656055 0.64375 0.00305176
5 0.671973 0.578125 0.656055 0.64375 0.00298119
22 0.472656 0.553906 0.465625 0.55 0.0029583
13 0.671973 0.578125 0.656055 0.64375 0.00284576
16 0.521094 0.496875 0.284375 0.40625 0.00277901
16 0.607031 0.516016 0.504687 0.488281 0.00264168
2 0.5875 0.499902 0.45 0.42832 0.00259018
10 0.547559 0.505859 0.464258 0.471875 0.00253105
3 0.671973 0.578125 0.656055 0.64375 0.00252151
3 0.872461 0.224268 0.255078 0.345215 0.00243378
6 0.671973 0.578125 0.656055 0.64375 0.00237846
6 0.607031 0.516016 0.504687 0.488281 0.00232315
14 0.671973 0.578125 0.656055 0.64375 0.00230598
22 0.655469 0.621875 0.689063 0.75625 0.00228691
8 0.547559 0.505859 0.464258 0.471875 0.00225258
12 0.872461 0.224268 0.255078 0.345215 0.00217438
3 0.525781 0.521484 0.303906 0.508594 0.00211525
9 0.607031 0.516016 0.504687 0.488281 0.00208282
21 0.671973 0.578125 0.656055 0.64375 0.0020504
12 0.571191 0.584473 0.585742 0.674805 0.0020504
2 0.872461 0.224268 0.255078 0.345215 0.00201035
1 0.473828 0.532422 0.446094 0.519531 0.00200272
13 0.472656 0.553906 0.465625 0.55 0.00196457
12 0.472656 0.553906 0.465625 0.55 0.00187492
0 0.872461 0.224268 0.255078 0.345215 0.00186062
11 0.473828 0.532422 0.446094 0.519531 0.00185299
14 0.525781 0.521484 0.303906 0.508594 0.00185299
4 0.872461 0.224268 0.255078 0.345215 0.00184631
0 0.657422 0.503906 0.452344 0.453125 0.00178242
9 0.671973 0.578125 0.656055 0.64375 0.00178242
20 0.671973 0.578125 0.656055 0.64375 0.00178242
19 0.338281 0.481348 0.286719 0.379492 0.00175476
13 0.625 0.505469 0.509375 0.449219 0.00174809
22 0.580469 0.480469 0.423438 0.404687 0.00174141
16 0.671973 0.578125 0.656055 0.64375 0.00169373
21 0.519531 0.486621 0.234375 0.337695 0.00166798
12 0.655469 0.621875 0.689063 0.75625 0.0016613
4 0.580469 0.480469 0.423438 0.404687 0.00160408
1 0.657422 0.503906 0.452344 0.453125 0.00156689
11 0.655469 0.621875 0.689063 0.75625 0.00156689
17 0.580469 0.480469 0.423438 0.404687 0.00156116
10 0.671973 0.578125 0.656055 0.64375 0.00153637
6 0.580469 0.480469 0.423438 0.404687 0.00150108
19 0.671973 0.578125 0.656055 0.64375 0.00148964
15 0.625 0.505469 0.509375 0.449219 0.00145531
12 0.392969 0.621777 0.685156 0.737695 0.00145531
16 0.871289 0.214258 0.257422 0.358984 0.00144958
12 0.580469 0.480469 0.423438 0.404687 0.00141048
13 0.571191 0.584473 0.585742 0.674805 0.00139427
6 0.871289 0.214258 0.257422 0.358984 0.00135612
14 0.872461 0.224268 0.255078 0.345215 0.0012846
16 0.580469 0.480469 0.423438 0.404687 0.00127888
20 0.525781 0.521484 0.303906 0.508594 0.00126457
3 0.580469 0.480469 0.423438 0.404687 0.00123501
12 0.472656 0.614062 0.889063 0.771875 0.00118828
14 0.657422 0.503906 0.452344 0.453125 0.00117397
10 0.525781 0.521484 0.303906 0.508594 0.00116539
25 0.872461 0.224268 0.255078 0.345215 0.00116062
5 0.625 0.505469 0.509375 0.449219 0.00112438
8 0.876172 0.212061 0.247656 0.36416 0.0011158
12 0.2375 0.265234 0.475 0.530469 0.0011158
12 0.173242 0.202539 0.346484 0.405078 0.00109863
1 0.571191 0.584473 0.585742 0.674805 0.00109482
18 0.625 0.505469 0.509375 0.449219 0.00108624
12 0.586816 0.241797 0.549805 0.483594 0.00108147
9 0.525781 0.521484 0.303906 0.508594 0.00106907
12 0.498535 0.234766 0.72793 0.469531 0.00106049
12 0.342578 0.269531 0.685156 0.539062 0.00104427
10 0.871289 0.214258 0.257422 0.358984 0.00104046
14 0.473828 0.532422 0.446094 0.519531 0.00103188
13 0.865625 0.205469 0.26875 0.410938 0.00102806
1 0.655469 0.621875 0.689063 0.75625 0.00102043
22 0.173242 0.202539 0.346484 0.405078 0.00100803
12 0.866211 0.220313 0.267578 0.440625 0.00100803
12 0.552344 0.544141 0.346875 0.541406 0.00100803
21 0.523438 0.483984 0.275 0.386719 0.354004
19 0.523047 0.476953 0.251563 0.375781 0.258301
22 0.528125 0.494141 0.25625 0.3875 0.150024
17 0.525 0.485059 0.257812 0.37207 0.111267
1 0.528125 0.494141 0.25625 0.3875 0.0568542
5 0.53125 0.478906 0.29375 0.442188 0.0319824
13 0.53125 0.478906 0.29375 0.442188 0.0306702
20 0.528125 0.494141 0.25625 0.3875 0.0261536
3 0.528125 0.494141 0.25625 0.3875 0.0239563
7 0.503027 0.141406 0.764258 0.282813 0.0193481
24 0.503027 0.141406 0.764258 0.282813 0.0183411
12 0.53125 0.478906 0.29375 0.442188 0.0179138
12 0.480078 0.502734 0.554688 0.515625 0.0147324
8 0.530078 0.507422 0.258594 0.372656 0.0136871
12 0.516797 0.584766 0.653906 0.663281 0.0130234
16 0.529688 0.489844 0.292188 0.425 0.0126724
25 0.525 0.485059 0.257812 0.37207 0.012146
12 0.727344 0.217969 0.545313 0.435937 0.0114212
13 0.849805 0.197852 0.300391 0.395703 0.0107346
19 0.897656 0.167969 0.204688 0.335938 0.0106125
4 0.53125 0.478906 0.29375 0.442188 0.0102463
11 0.529688 0.489844 0.292188 0.425 0.00963593
6 0.503027 0.141406 0.764258 0.282813 0.00955963
9 0.530078 0.507422 0.258594 0.372656 0.00948334
11 0.823633 0.198047 0.352734 0.396094 0.0085144
13 0.727344 0.217969 0.545313 0.435937 0.00812531
12 0.849805 0.197852 0.300391 0.395703 0.00812531
10 0.530078 0.507422 0.258594 0.372656 0.00706482
19 0.907031 0.112109 0.185938 0.224219 0.00695801
18 0.503027 0.141406 0.764258 0.282813 0.00677109
12 0.466797 0.502734 0.439844 0.433594 0.00674438
7 0.532715 0.126758 0.604883 0.253516 0.00666809
0 0.525 0.485059 0.257812 0.37207 0.00658798
7 0.432031 0.161719 0.785937 0.323438 0.00629044
13 0.480078 0.502734 0.554688 0.515625 0.00626373
24 0.403906 0.154395 0.801562 0.308789 0.00577545
2 0.528125 0.494141 0.25625 0.3875 0.00572968
11 0.503027 0.141406 0.764258 0.282813 0.00564194
1 0.849805 0.197852 0.300391 0.395703 0.00564194
16 0.823633 0.198047 0.352734 0.396094 0.00559998
24 0.521973 0.127441 0.598242 0.254883 0.0055542
13 0.516797 0.584766 0.653906 0.663281 0.0053215
16 0.76543 0.204297 0.469141 0.408594 0.00518036
12 0.519141 0.453125 0.261719 0.3375 0.00503922
15 0.503027 0.141406 0.764258 0.282813 0.00494385
14 0.521973 0.145215 0.74668 0.29043 0.00486755
19 0.500781 0.490625 0.226562 0.310156 0.00475693
11 0.76543 0.204297 0.469141 0.408594 0.00475693
1 0.892969 0.194922 0.214062 0.389844 0.00441742
6 0.530078 0.507422 0.258594 0.372656 0.00439835
19 0.883984 0.202539 0.232031 0.352734 0.00436401
24 0.529688 0.489844 0.292188 0.425 0.00431442
14 0.528125 0.494141 0.25625 0.3875 0.00419998
6 0.432031 0.161719 0.785937 0.323438 0.00345612
6 0.532715 0.126758 0.604883 0.253516 0.00335121
9 0.463281 0.137988 0.760938 0.275977 0.00332451
12 0.351172 0.425879 0.671094 0.55293 0.00312424
21 0.886719 0.193164 0.226562 0.386328 0.00300407
17 0.892969 0.194922 0.214062 0.389844 0.0029583
15 0.532715 0.126758 0.604883 0.253516 0.00294685
4 0.480078 0.502734 0.554688 0.515625 0.00293541
13 0.521973 0.145215 0.74668 0.29043 0.00290108
19 0.823633 0.198047 0.352734 0.396094 0.00286674
11 0.432031 0.161719 0.785937 0.323438 0.0028553
11 0.532715 0.126758 0.604883 0.253516 0.00282288
15 0.432031 0.161719 0.785937 0.323438 0.00271416
11 0.884375 0.194922 0.23125 0.389844 0.00270462
18 0.532715 0.126758 0.604883 0.253516 0.0026722
18 0.432031 0.161719 0.785937 0.323438 0.00251198
3 0.849805 0.197852 0.300391 0.395703 0.00247192
4 0.503027 0.141406 0.764258 0.282813 0.00246239
23 0.529688 0.489844 0.292188 0.425 0.00239754
23 0.503027 0.141406 0.764258 0.282813 0.00235939
11 0.137891 0.828711 0.275781 0.342578 0.00234985
13 0.466797 0.502734 0.439844 0.433594 0.00232315
22 0.892969 0.194922 0.214062 0.389844 0.00230598
1 0.466797 0.502734 0.439844 0.433594 0.00230598
1 0.137891 0.828711 0.275781 0.342578 0.00229645
5 0.480078 0.502734 0.554688 0.515625 0.00221634
17 0.849805 0.197852 0.300391 0.395703 0.00219154
12 0.351172 0.588672 0.702344 0.688281 0.00218201
16 0.866797 0.196094 0.266406 0.392188 0.00214958
4 0.519531 0.453906 0.265625 0.333594 0.00214958
24 0.823633 0.198047 0.352734 0.396094 0.00213242
16 0.137891 0.828711 0.275781 0.342578 0.00213242
13 0.137891 0.828711 0.275781 0.342578 0.00209999
19 0.76543 0.204297 0.469141 0.408594 0.00203514
6 0.823633 0.198047 0.352734 0.396094 0.00198746
12 0.614844 0.749219 0.467187 0.501563 0.00194931
6 0.850781 0.239258 0.298438 0.271484 0.00191212
16 0.503027 0.141406 0.764258 0.282813 0.00188923
1 0.480078 0.502734 0.554688 0.515625 0.00187492
24 0.76543 0.204297 0.469141 0.408594 0.00185299
16 0.61875 0.12002 0.4125 0.240039 0.00181007
4 0.849805 0.197852 0.300391 0.395703 0.00181007
24 0.61875 0.12002 0.4125 0.240039 0.00179577
1 0.727344 0.217969 0.545313 0.435937 0.00178909
12 0.541797 0.134961 0.582031 0.269922 0.00178242
1 0.512109 0.454688 0.307813 0.338281 0.00178242
5 0.849805 0.197852 0.300391 0.395703 0.00177479
16 0.134668 0.89375 0.269336 0.2125 0.00177479
19 0.503027 0.141406 0.764258 0.282813 0.00175476
16 0.850781 0.239258 0.298438 0.271484 0.00174141
22 0.480078 0.502734 0.554688 0.515625 0.00172043
4 0.466797 0.502734 0.439844 0.433594 0.00171375
12 0.53916 0.607031 0.793555 0.785937 0.00171375
14 0.532715 0.126758 0.604883 0.253516 0.00170708
2 0.503027 0.141406 0.764258 0.282813 0.0017004
16 0.521973 0.127441 0.598242 0.254883 0.0017004
12 0.296094 0.217383 0.592188 0.434766 0.0017004
1 0.516797 0.584766 0.653906 0.663281 0.0017004
12 0.652344 0.829688 0.379688 0.340625 0.00169373
13 0.512109 0.454688 0.307813 0.338281 0.00167465
12 0.256641 0.208203 0.513281 0.416406 0.00165462
19 0.904688 0.0942383 0.190625 0.188477 0.0016489
22 0.849805 0.197852 0.300391 0.395703 0.00164223
12 0.495703 0.147754 0.767969 0.295508 0.00162315
8 0.519531 0.453906 0.265625 0.333594 0.00161648
12 0.540527 0.715625 0.743945 0.56875 0.00161076
13 0.532715 0.126758 0.604883 0.253516 0.0015974
12 0.146484 0.789062 0.292969 0.421875 0.00151253
12 0.285156 0.316992 0.570312 0.633984 0.00150681
12 0.317969 0.670215 0.48125 0.65957 0.00150681
6 0.519531 0.453906 0.265625 0.333594 0.00148964
12 0.892969 0.194922 0.214062 0.389844 0.0014782
19 0.529688 0.492871 0.322656 0.420508 0.00144386
11 0.480078 0.502734 0.554688 0.515625 0.0014267
19 0.669531 0.100781 0.29375 0.201563 0.00137806
0 0.521973 0.145215 0.74668 0.29043 0.00137806
12 0.438672 0.369141 0.607031 0.738281 0.00136662
13 0.892969 0.194922 0.214062 0.389844 0.00135612
12 0.429297 0.658301 0.807031 0.683398 0.00135612
22 0.516797 0.584766 0.653906 0.663281 0.00130463
4 0.727344 0.217969 0.545313 0.435937 0.00129986
11 0.516797 0.584766 0.653906 0.663281 0.00128937
14 0.388281 0.170898 0.776563 0.341797 0.0012846
20 0.849805 0.197852 0.300391 0.395703 0.0012846
3 0.892969 0.194922 0.214062 0.389844 0.00126457
14 0.849805 0.197852 0.300391 0.395703 0.00126457
2 0.521973 0.127441 0.598242 0.254883 0.00125504
23 0.521973 0.127441 0.598242 0.254883 0.00125504
12 0.474609 0.438281 0.402344 0.360938 0.00124931
13 0.652344 0.829688 0.379688 0.340625 0.00124931
6 0.61875 0.12002 0.4125 0.240039 0.00124454
2 0.892969 0.194922 0.214062 0.389844 0.00123978
12 0.342187 0.397266 0.684375 0.794531 0.00123978
2 0.432031 0.161719 0.785937 0.323438 0.00121593
6 0.76543 0.204297 0.469141 0.408594 0.00121593
6 0.866797 0.196094 0.266406 0.392188 0.00121593
5 0.503027 0.141406 0.764258 0.282813 0.00121117
23 0.823633 0.198047 0.352734 0.396094 0.00119686
22 0.466797 0.502734 0.439844 0.433594 0.00118828
8 0.849805 0.197852 0.300391 0.395703 0.00117874
16 0.432031 0.161719 0.785937 0.323438 0.0011692
5 0.516797 0.584766 0.653906 0.663281 0.00116062
13 0.143359 0.761328 0.286719 0.477344 0.00116062
1 0.143359 0.761328 0.286719 0.477344 0.00115585
9 0.839844 0.203467 0.320312 0.350098 0.00115108
1 0.541797 0.134961 0.582031 0.269922 0.00114727
7 0.823633 0.198047 0.352734 0.396094 0.00113392
12 0.388281 0.170898 0.776563 0.341797 0.00112915
13 0.388281 0.170898 0.776563 0.341797 0.00112438
13 0.614844 0.749219 0.467187 0.501563 0.0011158
1 0.495703 0.147754 0.767969 0.295508 0.00109482
4 0.516797 0.584766 0.653906 0.663281 0.00108147
4 0.432031 0.161719 0.785937 0.323438 0.00106907
2 0.137891 0.828711 0.275781 0.342578 0.00106907
15 0.727344 0.217969 0.545313 0.435937 0.00106049
13 0.351172 0.588672 0.702344 0.688281 0.00106049
12 0.260156 0.741016 0.520312 0.517969 0.00105667
0 0.137891 0.828711 0.275781 0.342578 0.00105286
6 0.134668 0.89375 0.269336 0.2125 0.00104046
0 0.823633 0.198047 0.352734 0.396094 0.00102806
15 0.519531 0.453906 0.265625 0.333594 0.00101185
12 0.259375 0.6875 0.3375 0.56875 0.00101185
4 0.892969 0.194922 0.214062 0.389844 0.00100803
14 0.727344 0.217969 0.545313 0.435937 0.00100803
21 0.526172 0.477734 0.288281 0.386719 0.976074
19 0.526172 0.482422 0.282031 0.367188 0.343262
11 0.522656 0.45459 0.251563 0.451758 0.213379
22 0.522656 0.45459 0.251563 0.451758 0.0789185
19 0.873438 0.21792 0.253125 0.371191 0.0522461
17 0.519531 0.472266 0.246875 0.421875 0.0497742
8 0.519531 0.472266 0.246875 0.421875 0.049408
5 0.522656 0.45459 0.251563 0.451758 0.0472412
3 0.522656 0.45459 0.251563 0.451758 0.0370483
13 0.529688 0.457422 0.289062 0.452344 0.0279083
1 0.520703 0.474902 0.257031 0.401758 0.0271149
10 0.522656 0.45459 0.251563 0.451758 0.0210419
4 0.519531 0.472266 0.246875 0.421875 0.0196838
25 0.519531 0.472266 0.246875 0.421875 0.0196381
21 0.880078 0.206055 0.239844 0.390234 0.0178528
0 0.519531 0.472266 0.246875 0.421875 0.0134811
14 0.519531 0.472266 0.246875 0.421875 0.0115051
16 0.523828 0.491309 0.251563 0.361133 0.00974274
6 0.526563 0.49375 0.25625 0.360938 0.00926971
20 0.520703 0.474902 0.257031 0.401758 0.00775528
16 0.529688 0.457422 0.289062 0.452344 0.00723267
23 0.523828 0.491309 0.251563 0.361133 0.00669098
12 0.520703 0.474902 0.257031 0.401758 0.0064888
11 0.869531 0.196484 0.260938 0.392969 0.00494385
13 0.523828 0.491309 0.251563 0.361133 0.00486755
2 0.519531 0.472266 0.246875 0.421875 0.00468063
9 0.522656 0.45459 0.251563 0.451758 0.00413513
24 0.522656 0.45459 0.251563 0.451758 0.00399017
23 0.529688 0.457422 0.289062 0.452344 0.00385475
6 0.546875 0.452344 0.307813 0.478906 0.00304031
13 0.871094 0.199023 0.257812 0.398047 0.00302696
21 0.539062 0.487402 0.209375 0.362695 0.00257111
16 0.869531 0.196484 0.260938 0.392969 0.00251198
21 0.518066 0.533203 0.301367 0.325 0.00234985
1 0.871094 0.199023 0.257812 0.398047 0.00226974
19 0.909375 0.121094 0.18125 0.242188 0.00197983
13 0.85957 0.222266 0.280859 0.444531 0.00165462
19 0.911719 0.104297 0.176563 0.208594 0.00148964
17 0.871094 0.199023 0.257812 0.398047 0.00136185
21 0.504297 0.58125 0.3375 0.374219 0.00128937
0 0.87168 0.196289 0.256641 0.392578 0.00122547
6 0.87168 0.196289 0.256641 0.392578 0.00120163
12 0.546875 0.452344 0.307813 0.478906 0.00117874
3 0.871094 0.199023 0.257812 0.398047 0.00112915
12 0.869531 0.196484 0.260938 0.392969 0.00108147
21 0.892188 0.178711 0.215625 0.357422 0.00105667
21 0.526953 0.472656 0.286719 0.371875 0.227417
19 0.528516 0.47959 0.297656 0.38457 0.191895
5 0.526563 0.480469 0.290625 0.39375 0.180664
10 0.528516 0.47959 0.297656 0.38457 0.104858
17 0.525 0.486816 0.279687 0.376367 0.0903931
22 0.526563 0.480469 0.290625 0.39375 0.0758667
8 0.526953 0.472656 0.286719 0.371875 0.0673218
25 0.536328 0.477344 0.324219 0.389062 0.0479431
11 0.526563 0.480469 0.290625 0.39375 0.0477905
3 0.527344 0.469629 0.282813 0.37793 0.0372009
1 0.528516 0.47959 0.297656 0.38457 0.0313721
20 0.527344 0.469629 0.282813 0.37793 0.0188293
13 0.529297 0.482812 0.313281 0.4125 0.0123367
6 0.526563 0.480469 0.290625 0.39375 0.01017
14 0.527344 0.469629 0.282813 0.37793 0.00919342
12 0.53125 0.485938 0.310937 0.375 0.00653839
4 0.536328 0.477344 0.324219 0.389062 0.00616837
24 0.526563 0.480469 0.290625 0.39375 0.00579834
4 0.522656 0.453516 0.265625 0.314844 0.00518036
17 0.524609 0.433496 0.271094 0.270508 0.00462723
2 0.535547 0.470703 0.308594 0.382031 0.00436401
0 0.535547 0.470703 0.308594 0.382031 0.00429916
25 0.522656 0.453516 0.265625 0.314844 0.0042305
9 0.527344 0.469629 0.282813 0.37793 0.00388527
14 0.524609 0.433496 0.271094 0.270508 0.00336266
19 0.896875 0.133301 0.20625 0.266602 0.00327301
16 0.529297 0.482812 0.313281 0.4125 0.00301552
8 0.524609 0.433496 0.271094 0.270508 0.00273705
2 0.524609 0.433496 0.271094 0.270508 0.00261116
19 0.864453 0.216748 0.271094 0.399316 0.00219917
0 0.524609 0.433496 0.271094 0.270508 0.00183105
1 0.524609 0.433496 0.271094 0.270508 0.00175476
12 0.536816 0.492578 0.387305 0.438281 0.00138855
23 0.529297 0.482812 0.313281 0.4125 0.00137806
1 0.875391 0.197266 0.249219 0.394531 0.0011692
15 0.522656 0.453516 0.265625 0.314844 0.00116539
12 0.524609 0.433496 0.271094 0.270508 0.00103664
17 0.537109 0.474609 0.380469 0.397656 0.00100422
21 0.526172 0.46875 0.274219 0.38125 0.609375
19 0.528906 0.461719 0.270313 0.376563 0.195557
22 0.527344 0.466406 0.259375 0.354688 0.146118
25 0.523438 0.471973 0.259375 0.385742 0.0943604
17 0.523438 0.471973 0.259375 0.385742 0.0800781
3 0.523438 0.471973 0.259375 0.385742 0.0224609
20 0.523438 0.471973 0.259375 0.385742 0.0219421
1 0.527344 0.466406 0.259375 0.354688 0.0213623
5 0.521875 0.463281 0.275 0.364063 0.0182648
14 0.523438 0.446484 0.254688 0.361719 0.0139542
10 0.521875 0.463281 0.275 0.364063 0.0135345
13 0.521875 0.461328 0.289062 0.383594 0.012825
8 0.522266 0.470996 0.261719 0.386133 0.0126724
12 0.527344 0.466406 0.259375 0.354688 0.0126266
2 0.523438 0.446484 0.254688 0.361719 0.0113297
0 0.521094 0.444531 0.254688 0.35625 0.0111618
4 0.521094 0.444531 0.254688 0.35625 0.0106506
23 0.518359 0.454785 0.273438 0.37168 0.00591278
12 0.517969 0.453809 0.325 0.408008 0.00582123
14 0.524219 0.376563 0.247656 0.195312 0.00579834
2 0.524219 0.376563 0.247656 0.195312 0.00542831
1 0.522266 0.473438 0.324219 0.411719 0.00481033
6 0.528906 0.464941 0.2625 0.370117 0.00479126
0 0.524219 0.376563 0.247656 0.195312 0.00457382
4 0.527344 0.466504 0.321875 0.448242 0.00363541
9 0.523438 0.471973 0.259375 0.385742 0.00345612
11 0.521875 0.461328 0.289062 0.383594 0.00290108
15 0.521094 0.444531 0.254688 0.35625 0.00273705
23 0.524219 0.376563 0.247656 0.195312 0.00263214
4 0.524219 0.376563 0.247656 0.195312 0.00260162
0 0.516797 0.466406 0.316406 0.411719 0.002388
13 0.542871 0.457422 0.423633 0.441406 0.002388
25 0.524219 0.376563 0.247656 0.195312 0.00234222
12 0.611621 0.555469 0.639258 0.673438 0.00221634
24 0.527344 0.466406 0.259375 0.354688 0.00203514
14 0.527344 0.466504 0.321875 0.448242 0.00194931
11 0.54375 0.471191 0.353125 0.451367 0.00194168
16 0.518359 0.454785 0.273438 0.37168 0.0017004
6 0.524219 0.376563 0.247656 0.195312 0.00164223
1 0.532031 0.517969 0.28125 0.358594 0.00161648
22 0.517969 0.453809 0.325 0.408008 0.00161076
3 0.524219 0.376563 0.247656 0.195312 0.00159168
2 0.527344 0.466504 0.321875 0.448242 0.00155449
17 0.524219 0.376563 0.247656 0.195312 0.00143242
16 0.524219 0.376563 0.247656 0.195312 0.00135612
7 0.524219 0.376563 0.247656 0.195312 0.00129414
15 0.516797 0.466406 0.316406 0.411719 0.0012064
12 0.528906 0.376563 0.251563 0.209375 0.00119686
25 0.527344 0.466504 0.321875 0.448242 0.00116539
13 0.532031 0.517969 0.28125 0.358594 0.00113392
7 0.518359 0.454785 0.273438 0.37168 0.00109863
18 0.518359 0.454785 0.273438 0.37168 0.00108147
12 0.532031 0.517969 0.28125 0.358594 0.00108147
17 0.527344 0.466504 0.321875 0.448242 0.00102425
21 0.520312 0.479785 0.270313 0.37793 0.941895
22 0.527344 0.482129 0.251563 0.356055 0.189575
17 0.521875 0.476172 0.245312 0.364844 0.111633
19 0.520312 0.479785 0.270313 0.37793 0.103027
1 0.527344 0.482129 0.251563 0.356055 0.088501
5 0.527344 0.482129 0.251563 0.356055 0.0433655
8 0.526563 0.482812 0.260938 0.361719 0.0304413
20 0.525 0.478027 0.248438 0.362695 0.0281067
25 0.525391 0.476953 0.253906 0.357031 0.0266571
3 0.525 0.478027 0.248438 0.362695 0.0259552
13 0.520312 0.479785 0.270313 0.37793 0.0184784
10 0.526563 0.482812 0.260938 0.361719 0.0177155
12 0.324023 0.597656 0.539453 0.69375 0.00787354
11 0.528125 0.474609 0.2625 0.388281 0.00664139
12 0.489063 0.646387 0.628125 0.707227 0.00526047
12 0.525 0.478027 0.248438 0.362695 0.00471878
14 0.521875 0.476172 0.245312 0.364844 0.00429916
4 0.523438 0.474902 0.253125 0.362695 0.00416565
12 0.447656 0.601562 0.814063 0.79375 0.00391388
0 0.521875 0.476172 0.245312 0.364844 0.00365067
12 0.597266 0.608594 0.805469 0.782813 0.00301552
13 0.324023 0.597656 0.539453 0.69375 0.00244331
13 0.472266 0.613281 0.738281 0.773438 0.00239754
9 0.527344 0.482129 0.251563 0.356055 0.00228691
12 0.310937 0.575 0.621875 0.775 0.00224304
6 0.527344 0.480469 0.254688 0.353125 0.00204277
1 0.447656 0.601562 0.814063 0.79375 0.00188923
24 0.527344 0.482129 0.251563 0.356055 0.00181007
11 0.543359 0.482031 0.353125 0.419531 0.00173378
2 0.521875 0.476172 0.245312 0.364844 0.0016613
13 0.507031 0.646484 0.557813 0.707031 0.00162315
11 0.476562 0.610938 0.839063 0.778125 0.00157356
13 0.597266 0.608594 0.805469 0.782813 0.00154877
12 0.254883 0.216406 0.509766 0.432813 0.00154305
15 0.476562 0.610938 0.839063 0.778125 0.00148392
22 0.562891 0.493652 0.378125 0.425195 0.00140476
1 0.324023 0.597656 0.539453 0.69375 0.00137806
16 0.528125 0.479297 0.271875 0.402344 0.00133514
15 0.250781 0.293359 0.501563 0.586719 0.00132465
13 0.583691 0.577734 0.454492 0.616406 0.00131512
1 0.562891 0.493652 0.378125 0.425195 0.00117397
12 0.513672 0.750781 0.514063 0.484375 0.00117397
11 0.400391 0.640234 0.691406 0.644531 0.0011692
1 0.501953 0.550391 0.435156 0.560156 0.00116539
12 0.583691 0.577734 0.454492 0.616406 0.00116062
15 0.324023 0.597656 0.539453 0.69375 0.00116062
12 0.655078 0.648438 0.689844 0.703125 0.0011425
13 0.562891 0.493652 0.378125 0.425195 0.00113392
12 0.501953 0.550391 0.435156 0.560156 0.00113392
2 0.447656 0.601562 0.814063 0.79375 0.00107288
17 0.515723 0.612109 0.706055 0.775781 0.00106525
5 0.562891 0.493652 0.378125 0.425195 0.00105667
14 0.476562 0.610938 0.839063 0.778125 0.00102043
12 0.562891 0.493652 0.378125 0.425195 0.00100803
22 0.526563 0.477246 0.239844 0.370508 0.221313
21 0.529688 0.479004 0.239063 0.363867 0.183594
8 0.528516 0.48125 0.258594 0.371094 0.132568
1 0.528516 0.48125 0.258594 0.371094 0.101929
17 0.524219 0.477734 0.244531 0.372656 0.0960083
5 0.529688 0.479004 0.239063 0.363867 0.0847778
19 0.528516 0.48125 0.258594 0.371094 0.0687866
10 0.528516 0.48125 0.258594 0.371094 0.0209656
3 0.526563 0.477246 0.239844 0.370508 0.0204163
11 0.525391 0.480371 0.247656 0.36582 0.0130234
20 0.526563 0.477246 0.239844 0.370508 0.0121918
25 0.524219 0.477734 0.244531 0.372656 0.00993347
14 0.528516 0.48125 0.258594 0.371094 0.0029583
24 0.526563 0.477246 0.239844 0.370508 0.00293541
19 0.519531 0.478906 0.208594 0.31875 0.00264168
4 0.525391 0.480371 0.247656 0.36582 0.00236893
13 0.53125 0.479688 0.24375 0.359375 0.00226974
16 0.53125 0.479688 0.24375 0.359375 0.00221634
11 0.557813 0.486719 0.35625 0.417969 0.00185299
2 0.528516 0.48125 0.258594 0.371094 0.00177479
6 0.528906 0.477734 0.254688 0.374219 0.0015974
14 0.522266 0.435156 0.223438 0.290625 0.00158501
12 0.522266 0.435156 0.223438 0.290625 0.00147247
0 0.522266 0.471973 0.240625 0.373242 0.00139904
19 0.889844 0.210938 0.220313 0.341406 0.00138283
21 0.522656 0.485547 0.273438 0.36875 0.773438
22 0.527344 0.483594 0.242188 0.371875 0.348633
1 0.527344 0.485156 0.242188 0.367969 0.143188
17 0.529688 0.484766 0.246875 0.373437 0.105957
19 0.533594 0.474609 0.253125 0.357031 0.103027
8 0.526563 0.485547 0.2625 0.38125 0.0946655
5 0.527344 0.485156 0.242188 0.367969 0.0687866
3 0.527344 0.483594 0.242188 0.371875 0.0479431
10 0.526563 0.485547 0.2625 0.38125 0.0256653
20 0.527344 0.483594 0.242188 0.371875 0.0236053
25 0.529688 0.484766 0.246875 0.373437 0.0207977
13 0.522656 0.485547 0.273438 0.36875 0.00985718
4 0.524219 0.47334 0.257812 0.362695 0.00712204
11 0.526563 0.485547 0.2625 0.38125 0.00669098
14 0.525 0.453125 0.249219 0.311719 0.00455475
12 0.527344 0.483594 0.242188 0.371875 0.00446701
0 0.525781 0.472754 0.24375 0.35293 0.00426483
6 0.528125 0.480859 0.254688 0.396094 0.00250244
9 0.527344 0.483594 0.242188 0.371875 0.00201035
19 0.86875 0.221436 0.2625 0.357129 0.0018177
24 0.527344 0.483594 0.242188 0.371875 0.00157356
16 0.527344 0.477344 0.270313 0.407813 0.00150108
1 0.520703 0.475 0.319531 0.416406 0.00143242
4 0.496484 0.369141 0.104688 0.105469 0.00119209
4 0.479688 0.356445 0.0953125 0.0359375 0.00112057
14 0.521973 0.48584 0.295117 0.401758 0.00100803
21 0.529297 0.4875 0.274219 0.376563 0.873047
22 0.529688 0.480566 0.242188 0.37168 0.613281
17 0.537891 0.47959 0.235938 0.367383 0.460938
1 0.531641 0.485547 0.242969 0.382812 0.230225
19 0.532813 0.490234 0.246875 0.353125 0.184814
8 0.5375 0.484766 0.2375 0.389844 0.083313
5 0.5375 0.484766 0.2375 0.389844 0.0710449
3 0.529688 0.480566 0.242188 0.37168 0.0663452
25 0.537109 0.483203 0.236719 0.371094 0.0422363
20 0.529688 0.480566 0.242188 0.37168 0.033844
10 0.537109 0.483203 0.236719 0.371094 0.0337219
13 0.533984 0.486719 0.252344 0.396875 0.0246124
12 0.533984 0.486719 0.252344 0.396875 0.0226288
11 0.538281 0.484375 0.245312 0.407031 0.0109482
4 0.530469 0.469922 0.248438 0.377344 0.00695801
14 0.527734 0.446191 0.235156 0.30293 0.0064888
0 0.527734 0.446191 0.235156 0.30293 0.00359344
19 0.878906 0.206689 0.242188 0.37334 0.00311089
6 0.533984 0.486719 0.252344 0.396875 0.0024929
1 0.532129 0.486328 0.318555 0.435937 0.0014782
16 0.533984 0.486719 0.252344 0.396875 0.00144386
9 0.529688 0.480566 0.242188 0.37168 0.00126457
21 0.880078 0.208594 0.239844 0.383594 0.00110722
23 0.538281 0.484375 0.245312 0.407031 0.00110722
14 0.538281 0.484375 0.245312 0.407031 0.00101185
21 0.522266 0.478223 0.272656 0.387305 0.975098
22 0.523438 0.488281 0.269531 0.402344 0.810547
1 0.523438 0.485938 0.270313 0.396094 0.216064
20 0.523438 0.488281 0.269531 0.402344 0.131226
17 0.526563 0.487402 0.279687 0.39707 0.126831
5 0.523438 0.485938 0.270313 0.396094 0.0841675
8 0.523438 0.485059 0.276563 0.39707 0.0548096
19 0.523438 0.485938 0.270313 0.396094 0.0538025
3 0.523438 0.488281 0.269531 0.402344 0.0453491
25 0.525391 0.488184 0.271094 0.398633 0.0211182
13 0.522266 0.478223 0.272656 0.387305 0.0133286
11 0.522656 0.478027 0.290625 0.418945 0.0109482
10 0.526563 0.487402 0.279687 0.39707 0.01017
4 0.522266 0.46875 0.271094 0.395313 0.00989532
12 0.523047 0.472266 0.267969 0.394531 0.00985718
14 0.522266 0.46875 0.271094 0.395313 0.0041008
19 0.880859 0.22793 0.238281 0.364453 0.00313568
24 0.523438 0.488281 0.269531 0.402344 0.00253105
0 0.523047 0.472266 0.267969 0.394531 0.00228691
9 0.523438 0.488281 0.269531 0.402344 0.00186729
6 0.526953 0.478125 0.278906 0.416406 0.0011034
22 0.520312 0.486816 0.272656 0.401367 0.72168
21 0.520312 0.485156 0.275 0.400781 0.546875
19 0.520312 0.485156 0.275 0.400781 0.305664
1 0.520312 0.485156 0.275 0.400781 0.265137
20 0.520312 0.486816 0.272656 0.401367 0.147095
5 0.520312 0.485156 0.275 0.400781 0.137939
17 0.520312 0.485156 0.275 0.400781 0.11084
3 0.520312 0.486816 0.272656 0.401367 0.0758667
10 0.521094 0.4875 0.2875 0.398438 0.0451965
8 0.521094 0.482422 0.278125 0.403906 0.0402527
25 0.520312 0.486816 0.272656 0.401367 0.00867462
13 0.524902 0.49209 0.326758 0.431445 0.0046463
11 0.521094 0.4875 0.2875 0.398438 0.00415039
4 0.519141 0.456934 0.275781 0.34707 0.00402451
14 0.520312 0.485156 0.275 0.400781 0.00291252
12 0.519531 0.471777 0.275 0.379883 0.00225258
0 0.516797 0.465527 0.275781 0.364258 0.00224304
15 0.458594 0.144824 0.720313 0.289648 0.00194168
11 0.461719 0.156738 0.807813 0.313477 0.00142097
24 0.520312 0.486816 0.272656 0.401367 0.00132465
22 0.525391 0.480469 0.253906 0.379688 0.976562
21 0.53125 0.484375 0.265625 0.3875 0.537109
5 0.525391 0.480469 0.253906 0.379688 0.434082
20 0.525391 0.480469 0.253906 0.379688 0.405518
1 0.525781 0.483496 0.25625 0.39082 0.312256
19 0.525391 0.480469 0.253906 0.379688 0.250977
17 0.53125 0.484375 0.265625 0.3875 0.128906
8 0.523047 0.479004 0.258594 0.381055 0.123352
3 0.525391 0.480469 0.253906 0.379688 0.0930176
10 0.53125 0.484375 0.265625 0.3875 0.0176392
24 0.525391 0.480469 0.253906 0.379688 0.0147858
11 0.522656 0.476172 0.271875 0.410156 0.00784302
25 0.525391 0.480469 0.253906 0.379688 0.0077858
12 0.522656 0.469629 0.257812 0.36543 0.00643921
4 0.520312 0.462891 0.260938 0.355469 0.00641251
13 0.526563 0.478125 0.292969 0.396875 0.00466537
14 0.521875 0.476953 0.257031 0.371094 0.00275803
0 0.520312 0.462891 0.260938 0.355469 0.0017271
9 0.525391 0.480469 0.253906 0.379688 0.00131512
22 0.53125 0.470703 0.245312 0.389062 0.831055
21 0.526172 0.472656 0.276563 0.374219 0.743164
1 0.53125 0.470703 0.245312 0.389062 0.473633
17 0.530469 0.469629 0.253125 0.39043 0.168823
19 0.53125 0.470703 0.245312 0.389062 0.14563
20 0.53125 0.470703 0.245312 0.389062 0.0792236
5 0.53125 0.470703 0.245312 0.389062 0.0611877
8 0.532813 0.472656 0.25625 0.395313 0.028656
3 0.530469 0.469629 0.253125 0.39043 0.0192719
10 0.535937 0.473535 0.260938 0.388867 0.0134811
13 0.528516 0.47959 0.266406 0.368945 0.00978088
12 0.535156 0.474902 0.267188 0.429883 0.00653839
25 0.53125 0.470703 0.245312 0.389062 0.0055542
11 0.535937 0.473535 0.260938 0.388867 0.00223351
4 0.526172 0.462109 0.258594 0.367969 0.00214958
14 0.526172 0.462109 0.258594 0.367969 0.00192642
24 0.53125 0.470703 0.245312 0.389062 0.00104809
22 0.525 0.485547 0.28125 0.396875 0.961914
1 0.526563 0.483984 0.2875 0.4 0.616699
21 0.526563 0.483984 0.2875 0.4 0.600098
19 0.526563 0.483984 0.2875 0.4 0.252441
20 0.525 0.485547 0.28125 0.396875 0.213379
5 0.526563 0.483984 0.2875 0.4 0.161377
17 0.526563 0.483984 0.2875 0.4 0.156616
8 0.530469 0.485547 0.296875 0.407031 0.0634766
3 0.526563 0.483984 0.2875 0.4 0.044342
10 0.530469 0.485547 0.296875 0.407031 0.0118713
4 0.523047 0.473047 0.289844 0.400781 0.00547028
11 0.530469 0.485547 0.296875 0.407031 0.00484848
12 0.523047 0.475391 0.289844 0.407031 0.00471878
4 0.909766 0.957031 0.180469 0.0859375 0.00439835
25 0.526563 0.48291 0.284375 0.40918 0.00362206
0 0.523047 0.473047 0.289844 0.400781 0.00311089
4 0.923438 0.964844 0.153125 0.0703125 0.00298119
24 0.525 0.485547 0.28125 0.396875 0.00253105
14 0.523047 0.473047 0.289844 0.400781 0.00202751
13 0.530469 0.483203 0.295312 0.425 0.00177479
4 0.961328 0.964844 0.0773438 0.0703125 0.0012064
22 0.521875 0.485156 0.271875 0.3875 0.931641
21 0.521875 0.485156 0.271875 0.3875 0.624512
5 0.521875 0.485156 0.271875 0.3875 0.482422
19 0.521875 0.485156 0.271875 0.3875 0.125122
20 0.521875 0.487598 0.271875 0.39668 0.0313721
8 0.523828 0.486816 0.271094 0.388867 0.024704
1 0.524219 0.482715 0.278125 0.39707 0.0239105
17 0.523828 0.486816 0.271094 0.388867 0.0212097
10 0.523828 0.486816 0.271094 0.388867 0.0100937
24 0.521875 0.485156 0.271875 0.3875 0.0049057
11 0.523828 0.486816 0.271094 0.388867 0.00479126
3 0.521875 0.485156 0.271875 0.3875 0.00341606
19 0.87793 0.212842 0.244141 0.384473 0.00212479
14 0.516406 0.480859 0.28125 0.384375 0.00195694
12 0.264062 0.419922 0.528125 0.839844 0.00173378
25 0.521875 0.485156 0.271875 0.3875 0.00153637
11 0.469922 0.56875 0.907031 0.8625 0.00145531
11 0.130469 0.796289 0.260938 0.407422 0.00142097
13 0.525781 0.481641 0.264062 0.365625 0.00139427
13 0.244531 0.391406 0.489063 0.782813 0.00118828
21 0.53125 0.482715 0.264062 0.379883 0.675781
22 0.534375 0.483594 0.269531 0.376563 0.527344
1 0.53125 0.482715 0.264062 0.379883 0.126831
17 0.53125 0.482715 0.264062 0.379883 0.0632324
19 0.53125 0.482715 0.264062 0.379883 0.0440063
8 0.530469 0.482422 0.2625 0.378906 0.0199432
20 0.53125 0.482715 0.264062 0.379883 0.0184784
3 0.530469 0.482422 0.2625 0.378906 0.0165253
5 0.530469 0.482422 0.2625 0.378906 0.00575256
10 0.530469 0.482422 0.2625 0.378906 0.00526047
25 0.536328 0.48584 0.261719 0.389258 0.00194168
14 0.533594 0.484375 0.2625 0.389844 0.00174809
2 0.53125 0.486328 0.260938 0.390625 0.00135612
22 0.527734 0.489746 0.288281 0.408008 0.969238
21 0.520312 0.491016 0.295312 0.408594 0.186523
20 0.527734 0.489746 0.288281 0.408008 0.0603027
1 0.532422 0.483496 0.321094 0.406445 0.0453491
5 0.520312 0.491016 0.295312 0.408594 0.0417786
17 0.532813 0.48125 0.301563 0.415625 0.02034
19 0.520312 0.491016 0.295312 0.408594 0.0133743
8 0.521484 0.482715 0.305469 0.418945 0.00621796
11 0.518359 0.475684 0.292969 0.40332 0.00291252
3 0.532422 0.483496 0.321094 0.406445 0.00288963
10 0.521484 0.482715 0.305469 0.418945 0.00271416
13 0.524219 0.477734 0.284375 0.407031 0.00188255
12 0.524219 0.477734 0.284375 0.407031 0.00134563
14 0.520312 0.491016 0.295312 0.408594 0.00129414
25 0.532813 0.48125 0.301563 0.415625 0.0011158
22 0.524219 0.486816 0.265625 0.406055 0.501953
21 0.524219 0.489063 0.260938 0.40625 0.0789185
1 0.527344 0.489844 0.260938 0.410156 0.0583496
5 0.520703 0.48125 0.266406 0.398438 0.0512695
20 0.524219 0.486816 0.265625 0.406055 0.0264587
17 0.527344 0.489453 0.260938 0.410938 0.02211
19 0.527344 0.493652 0.267188 0.40957 0.00725937
11 0.520703 0.48125 0.266406 0.398438 0.00530243
8 0.527344 0.489453 0.260938 0.410938 0.00282288
10 0.527344 0.489453 0.260938 0.410938 0.00264168
3 0.527344 0.489453 0.260938 0.410938 0.00250244
14 0.520703 0.48125 0.266406 0.398438 0.00219917
17 0.204688 0.775781 0.409375 0.448438 0.00125504
4 0.520703 0.48125 0.266406 0.398438 0.00112915
12 0.245312 0.41875 0.490625 0.80625 0.00106907
22 0.521094 0.469434 0.265625 0.36582 0.935547
5 0.521094 0.469434 0.265625 0.36582 0.640625
20 0.521094 0.469434 0.265625 0.36582 0.134766
21 0.533594 0.479297 0.282813 0.383594 0.0621033
1 0.53125 0.485547 0.273438 0.382031 0.0335999
11 0.522656 0.472656 0.260938 0.373437 0.0206451
8 0.53125 0.485547 0.273438 0.382031 0.0120544
24 0.522656 0.472656 0.260938 0.373437 0.008255
17 0.533594 0.479297 0.282813 0.383594 0.00751877
4 0.519531 0.433984 0.285156 0.3125 0.00436401
22 0.537598 0.475098 0.343555 0.413867 0.00411606
19 0.529688 0.483203 0.2625 0.383594 0.00407028
14 0.521094 0.469434 0.265625 0.36582 0.00370789
3 0.53125 0.485547 0.273438 0.382031 0.00261116
0 0.519531 0.433984 0.285156 0.3125 0.00188255
10 0.533594 0.479297 0.282813 0.383594 0.00188255
9 0.521094 0.469434 0.265625 0.36582 0.00152493
11 0.450391 0.624219 0.867969 0.751563 0.00132465
13 0.525 0.463184 0.276563 0.358008 0.00131989
12 0.508691 0.44209 0.307617 0.320508 0.00119686
11 0.537598 0.475098 0.343555 0.413867 0.00107765
5 0.537598 0.475098 0.343555 0.413867 0.00103188
22 0.525 0.466504 0.257812 0.370117 0.805664
21 0.532813 0.475391 0.246875 0.361719 0.529297
5 0.525 0.466504 0.257812 0.370117 0.055603
1 0.53125 0.491504 0.251563 0.388867 0.0383911
17 0.535156 0.495703 0.248438 0.378125 0.0219421
20 0.525 0.466504 0.257812 0.370117 0.0196381
19 0.532813 0.475391 0.246875 0.361719 0.0183411
8 0.535156 0.495703 0.248438 0.378125 0.016098
10 0.532813 0.475391 0.246875 0.361719 0.0133743
3 0.535156 0.495703 0.248438 0.378125 0.00502014
14 0.528516 0.475 0.253906 0.367969 0.00161648
11 0.517188 0.461328 0.28125 0.377344 0.00109863
25 0.535156 0.495703 0.248438 0.378125 0.00103188
22 0.521875 0.489941 0.270313 0.407617 0.955566
21 0.521875 0.489941 0.270313 0.407617 0.774414
5 0.521875 0.489941 0.270313 0.407617 0.0897827
1 0.526953 0.488281 0.266406 0.404687 0.0507202
20 0.521875 0.489941 0.270313 0.407617 0.0285492
17 0.525391 0.486328 0.267969 0.401563 0.0091629
19 0.535937 0.5375 0.226562 0.285156 0.00763702
8 0.529688 0.491016 0.257031 0.403125 0.00591278
19 0.526953 0.486719 0.263281 0.39375 0.00551224
1 0.462109 0.596484 0.802344 0.803906 0.00518036
11 0.521094 0.46709 0.275 0.39082 0.0051384
3 0.529688 0.491016 0.257031 0.403125 0.00264168
14 0.522656 0.489063 0.267188 0.39375 0.00192642
10 0.521875 0.489941 0.270313 0.407617 0.00182438
11 0.497656 0.590234 0.88125 0.819531 0.00170708
12 0.516797 0.424316 0.348438 0.30918 0.00132465
22 0.525391 0.488184 0.282813 0.42832 0.967773
21 0.525781 0.488379 0.2875 0.429492 0.375732
5 0.525781 0.488379 0.2875 0.429492 0.0347595
20 0.525781 0.488379 0.2875 0.429492 0.0280151
1 0.529688 0.492285 0.267188 0.424805 0.0213623
17 0.527734 0.491309 0.271875 0.42832 0.0120544
19 0.53125 0.545703 0.248438 0.342969 0.00725937
19 0.527734 0.491309 0.271875 0.42832 0.00305176
8 0.528125 0.494922 0.275 0.433594 0.00232315
11 0.283203 0.773438 0.566406 0.453125 0.00146675
11 0.522656 0.473438 0.289062 0.417969 0.00135136
24 0.527734 0.496094 0.280469 0.432813 0.00104046
13 0.522656 0.473438 0.289062 0.417969 0.00103188
14 0.526563 0.496973 0.276563 0.429492 0.00102425
22 0.520312 0.482812 0.276563 0.407813 0.849121
21 0.520312 0.482812 0.276563 0.407813 0.666992
5 0.525 0.484375 0.267188 0.392969 0.139404
19 0.522266 0.488281 0.271094 0.39375 0.0226288
1 0.525 0.482422 0.267969 0.380469 0.0197144
20 0.523828 0.4875 0.275781 0.401563 0.0145035
17 0.525 0.482422 0.267969 0.380469 0.0051384
8 0.526563 0.475391 0.284375 0.388281 0.00265312
10 0.525 0.482422 0.267969 0.380469 0.00263214
14 0.525 0.484375 0.267188 0.392969 0.00218201
11 0.519531 0.464941 0.276563 0.38418 0.00198746
24 0.521094 0.482715 0.275 0.392383 0.00123978
22 0.521875 0.469531 0.254688 0.373437 0.951172
20 0.521875 0.469531 0.254688 0.373437 0.247314
5 0.521875 0.469531 0.254688 0.373437 0.0747681
21 0.522266 0.47334 0.271094 0.36582 0.0585632
1 0.522266 0.473828 0.254688 0.378125 0.0397034
12 0.51875 0.466797 0.2625 0.377344 0.00261116
4 0.520703 0.459473 0.258594 0.382617 0.00223351
0 0.520703 0.459473 0.258594 0.382617 0.0017271
17 0.523438 0.475 0.2625 0.3875 0.00159168
13 0.521875 0.469531 0.254688 0.373437 0.00154877
19 0.523438 0.475 0.2625 0.3875 0.00147247
24 0.521875 0.469531 0.254688 0.373437 0.00136185
11 0.520703 0.459473 0.258594 0.382617 0.00134087
3 0.522266 0.473828 0.254688 0.378125 0.00128937
14 0.520703 0.459473 0.258594 0.382617 0.00102806
22 0.522266 0.489844 0.271094 0.409375 0.744629
21 0.520703 0.492188 0.269531 0.409375 0.474609
5 0.522266 0.489844 0.271094 0.409375 0.0987549
1 0.526563 0.490234 0.264062 0.391406 0.0474243
17 0.530859 0.494141 0.255469 0.389844 0.00978088
20 0.520703 0.492188 0.269531 0.409375 0.00837708
19 0.530859 0.494141 0.255469 0.389844 0.0039444
10 0.525781 0.491406 0.265625 0.394531 0.00260162
8 0.526563 0.490234 0.264062 0.391406 0.00228691
3 0.526563 0.490234 0.264062 0.391406 0.00189686
12 0.504297 0.418848 0.344531 0.304492 0.00146103
14 0.523047 0.491016 0.263281 0.398438 0.00143242
11 0.517969 0.472656 0.28125 0.389062 0.00141048
12 0.879687 0.201563 0.240625 0.379688 0.00115585
19 0.88125 0.201611 0.2375 0.383496 0.00114727
22 0.516016 0.485938 0.274219 0.4 0.833496
21 0.519531 0.492188 0.266406 0.407031 0.377441
1 0.519531 0.492188 0.266406 0.407031 0.0460205
5 0.516016 0.485938 0.274219 0.4 0.0375977
20 0.519531 0.486719 0.294531 0.403125 0.0272675
17 0.520312 0.492188 0.270313 0.405469 0.00661469
19 0.519531 0.492188 0.266406 0.407031 0.00629044
8 0.519531 0.492188 0.266406 0.407031 0.00380898
11 0.516797 0.471094 0.286719 0.392969 0.0016489
3 0.519531 0.492188 0.266406 0.407031 0.00157356
12 0.514844 0.412109 0.299219 0.280469 0.00139904
21 0.522266 0.481641 0.264844 0.407031 0.833496
22 0.521875 0.480566 0.265625 0.407617 0.604004
1 0.530469 0.492285 0.264062 0.401367 0.0661011
5 0.521875 0.480566 0.265625 0.407617 0.0653687
19 0.524219 0.492285 0.271875 0.407617 0.0396423
17 0.530469 0.492285 0.264062 0.401367 0.0321045
10 0.530469 0.492285 0.264062 0.401367 0.00595856
8 0.530469 0.492285 0.264062 0.401367 0.00518036
19 0.530859 0.546094 0.25 0.320312 0.00492477
11 0.516406 0.468359 0.273438 0.391406 0.00366402
20 0.521875 0.480566 0.265625 0.407617 0.00298119
3 0.530469 0.492285 0.264062 0.401367 0.00211525
14 0.522656 0.489844 0.265625 0.407813 0.00208282
25 0.530469 0.492285 0.264062 0.401367 0.00136662
22 0.522656 0.474121 0.261719 0.379883 0.837402
21 0.525 0.485938 0.2625 0.386719 0.0789185
1 0.528516 0.478516 0.253906 0.407813 0.0552063
12 0.490234 0.428125 0.433594 0.332813 0.029541
5 0.522656 0.474121 0.261719 0.379883 0.0155411
17 0.528906 0.482031 0.259375 0.403125 0.00609589
20 0.528516 0.478516 0.253906 0.407813 0.00382423
8 0.528906 0.482031 0.259375 0.403125 0.00353813
15 0.481641 0.425781 0.446094 0.3375 0.00271416
12 0.542578 0.317383 0.707031 0.634766 0.00259018
13 0.481641 0.425781 0.446094 0.3375 0.00245285
11 0.519531 0.465234 0.271094 0.382031 0.00191879
13 0.542578 0.317383 0.707031 0.634766 0.00176811
19 0.524219 0.474316 0.265625 0.376367 0.0017271
3 0.528906 0.482031 0.259375 0.403125 0.00114727
13 0.519531 0.465234 0.271094 0.382031 0.00102043
22 0.519141 0.467871 0.261719 0.373633 0.42334
21 0.519141 0.473438 0.257031 0.373437 0.0432129
5 0.515625 0.464063 0.25625 0.357812 0.0414734
1 0.51875 0.474609 0.254688 0.379688 0.00763702
20 0.515625 0.464063 0.25625 0.357812 0.00496292
12 0.510156 0.418848 0.349219 0.312305 0.00453949
12 0.532031 0.398535 0.276563 0.257617 0.00307465
11 0.516406 0.458984 0.26875 0.366406 0.00215721
13 0.532031 0.398535 0.276563 0.257617 0.0019722
17 0.51875 0.474609 0.254688 0.379688 0.00105667
21 0.523047 0.486621 0.279687 0.404883 0.897461
22 0.519531 0.480566 0.275 0.41543 0.154053
19 0.523047 0.486621 0.279687 0.404883 0.0888062
5 0.519531 0.480566 0.275 0.41543 0.0792236
17 0.526563 0.487891 0.273438 0.404687 0.0726318
10 0.523047 0.486621 0.279687 0.404883 0.0289764
1 0.526563 0.487891 0.273438 0.404687 0.026062
2 0.526563 0.487891 0.273438 0.404687 0.00460815
8 0.526563 0.487891 0.273438 0.404687 0.00448608
17 0.875781 0.215234 0.248438 0.407031 0.00416565
16 0.526563 0.487891 0.273438 0.404687 0.00273705
20 0.521094 0.483203 0.279687 0.407031 0.00183105
3 0.523438 0.485547 0.276563 0.414844 0.0018034
25 0.522656 0.484766 0.271875 0.4125 0.00176811
14 0.521484 0.483984 0.274219 0.407813 0.0012207
22 0.525781 0.486621 0.275 0.414258 0.715332
21 0.533594 0.489063 0.282813 0.425 0.668945
5 0.532031 0.489063 0.2875 0.425 0.358398
1 0.534375 0.490625 0.277344 0.425 0.208862
8 0.534375 0.490625 0.277344 0.425 0.0538025
17 0.533203 0.486328 0.274219 0.43125 0.0438538
19 0.533594 0.489063 0.282813 0.425 0.0212097
20 0.532031 0.489063 0.2875 0.425 0.0156708
10 0.533203 0.486328 0.274219 0.43125 0.00760651
3 0.533594 0.489063 0.282813 0.425 0.00631332
11 0.533594 0.489063 0.282813 0.425 0.00206757
25 0.533203 0.486328 0.274219 0.43125 0.00123501
22 0.524219 0.481934 0.296875 0.423633 0.870605
5 0.524219 0.481934 0.296875 0.423633 0.0966797
21 0.526953 0.490625 0.305469 0.435937 0.0646362
20 0.523047 0.4875 0.307031 0.426563 0.0301056
1 0.526953 0.490625 0.305469 0.435937 0.0187225
24 0.524902 0.490234 0.30332 0.428906 0.00332451
4 0.517188 0.43125 0.299219 0.322656 0.00294685
3 0.524219 0.494434 0.309375 0.425195 0.00242424
8 0.526172 0.493359 0.314063 0.435156 0.0016613
17 0.526953 0.490625 0.305469 0.435937 0.00143242
11 0.526172 0.493359 0.314063 0.435156 0.00139904
19 0.526953 0.490625 0.305469 0.435937 0.00115108
13 0.524219 0.467969 0.290625 0.39375 0.00113773
22 0.525391 0.496094 0.314063 0.4375 0.919434
5 0.523438 0.487598 0.303125 0.435742 0.223999
21 0.527344 0.498047 0.320312 0.436719 0.0207977
20 0.524609 0.49209 0.307813 0.431445 0.0194244
1 0.527344 0.498047 0.320312 0.436719 0.00674438
4 0.525 0.423828 0.298438 0.292969 0.00559998
24 0.519922 0.493359 0.301563 0.444531 0.00436401
4 0.521191 0.485059 0.299805 0.436133 0.00369263
12 0.520312 0.433594 0.310937 0.310156 0.00316048
8 0.527344 0.498047 0.320312 0.436719 0.00193405
13 0.519922 0.493359 0.301563 0.444531 0.00178909
11 0.525098 0.492969 0.313867 0.440625 0.00150681
22 0.517188 0.48125 0.2875 0.413281 0.753418
21 0.520703 0.483203 0.279687 0.425 0.104126
5 0.517188 0.48125 0.2875 0.413281 0.0726318
1 0.520703 0.483203 0.279687 0.425 0.0437012
20 0.515723 0.486621 0.293555 0.408008 0.00923157
8 0.522656 0.486328 0.285938 0.417188 0.00413513
17 0.520703 0.483203 0.279687 0.425 0.00363541
24 0.515723 0.481934 0.29043 0.41582 0.00256157
13 0.51709 0.481641 0.295508 0.413281 0.00240517
4 0.517188 0.48125 0.2875 0.413281 0.00100803
22 0.524609 0.493652 0.297656 0.426758 0.884277
1 0.525781 0.493848 0.295312 0.44668 0.0661011
20 0.522656 0.489063 0.295312 0.428125 0.0406799
5 0.522266 0.482031 0.291406 0.425 0.0121002
21 0.525781 0.493848 0.295312 0.44668 0.0107803
13 0.521875 0.478516 0.290625 0.417969 0.00234222
12 0.522266 0.482031 0.291406 0.425 0.00186729
17 0.525781 0.493848 0.295312 0.44668 0.00154877
4 0.522266 0.482031 0.291406 0.425 0.00112438
24 0.523438 0.488672 0.29375 0.427344 0.00109863
22 0.517871 0.485547 0.287695 0.410938 0.863281
5 0.51875 0.485547 0.284375 0.416406 0.0264587
20 0.515625 0.485156 0.29375 0.415625 0.0110703
1 0.517969 0.482422 0.286719 0.410156 0.00775528
4 0.517969 0.482422 0.286719 0.410156 0.00706482
21 0.521875 0.488672 0.289062 0.410156 0.00626373
12 0.517969 0.482422 0.286719 0.410156 0.00237846
13 0.517871 0.485547 0.287695 0.410938 0.00153637
24 0.517578 0.489063 0.295312 0.414062 0.0014782
0 0.51875 0.486719 0.285156 0.4125 0.00116539
22 0.521094 0.48916 0.271875 0.413867 0.806641
5 0.519531 0.481641 0.271875 0.403125 0.0362244
20 0.521484 0.484375 0.267969 0.409375 0.0201721
1 0.522266 0.487109 0.258594 0.417969 0.0105667
21 0.522266 0.487109 0.258594 0.417969 0.00547028
0 0.521094 0.485938 0.2625 0.408594 0.00197983
13 0.521484 0.484375 0.267969 0.409375 0.0016489
12 0.522656 0.413281 0.31875 0.284375 0.00109005
22 0.521875 0.487109 0.275 0.403125 0.492188
5 0.525 0.478125 0.276563 0.403125 0.0960083
21 0.523438 0.487109 0.26875 0.400781 0.041626
20 0.525781 0.483984 0.26875 0.409375 0.0106964
1 0.525781 0.483984 0.26875 0.409375 0.00695801
24 0.523438 0.482715 0.273438 0.408008 0.00185299
4 0.522656 0.484375 0.271875 0.404687 0.00168705
13 0.523438 0.482715 0.273438 0.408008 0.00127411
12 0.53125 0.403125 0.273438 0.263281 0.00108147
22 0.516797 0.480371 0.308594 0.420508 0.925293
1 0.5125 0.489844 0.303906 0.432031 0.0570679
5 0.518848 0.474609 0.304492 0.411719 0.0177765
20 0.513672 0.481934 0.302344 0.41582 0.0136871
21 0.5125 0.489844 0.303906 0.432031 0.00651169
4 0.515527 0.478125 0.30957 0.424219 0.00200272
13 0.518848 0.474609 0.304492 0.411719 0.0014267
24 0.51416 0.481152 0.31543 0.429883 0.00104427
22 0.519141 0.482031 0.297656 0.421875 0.827637
1 0.521191 0.485938 0.29668 0.422656 0.021698
21 0.521191 0.485938 0.29668 0.422656 0.0181274
20 0.51875 0.479297 0.298438 0.414844 0.0102081
4 0.52041 0.476172 0.291992 0.424219 0.00757599
5 0.52041 0.476172 0.291992 0.424219 0.00526047
12 0.52041 0.476172 0.291992 0.424219 0.00201988
13 0.521094 0.46709 0.292969 0.401758 0.00138283
22 0.523438 0.473438 0.284375 0.420312 0.925781
5 0.521094 0.470215 0.282813 0.408008 0.0663452
20 0.51709 0.477246 0.28457 0.40957 0.0172424
1 0.521094 0.470215 0.282813 0.408008 0.00926971
21 0.518359 0.482031 0.285156 0.41875 0.0037365
13 0.521094 0.470215 0.282813 0.408008 0.00264168
4 0.523438 0.473438 0.284375 0.420312 0.00191212
24 0.523047 0.478125 0.286719 0.423438 0.00129414
22 0.521875 0.463379 0.290625 0.395117 0.862305
5 0.523047 0.455859 0.284375 0.38125 0.0339661
20 0.520312 0.468066 0.298438 0.393555 0.0183411
1 0.523828 0.475781 0.296875 0.405469 0.0115967
21 0.523828 0.475781 0.296875 0.405469 0.00450516
24 0.522656 0.473535 0.29375 0.399805 0.00257111
13 0.523047 0.455859 0.284375 0.38125 0.00141621
4 0.521875 0.463379 0.290625 0.395117 0.00109005
22 0.525781 0.454004 0.26875 0.376367 0.896484
5 0.527734 0.442578 0.271094 0.35625 0.0469055
20 0.527344 0.463672 0.267188 0.389062 0.0157776
1 0.527344 0.463672 0.267188 0.389062 0.0140076
4 0.526953 0.439941 0.274219 0.351367 0.00471878
21 0.527344 0.463672 0.267188 0.389062 0.00258064
13 0.527344 0.460254 0.265625 0.38418 0.00203514
0 0.527734 0.450781 0.269531 0.378125 0.00156689
22 0.524219 0.456152 0.258594 0.367383 0.956055
5 0.521875 0.451172 0.259375 0.355469 0.0769653
21 0.521094 0.463672 0.260938 0.369531 0.0210419
20 0.519922 0.457813 0.264062 0.361719 0.0108185
24 0.524219 0.463672 0.257812 0.375781 0.00220871
1 0.523438 0.470313 0.257812 0.38125 0.0018034
4 0.523828 0.464063 0.258594 0.377344 0.00146675
22 0.522656 0.450391 0.259375 0.367969 0.882324
5 0.521094 0.444141 0.257812 0.357031 0.0643921
21 0.517969 0.453125 0.25625 0.365625 0.0191956
20 0.522656 0.458984 0.257812 0.377344 0.011467
1 0.521094 0.444141 0.257812 0.357031 0.00484848
4 0.519531 0.458496 0.257812 0.381445 0.00250244
24 0.51875 0.451465 0.25625 0.370508 0.0012064
22 0.526953 0.465234 0.296094 0.407031 0.858887
5 0.526172 0.470215 0.303125 0.40957 0.0156021
20 0.522656 0.469922 0.303125 0.401563 0.00812531
1 0.523047 0.474219 0.309375 0.407031 0.0064888
21 0.526172 0.470215 0.303125 0.40957 0.00247192
24 0.526172 0.470215 0.303125 0.40957 0.00226974
4 0.526172 0.470215 0.303125 0.40957 0.00155449
13 0.525781 0.466406 0.292188 0.3875 0.0012598
0 0.524316 0.471094 0.304492 0.408594 0.00121117
22 0.526563 0.464063 0.292188 0.396875 0.864258
5 0.525781 0.460938 0.295312 0.385938 0.0123367
20 0.523438 0.466309 0.297656 0.395508 0.00754929
15 0.221289 0.280078 0.442578 0.560156 0.00572968
12 0.521094 0.395703 0.290625 0.261719 0.0053215
1 0.746875 0.407813 0.50625 0.815625 0.00252151
21 0.523438 0.471875 0.29375 0.402344 0.0024929
1 0.207422 0.375 0.414844 0.75 0.00244331
4 0.526563 0.470703 0.295312 0.403906 0.00146675
13 0.523438 0.471875 0.29375 0.402344 0.00133038
22 0.523438 0.467969 0.282813 0.401563 0.926758
20 0.523828 0.475 0.280469 0.407813 0.0160217
21 0.525 0.470313 0.2875 0.392969 0.0127716
5 0.522656 0.473535 0.282813 0.406055 0.0088501
1 0.525 0.470313 0.2875 0.392969 0.00674438
4 0.524219 0.473828 0.282813 0.408594 0.00152493
24 0.525 0.469922 0.282813 0.403906 0.00146103
13 0.523438 0.477344 0.284375 0.413281 0.00139427
12 0.526563 0.403027 0.251563 0.24707 0.0012207
22 0.523438 0.460156 0.2625 0.382031 0.878418
5 0.520312 0.457031 0.270313 0.364063 0.0362244
20 0.520703 0.467285 0.264062 0.376367 0.0213623
21 0.520703 0.467285 0.264062 0.376367 0.00527954
1 0.520703 0.467285 0.264062 0.376367 0.00445175
4 0.523438 0.460156 0.2625 0.382031 0.00109863
22 0.521875 0.466406 0.283594 0.398438 0.921387
5 0.521875 0.469141 0.284375 0.386719 0.149536
1 0.521875 0.469141 0.284375 0.386719 0.00971222
20 0.521875 0.473438 0.2875 0.4 0.0085144
21 0.520703 0.476172 0.285156 0.410938 0.00479126
4 0.521875 0.466406 0.283594 0.398438 0.00161076
13 0.521875 0.469141 0.284375 0.386719 0.0011425
22 0.521484 0.461816 0.274219 0.393555 0.911621
5 0.520312 0.4625 0.279687 0.38125 0.0836182
20 0.519531 0.467187 0.279687 0.397656 0.0226288
1 0.520312 0.4625 0.279687 0.38125 0.00679779
12 0.531641 0.404297 0.260156 0.257031 0.00183868
13 0.520312 0.4625 0.279687 0.38125 0.00178242
21 0.519531 0.467187 0.279687 0.397656 0.00156116
22 0.525 0.466406 0.270313 0.386719 0.795898
5 0.523438 0.462109 0.275 0.366406 0.062561
21 0.525781 0.474219 0.271875 0.392188 0.0103302
20 0.525 0.471191 0.278125 0.381055 0.00701141
4 0.525 0.471875 0.276563 0.384375 0.0019722
12 0.535937 0.400781 0.229687 0.23125 0.00156116
1 0.523438 0.462109 0.275 0.366406 0.00151253
22 0.521484 0.464063 0.263281 0.379688 0.853027
5 0.519531 0.4625 0.265625 0.370313 0.0479431
20 0.519141 0.468359 0.267969 0.375781 0.0104065
21 0.519141 0.468359 0.267969 0.375781 0.00439835
1 0.519141 0.468359 0.267969 0.375781 0.00378036
4 0.519531 0.46416 0.264062 0.37793 0.00173378
22 0.525 0.466406 0.254688 0.371094 0.818848
5 0.522656 0.457031 0.257812 0.350781 0.0422363
20 0.525781 0.470703 0.253125 0.369531 0.0143356
21 0.525 0.471094 0.254688 0.364844 0.0121918
1 0.525 0.472656 0.249219 0.379688 0.00332451
24 0.523828 0.465625 0.252344 0.36875 0.00149536
4 0.524219 0.470313 0.251563 0.371094 0.00145531
22 0.521875 0.467187 0.271875 0.382031 0.929199
5 0.521875 0.462109 0.275 0.367969 0.0514526
20 0.520312 0.471875 0.278125 0.385938 0.0149536
1 0.521875 0.462109 0.275 0.367969 0.00997162
21 0.521094 0.47334 0.272656 0.387695 0.00188923
4 0.522656 0.463184 0.278125 0.368945 0.0018034
13 0.521875 0.462109 0.275 0.367969 0.00106907
22 0.521875 0.46709 0.2625 0.376758 0.895508
5 0.519922 0.464453 0.264844 0.371094 0.0583496
21 0.520703 0.469922 0.263281 0.378125 0.00598145
20 0.521875 0.46709 0.2625 0.376758 0.00534439
4 0.522656 0.471484 0.257812 0.378906 0.00195694
1 0.519922 0.464453 0.264844 0.371094 0.00164223
24 0.522266 0.466504 0.258594 0.376367 0.00130463
22 0.524219 0.466406 0.259375 0.376563 0.971191
5 0.521875 0.463965 0.2625 0.368945 0.0137405
20 0.524219 0.466406 0.259375 0.376563 0.0126724
21 0.522656 0.471191 0.260938 0.376367 0.00624084
1 0.521875 0.463965 0.2625 0.368945 0.00426483
4 0.523828 0.472754 0.257031 0.379492 0.00209045
22 0.522656 0.474121 0.270313 0.392383 0.896973
5 0.520312 0.468848 0.267188 0.376367 0.033844
20 0.522656 0.472266 0.267969 0.382031 0.00521851
21 0.523438 0.47666 0.270313 0.391992 0.00413513
4 0.523438 0.477344 0.270313 0.39375 0.00159168
24 0.523438 0.472559 0.267188 0.387695 0.00123501
22 0.522656 0.463281 0.260938 0.375 0.958008
5 0.520312 0.458984 0.260938 0.360156 0.131592
1 0.520312 0.459375 0.259375 0.3625 0.00400543
21 0.522656 0.469141 0.2625 0.373437 0.00380898
20 0.522656 0.468652 0.264062 0.37832 0.00372124
4 0.521094 0.462891 0.257812 0.374219 0.00221634
22 0.526172 0.467871 0.258594 0.364258 0.90332
5 0.524219 0.4625 0.259375 0.35625 0.0946655
20 0.527344 0.470703 0.260938 0.363281 0.00584412
1 0.524219 0.4625 0.259375 0.35625 0.00450516
21 0.527344 0.470996 0.260938 0.35957 0.00346947
4 0.527344 0.467578 0.259375 0.364844 0.00318527
12 0.530078 0.402441 0.23125 0.232617 0.00186729
22 0.527344 0.468359 0.251563 0.355469 0.892578
5 0.525 0.462891 0.252344 0.347656 0.146606
1 0.525 0.462891 0.252344 0.347656 0.0177155
20 0.523438 0.4625 0.251563 0.35 0.0105667
4 0.526563 0.468359 0.251563 0.355469 0.00255013
21 0.527734 0.465723 0.260156 0.351367 0.00233269
22 0.529688 0.459375 0.24375 0.3375 0.720215
5 0.526563 0.453223 0.245312 0.324805 0.181274
20 0.529688 0.453516 0.242188 0.328906 0.0172424
1 0.529688 0.453516 0.242188 0.328906 0.0154266
21 0.528906 0.467187 0.24375 0.346875 0.00329781
4 0.528906 0.461328 0.246875 0.339844 0.00246239
12 0.53125 0.401563 0.232813 0.235938 0.00119686
22 0.523438 0.467578 0.245312 0.35 0.695801
5 0.521094 0.461621 0.245312 0.342383 0.0734253
1 0.521094 0.461621 0.245312 0.342383 0.00818634
20 0.521094 0.468652 0.242188 0.348633 0.00698471
21 0.521094 0.468652 0.242188 0.348633 0.00479126
4 0.521875 0.466504 0.24375 0.348242 0.0024147
24 0.521875 0.466504 0.24375 0.348242 0.00110722
22 0.521875 0.473047 0.240625 0.35625 0.779785
5 0.521875 0.473047 0.240625 0.35625 0.033844
21 0.519531 0.473047 0.240625 0.352344 0.00908661
4 0.521875 0.473047 0.240625 0.35625 0.00486755
20 0.520312 0.470996 0.242188 0.351758 0.00358009
24 0.520312 0.470996 0.2375 0.351758 0.00139904
1 0.51875 0.464453 0.242188 0.347656 0.00103188
22 0.523828 0.471094 0.250781 0.370313 0.869629
5 0.521094 0.464063 0.253125 0.365625 0.0544128
21 0.522656 0.470703 0.25 0.364844 0.00790405
20 0.521875 0.463379 0.25 0.360742 0.00542831
1 0.521094 0.464063 0.253125 0.365625 0.00516129
4 0.523828 0.471094 0.250781 0.370313 0.00379562
24 0.523047 0.469141 0.249219 0.364844 0.00163555
22 0.524219 0.472266 0.258594 0.382812 0.878418
5 0.522656 0.463965 0.2625 0.373633 0.0866089
1 0.522656 0.463965 0.2625 0.373633 0.005867
20 0.522656 0.462402 0.260938 0.368945 0.00385475
4 0.524609 0.467187 0.260156 0.378906 0.0024929
21 0.524219 0.472266 0.260938 0.378906 0.00182438
22 0.528125 0.475 0.260156 0.379688 0.898438
5 0.526563 0.463281 0.265625 0.370313 0.137085
1 0.526563 0.463281 0.265625 0.370313 0.00619125
20 0.526563 0.4625 0.2625 0.366406 0.00482941
4 0.528125 0.475 0.260156 0.379688 0.00312424
21 0.528125 0.475391 0.2625 0.378906 0.00186729
22 0.525781 0.475098 0.257812 0.381055 0.870605
5 0.525781 0.467285 0.259375 0.368555 0.0700684
1 0.525 0.467187 0.260938 0.370313 0.00438309
4 0.525781 0.475098 0.257812 0.381055 0.00402451
21 0.526172 0.474609 0.258594 0.377344 0.00325966
20 0.525781 0.465234 0.254688 0.364063 0.00314713
24 0.526563 0.470703 0.259375 0.374219 0.00132465
22 0.524219 0.473828 0.249219 0.377344 0.894043
5 0.522266 0.463672 0.250781 0.361719 0.0340881
20 0.523047 0.472266 0.247656 0.370313 0.00538635
1 0.522266 0.463672 0.250781 0.361719 0.00403976
4 0.523828 0.468848 0.249219 0.37168 0.00376511
21 0.523047 0.472266 0.247656 0.370313 0.00319672
24 0.523828 0.468848 0.249219 0.37168 0.00116062
22 0.523438 0.473047 0.257812 0.376563 0.880859
5 0.522656 0.462891 0.257812 0.363281 0.122498
1 0.522656 0.462891 0.257812 0.363281 0.00677109
20 0.522266 0.471875 0.257812 0.371875 0.0053215
21 0.522266 0.471875 0.257812 0.371875 0.003088
4 0.524219 0.467969 0.257812 0.371875 0.00245285
22 0.525391 0.472559 0.259375 0.367383 0.877441
5 0.525391 0.461328 0.261719 0.363281 0.0632324
20 0.525781 0.467187 0.260938 0.365625 0.00413513
1 0.525391 0.461328 0.261719 0.363281 0.00265312
4 0.525391 0.472559 0.259375 0.367383 0.00228691
21 0.525781 0.471094 0.260938 0.365625 0.00218201
24 0.526172 0.466504 0.260156 0.368555 0.00109863
22 0.523828 0.465625 0.249219 0.3625 0.878418
5 0.522656 0.462109 0.251563 0.360156 0.0414734
20 0.522266 0.461816 0.249219 0.357617 0.00695801
1 0.521875 0.462598 0.251563 0.362305 0.00436401
4 0.523047 0.466406 0.249219 0.363281 0.0026207
21 0.522656 0.467578 0.248438 0.3625 0.00251198
22 0.523438 0.472656 0.251563 0.36875 0.868164
5 0.522656 0.463672 0.253125 0.361719 0.0907593
20 0.521875 0.461719 0.249219 0.354688 0.00538635
21 0.522266 0.471484 0.249219 0.364844 0.00469971
1 0.521875 0.464063 0.252344 0.364063 0.00288963
4 0.522656 0.468848 0.25 0.366992 0.0024147
22 0.523438 0.472559 0.25625 0.370508 0.888184
5 0.522266 0.464453 0.258594 0.366406 0.0275879
20 0.522656 0.467969 0.25625 0.365625 0.0028553
21 0.522656 0.471094 0.25625 0.366406 0.00176811
4 0.523438 0.467969 0.25625 0.36875 0.0017004
1 0.522266 0.464453 0.258594 0.366406 0.00148392
22 0.525 0.473438 0.257812 0.371875 0.905762
5 0.525781 0.464063 0.2625 0.364063 0.0192719
4 0.525 0.473438 0.257812 0.371875 0.00247192
20 0.524219 0.469531 0.260938 0.367188 0.00239754
21 0.524219 0.472656 0.259375 0.36875 0.00212479
22 0.525391 0.467285 0.258594 0.373242 0.911133
5 0.523438 0.463965 0.2625 0.368945 0.0451965
20 0.524219 0.468652 0.260938 0.370508 0.00281143
1 0.523438 0.463965 0.2625 0.368945 0.00227928
21 0.524219 0.473047 0.260938 0.372656 0.00196457
4 0.525 0.468066 0.259375 0.373242 0.00175476
22 0.525781 0.467187 0.257812 0.367969 0.875
5 0.524219 0.464844 0.260938 0.365625 0.0761108
1 0.524219 0.464844 0.260938 0.365625 0.00429916
20 0.522656 0.464746 0.260938 0.362695 0.00348282
4 0.525391 0.467871 0.258594 0.367383 0.00197983
21 0.524609 0.468359 0.260156 0.366406 0.00194168
22 0.526172 0.467285 0.254688 0.366992 0.882324
5 0.525 0.464063 0.258594 0.365625 0.085083
20 0.523828 0.463184 0.257031 0.361133 0.00511932
1 0.525 0.464063 0.258594 0.365625 0.00382423
21 0.524219 0.471094 0.254688 0.363281 0.00253105
4 0.525781 0.468359 0.255469 0.366406 0.00223351
22 0.523047 0.470703 0.25 0.361719 0.868652
5 0.523438 0.462109 0.253125 0.355469 0.0572815
20 0.521875 0.460938 0.253125 0.353125 0.00559998
1 0.522656 0.4625 0.253125 0.357812 0.00434875
21 0.521875 0.468066 0.25 0.35918 0.00257111
4 0.522656 0.467969 0.25 0.361719 0.00214005
22 0.523438 0.470703 0.257812 0.367188 0.901855
5 0.523828 0.464453 0.258594 0.364063 0.0611877
20 0.521484 0.463965 0.258594 0.361133 0.00582123
1 0.522656 0.465234 0.259375 0.364844 0.00559998
4 0.523438 0.467969 0.257031 0.367188 0.00172043
21 0.522656 0.467969 0.257812 0.364844 0.00171375
22 0.523047 0.469531 0.253906 0.364063 0.89502
5 0.523438 0.463379 0.25625 0.360742 0.0592041
20 0.521875 0.462598 0.25625 0.35918 0.00626373
1 0.522656 0.463672 0.25625 0.361719 0.00416565
21 0.522656 0.467578 0.254688 0.361719 0.00208282
4 0.522656 0.467578 0.253125 0.364063 0.0019722
22 0.523438 0.469531 0.257812 0.367969 0.877441
5 0.524219 0.463281 0.259375 0.364063 0.0700684
20 0.521875 0.4625 0.259375 0.3625 0.00482941
1 0.524219 0.463281 0.259375 0.364063 0.00416565
21 0.526563 0.464844 0.260938 0.363281 0.00226974
4 0.523438 0.466797 0.257812 0.367969 0.00194168
22 0.523438 0.469922 0.25625 0.366406 0.865234
5 0.523047 0.462891 0.258594 0.363281 0.0658569
20 0.522656 0.461816 0.257812 0.360742 0.00395966
1 0.523047 0.462891 0.258594 0.363281 0.00352478
21 0.523438 0.467578 0.25625 0.363281 0.00221634
4 0.523438 0.467285 0.25625 0.36543 0.00188923
22 0.523438 0.469141 0.25625 0.366406 0.884766
5 0.522656 0.463281 0.257812 0.3625 0.0518494
20 0.522656 0.467187 0.25625 0.3625 0.00421524
1 0.522656 0.463281 0.257812 0.3625 0.00319672
21 0.522656 0.467187 0.25625 0.3625 0.00209999
4 0.523438 0.467578 0.25625 0.364844 0.00173378
22 0.523438 0.469141 0.254688 0.364844 0.869629
5 0.523047 0.463379 0.257031 0.362305 0.0611877
20 0.523438 0.467187 0.254688 0.361719 0.00466537
1 0.523047 0.463379 0.257031 0.362305 0.0041008
21 0.523438 0.467187 0.254688 0.361719 0.0024929
4 0.523438 0.467285 0.254688 0.363867 0.00195694
22 0.524219 0.468359 0.25625 0.365625 0.866211
5 0.523438 0.463379 0.257812 0.362305 0.0614319
20 0.523828 0.466406 0.255469 0.363281 0.00521851
1 0.523438 0.463379 0.257812 0.362305 0.00466537
21 0.523828 0.466406 0.255469 0.363281 0.00213242
4 0.524219 0.466504 0.25625 0.36543 0.00191879
22 0.523438 0.469531 0.254688 0.366406 0.879883
5 0.523438 0.463965 0.257031 0.362695 0.0397949
20 0.523438 0.467285 0.254688 0.363867 0.00502014
1 0.523438 0.463965 0.257031 0.362695 0.00242424
21 0.523438 0.467285 0.254688 0.363867 0.00213242
4 0.524219 0.467578 0.254688 0.365625 0.00165462
22 0.523438 0.469434 0.254688 0.36582 0.882324
5 0.523438 0.463281 0.25625 0.363281 0.0465393
20 0.522656 0.46709 0.253125 0.362695 0.00429916
1 0.523438 0.463281 0.25625 0.363281 0.00274658
21 0.522656 0.46709 0.253125 0.362695 0.00197983
4 0.523438 0.467285 0.253125 0.36543 0.00178242
22 0.523438 0.469629 0.254688 0.366992 0.891602
5 0.523438 0.463379 0.257812 0.36543 0.0411377
20 0.522656 0.466797 0.254688 0.364063 0.00358009
1 0.523438 0.463379 0.257812 0.36543 0.00204277
21 0.522656 0.466797 0.254688 0.364063 0.0019722
4 0.523438 0.467187 0.254688 0.366406 0.0018034
22 0.523828 0.469531 0.253906 0.364844 0.89502
5 0.523438 0.463379 0.25625 0.363867 0.029541
20 0.523438 0.467187 0.253125 0.3625 0.00367928
21 0.523438 0.467187 0.253125 0.3625 0.0020752
4 0.524219 0.467578 0.254688 0.364844 0.00178909
1 0.523438 0.463379 0.25625 0.363867 0.00162315
22 0.523438 0.469434 0.254688 0.36582 0.890137
5 0.523438 0.463379 0.257812 0.363867 0.0278015
20 0.523047 0.46709 0.253906 0.362695 0.00351143
21 0.522656 0.469434 0.253125 0.362695 0.0019722
4 0.523438 0.467578 0.254688 0.365625 0.00179577
1 0.523438 0.463379 0.257812 0.363867 0.00151253
22 0.523438 0.469531 0.253125 0.365625 0.891602
5 0.523047 0.463281 0.25625 0.363281 0.0241394
20 0.522656 0.467187 0.253125 0.363281 0.00388527
21 0.522266 0.469434 0.252344 0.362695 0.00200272
4 0.524219 0.469531 0.254688 0.364844 0.00181007
1 0.523047 0.463281 0.25625 0.363281 0.00148392
22 0.523438 0.469531 0.252344 0.364844 0.895508
5 0.523438 0.463184 0.254688 0.361133 0.0197144
20 0.522656 0.467187 0.251563 0.361719 0.00407028
21 0.522656 0.469141 0.251563 0.361719 0.00191879
4 0.524219 0.469531 0.253125 0.363281 0.00181007
1 0.523438 0.463184 0.254688 0.361133 0.00118828
22 0.523438 0.469531 0.251563 0.364063 0.890137
5 0.523438 0.462891 0.254688 0.360156 0.0202484
20 0.523438 0.467187 0.251563 0.360938 0.00400543
21 0.522656 0.469141 0.250781 0.361719 0.00209999
4 0.524609 0.469434 0.253125 0.362695 0.00186729
1 0.523438 0.462891 0.254688 0.360156 0.00119686
22 0.523438 0.469531 0.251563 0.364063 0.887207
5 0.523438 0.463281 0.254688 0.360938 0.0211182
20 0.523438 0.467187 0.251563 0.361719 0.00419998
21 0.522656 0.469141 0.250781 0.361719 0.00223351
4 0.524219 0.469434 0.253125 0.362695 0.00183868
1 0.523438 0.463281 0.254688 0.360938 0.00132465
22 0.523438 0.469629 0.251563 0.363867 0.88623
5 0.523438 0.462598 0.254688 0.360742 0.0201721
20 0.522656 0.46709 0.251563 0.361133 0.00413513
21 0.522656 0.468652 0.251563 0.361133 0.00234985
4 0.524219 0.469434 0.253125 0.362695 0.00184631
1 0.523438 0.462598 0.254688 0.360742 0.00123501
22 0.523438 0.469141 0.251563 0.363281 0.884277
5 0.523047 0.4625 0.254688 0.360938 0.0216217
20 0.522656 0.466797 0.251563 0.360938 0.00407028
21 0.522266 0.46875 0.250781 0.360938 0.00225258
4 0.524219 0.469141 0.253125 0.3625 0.00183105
1 0.523047 0.4625 0.254688 0.360938 0.00137806
22 0.523438 0.469434 0.253125 0.36582 0.892578
5 0.523047 0.463672 0.25625 0.363281 0.0241394
20 0.522656 0.467187 0.253125 0.363281 0.00388527
21 0.522266 0.469434 0.252344 0.362695 0.00199509
4 0.524219 0.469531 0.254688 0.364844 0.0018177
1 0.523047 0.463672 0.25625 0.363281 0.00149536
