11 0.473047 0.39541 0.375 0.274805 0.00246239
19 0.505371 0.379688 0.283008 0.26875 0.00226021
3 0.471875 0.404785 0.378125 0.270117 0.00201035
14 0.471875 0.404785 0.378125 0.270117 0.00164223
11 0.636035 0.452246 0.72793 0.537695 0.00163555
11 0.616797 0.302344 0.766406 0.604688 0.00144386
4 0.467969 0.396094 0.371875 0.265625 0.00139427
5 0.466309 0.396094 0.370508 0.267188 0.00126934
19 0.520312 0.572656 0.240625 0.323438 0.00115108
11 0.433203 0.735547 0.373437 0.344531 0.00112915
11 0.601172 0.457031 0.797656 0.8875 0.00109863
0 0.477734 0.401172 0.378125 0.2875 0.00107765
9 0.473047 0.39541 0.375 0.274805 0.00106049
5 0.50625 0.496777 0.465625 0.543945 0.00103664
22 0.457031 0.517188 0.407813 0.5375 0.663574
22 0.499219 0.571484 0.499219 0.736719 0.542969
17 0.462109 0.480469 0.395313 0.435937 0.439697
20 0.457031 0.517188 0.407813 0.5375 0.381104
22 0.599219 0.596094 0.784375 0.807813 0.370117
22 0.422266 0.604688 0.539844 0.790625 0.357666
17 0.441406 0.600391 0.527344 0.777344 0.351318
14 0.446484 0.498047 0.439844 0.460156 0.313965
17 0.494531 0.537891 0.426563 0.630469 0.263672
17 0.399316 0.613672 0.66543 0.772656 0.251709
22 0.461328 0.454785 0.395313 0.376367 0.189575
17 0.599219 0.596094 0.784375 0.807813 0.174438
20 0.480566 0.567285 0.570117 0.656055 0.161865
3 0.462109 0.480469 0.395313 0.435937 0.157715
17 0.396973 0.506348 0.493555 0.52168 0.11554
22 0.433203 0.605469 0.763281 0.789062 0.105591
22 0.624219 0.487891 0.751563 0.883594 0.0953369
22 0.485254 0.432422 0.40293 0.602344 0.093689
25 0.462109 0.480469 0.395313 0.435937 0.0923462
22 0.241016 0.727539 0.482031 0.544922 0.0910645
3 0.45 0.535254 0.458594 0.55918 0.0888062
20 0.442578 0.606641 0.683594 0.786719 0.0872803
22 0.198242 0.742969 0.396484 0.514063 0.0869141
17 0.639063 0.610156 0.721875 0.779688 0.0866089
22 0.639063 0.610156 0.721875 0.779688 0.0806274
11 0.45 0.535254 0.458594 0.55918 0.0772095
20 0.198242 0.742969 0.396484 0.514063 0.0742188
20 0.241016 0.727539 0.482031 0.544922 0.0692749
17 0.370313 0.540234 0.740625 0.869531 0.0643921
17 0.198242 0.742969 0.396484 0.514063 0.0609741
9 0.45 0.535254 0.458594 0.55918 0.0594177
17 0.334766 0.702734 0.669531 0.594531 0.0535889
22 0.334766 0.702734 0.669531 0.594531 0.0526123
17 0.614844 0.680469 0.770312 0.639063 0.0524292
14 0.450391 0.560156 0.451562 0.648438 0.0510864
17 0.624219 0.487891 0.751563 0.883594 0.0492249
17 0.241016 0.727539 0.482031 0.544922 0.0476074
10 0.446484 0.498047 0.439844 0.460156 0.0460205
20 0.334766 0.702734 0.669531 0.594531 0.0458679
17 0.485254 0.432422 0.40293 0.602344 0.0451965
5 0.463281 0.544922 0.433594 0.603906 0.0448608
17 0.369922 0.395313 0.557813 0.724219 0.0445251
16 0.462109 0.480469 0.395313 0.435937 0.0445251
3 0.399316 0.613672 0.66543 0.772656 0.0441895
13 0.396973 0.506348 0.493555 0.52168 0.0440063
1 0.399316 0.613672 0.66543 0.772656 0.0437012
22 0.614844 0.680469 0.770312 0.639063 0.0402527
22 0.380078 0.488281 0.657813 0.851562 0.0384521
11 0.462109 0.480469 0.395313 0.435937 0.0380249
17 0.664453 0.419531 0.671094 0.839063 0.0377502
3 0.441406 0.600391 0.527344 0.777344 0.0377502
20 0.448047 0.459375 0.417969 0.379688 0.0358276
17 0.345703 0.419141 0.691406 0.838281 0.0335999
22 0.664453 0.419531 0.671094 0.839063 0.032959
19 0.522266 0.589063 0.280469 0.31875 0.0325928
25 0.450391 0.560156 0.451562 0.648438 0.0325928
17 0.689844 0.527344 0.620313 0.929688 0.0322266
17 0.426953 0.634375 0.853906 0.73125 0.0317383
21 0.522266 0.589063 0.280469 0.31875 0.0311432
22 0.689844 0.527344 0.620313 0.929688 0.0310211
11 0.480566 0.567285 0.570117 0.656055 0.0306702
14 0.345703 0.419141 0.691406 0.838281 0.0301056
17 0.172559 0.727734 0.345117 0.466406 0.0301056
14 0.442578 0.606641 0.683594 0.786719 0.0292053
22 0.253516 0.716406 0.507031 0.567187 0.0283356
2 0.462109 0.480469 0.395313 0.435937 0.0280151
9 0.480566 0.567285 0.570117 0.656055 0.0280151
8 0.446484 0.498047 0.439844 0.460156 0.0276947
13 0.448047 0.459375 0.417969 0.379688 0.0271759
0 0.462109 0.480469 0.395313 0.435937 0.0270691
11 0.257812 0.729102 0.515625 0.541797 0.0268555
14 0.485254 0.432422 0.40293 0.602344 0.0264587
22 0.345703 0.419141 0.691406 0.838281 0.0257568
14 0.210742 0.684766 0.421484 0.630469 0.0244293
13 0.345703 0.419141 0.691406 0.838281 0.0228882
14 0.198242 0.742969 0.396484 0.514063 0.0225372
3 0.589844 0.591016 0.820312 0.817969 0.0223694
22 0.426953 0.634375 0.853906 0.73125 0.02211
17 0.370313 0.675684 0.55625 0.648633 0.0216217
14 0.257812 0.729102 0.515625 0.541797 0.0216217
11 0.206445 0.728125 0.412891 0.54375 0.0210419
22 0.369922 0.395313 0.557813 0.724219 0.0207214
3 0.198242 0.742969 0.396484 0.514063 0.0207214
16 0.396973 0.506348 0.493555 0.52168 0.0200195
22 0.471777 0.667188 0.64082 0.665625 0.0197906
20 0.35625 0.440625 0.703125 0.88125 0.0195618
20 0.599219 0.596094 0.784375 0.807813 0.0191956
20 0.624219 0.487891 0.751563 0.883594 0.0191193
22 0.474219 0.392969 0.497656 0.785937 0.0189819
3 0.514453 0.579688 0.536719 0.671875 0.0187683
14 0.380078 0.488281 0.657813 0.851562 0.0184784
14 0.389844 0.632031 0.779688 0.735938 0.0183411
20 0.172559 0.727734 0.345117 0.466406 0.0179138
1 0.614844 0.680469 0.770312 0.639063 0.0177155
13 0.399316 0.613672 0.66543 0.772656 0.0173798
11 0.211914 0.734766 0.423828 0.530469 0.0165253
22 0.588672 0.357812 0.619531 0.715625 0.0164642
22 0.172559 0.727734 0.345117 0.466406 0.0164032
20 0.614844 0.658594 0.770312 0.682813 0.0163422
17 0.471777 0.667188 0.64082 0.665625 0.0158997
14 0.619043 0.441016 0.761914 0.882031 0.0156708
13 0.463281 0.544922 0.433594 0.603906 0.0155411
20 0.219141 0.714453 0.438281 0.571094 0.0155411
3 0.485254 0.432422 0.40293 0.602344 0.0154266
20 0.418359 0.639453 0.535937 0.721094 0.0153656
1 0.441406 0.600391 0.527344 0.777344 0.0153046
14 0.369922 0.395313 0.557813 0.724219 0.0149536
17 0.385938 0.374609 0.771875 0.749219 0.0148392
3 0.241016 0.727539 0.482031 0.544922 0.0147858
1 0.345703 0.397656 0.691406 0.795313 0.0147324
1 0.639063 0.610156 0.721875 0.779688 0.0146179
8 0.399316 0.613672 0.66543 0.772656 0.014389
20 0.427344 0.615234 0.854688 0.769531 0.0142822
11 0.184766 0.834375 0.369531 0.33125 0.0142822
3 0.369922 0.395313 0.557813 0.724219 0.0141754
13 0.380078 0.488281 0.657813 0.851562 0.0140076
17 0.253516 0.716406 0.507031 0.567187 0.0137939
17 0.474219 0.392969 0.497656 0.785937 0.0133743
22 0.520703 0.312891 0.503906 0.625781 0.01297
3 0.380078 0.488281 0.657813 0.851562 0.01297
22 0.385938 0.374609 0.771875 0.749219 0.0129242
24 0.457031 0.517188 0.407813 0.5375 0.012825
14 0.172559 0.727734 0.345117 0.466406 0.012825
3 0.345703 0.419141 0.691406 0.838281 0.0127258
1 0.369922 0.395313 0.557813 0.724219 0.0123367
1 0.426953 0.634375 0.853906 0.73125 0.012291
22 0.370313 0.675684 0.55625 0.648633 0.0120544
14 0.373437 0.647656 0.6 0.704688 0.0120087
14 0.589844 0.591016 0.820312 0.817969 0.0119629
14 0.184766 0.834375 0.369531 0.33125 0.0118256
11 0.399316 0.613672 0.66543 0.772656 0.0117798
0 0.485254 0.432422 0.40293 0.602344 0.011734
22 0.481641 0.695508 0.799219 0.608984 0.0116882
14 0.283398 0.626953 0.566797 0.746094 0.0115509
17 0.395313 0.696094 0.725 0.607813 0.011467
9 0.257812 0.729102 0.515625 0.541797 0.0114212
1 0.667188 0.529688 0.665625 0.925 0.0113297
13 0.195312 0.745313 0.390625 0.509375 0.0112915
17 0.588672 0.357812 0.619531 0.715625 0.0111618
17 0.520703 0.312891 0.503906 0.625781 0.0109863
11 0.183789 0.895312 0.367578 0.209375 0.0109863
17 0.345508 0.262695 0.691016 0.525391 0.0107346
3 0.172559 0.727734 0.345117 0.466406 0.0107346
13 0.426953 0.634375 0.853906 0.73125 0.0105667
24 0.183594 0.889063 0.367188 0.221875 0.0102921
3 0.334766 0.702734 0.669531 0.594531 0.0102463
25 0.485254 0.432422 0.40293 0.602344 0.0101318
1 0.370313 0.675684 0.55625 0.648633 0.0100937
1 0.471777 0.667188 0.64082 0.665625 0.0100937
19 0.494141 0.383984 0.283594 0.301563 0.0100098
20 0.664844 0.582812 0.670313 0.834375 0.00981903
1 0.396973 0.506348 0.493555 0.52168 0.00974274
5 0.380078 0.488281 0.657813 0.851562 0.00963593
13 0.369922 0.395313 0.557813 0.724219 0.00955963
20 0.485254 0.432422 0.40293 0.602344 0.00955963
13 0.334766 0.702734 0.669531 0.594531 0.00948334
8 0.35625 0.440625 0.703125 0.88125 0.00933838
1 0.370313 0.540234 0.740625 0.869531 0.00930023
14 0.614844 0.658594 0.770312 0.682813 0.00912476
1 0.514453 0.579688 0.536719 0.671875 0.00888062
3 0.636328 0.632812 0.727344 0.734375 0.00878143
19 0.525391 0.596094 0.227344 0.26875 0.0086441
13 0.241016 0.727539 0.482031 0.544922 0.0086441
14 0.356445 0.708789 0.712891 0.582422 0.0085144
17 0.132812 0.366406 0.265625 0.732813 0.00847626
0 0.396973 0.506348 0.493555 0.52168 0.00847626
22 0.132812 0.366406 0.265625 0.732813 0.00818634
1 0.448047 0.459375 0.417969 0.379688 0.00812531
1 0.638672 0.421484 0.722656 0.842969 0.00787354
13 0.441406 0.600391 0.527344 0.777344 0.00787354
14 0.183789 0.895312 0.367578 0.209375 0.00787354
11 0.356445 0.708789 0.712891 0.582422 0.0078125
25 0.198242 0.742969 0.396484 0.514063 0.00775528
3 0.624219 0.487891 0.751563 0.883594 0.00769424
17 0.283398 0.626953 0.566797 0.746094 0.00769424
25 0.396973 0.506348 0.493555 0.52168 0.00766754
20 0.369922 0.395313 0.557813 0.724219 0.00763702
10 0.480566 0.567285 0.570117 0.656055 0.00763702
10 0.433203 0.605469 0.763281 0.789062 0.00754929
13 0.59375 0.707031 0.8125 0.585938 0.00754929
22 0.283398 0.626953 0.566797 0.746094 0.00751877
13 0.589844 0.591016 0.820312 0.817969 0.00734711
13 0.619043 0.441016 0.761914 0.882031 0.00728989
1 0.324219 0.263672 0.648438 0.527344 0.00723267
16 0.206445 0.728125 0.412891 0.54375 0.00723267
9 0.211914 0.734766 0.423828 0.530469 0.00720596
25 0.442578 0.606641 0.683594 0.786719 0.00717545
6 0.186328 0.891406 0.372656 0.217188 0.00709534
14 0.666016 0.558984 0.667969 0.882031 0.00701141
11 0.369922 0.395313 0.557813 0.724219 0.00695801
16 0.345703 0.419141 0.691406 0.838281 0.00695801
11 0.485254 0.432422 0.40293 0.602344 0.0069313
17 0.509766 0.721094 0.841406 0.557813 0.0068779
16 0.183789 0.895312 0.367578 0.209375 0.00679779
14 0.474219 0.392969 0.497656 0.785937 0.00677109
1 0.418359 0.349805 0.836719 0.699609 0.00658798
14 0.137305 0.696875 0.274609 0.379688 0.00658798
16 0.184766 0.834375 0.369531 0.33125 0.00651169
25 0.599219 0.596094 0.784375 0.807813 0.0064621
2 0.45 0.535254 0.458594 0.55918 0.00643921
24 0.480566 0.567285 0.570117 0.656055 0.00643921
22 0.683984 0.657813 0.632031 0.684375 0.00643921
22 0.36875 0.566406 0.7375 0.867188 0.00634003
17 0.429297 0.319727 0.857031 0.639453 0.00629044
1 0.283398 0.626953 0.566797 0.746094 0.00629044
1 0.509766 0.721094 0.841406 0.557813 0.00619125
7 0.186328 0.898438 0.372656 0.203125 0.00616837
22 0.345508 0.262695 0.691016 0.525391 0.00609589
13 0.283398 0.626953 0.566797 0.746094 0.00609589
1 0.236328 0.726953 0.472656 0.546094 0.006073
20 0.664453 0.419531 0.671094 0.839063 0.00605011
13 0.370313 0.675684 0.55625 0.648633 0.00605011
11 0.345703 0.419141 0.691406 0.838281 0.00600433
3 0.664453 0.419531 0.671094 0.839063 0.00595856
11 0.619043 0.441016 0.761914 0.882031 0.00595856
3 0.666016 0.558984 0.667969 0.882031 0.00591278
17 0.232031 0.199609 0.464063 0.399219 0.005867
14 0.345508 0.262695 0.691016 0.525391 0.005867
21 0.446484 0.498047 0.439844 0.460156 0.005867
13 0.211914 0.734766 0.423828 0.530469 0.005867
10 0.257812 0.729102 0.515625 0.541797 0.005867
24 0.334766 0.702734 0.669531 0.594531 0.005867
24 0.241016 0.727539 0.482031 0.544922 0.00582123
20 0.385938 0.374609 0.771875 0.749219 0.00572968
17 0.137305 0.696875 0.274609 0.379688 0.00572968
10 0.373437 0.647656 0.6 0.704688 0.00568771
22 0.429297 0.319727 0.857031 0.639453 0.00564194
3 0.474219 0.392969 0.497656 0.785937 0.00551224
8 0.480566 0.567285 0.570117 0.656055 0.00551224
23 0.446484 0.498047 0.439844 0.460156 0.00538635
14 0.471777 0.667188 0.64082 0.665625 0.00536346
22 0.681152 0.35625 0.637695 0.7125 0.00534439
13 0.485254 0.432422 0.40293 0.602344 0.00534439
5 0.257812 0.729102 0.515625 0.541797 0.00534439
18 0.462109 0.480469 0.395313 0.435937 0.0053215
16 0.494531 0.537891 0.426563 0.630469 0.00530243
14 0.219141 0.714453 0.438281 0.571094 0.00527954
13 0.636328 0.632812 0.727344 0.734375 0.00526047
17 0.683984 0.657813 0.632031 0.684375 0.00521851
14 0.385938 0.374609 0.771875 0.749219 0.00519943
25 0.241016 0.727539 0.482031 0.544922 0.00510025
25 0.172559 0.727734 0.345117 0.466406 0.0050621
3 0.219141 0.714453 0.438281 0.571094 0.0050621
3 0.591797 0.681836 0.816406 0.636328 0.0050621
13 0.178516 0.897266 0.357031 0.205469 0.0050621
2 0.183594 0.889063 0.367188 0.221875 0.00502014
0 0.210742 0.684766 0.421484 0.630469 0.00498199
14 0.279492 0.746094 0.558984 0.507812 0.00496292
0 0.186133 0.728125 0.372266 0.457813 0.00494385
1 0.138867 0.395313 0.277734 0.790625 0.0049057
20 0.283398 0.626953 0.566797 0.746094 0.0049057
13 0.324219 0.263672 0.648438 0.527344 0.00488663
20 0.400391 0.691406 0.800781 0.617188 0.00488663
13 0.666016 0.558984 0.667969 0.882031 0.00486755
13 0.23125 0.7 0.4625 0.6 0.00486755
11 0.589844 0.591016 0.820312 0.817969 0.00482941
1 0.395313 0.696094 0.725 0.607813 0.00482941
11 0.279492 0.746094 0.558984 0.507812 0.00482941
16 0.485254 0.432422 0.40293 0.602344 0.00481033
14 0.689063 0.44375 0.621875 0.8875 0.00479126
1 0.709766 0.582812 0.580469 0.834375 0.00477219
17 0.301172 0.319531 0.602344 0.639063 0.00475693
1 0.434766 0.403125 0.499219 0.80625 0.00475693
13 0.474219 0.392969 0.497656 0.785937 0.00475693
5 0.345703 0.419141 0.691406 0.838281 0.00471878
1 0.219141 0.714453 0.438281 0.571094 0.00471878
22 0.200977 0.685547 0.401953 0.628906 0.00468063
22 0.201172 0.337891 0.402344 0.675781 0.00460815
3 0.426953 0.634375 0.853906 0.73125 0.00460815
16 0.314453 0.726562 0.628906 0.546875 0.00460815
3 0.370313 0.675684 0.55625 0.648633 0.00453949
5 0.396973 0.506348 0.493555 0.52168 0.00452042
21 0.486719 0.375781 0.342187 0.323438 0.00448608
13 0.471777 0.667188 0.64082 0.665625 0.00443268
11 0.23125 0.7 0.4625 0.6 0.00443268
1 0.334766 0.702734 0.669531 0.594531 0.00443268
25 0.334766 0.702734 0.669531 0.594531 0.00441742
17 0.473438 0.295508 0.610938 0.591016 0.00434875
5 0.462109 0.480469 0.395313 0.435937 0.00432968
0 0.619043 0.441016 0.761914 0.882031 0.00432968
10 0.211914 0.734766 0.423828 0.530469 0.00432968
3 0.471777 0.667188 0.64082 0.665625 0.00432968
1 0.599219 0.596094 0.784375 0.807813 0.00429916
9 0.186328 0.891406 0.372656 0.217188 0.00429916
22 0.301172 0.319531 0.602344 0.639063 0.00428009
22 0.570312 0.258008 0.435937 0.516016 0.00426483
8 0.369922 0.395313 0.557813 0.724219 0.0042305
4 0.45 0.535254 0.458594 0.55918 0.0042305
16 0.186133 0.728125 0.372266 0.457813 0.0042305
13 0.388281 0.710938 0.776563 0.578125 0.00421524
5 0.183594 0.889063 0.367188 0.221875 0.00421524
20 0.345508 0.262695 0.691016 0.525391 0.00419998
13 0.172559 0.727734 0.345117 0.466406 0.00418091
17 0.681152 0.35625 0.637695 0.7125 0.00416565
0 0.389844 0.632031 0.779688 0.735938 0.00411606
1 0.683984 0.657813 0.632031 0.684375 0.00408554
16 0.389844 0.632031 0.779688 0.735938 0.00407028
1 0.301172 0.319531 0.602344 0.639063 0.00402451
17 0.201172 0.337891 0.402344 0.675781 0.0039444
16 0.369922 0.395313 0.557813 0.724219 0.00391388
19 0.473828 0.39375 0.383594 0.263281 0.0165253
16 0.478125 0.40625 0.402344 0.290625 0.00812531
19 0.145508 0.398047 0.291016 0.386719 0.00519943
1 0.451562 0.51875 0.400781 0.505469 0.0051384
21 0.491016 0.493359 0.357812 0.404687 0.00413513
16 0.142773 0.422266 0.285547 0.357031 0.00397491
17 0.470996 0.526465 0.358008 0.487695 0.00327301
22 0.470996 0.526465 0.358008 0.487695 0.00288963
12 0.450391 0.475391 0.435156 0.592969 0.00218201
19 0.498828 0.357422 0.307031 0.326562 0.00200272
12 0.414453 0.480371 0.578906 0.687695 0.00200272
16 0.512598 0.587109 0.27793 0.307031 0.00191212
1 0.411719 0.458496 0.535156 0.689258 0.00190449
19 0.515234 0.562109 0.282031 0.325781 0.00176144
22 0.450391 0.475391 0.435156 0.592969 0.00173378
19 0.471875 0.448535 0.361719 0.376367 0.0015974
12 0.404785 0.566797 0.681055 0.803906 0.00147247
3 0.451562 0.51875 0.400781 0.505469 0.00144958
20 0.451562 0.51875 0.400781 0.505469 0.00139904
17 0.450391 0.475391 0.435156 0.592969 0.00136662
11 0.451562 0.51875 0.400781 0.505469 0.00130939
13 0.450391 0.475391 0.435156 0.592969 0.00130939
12 0.470996 0.526465 0.358008 0.487695 0.00126457
12 0.443066 0.439063 0.391992 0.351562 0.00123978
1 0.443066 0.439063 0.391992 0.351562 0.00121117
21 0.483496 0.391309 0.326758 0.25957 0.0011692
4 0.449219 0.513281 0.39375 0.477344 0.00116539
12 0.368164 0.661719 0.557422 0.676562 0.00116539
16 0.480469 0.370313 0.332031 0.304688 0.00112915
13 0.414453 0.480371 0.578906 0.687695 0.0011158
2 0.768555 0.917578 0.462891 0.164844 0.0011158
2 0.451562 0.51875 0.400781 0.505469 0.00108147
19 0.496094 0.516504 0.351562 0.40918 0.00106907
12 0.408984 0.472656 0.807031 0.80625 0.00104809
12 0.408984 0.599121 0.485156 0.745508 0.00100422
19 0.501172 0.360352 0.292188 0.391016 0.0778198
20 0.464844 0.482812 0.35625 0.411719 0.0401001
22 0.465625 0.488672 0.357031 0.43125 0.0370483
21 0.464844 0.482812 0.35625 0.411719 0.0317383
5 0.471094 0.489844 0.35625 0.432813 0.028656
9 0.464844 0.482812 0.35625 0.411719 0.0223694
19 0.471094 0.489844 0.35625 0.432813 0.021286
11 0.471094 0.489844 0.35625 0.432813 0.0175171
25 0.466016 0.485938 0.353906 0.397656 0.0163422
21 0.501172 0.360352 0.292188 0.391016 0.0157776
14 0.464844 0.482812 0.35625 0.411719 0.0156708
17 0.466016 0.485938 0.353906 0.397656 0.0148392
6 0.464844 0.482812 0.35625 0.411719 0.0131226
16 0.461328 0.472559 0.355469 0.400195 0.0123367
4 0.461328 0.472559 0.355469 0.400195 0.0121918
2 0.461328 0.472559 0.355469 0.400195 0.0118713
3 0.461328 0.472559 0.355469 0.400195 0.00993347
4 0.4625 0.42334 0.348438 0.283008 0.00948334
0 0.466016 0.464844 0.350781 0.385938 0.00933838
1 0.466016 0.485938 0.353906 0.397656 0.00930023
23 0.461328 0.472559 0.355469 0.400195 0.00831604
10 0.464844 0.482812 0.35625 0.411719 0.00821686
16 0.4625 0.42334 0.348438 0.283008 0.00763702
12 0.4625 0.42334 0.348438 0.283008 0.00740433
3 0.4625 0.42334 0.348438 0.283008 0.00666809
24 0.471094 0.489844 0.35625 0.432813 0.00653839
13 0.501172 0.360352 0.292188 0.391016 0.00477219
11 0.4625 0.42334 0.348438 0.283008 0.0046463
23 0.4625 0.42334 0.348438 0.283008 0.00432968
8 0.461328 0.472559 0.355469 0.400195 0.00432968
1 0.4625 0.42334 0.348438 0.283008 0.00421524
14 0.4625 0.42334 0.348438 0.283008 0.00413513
18 0.4625 0.42334 0.348438 0.283008 0.00391388
12 0.461328 0.472559 0.355469 0.400195 0.00385475
13 0.4625 0.42334 0.348438 0.283008 0.00379562
17 0.462891 0.424121 0.341406 0.27832 0.00379562
2 0.4625 0.42334 0.348438 0.283008 0.00378036
19 0.527734 0.561719 0.255469 0.353125 0.00374985
13 0.471094 0.489844 0.35625 0.432813 0.00369263
18 0.461328 0.472559 0.355469 0.400195 0.00293541
25 0.462891 0.424121 0.341406 0.27832 0.00291252
12 0.501563 0.383203 0.55625 0.707812 0.00248146
8 0.4625 0.42334 0.348438 0.283008 0.00240517
6 0.462891 0.424121 0.341406 0.27832 0.00226021
11 0.488281 0.471484 0.45 0.569531 0.00225258
19 0.473047 0.688281 0.271875 0.35625 0.00221634
12 0.470703 0.478125 0.427344 0.504687 0.00209045
13 0.463672 0.336328 0.419531 0.460156 0.0020752
15 0.461328 0.472559 0.355469 0.400195 0.00200272
7 0.4625 0.42334 0.348438 0.283008 0.0019722
12 0.471973 0.38916 0.391992 0.420117 0.00195694
16 0.170215 0.898047 0.34043 0.203906 0.00191879
12 0.485547 0.540234 0.497656 0.667969 0.00190449
22 0.462891 0.424121 0.341406 0.27832 0.00178909
15 0.4625 0.42334 0.348438 0.283008 0.00177479
1 0.471973 0.38916 0.391992 0.420117 0.00174141
5 0.4625 0.42334 0.348438 0.283008 0.00171375
19 0.124805 0.278906 0.249609 0.421875 0.00167465
12 0.500781 0.643848 0.620313 0.712305 0.00167465
12 0.432813 0.604297 0.865625 0.791406 0.00161076
0 0.463672 0.414746 0.357812 0.273633 0.00160408
1 0.501563 0.383203 0.55625 0.707812 0.00160408
12 0.626172 0.573047 0.747656 0.747656 0.00150108
1 0.471094 0.522266 0.41875 0.602344 0.00137234
13 0.463184 0.418359 0.404883 0.464844 0.00136662
12 0.48291 0.304297 0.476367 0.608594 0.00133038
21 0.124805 0.304883 0.249609 0.423047 0.00132465
13 0.485547 0.540234 0.497656 0.667969 0.00130463
19 0.463672 0.414746 0.357812 0.273633 0.0012846
19 0.124805 0.353516 0.249609 0.422656 0.00126457
7 0.461328 0.472559 0.355469 0.400195 0.00123024
10 0.4625 0.42334 0.348438 0.283008 0.00122547
13 0.469922 0.618848 0.341406 0.543555 0.00121593
13 0.501563 0.383203 0.55625 0.707812 0.00121117
11 0.471973 0.38916 0.391992 0.420117 0.0012064
12 0.469922 0.618848 0.341406 0.543555 0.00118828
9 0.4625 0.42334 0.348438 0.283008 0.00116062
22 0.488281 0.471484 0.45 0.569531 0.0011158
12 0.565723 0.366016 0.779492 0.732031 0.00111198
2 0.170215 0.898047 0.34043 0.203906 0.00109005
0 0.488281 0.471484 0.45 0.569531 0.00108147
20 0.462891 0.424121 0.341406 0.27832 0.00107765
0 0.501563 0.383203 0.55625 0.707812 0.00106525
6 0.488281 0.471484 0.45 0.569531 0.00104427
19 0.490234 0.432129 0.31875 0.424805 0.00102425
12 0.358594 0.635938 0.717188 0.728125 0.00102425
6 0.172266 0.897656 0.344531 0.204688 0.00100803
19 0.498437 0.348438 0.245312 0.346875 0.153076
12 0.450098 0.420703 0.36543 0.297656 0.0191193
21 0.511719 0.346484 0.246875 0.353906 0.0175781
12 0.3375 0.380078 0.675 0.496094 0.0129242
12 0.332813 0.332813 0.665625 0.665625 0.0106125
16 0.455859 0.415625 0.364844 0.285156 0.0102463
6 0.455859 0.415625 0.364844 0.285156 0.0077858
13 0.450098 0.420703 0.36543 0.297656 0.00769424
13 0.3375 0.380078 0.675 0.496094 0.00706482
12 0.429688 0.413672 0.432031 0.360938 0.006073
19 0.525 0.5625 0.235938 0.321875 0.00598145
12 0.374414 0.611816 0.748828 0.713867 0.00551224
11 0.450098 0.420703 0.36543 0.297656 0.00510025
13 0.308789 0.324609 0.617578 0.649219 0.00510025
1 0.450098 0.413281 0.363867 0.303125 0.00498199
11 0.3375 0.380078 0.675 0.496094 0.0049057
24 0.431641 0.424609 0.400781 0.300781 0.0049057
6 0.394629 0.42041 0.506055 0.30918 0.00434875
12 0.585938 0.379297 0.58125 0.564063 0.00407028
15 0.34082 0.398438 0.681641 0.417188 0.00388527
12 0.448828 0.476172 0.755469 0.728906 0.00367928
13 0.429688 0.413672 0.432031 0.360938 0.00348282
15 0.431641 0.424609 0.400781 0.300781 0.00346947
11 0.34375 0.351562 0.6875 0.703125 0.00340271
9 0.455859 0.415625 0.364844 0.285156 0.00335121
12 0.44375 0.567187 0.8875 0.865625 0.00335121
24 0.34082 0.398438 0.681641 0.417188 0.00329781
24 0.334766 0.485156 0.669531 0.476562 0.00327301
2 0.448438 0.411719 0.361719 0.275781 0.00323486
7 0.431641 0.424609 0.400781 0.300781 0.00323486
12 0.248828 0.339844 0.497656 0.641406 0.00313568
13 0.374414 0.611816 0.748828 0.713867 0.00305176
12 0.172461 0.330664 0.344922 0.570703 0.00298119
16 0.34082 0.398438 0.681641 0.417188 0.00298119
6 0.334766 0.485156 0.669531 0.476562 0.00296974
17 0.448438 0.411719 0.361719 0.275781 0.00283432
23 0.455859 0.415625 0.364844 0.285156 0.00282288
9 0.394629 0.42041 0.506055 0.30918 0.00282288
4 0.448438 0.411719 0.361719 0.275781 0.00273705
13 0.342969 0.353125 0.685938 0.70625 0.00271416
16 0.159277 0.861719 0.318555 0.2625 0.0026722
3 0.448438 0.411719 0.361719 0.275781 0.00264168
12 0.530078 0.4625 0.811719 0.892188 0.00259018
14 0.450098 0.420703 0.36543 0.297656 0.00257111
13 0.448828 0.476172 0.755469 0.728906 0.0024929
7 0.34082 0.398438 0.681641 0.417188 0.0024147
12 0.467578 0.443652 0.521875 0.626758 0.00225258
6 0.34082 0.398438 0.681641 0.417188 0.00221634
15 0.34375 0.351562 0.6875 0.703125 0.00218201
12 0.706641 0.485254 0.294531 0.273242 0.00212479
16 0.394629 0.42041 0.506055 0.30918 0.00200272
11 0.159277 0.861719 0.318555 0.2625 0.00195694
25 0.448438 0.411719 0.361719 0.275781 0.00191212
12 0.382422 0.59209 0.520312 0.625195 0.00188923
12 0.160742 0.817969 0.321484 0.3625 0.00182438
0 0.462109 0.404687 0.382031 0.276563 0.00178242
14 0.3375 0.380078 0.675 0.496094 0.00176811
12 0.342773 0.436328 0.685547 0.799219 0.00175476
16 0.34375 0.351562 0.6875 0.703125 0.00170708
18 0.448438 0.411719 0.361719 0.275781 0.0016613
16 0.334766 0.485156 0.669531 0.476562 0.00163555
15 0.334766 0.485156 0.669531 0.476562 0.0015974
14 0.429688 0.413672 0.432031 0.360938 0.00158501
13 0.467578 0.443652 0.521875 0.626758 0.00157356
13 0.585938 0.379297 0.58125 0.564063 0.00156116
20 0.455859 0.415625 0.364844 0.285156 0.00153637
12 0.146973 0.857813 0.293945 0.267188 0.00151253
24 0.342773 0.436328 0.685547 0.799219 0.00150108
1 0.3375 0.380078 0.675 0.496094 0.00146103
16 0.241797 0.490234 0.483594 0.316406 0.00143814
13 0.382422 0.59209 0.520312 0.625195 0.00140476
11 0.429688 0.413672 0.432031 0.360938 0.00137234
4 0.34082 0.398438 0.681641 0.417188 0.00134563
2 0.394629 0.42041 0.506055 0.30918 0.00134087
4 0.394629 0.42041 0.506055 0.30918 0.00133514
11 0.374414 0.611816 0.748828 0.713867 0.00133514
6 0.342773 0.436328 0.685547 0.799219 0.00131512
12 0.446484 0.50625 0.446094 0.515625 0.00131512
12 0.284375 0.715625 0.56875 0.56875 0.00130939
6 0.159375 0.857031 0.31875 0.2375 0.00129414
9 0.334766 0.485156 0.669531 0.476562 0.0012846
20 0.34082 0.398438 0.681641 0.417188 0.00123501
13 0.706641 0.485254 0.294531 0.273242 0.00123501
19 0.448438 0.411719 0.361719 0.275781 0.0012207
13 0.160742 0.817969 0.321484 0.3625 0.00121117
12 0.410938 0.304688 0.547656 0.604688 0.0012064
11 0.334766 0.485156 0.669531 0.476562 0.0012064
16 0.254688 0.466797 0.509375 0.433594 0.00117397
2 0.34082 0.398438 0.681641 0.417188 0.00112438
13 0.172461 0.330664 0.344922 0.570703 0.00111198
19 0.34082 0.398438 0.681641 0.417188 0.00110722
13 0.241797 0.490234 0.483594 0.316406 0.00109863
19 0.490625 0.372656 0.224219 0.21875 0.00109005
16 0.407813 0.607129 0.748438 0.70918 0.00109005
18 0.34082 0.398438 0.681641 0.417188 0.00108147
13 0.254688 0.466797 0.509375 0.433594 0.00106907
13 0.44375 0.567187 0.8875 0.865625 0.00105286
24 0.241797 0.490234 0.483594 0.316406 0.00104046
11 0.241797 0.490234 0.483594 0.316406 0.00103664
16 0.278516 0.482031 0.535937 0.5625 0.00103188
23 0.34082 0.398438 0.681641 0.417188 0.00102806
0 0.394629 0.42041 0.506055 0.30918 0.00102425
13 0.146973 0.857813 0.293945 0.267188 0.00102425
16 0.498437 0.348438 0.245312 0.346875 0.00102043
12 0.336719 0.659277 0.673438 0.681445 0.00102043
6 0.254688 0.466797 0.509375 0.433594 0.00100803
19 0.499219 0.357031 0.254688 0.34375 0.0980835
23 0.466504 0.421973 0.323242 0.295117 0.0430298
4 0.466504 0.421973 0.323242 0.295117 0.0427246
14 0.466504 0.421973 0.323242 0.295117 0.0261536
0 0.460547 0.414746 0.3125 0.293945 0.0204468
9 0.46709 0.456348 0.329883 0.349805 0.0192719
21 0.499219 0.357031 0.254688 0.34375 0.0189819
6 0.46709 0.456348 0.329883 0.349805 0.0167847
19 0.498437 0.378027 0.24375 0.23457 0.0155411
12 0.466504 0.421973 0.323242 0.295117 0.0142822
25 0.460547 0.414746 0.3125 0.293945 0.014061
2 0.469531 0.420703 0.316406 0.277344 0.012825
11 0.469531 0.420703 0.316406 0.277344 0.0106125
16 0.466016 0.425391 0.324219 0.285938 0.00945282
3 0.466504 0.421973 0.323242 0.295117 0.00746155
25 0.47334 0.46875 0.32207 0.35625 0.00658798
0 0.47334 0.46875 0.32207 0.35625 0.00653839
16 0.206836 0.898438 0.361328 0.203125 0.00624084
8 0.469531 0.420703 0.316406 0.277344 0.0055542
7 0.465625 0.415625 0.31875 0.26875 0.00534439
17 0.460547 0.414746 0.3125 0.293945 0.00479126
20 0.46709 0.456348 0.329883 0.349805 0.00462723
5 0.46709 0.456348 0.329883 0.349805 0.00419998
24 0.206836 0.898438 0.361328 0.203125 0.00392914
21 0.47334 0.46875 0.32207 0.35625 0.00379562
22 0.469629 0.507812 0.33418 0.496094 0.00365067
0 0.206836 0.898438 0.361328 0.203125 0.00349617
6 0.206836 0.898438 0.361328 0.203125 0.00329781
6 0.465625 0.5 0.339063 0.495313 0.00324821
21 0.498437 0.378027 0.24375 0.23457 0.00317192
19 0.448438 0.364844 0.378125 0.35625 0.00316048
2 0.206836 0.898438 0.361328 0.203125 0.00314713
1 0.465625 0.5 0.339063 0.495313 0.00311089
24 0.46709 0.456348 0.329883 0.349805 0.00309944
10 0.466504 0.421973 0.323242 0.295117 0.00307465
2 0.469629 0.507812 0.33418 0.496094 0.00292397
25 0.469629 0.507812 0.33418 0.496094 0.00288963
0 0.469629 0.507812 0.33418 0.496094 0.00282288
17 0.469629 0.507812 0.33418 0.496094 0.00263214
15 0.466504 0.421973 0.323242 0.295117 0.00255013
18 0.464746 0.412109 0.320508 0.271875 0.00255013
18 0.206836 0.898438 0.361328 0.203125 0.00251198
9 0.465625 0.5 0.339063 0.495313 0.00239754
22 0.47334 0.46875 0.32207 0.35625 0.00236893
4 0.464063 0.457422 0.38125 0.389844 0.00234985
20 0.465625 0.5 0.339063 0.495313 0.00209045
8 0.469629 0.507812 0.33418 0.496094 0.00208282
5 0.465625 0.5 0.339063 0.495313 0.0020752
11 0.464063 0.457422 0.38125 0.389844 0.00201988
7 0.20625 0.898438 0.36875 0.203125 0.0019722
21 0.465625 0.5 0.339063 0.495313 0.00191212
13 0.445312 0.509766 0.399219 0.552344 0.00190449
17 0.47334 0.46875 0.32207 0.35625 0.00186729
12 0.445312 0.509766 0.399219 0.552344 0.00183868
3 0.469629 0.507812 0.33418 0.496094 0.00173378
19 0.514844 0.586328 0.235938 0.324219 0.00165462
1 0.457422 0.416797 0.328125 0.311719 0.00156689
14 0.464063 0.457422 0.38125 0.389844 0.00153637
0 0.309766 0.881836 0.608594 0.236328 0.00152493
1 0.47334 0.46875 0.32207 0.35625 0.00143242
23 0.206836 0.898438 0.361328 0.203125 0.00142097
6 0.309766 0.881836 0.608594 0.236328 0.00141621
16 0.465625 0.5 0.339063 0.495313 0.00131512
19 0.460938 0.385547 0.325 0.2875 0.0012207
10 0.465625 0.5 0.339063 0.495313 0.0012207
7 0.309766 0.881836 0.608594 0.236328 0.00118828
11 0.225781 0.894531 0.438281 0.210938 0.0011692
19 0.46709 0.456348 0.329883 0.349805 0.00108147
12 0.390527 0.597656 0.506445 0.65625 0.00108147
16 0.309766 0.881836 0.608594 0.236328 0.00107288
21 0.461035 0.518359 0.307617 0.325 0.00103188
6 0.465234 0.443652 0.35625 0.367383 0.0499573
19 0.496973 0.370703 0.262305 0.332031 0.0362244
9 0.465234 0.443652 0.35625 0.367383 0.0317383
14 0.466406 0.405469 0.349219 0.267188 0.0306702
23 0.466406 0.405469 0.349219 0.267188 0.0290833
2 0.466406 0.405469 0.349219 0.267188 0.0272675
25 0.465234 0.443652 0.35625 0.367383 0.0247955
4 0.466406 0.405469 0.349219 0.267188 0.0189056
0 0.463672 0.410938 0.365625 0.260938 0.0182343
25 0.463672 0.410938 0.365625 0.260938 0.0179901
6 0.463672 0.410938 0.365625 0.260938 0.0131226
5 0.465234 0.443652 0.35625 0.367383 0.0122375
10 0.465234 0.443652 0.35625 0.367383 0.012146
20 0.465234 0.443652 0.35625 0.367383 0.0120544
4 0.459766 0.465234 0.377344 0.414844 0.00997162
0 0.459766 0.465234 0.377344 0.414844 0.00971222
16 0.468652 0.406348 0.343945 0.254492 0.0088501
2 0.459766 0.465234 0.377344 0.414844 0.00878143
14 0.459766 0.465234 0.377344 0.414844 0.0086441
10 0.468652 0.406348 0.343945 0.254492 0.00787354
17 0.468848 0.401953 0.335742 0.272656 0.00751877
21 0.459766 0.465234 0.377344 0.414844 0.00751877
3 0.468848 0.401953 0.335742 0.272656 0.00671768
12 0.468848 0.401953 0.335742 0.272656 0.00561905
5 0.468652 0.406348 0.343945 0.254492 0.0055542
7 0.468652 0.406348 0.343945 0.254492 0.0055542
12 0.462109 0.492578 0.397656 0.525781 0.00540543
8 0.463672 0.410938 0.365625 0.260938 0.00538635
24 0.465234 0.443652 0.35625 0.367383 0.00524139
11 0.459766 0.465234 0.377344 0.414844 0.00510025
11 0.463672 0.410938 0.365625 0.260938 0.0050621
9 0.463672 0.410938 0.365625 0.260938 0.00502014
13 0.462109 0.492578 0.397656 0.525781 0.00494385
1 0.46416 0.494531 0.363867 0.467187 0.00460815
21 0.470313 0.401953 0.35625 0.269531 0.0042305
18 0.468652 0.406348 0.343945 0.254492 0.00408554
15 0.468848 0.401953 0.335742 0.272656 0.00359344
22 0.46416 0.494531 0.363867 0.467187 0.00352478
8 0.459766 0.465234 0.377344 0.414844 0.00337601
16 0.465234 0.443652 0.35625 0.367383 0.00298119
3 0.465234 0.443652 0.35625 0.367383 0.00293541
19 0.470313 0.401953 0.35625 0.269531 0.00263214
24 0.468652 0.406348 0.343945 0.254492 0.0024929
1 0.467187 0.401563 0.351562 0.253125 0.00240517
20 0.463672 0.410938 0.365625 0.260938 0.00226974
15 0.465234 0.443652 0.35625 0.367383 0.00218201
13 0.471094 0.400879 0.33125 0.268555 0.00194168
19 0.46416 0.494531 0.363867 0.467187 0.00183868
17 0.457422 0.496191 0.383594 0.474805 0.00183868
23 0.459766 0.465234 0.377344 0.414844 0.00133038
19 0.5 0.607813 0.229687 0.30625 0.00131512
18 0.465234 0.443652 0.35625 0.367383 0.00125504
20 0.462109 0.492578 0.397656 0.525781 0.00109863
23 0.462891 0.388281 0.338281 0.25625 0.182983
14 0.460156 0.394141 0.342187 0.260156 0.107422
2 0.462891 0.388281 0.338281 0.25625 0.103027
19 0.486719 0.357812 0.3 0.364063 0.0881958
0 0.460156 0.394141 0.342187 0.260156 0.0661011
9 0.466016 0.396094 0.344531 0.271875 0.0651245
6 0.466016 0.396094 0.344531 0.271875 0.0541992
25 0.471094 0.401953 0.348438 0.285156 0.0522461
16 0.462891 0.388281 0.338281 0.25625 0.0347595
4 0.463281 0.389844 0.342969 0.265625 0.0342407
20 0.467578 0.407715 0.341406 0.29082 0.0323486
18 0.462891 0.388281 0.338281 0.25625 0.0236053
5 0.467578 0.407715 0.341406 0.29082 0.0213623
7 0.459473 0.389453 0.34043 0.246094 0.0179138
10 0.466016 0.396094 0.344531 0.271875 0.016983
22 0.471875 0.453809 0.357031 0.420508 0.0164642
12 0.497656 0.479688 0.482812 0.61875 0.0155411
13 0.497656 0.479688 0.482812 0.61875 0.0153046
21 0.471875 0.418066 0.348438 0.28418 0.0139008
3 0.463281 0.389844 0.342969 0.265625 0.011467
25 0.471875 0.453809 0.357031 0.420508 0.0108566
20 0.471875 0.453809 0.357031 0.420508 0.00812531
1 0.471875 0.453809 0.357031 0.420508 0.00775528
21 0.471875 0.453809 0.357031 0.420508 0.00737381
11 0.471094 0.401953 0.348438 0.285156 0.0064888
12 0.49375 0.567187 0.75 0.865625 0.00605011
12 0.521094 0.479785 0.625 0.70293 0.00600433
17 0.471875 0.453809 0.357031 0.420508 0.00566483
22 0.471875 0.418066 0.348438 0.28418 0.00530243
1 0.497656 0.479688 0.482812 0.61875 0.00500107
13 0.471094 0.397656 0.369531 0.360938 0.00494385
24 0.464844 0.396094 0.339063 0.26875 0.00479126
15 0.463281 0.389844 0.342969 0.265625 0.00453949
5 0.471875 0.453809 0.357031 0.420508 0.00416565
3 0.471094 0.397656 0.369531 0.360938 0.0041008
8 0.471094 0.401953 0.348438 0.285156 0.00405502
17 0.497656 0.479688 0.482812 0.61875 0.00391388
12 0.456641 0.646094 0.402344 0.528125 0.00388527
12 0.480469 0.621094 0.479688 0.715625 0.00385475
19 0.467578 0.407715 0.341406 0.29082 0.00362206
13 0.479297 0.520312 0.341406 0.446094 0.00362206
13 0.521094 0.479785 0.625 0.70293 0.00353813
19 0.513281 0.381934 0.253125 0.298633 0.00349617
12 0.479297 0.520312 0.341406 0.446094 0.00345612
12 0.471094 0.397656 0.369531 0.360938 0.00344276
1 0.471875 0.418066 0.348438 0.28418 0.00341606
12 0.442188 0.641797 0.595313 0.577344 0.00325966
22 0.497656 0.479688 0.482812 0.61875 0.00324821
9 0.471875 0.453809 0.357031 0.420508 0.00314713
13 0.456641 0.646094 0.402344 0.528125 0.00301552
1 0.49375 0.605469 0.26875 0.290625 0.00270462
16 0.471094 0.397656 0.369531 0.360938 0.00265312
17 0.471875 0.418066 0.348438 0.28418 0.00263214
6 0.471875 0.453809 0.357031 0.420508 0.00263214
21 0.500391 0.3625 0.265625 0.3375 0.00260162
2 0.455078 0.386719 0.377344 0.360938 0.00228691
10 0.471875 0.453809 0.357031 0.420508 0.00221634
12 0.463281 0.389844 0.342969 0.265625 0.00215721
1 0.474609 0.396094 0.392969 0.363281 0.00211525
4 0.471875 0.453809 0.357031 0.420508 0.00208282
13 0.49375 0.567187 0.75 0.865625 0.0020752
14 0.455078 0.386719 0.377344 0.360938 0.00206757
8 0.471875 0.453809 0.357031 0.420508 0.00202751
12 0.49375 0.605469 0.26875 0.290625 0.0019722
13 0.49375 0.605469 0.26875 0.290625 0.00191879
1 0.480469 0.621094 0.479688 0.715625 0.00186729
13 0.473828 0.667188 0.300781 0.373437 0.00178242
2 0.134766 0.895312 0.258594 0.203125 0.0016613
22 0.474609 0.396094 0.392969 0.363281 0.0016489
14 0.471875 0.453809 0.357031 0.420508 0.0016489
16 0.497656 0.479688 0.482812 0.61875 0.0016489
13 0.480469 0.621094 0.479688 0.715625 0.00162315
24 0.471094 0.397656 0.369531 0.360938 0.0015974
0 0.455078 0.386719 0.377344 0.360938 0.00159168
12 0.473828 0.667188 0.300781 0.373437 0.00157356
0 0.47041 0.478516 0.370117 0.513281 0.00150681
2 0.471875 0.453809 0.357031 0.420508 0.00150108
17 0.49375 0.605469 0.26875 0.290625 0.00146675
13 0.442188 0.641797 0.595313 0.577344 0.00144958
3 0.474219 0.478809 0.385156 0.545508 0.00141621
1 0.473828 0.667188 0.300781 0.373437 0.00135612
5 0.474609 0.396094 0.392969 0.363281 0.00130939
1 0.486719 0.357812 0.3 0.364063 0.00129986
19 0.471875 0.453809 0.357031 0.420508 0.00127411
17 0.474609 0.396094 0.392969 0.363281 0.00123501
12 0.362109 0.667969 0.724219 0.664062 0.0012207
10 0.474609 0.396094 0.392969 0.363281 0.00115108
20 0.497656 0.479688 0.482812 0.61875 0.0011425
1 0.456641 0.646094 0.402344 0.528125 0.00108624
15 0.471875 0.453809 0.357031 0.420508 0.00108147
25 0.497656 0.479688 0.482812 0.61875 0.00108147
0 0.134766 0.895312 0.258594 0.203125 0.00104809
6 0.474609 0.396094 0.392969 0.363281 0.00104046
21 0.474609 0.396094 0.392969 0.363281 0.00102425
19 0.501563 0.359961 0.253125 0.347266 0.0570679
23 0.46416 0.407031 0.323242 0.254688 0.0409851
14 0.46416 0.407031 0.323242 0.254688 0.0401001
4 0.463965 0.404785 0.325195 0.249805 0.025177
2 0.46416 0.407031 0.323242 0.254688 0.0246124
6 0.463965 0.404785 0.325195 0.249805 0.0225067
9 0.463184 0.404785 0.325195 0.232617 0.0224609
25 0.459375 0.405859 0.344531 0.255469 0.014389
0 0.46416 0.407031 0.323242 0.254688 0.0134811
16 0.463965 0.404785 0.325195 0.249805 0.0120544
3 0.46416 0.407031 0.323242 0.254688 0.00919342
10 0.46416 0.407031 0.323242 0.254688 0.0088501
13 0.423535 0.456348 0.588867 0.68418 0.00548935
17 0.464844 0.402734 0.321875 0.291406 0.00547028
5 0.463184 0.404785 0.325195 0.232617 0.00544739
7 0.465234 0.403516 0.325 0.248438 0.0046463
15 0.325 0.68252 0.65 0.634961 0.00400543
11 0.462109 0.407813 0.342187 0.257031 0.00397491
12 0.423535 0.456348 0.588867 0.68418 0.00392914
8 0.462109 0.407813 0.342187 0.257031 0.00385475
12 0.376465 0.571875 0.737695 0.832812 0.00378036
18 0.465234 0.403516 0.325 0.248438 0.00370789
20 0.463184 0.404785 0.325195 0.232617 0.00370789
12 0.310742 0.615625 0.621484 0.65 0.00359344
15 0.310742 0.615625 0.621484 0.65 0.0029583
15 0.465234 0.403516 0.325 0.248438 0.00282288
1 0.464844 0.402734 0.321875 0.291406 0.00281143
11 0.305859 0.62666 0.611719 0.618555 0.00261116
13 0.453125 0.471094 0.441406 0.598437 0.0024929
14 0.305859 0.62666 0.611719 0.618555 0.00231361
12 0.459375 0.405859 0.344531 0.255469 0.00222588
24 0.463184 0.404785 0.325195 0.232617 0.0017271
1 0.310742 0.615625 0.621484 0.65 0.00164223
12 0.453125 0.471094 0.441406 0.598437 0.00161648
13 0.376465 0.571875 0.737695 0.832812 0.00161076
13 0.310742 0.615625 0.621484 0.65 0.00157356
6 0.306641 0.663184 0.613281 0.65332 0.00151253
4 0.305859 0.62666 0.611719 0.618555 0.00146675
19 0.465625 0.403516 0.322656 0.252344 0.00145531
14 0.325 0.68252 0.65 0.634961 0.00144386
11 0.325 0.68252 0.65 0.634961 0.0014267
13 0.465625 0.403516 0.322656 0.252344 0.00126457
0 0.310742 0.615625 0.621484 0.65 0.00114727
2 0.310742 0.615625 0.621484 0.65 0.00109863
4 0.325 0.68252 0.65 0.634961 0.00108624
12 0.372266 0.612402 0.521875 0.531445 0.00108147
24 0.306641 0.663184 0.613281 0.65332 0.00106525
6 0.311719 0.716211 0.623438 0.567578 0.00106525
0 0.311719 0.716211 0.623438 0.567578 0.00103188
23 0.461328 0.405566 0.324219 0.27793 0.119995
14 0.461328 0.405566 0.324219 0.27793 0.083313
16 0.461621 0.397754 0.331445 0.263867 0.0753174
9 0.461719 0.410254 0.327344 0.282617 0.069519
25 0.503125 0.407422 0.245312 0.266406 0.0665894
6 0.461719 0.410254 0.327344 0.282617 0.0616455
4 0.464844 0.405078 0.325781 0.278906 0.0383301
2 0.461328 0.405566 0.324219 0.27793 0.0343628
11 0.461621 0.397754 0.331445 0.263867 0.0340881
8 0.478027 0.397656 0.311133 0.264062 0.0299835
3 0.461621 0.397754 0.331445 0.263867 0.0272675
17 0.503125 0.407422 0.245312 0.266406 0.0224609
0 0.461621 0.397754 0.331445 0.263867 0.0220337
24 0.469434 0.405469 0.31582 0.290625 0.0191956
0 0.503125 0.407422 0.245312 0.266406 0.0187225
5 0.469434 0.405469 0.31582 0.290625 0.0133286
14 0.509766 0.411719 0.221094 0.270313 0.0118713
3 0.503125 0.407422 0.245312 0.266406 0.0109024
20 0.469434 0.405469 0.31582 0.290625 0.0109024
19 0.510938 0.351562 0.232813 0.315625 0.0106125
25 0.466309 0.412402 0.339258 0.27832 0.0086441
10 0.461621 0.397754 0.331445 0.263867 0.00837708
12 0.464844 0.405078 0.325781 0.278906 0.00809479
15 0.464844 0.405078 0.325781 0.278906 0.00653839
19 0.463184 0.393652 0.32207 0.264258 0.00653839
2 0.509766 0.411719 0.221094 0.270313 0.00609589
1 0.478027 0.397656 0.311133 0.264062 0.00564194
16 0.503125 0.407422 0.245312 0.266406 0.00434875
13 0.327734 0.671875 0.55 0.534375 0.00426483
18 0.463184 0.393652 0.32207 0.264258 0.00416565
12 0.327734 0.671875 0.55 0.534375 0.00400543
10 0.503125 0.407422 0.245312 0.266406 0.00376511
0 0.299414 0.727734 0.598828 0.544531 0.00362206
8 0.509766 0.411719 0.221094 0.270313 0.00307465
14 0.299414 0.727734 0.598828 0.544531 0.00305176
13 0.478027 0.397656 0.311133 0.264062 0.00298119
7 0.461621 0.397754 0.331445 0.263867 0.00271416
15 0.299414 0.727734 0.598828 0.544531 0.00270462
21 0.478027 0.397656 0.311133 0.264062 0.00269318
4 0.299414 0.727734 0.598828 0.544531 0.00265312
2 0.299414 0.727734 0.598828 0.544531 0.00235939
13 0.419434 0.683984 0.35332 0.432031 0.00226021
23 0.509766 0.408203 0.255469 0.271875 0.00208282
22 0.464453 0.391406 0.321094 0.264062 0.00182438
17 0.461621 0.397754 0.331445 0.263867 0.00178242
11 0.299414 0.727734 0.598828 0.544531 0.00152493
4 0.509766 0.411719 0.221094 0.270313 0.00135612
12 0.419434 0.683984 0.35332 0.432031 0.00135612
12 0.410156 0.577344 0.820312 0.845313 0.00129414
14 0.308984 0.766797 0.617969 0.466406 0.00122547
16 0.420312 0.680078 0.335938 0.463281 0.00116062
17 0.419434 0.683984 0.35332 0.432031 0.00112057
12 0.299414 0.727734 0.598828 0.544531 0.0011034
16 0.510938 0.383691 0.232813 0.19043 0.00106907
23 0.462402 0.413184 0.32832 0.262695 0.0913696
9 0.466406 0.407129 0.322656 0.22793 0.0820923
4 0.466406 0.407129 0.322656 0.22793 0.0598755
2 0.464844 0.416406 0.335938 0.257812 0.0362244
14 0.462402 0.413184 0.32832 0.262695 0.035675
0 0.462402 0.413184 0.32832 0.262695 0.0296478
6 0.466406 0.407129 0.322656 0.22793 0.0281067
18 0.467871 0.408203 0.337695 0.2625 0.0126266
15 0.464453 0.410156 0.335938 0.251563 0.00898743
7 0.462402 0.413184 0.32832 0.262695 0.00803375
25 0.466797 0.413184 0.328906 0.23457 0.0077858
3 0.462402 0.413184 0.32832 0.262695 0.00757599
19 0.502734 0.362305 0.25625 0.333984 0.00584412
10 0.466797 0.413184 0.328906 0.23457 0.00564194
16 0.467871 0.408203 0.337695 0.2625 0.00557709
24 0.466406 0.407129 0.322656 0.22793 0.00439835
11 0.462402 0.413184 0.32832 0.262695 0.00365067
5 0.466406 0.407129 0.322656 0.22793 0.00362206
12 0.462891 0.406152 0.342187 0.25957 0.00236893
13 0.462891 0.406152 0.342187 0.25957 0.00211525
8 0.466797 0.413184 0.328906 0.23457 0.00195694
17 0.460938 0.407422 0.335938 0.297656 0.00172043
20 0.466406 0.407129 0.322656 0.22793 0.00136662
19 0.510156 0.369922 0.267188 0.367969 0.0974121
14 0.466797 0.404687 0.336719 0.261719 0.0960083
4 0.469629 0.400781 0.338867 0.276563 0.0830078
23 0.466797 0.404687 0.336719 0.261719 0.0560303
9 0.469531 0.411816 0.3375 0.27793 0.0490417
6 0.469531 0.411816 0.3375 0.27793 0.0270081
2 0.469629 0.400781 0.338867 0.276563 0.0232391
25 0.464844 0.407813 0.3375 0.244531 0.0193481
0 0.469531 0.402441 0.340625 0.27168 0.0162811
7 0.184717 0.905078 0.338379 0.189844 0.0116425
18 0.186719 0.897656 0.347656 0.204688 0.0109024
16 0.186719 0.897656 0.347656 0.204688 0.00993347
11 0.469629 0.400781 0.338867 0.276563 0.00898743
13 0.473047 0.479785 0.475 0.60293 0.00881195
10 0.469531 0.411816 0.3375 0.27793 0.0078125
5 0.469531 0.411816 0.3375 0.27793 0.00695801
24 0.186719 0.897656 0.347656 0.204688 0.00661469
6 0.184717 0.905078 0.338379 0.189844 0.00551224
8 0.466309 0.405078 0.345508 0.275781 0.00475693
17 0.470313 0.40625 0.315625 0.2625 0.00453949
12 0.473047 0.479785 0.475 0.60293 0.00411606
15 0.469531 0.402441 0.340625 0.27168 0.00407028
3 0.469531 0.402441 0.340625 0.27168 0.00356483
25 0.467969 0.449609 0.348438 0.350781 0.00329781
18 0.469531 0.402441 0.340625 0.27168 0.00269318
9 0.186719 0.897656 0.347656 0.204688 0.00253105
0 0.173926 0.903906 0.329492 0.192188 0.00208282
13 0.467969 0.449609 0.348438 0.350781 0.00202751
20 0.467187 0.416309 0.342187 0.273633 0.00200272
12 0.466309 0.405078 0.345508 0.275781 0.00195694
24 0.469531 0.411816 0.3375 0.27793 0.00192642
19 0.505078 0.383203 0.253906 0.255469 0.00158501
16 0.469531 0.411816 0.3375 0.27793 0.00150108
13 0.460156 0.557715 0.357031 0.37832 0.00133038
2 0.184717 0.905078 0.338379 0.189844 0.00133038
1 0.466309 0.405078 0.345508 0.275781 0.00131989
2 0.492188 0.399609 0.264062 0.246094 0.00119209
11 0.184717 0.905078 0.338379 0.189844 0.00115108
17 0.467969 0.449609 0.348438 0.350781 0.0011425
22 0.469141 0.406934 0.339844 0.276758 0.00103188
9 0.471777 0.400879 0.342383 0.26543 0.624512
4 0.465625 0.401172 0.334375 0.277344 0.287842
14 0.470703 0.402734 0.342187 0.282813 0.286133
23 0.465625 0.401172 0.334375 0.277344 0.157104
19 0.510547 0.371484 0.25625 0.340625 0.133911
25 0.471973 0.404004 0.351367 0.26543 0.0888062
6 0.471777 0.400879 0.342383 0.26543 0.0736694
0 0.464453 0.398828 0.332031 0.271094 0.0503235
5 0.471777 0.400879 0.342383 0.26543 0.0339661
7 0.191016 0.889063 0.355078 0.221875 0.0337219
19 0.517969 0.38291 0.252344 0.231055 0.029541
20 0.474609 0.418359 0.35 0.294531 0.0290833
2 0.470703 0.403906 0.353125 0.289062 0.0228882
18 0.191016 0.889063 0.355078 0.221875 0.0191193
24 0.469922 0.397266 0.341406 0.259375 0.0180511
13 0.471094 0.500098 0.392188 0.538867 0.0156708
7 0.299609 0.884375 0.599219 0.23125 0.0156708
10 0.474609 0.418359 0.35 0.294531 0.0142822
24 0.191016 0.889063 0.355078 0.221875 0.01017
16 0.191016 0.889063 0.355078 0.221875 0.00857544
9 0.191016 0.889063 0.355078 0.221875 0.00734711
16 0.474609 0.418359 0.35 0.294531 0.00706482
17 0.462402 0.400391 0.331445 0.285156 0.00701141
15 0.473438 0.394629 0.346875 0.282617 0.0069046
18 0.467285 0.399902 0.335742 0.275195 0.00536346
12 0.465625 0.401172 0.334375 0.277344 0.0049057
25 0.471094 0.500098 0.392188 0.538867 0.00431442
18 0.299609 0.884375 0.599219 0.23125 0.0042305
16 0.474219 0.504297 0.397656 0.539844 0.00419998
8 0.462402 0.400391 0.331445 0.285156 0.00385475
3 0.473438 0.394629 0.346875 0.282617 0.0037365
16 0.510547 0.371484 0.25625 0.340625 0.00293541
19 0.47334 0.362891 0.33457 0.410938 0.00292397
17 0.471094 0.500098 0.392188 0.538867 0.00271416
24 0.299609 0.884375 0.599219 0.23125 0.00263214
10 0.474219 0.504297 0.397656 0.539844 0.00256157
11 0.467285 0.399902 0.335742 0.275195 0.00243378
6 0.191016 0.889063 0.355078 0.221875 0.00234222
12 0.471094 0.500098 0.392188 0.538867 0.00233269
20 0.474219 0.504297 0.397656 0.539844 0.00230598
22 0.471094 0.500098 0.392188 0.538867 0.00223351
5 0.474219 0.504297 0.397656 0.539844 0.00198746
16 0.517969 0.38291 0.252344 0.231055 0.00190449
13 0.471973 0.422266 0.354492 0.303125 0.00184631
16 0.299609 0.884375 0.599219 0.23125 0.0017004
22 0.471973 0.422266 0.354492 0.303125 0.00163555
0 0.176953 0.896875 0.317188 0.20625 0.00148964
1 0.462402 0.400391 0.331445 0.285156 0.00147247
13 0.378125 0.530078 0.65625 0.596094 0.00142097
9 0.299609 0.884375 0.599219 0.23125 0.0012598
2 0.191016 0.889063 0.355078 0.221875 0.00111198
13 0.48125 0.48125 0.31875 0.404687 0.0011034
9 0.474219 0.504297 0.397656 0.539844 0.00106525
3 0.471094 0.500098 0.392188 0.538867 0.00103664
25 0.465527 0.461621 0.354883 0.40957 0.00103188
21 0.471973 0.422266 0.354492 0.303125 0.00102425
14 0.462402 0.405078 0.323633 0.274219 0.167236
4 0.462402 0.405078 0.323633 0.274219 0.12854
9 0.464453 0.409277 0.321875 0.270508 0.109314
23 0.462402 0.405078 0.323633 0.274219 0.0453491
2 0.47334 0.403906 0.333008 0.276563 0.0428772
6 0.474219 0.411328 0.329688 0.269531 0.0303802
0 0.467187 0.405078 0.328906 0.271875 0.0137405
25 0.474219 0.411328 0.329688 0.269531 0.00948334
11 0.464746 0.404004 0.323633 0.276367 0.00703812
7 0.185107 0.898438 0.335254 0.203125 0.00568771
17 0.464063 0.402734 0.319531 0.269531 0.00484848
16 0.185107 0.898438 0.335254 0.203125 0.00468063
5 0.464453 0.409277 0.321875 0.270508 0.00446701
18 0.185107 0.898438 0.335254 0.203125 0.00388527
10 0.474219 0.411328 0.329688 0.269531 0.00367928
8 0.462402 0.405078 0.323633 0.274219 0.00312424
6 0.185107 0.898438 0.335254 0.203125 0.00309944
16 0.474219 0.411328 0.329688 0.269531 0.00286674
7 0.311719 0.891406 0.610156 0.217188 0.00257111
24 0.464453 0.409277 0.321875 0.270508 0.00247192
24 0.185107 0.898438 0.335254 0.203125 0.00239754
13 0.498828 0.455469 0.364063 0.414062 0.0017004
3 0.467187 0.405078 0.328906 0.271875 0.00158501
4 0.489063 0.350195 0.217188 0.168359 0.00155449
18 0.464453 0.409277 0.321875 0.270508 0.00140476
1 0.467187 0.404687 0.348438 0.272656 0.00135612
9 0.185107 0.898438 0.335254 0.203125 0.00126457
15 0.344141 0.74375 0.688281 0.5125 0.00123024
6 0.311719 0.891406 0.610156 0.217188 0.00117397
7 0.464453 0.409277 0.321875 0.270508 0.00116062
4 0.464844 0.408984 0.341406 0.271094 0.194336
9 0.471875 0.410156 0.342969 0.274219 0.178955
23 0.464844 0.408984 0.341406 0.271094 0.153564
14 0.464844 0.408984 0.341406 0.271094 0.125122
2 0.465625 0.410547 0.347656 0.277344 0.0381775
25 0.471875 0.410938 0.349219 0.26875 0.0191956
6 0.471875 0.410156 0.342969 0.274219 0.00985718
5 0.471875 0.410156 0.342969 0.274219 0.00734711
0 0.463184 0.408203 0.345508 0.269531 0.00636292
11 0.466504 0.408203 0.343555 0.275 0.00432968
24 0.471875 0.410156 0.342969 0.274219 0.00388527
17 0.467578 0.404004 0.321875 0.276367 0.0020504
8 0.470215 0.413281 0.350195 0.278906 0.00186062
10 0.471875 0.410156 0.342969 0.274219 0.00183868
12 0.464844 0.408984 0.341406 0.271094 0.00126457
4 0.474316 0.404297 0.338867 0.279687 0.875977
14 0.471875 0.401172 0.336719 0.277344 0.686035
9 0.474316 0.404297 0.338867 0.279687 0.644043
23 0.471875 0.401172 0.336719 0.277344 0.267334
25 0.471875 0.401172 0.336719 0.277344 0.0607605
19 0.51416 0.365625 0.279492 0.377344 0.0281067
4 0.5125 0.400391 0.24375 0.26875 0.0280609
2 0.474121 0.401953 0.342383 0.283594 0.0273743
0 0.475684 0.399316 0.325195 0.276367 0.0187683
5 0.474121 0.401953 0.342383 0.283594 0.0179138
12 0.474316 0.404297 0.338867 0.279687 0.0160217
7 0.336328 0.877539 0.672656 0.244922 0.00494385
2 0.5125 0.400391 0.24375 0.26875 0.0046463
18 0.336328 0.877539 0.672656 0.244922 0.00362206
7 0.200049 0.889063 0.380371 0.221875 0.0036068
18 0.200049 0.889063 0.380371 0.221875 0.00302696
8 0.475684 0.399316 0.325195 0.276367 0.00209045
6 0.473047 0.404004 0.346875 0.281055 0.00189686
24 0.336328 0.877539 0.672656 0.244922 0.00162315
24 0.474121 0.401953 0.342383 0.283594 0.00153065
17 0.475684 0.399316 0.325195 0.276367 0.00145531
9 0.5125 0.400391 0.24375 0.26875 0.00143814
24 0.200049 0.889063 0.380371 0.221875 0.00116062
10 0.473047 0.404004 0.346875 0.281055 0.0011034
22 0.479297 0.402246 0.347656 0.281445 0.00103664
16 0.225 0.885156 0.45 0.229687 0.00102806
4 0.460938 0.402734 0.346875 0.278906 0.706543
9 0.465625 0.402734 0.346094 0.285156 0.529297
14 0.465625 0.402734 0.346094 0.285156 0.305664
23 0.460938 0.402734 0.346875 0.278906 0.173828
25 0.468359 0.407813 0.346094 0.282031 0.0609741
0 0.458203 0.402246 0.348438 0.286133 0.0495911
2 0.460547 0.404785 0.352344 0.274805 0.0417786
5 0.468359 0.407813 0.346094 0.282031 0.0212097
7 0.185352 0.897266 0.360547 0.205469 0.011116
18 0.185352 0.897266 0.360547 0.205469 0.0106506
24 0.185352 0.897266 0.360547 0.205469 0.00542831
7 0.230469 0.890625 0.460938 0.21875 0.00521851
24 0.468359 0.407813 0.346094 0.282031 0.00502014
16 0.185352 0.897266 0.360547 0.205469 0.00482941
18 0.230469 0.890625 0.460938 0.21875 0.00322342
11 0.467285 0.401563 0.357617 0.28125 0.00305176
6 0.46875 0.408984 0.353125 0.280469 0.00264168
9 0.185352 0.897266 0.360547 0.205469 0.00235939
24 0.230469 0.890625 0.460938 0.21875 0.0019722
8 0.458203 0.402246 0.348438 0.286133 0.00183868
17 0.471484 0.401172 0.354688 0.279687 0.00183868
4 0.261328 0.870313 0.185156 0.151562 0.00156689
6 0.185352 0.897266 0.360547 0.205469 0.00153637
12 0.465625 0.402734 0.346094 0.285156 0.00139904
4 0.926953 0.957812 0.146094 0.084375 0.00134563
3 0.458203 0.402246 0.348438 0.286133 0.00131512
2 0.185352 0.897266 0.360547 0.205469 0.00130939
20 0.471484 0.403516 0.357031 0.279687 0.00129414
7 0.318359 0.886914 0.636719 0.226172 0.00112057
10 0.458203 0.402246 0.348438 0.286133 0.00109005
15 0.468359 0.407813 0.346094 0.282031 0.00106525
4 0.682813 0.966406 0.138281 0.0671875 0.00105667
14 0.462109 0.395703 0.33125 0.233594 0.645996
23 0.462109 0.395703 0.33125 0.233594 0.30249
2 0.462109 0.395703 0.33125 0.233594 0.286133
4 0.464453 0.410547 0.345313 0.2625 0.182983
9 0.464453 0.410547 0.345313 0.2625 0.0427246
25 0.469141 0.396484 0.314063 0.235156 0.0213623
7 0.258984 0.891406 0.513281 0.217188 0.0106506
0 0.459766 0.395215 0.338281 0.23457 0.00963593
6 0.464453 0.410547 0.345313 0.2625 0.00948334
7 0.328906 0.878516 0.657813 0.242969 0.00812531
11 0.464453 0.410547 0.345313 0.2625 0.00706482
14 0.505859 0.382422 0.230469 0.214844 0.00677109
10 0.469141 0.396484 0.314063 0.235156 0.00669098
19 0.510938 0.366406 0.257812 0.345313 0.00653839
5 0.460156 0.408496 0.342969 0.25957 0.00534439
18 0.258984 0.891406 0.513281 0.217188 0.00453949
4 0.489746 0.387891 0.258008 0.234375 0.00421524
18 0.328906 0.878516 0.657813 0.242969 0.00407028
2 0.505859 0.382422 0.230469 0.214844 0.00301552
13 0.120117 0.378027 0.240234 0.393945 0.0024929
17 0.457129 0.393359 0.34668 0.223438 0.00192642
8 0.462891 0.398047 0.342969 0.258594 0.00148964
8 0.489746 0.387891 0.258008 0.234375 0.00139904
3 0.457129 0.393359 0.34668 0.223438 0.00134563
23 0.505859 0.382422 0.230469 0.214844 0.00125504
16 0.258984 0.891406 0.513281 0.217188 0.00117874
16 0.464063 0.398535 0.339063 0.25918 0.00108147
0 0.499219 0.385938 0.259375 0.214062 0.00107288
24 0.464453 0.410547 0.345313 0.2625 0.00103664
14 0.467187 0.402344 0.332813 0.259375 0.660156
2 0.470703 0.399219 0.336719 0.25625 0.391357
23 0.467187 0.402344 0.332813 0.259375 0.339844
9 0.470313 0.399902 0.33125 0.256445 0.166138
4 0.467187 0.402344 0.332813 0.259375 0.122925
19 0.505859 0.362695 0.265625 0.348047 0.0463867
6 0.471973 0.402344 0.338867 0.242969 0.0086441
25 0.470703 0.399219 0.336719 0.25625 0.00841522
0 0.465625 0.398828 0.33125 0.267969 0.00629044
17 0.465625 0.398828 0.33125 0.267969 0.0028553
5 0.470215 0.406641 0.333008 0.246875 0.00251198
10 0.466016 0.40459 0.335938 0.258008 0.00231361
11 0.470215 0.406641 0.333008 0.246875 0.00203514
8 0.465625 0.398828 0.33125 0.267969 0.00131989
9 0.469141 0.397559 0.346094 0.273633 0.924805
4 0.469922 0.405078 0.348438 0.272656 0.836914
14 0.469922 0.405078 0.348438 0.272656 0.346924
19 0.509277 0.368359 0.289258 0.395313 0.222656
23 0.469141 0.397559 0.346094 0.273633 0.117554
2 0.469141 0.398828 0.350781 0.267969 0.0685425
7 0.170508 0.896875 0.316797 0.203125 0.0207214
18 0.170508 0.896875 0.316797 0.203125 0.0167847
5 0.469922 0.405078 0.348438 0.272656 0.0107346
24 0.469922 0.405078 0.348438 0.272656 0.0105667
25 0.469922 0.405078 0.348438 0.272656 0.00952148
1 0.464453 0.40459 0.342187 0.27832 0.00891876
11 0.470703 0.396875 0.363281 0.282031 0.00874329
6 0.470313 0.396973 0.360938 0.260742 0.00706482
16 0.170508 0.897656 0.321484 0.203125 0.00664139
0 0.464453 0.40459 0.342187 0.27832 0.00616837
17 0.464453 0.40459 0.342187 0.27832 0.00502014
24 0.170508 0.896875 0.316797 0.203125 0.00413513
8 0.464453 0.40459 0.342187 0.27832 0.00321007
2 0.170508 0.897656 0.321484 0.203125 0.00314713
6 0.176123 0.900391 0.328223 0.199219 0.0018177
9 0.170508 0.896875 0.316797 0.203125 0.00129414
12 0.46875 0.398828 0.34375 0.272656 0.00124931
23 0.170508 0.897656 0.321484 0.203125 0.00106525
4 0.465234 0.413965 0.346094 0.312695 0.950684
9 0.466797 0.404785 0.345313 0.304492 0.642578
14 0.465234 0.413965 0.346094 0.312695 0.375732
23 0.465234 0.413965 0.346094 0.312695 0.215332
2 0.462891 0.406934 0.346875 0.286133 0.0185394
5 0.470215 0.409766 0.34707 0.292969 0.0127716
25 0.466797 0.408203 0.344531 0.294531 0.00701141
18 0.263281 0.890234 0.526563 0.219531 0.00538635
6 0.458203 0.416797 0.339063 0.314844 0.00536346
7 0.263281 0.890234 0.526563 0.219531 0.00534439
12 0.466797 0.404785 0.345313 0.304492 0.00351143
7 0.297266 0.865625 0.594531 0.26875 0.00282288
18 0.297266 0.865625 0.594531 0.26875 0.00223351
6 0.263281 0.890234 0.526563 0.219531 0.00196457
7 0.151465 0.919531 0.283008 0.160938 0.00169373
0 0.470215 0.409766 0.34707 0.292969 0.0016489
16 0.263281 0.890234 0.526563 0.219531 0.00139427
24 0.263281 0.890234 0.526563 0.219531 0.00131512
24 0.462891 0.406934 0.346875 0.286133 0.00106525
4 0.466016 0.401465 0.333594 0.27207 0.764648
9 0.47041 0.401172 0.337305 0.282031 0.668945
14 0.466016 0.401465 0.333594 0.27207 0.190674
23 0.466016 0.401465 0.333594 0.27207 0.0534058
6 0.471484 0.414453 0.34375 0.275781 0.0534058
2 0.469434 0.402734 0.342383 0.275 0.0484924
7 0.247266 0.89375 0.478906 0.2125 0.0408325
11 0.470313 0.399316 0.3375 0.260742 0.02034
24 0.470313 0.415625 0.347656 0.276563 0.0177155
0 0.469141 0.399219 0.341406 0.266406 0.00775528
7 0.341211 0.863867 0.680078 0.272266 0.00626373
25 0.469434 0.402734 0.342383 0.275 0.00448608
5 0.474609 0.412109 0.339844 0.260938 0.00385475
18 0.247266 0.89375 0.478906 0.2125 0.00366402
3 0.470313 0.399316 0.3375 0.260742 0.00214958
17 0.466797 0.397656 0.319531 0.289062 0.00200272
19 0.504004 0.368945 0.274805 0.374609 0.00193405
8 0.466797 0.397656 0.319531 0.289062 0.0018177
7 0.470313 0.399316 0.3375 0.260742 0.00144386
4 0.467285 0.408203 0.335742 0.285938 0.757812
9 0.467285 0.408203 0.335742 0.285938 0.0718384
23 0.467285 0.408203 0.335742 0.285938 0.0566406
0 0.463281 0.410156 0.335156 0.286719 0.0450134
14 0.465625 0.407813 0.339063 0.290625 0.021698
4 0.118555 0.852344 0.221484 0.1625 0.0129242
2 0.47041 0.417578 0.341992 0.290625 0.0114212
4 0.400391 0.43125 0.214844 0.161719 0.0113297
5 0.46875 0.412598 0.342187 0.285742 0.00926971
6 0.47041 0.417578 0.341992 0.290625 0.00682449
25 0.47041 0.417578 0.341992 0.290625 0.00605011
8 0.467285 0.408203 0.335742 0.285938 0.0041008
12 0.47041 0.417578 0.341992 0.290625 0.0041008
19 0.692187 0.607813 0.329688 0.439063 0.00251198
24 0.47041 0.417578 0.341992 0.290625 0.00239754
11 0.457813 0.413184 0.321875 0.286133 0.00202751
1 0.480859 0.417969 0.322656 0.305469 0.00173378
15 0.46875 0.412598 0.342187 0.285742 0.00162888
17 0.469141 0.402441 0.317969 0.288867 0.00141621
11 0.555078 0.650391 0.889844 0.699219 0.00141048
7 0.210596 0.896484 0.388184 0.207031 0.00132465
9 0.466406 0.405078 0.348438 0.28125 0.810547
4 0.468066 0.40459 0.349805 0.264258 0.666992
23 0.466406 0.405078 0.348438 0.28125 0.169922
0 0.46709 0.404687 0.34082 0.272656 0.0797729
19 0.498828 0.36792 0.291406 0.387598 0.0311432
6 0.45625 0.405566 0.357031 0.281055 0.0232849
5 0.466016 0.40459 0.333594 0.256445 0.0193481
11 0.46709 0.404687 0.34082 0.272656 0.0173035
14 0.468066 0.40459 0.349805 0.264258 0.0171814
24 0.460059 0.405371 0.351758 0.268945 0.0100937
2 0.451953 0.403125 0.358594 0.260938 0.00775528
10 0.466016 0.40459 0.333594 0.256445 0.00602722
3 0.46709 0.404687 0.34082 0.272656 0.00436401
25 0.460059 0.405371 0.351758 0.268945 0.00324821
18 0.468359 0.405469 0.341406 0.255469 0.00188255
15 0.468359 0.405469 0.341406 0.255469 0.00138283
7 0.175195 0.890625 0.332422 0.21875 0.00109482
4 0.468359 0.398438 0.341406 0.278906 0.839844
14 0.470703 0.404297 0.342969 0.283594 0.165649
9 0.468359 0.398438 0.341406 0.278906 0.1427
7 0.204736 0.895312 0.368652 0.209375 0.0437012
23 0.471191 0.398828 0.335742 0.279687 0.0259552
19 0.504297 0.371289 0.258594 0.380078 0.0225372
18 0.279297 0.892969 0.528906 0.214062 0.0176392
7 0.279297 0.892969 0.528906 0.214062 0.0164642
18 0.204736 0.895312 0.368652 0.209375 0.0131683
2 0.471875 0.406152 0.335938 0.267383 0.0129242
6 0.467969 0.399121 0.342187 0.264258 0.0104523
0 0.468066 0.396191 0.345117 0.273242 0.00881195
5 0.467969 0.399121 0.342187 0.264258 0.00720596
25 0.468359 0.398438 0.341406 0.278906 0.0068779
16 0.204736 0.895312 0.368652 0.209375 0.00486755
7 0.398828 0.121289 0.786719 0.242578 0.00397491
6 0.403027 0.123047 0.773633 0.246094 0.00395966
12 0.471191 0.398828 0.335742 0.279687 0.00263214
7 0.335938 0.877734 0.671875 0.244531 0.00256157
18 0.335938 0.877734 0.671875 0.244531 0.00234222
24 0.204736 0.895312 0.368652 0.209375 0.00223351
6 0.184814 0.894531 0.32959 0.210938 0.00186729
11 0.403027 0.123047 0.773633 0.246094 0.0017271
11 0.468066 0.396191 0.345117 0.273242 0.00161648
16 0.279297 0.892969 0.528906 0.214062 0.00148964
24 0.279297 0.892969 0.528906 0.214062 0.00138855
15 0.403027 0.123047 0.773633 0.246094 0.00123024
18 0.398828 0.121289 0.786719 0.242578 0.0011692
2 0.403027 0.123047 0.773633 0.246094 0.00103664
9 0.468359 0.411035 0.326562 0.268555 0.309082
4 0.468359 0.411035 0.326562 0.268555 0.0966797
23 0.468359 0.411035 0.326562 0.268555 0.0505066
5 0.468066 0.410059 0.331055 0.270508 0.0450134
11 0.465625 0.401563 0.334375 0.25625 0.0419312
0 0.465234 0.409375 0.335938 0.265625 0.0387573
14 0.461328 0.409766 0.317188 0.264062 0.0348816
6 0.466797 0.406641 0.334375 0.271875 0.016922
3 0.465625 0.401563 0.334375 0.25625 0.0127716
2 0.465625 0.401563 0.334375 0.25625 0.00971222
10 0.468066 0.410059 0.331055 0.270508 0.00559998
16 0.46416 0.402246 0.32168 0.27207 0.00453949
25 0.462598 0.410938 0.320117 0.26875 0.00403976
8 0.467187 0.402344 0.33125 0.26875 0.00342941
19 0.465625 0.401563 0.334375 0.25625 0.00341606
24 0.462598 0.410938 0.320117 0.26875 0.00205803
20 0.4625 0.403809 0.321875 0.267383 0.00189686
18 0.466797 0.406641 0.334375 0.271875 0.00187492
12 0.462598 0.410938 0.320117 0.26875 0.0017004
7 0.321875 0.879883 0.628125 0.240234 0.00130463
19 0.514063 0.3625 0.264844 0.358594 0.00122547
4 0.460547 0.399219 0.333594 0.257031 0.277588
14 0.460547 0.399219 0.333594 0.257031 0.113953
23 0.467578 0.397754 0.334375 0.268555 0.064209
9 0.460547 0.399219 0.333594 0.257031 0.0403748
5 0.468848 0.403125 0.337305 0.275781 0.0303345
2 0.467871 0.397559 0.331445 0.264258 0.0273743
6 0.468848 0.403125 0.337305 0.275781 0.016098
0 0.467578 0.397754 0.334375 0.268555 0.0150757
11 0.467871 0.397559 0.331445 0.264258 0.00955963
25 0.463379 0.403125 0.33418 0.275781 0.00669098
10 0.468848 0.403125 0.337305 0.275781 0.00591278
3 0.467871 0.397559 0.331445 0.264258 0.00534439
4 0.393359 0.426465 0.211719 0.136133 0.00251198
15 0.463379 0.403125 0.33418 0.275781 0.00148392
8 0.467578 0.397754 0.334375 0.268555 0.00144386
19 0.504687 0.36582 0.264062 0.358203 0.00132465
17 0.467871 0.397559 0.331445 0.264258 0.0011692
19 0.467871 0.397559 0.331445 0.264258 0.00103188
4 0.467969 0.405859 0.338281 0.271094 0.646973
9 0.47041 0.405469 0.351367 0.282813 0.334473
23 0.466016 0.404297 0.339844 0.283594 0.0700684
19 0.507812 0.36582 0.253125 0.351953 0.0469055
14 0.467969 0.405859 0.338281 0.271094 0.0430298
2 0.460156 0.414062 0.341406 0.285156 0.016922
7 0.215039 0.892188 0.430078 0.215625 0.0132217
7 0.300781 0.878125 0.601562 0.24375 0.00874329
6 0.472266 0.403516 0.347656 0.273438 0.00806427
0 0.47041 0.405469 0.351367 0.282813 0.00530243
18 0.215039 0.892188 0.430078 0.215625 0.00496292
5 0.472266 0.403516 0.347656 0.273438 0.00413513
18 0.300781 0.878125 0.601562 0.24375 0.00407028
25 0.472266 0.403516 0.347656 0.273438 0.00228691
12 0.467969 0.405859 0.338281 0.271094 0.00134563
4 0.482422 0.420215 0.275781 0.22832 0.00116062
11 0.468359 0.411621 0.35 0.286133 0.00112438
14 0.49209 0.411719 0.264258 0.278125 0.180664
4 0.471973 0.407031 0.316992 0.260156 0.055603
0 0.471875 0.407813 0.314063 0.280469 0.0152512
6 0.471973 0.407031 0.316992 0.260156 0.0146179
23 0.471875 0.407813 0.314063 0.280469 0.012146
8 0.471875 0.407813 0.314063 0.280469 0.0113297
1 0.465723 0.40625 0.313867 0.253125 0.0111618
11 0.471973 0.407031 0.316992 0.260156 0.00933838
5 0.471973 0.407031 0.316992 0.260156 0.00775528
2 0.471875 0.407813 0.314063 0.280469 0.00626373
9 0.478906 0.407422 0.292188 0.28125 0.00547028
12 0.465723 0.40625 0.313867 0.253125 0.00395966
3 0.471875 0.407813 0.314063 0.280469 0.00379562
25 0.480078 0.4125 0.278906 0.278906 0.00302696
10 0.471973 0.407031 0.316992 0.260156 0.00282288
14 0.50625 0.39541 0.226562 0.22168 0.00131512
17 0.471875 0.407813 0.314063 0.280469 0.00117874
4 0.473438 0.407031 0.328906 0.275781 0.267334
9 0.473438 0.407031 0.328906 0.275781 0.169922
19 0.504297 0.370703 0.26875 0.373437 0.0960083
4 0.391797 0.429688 0.223438 0.160938 0.0705566
6 0.470215 0.406348 0.33457 0.26543 0.0572815
23 0.470703 0.406348 0.332031 0.273242 0.0384521
2 0.476562 0.41084 0.33125 0.270508 0.0289764
14 0.470996 0.412109 0.32832 0.278906 0.0283356
0 0.470703 0.406348 0.332031 0.273242 0.0164032
11 0.470215 0.406348 0.33457 0.26543 0.0117798
4 0.120898 0.85332 0.226953 0.165234 0.00600433
15 0.470215 0.406348 0.33457 0.26543 0.00453949
12 0.474902 0.408594 0.337695 0.269531 0.00324821
25 0.474902 0.408594 0.337695 0.269531 0.00209999
5 0.470215 0.406348 0.33457 0.26543 0.00192642
3 0.469141 0.403125 0.338281 0.264062 0.00144386
4 0.46875 0.415234 0.350781 0.291406 0.860352
9 0.467969 0.420312 0.35625 0.296875 0.413086
0 0.473047 0.409375 0.347656 0.273438 0.0112457
5 0.469922 0.409766 0.339063 0.272656 0.0106964
11 0.473047 0.409375 0.347656 0.273438 0.00448608
14 0.467578 0.416504 0.352344 0.285742 0.00302696
25 0.46875 0.415234 0.350781 0.291406 0.0026207
8 0.468848 0.414062 0.34043 0.285938 0.00178242
23 0.468359 0.412109 0.340625 0.283594 0.00131512
22 0.469922 0.409766 0.339063 0.272656 0.00129414
2 0.469141 0.415234 0.338281 0.303906 0.00123501
4 0.465527 0.401953 0.306445 0.257031 0.599121
9 0.461816 0.402246 0.318555 0.256445 0.0963745
5 0.463379 0.404297 0.323242 0.253906 0.0351562
11 0.463379 0.404297 0.323242 0.253906 0.024704
14 0.465527 0.401953 0.306445 0.257031 0.0219421
6 0.463379 0.404297 0.323242 0.253906 0.00763702
0 0.466016 0.401953 0.31875 0.254688 0.00658798
23 0.466016 0.401953 0.31875 0.254688 0.00471878
8 0.461719 0.401953 0.323438 0.253125 0.0037365
10 0.461328 0.414062 0.324219 0.263281 0.00269318
25 0.461816 0.402246 0.318555 0.256445 0.00156689
2 0.466016 0.401953 0.31875 0.254688 0.00150681
24 0.463379 0.404297 0.323242 0.253906 0.00145531
4 0.470313 0.407813 0.34375 0.284375 0.992676
9 0.469922 0.406152 0.342187 0.286133 0.969727
14 0.472754 0.404297 0.35293 0.28125 0.0863037
5 0.471484 0.407422 0.347656 0.283594 0.0155411
23 0.469922 0.406152 0.342187 0.286133 0.0122375
25 0.470313 0.407813 0.34375 0.284375 0.00793457
12 0.470313 0.407813 0.34375 0.284375 0.00651169
2 0.473828 0.406152 0.339063 0.295508 0.00510025
0 0.474316 0.409277 0.35918 0.287695 0.00258064
6 0.473828 0.406152 0.339063 0.295508 0.00205803
11 0.474316 0.409277 0.35918 0.287695 0.00184631
4 0.516406 0.354883 0.210938 0.129297 0.00168705
24 0.470313 0.409375 0.345313 0.286719 0.00109005
4 0.496777 0.403516 0.273633 0.270313 0.248657
14 0.496777 0.403516 0.273633 0.270313 0.125977
9 0.485059 0.404297 0.29082 0.266406 0.0359497
25 0.471973 0.395313 0.324805 0.252344 0.00941467
2 0.471973 0.395313 0.324805 0.252344 0.00912476
19 0.511328 0.369336 0.260156 0.364453 0.00636292
0 0.474219 0.402734 0.321094 0.261719 0.00634003
23 0.471973 0.395313 0.324805 0.252344 0.00621796
8 0.496777 0.403516 0.273633 0.270313 0.00397491
15 0.314844 0.78457 0.629687 0.430859 0.00314713
5 0.471973 0.395313 0.324805 0.252344 0.00242424
14 0.510547 0.38916 0.219531 0.232617 0.00183868
4 0.510547 0.38916 0.219531 0.232617 0.00183105
12 0.483203 0.394531 0.303906 0.253906 0.00147247
1 0.471973 0.395313 0.324805 0.252344 0.00146675
12 0.294531 0.118164 0.589063 0.236328 0.00105286
9 0.472754 0.405859 0.35918 0.292969 0.751953
4 0.471484 0.406348 0.351562 0.29043 0.728027
14 0.472754 0.405859 0.35918 0.292969 0.208862
2 0.471484 0.406348 0.351562 0.29043 0.0314941
23 0.473047 0.405078 0.347656 0.294531 0.0134277
19 0.505469 0.369531 0.264062 0.358594 0.00593567
12 0.471484 0.406348 0.351562 0.29043 0.0050621
6 0.47041 0.405859 0.356055 0.274219 0.00405502
11 0.472656 0.405078 0.355469 0.294531 0.00395966
24 0.471875 0.406641 0.350781 0.291406 0.0037365
7 0.188721 0.893359 0.35459 0.213281 0.00307465
0 0.472656 0.405078 0.355469 0.294531 0.0011692
16 0.467871 0.655469 0.373633 0.395313 0.00109482
4 0.470215 0.416016 0.35957 0.277344 0.994629
9 0.471484 0.419922 0.35625 0.286719 0.94873
14 0.470215 0.416016 0.35957 0.277344 0.0984497
23 0.470703 0.410254 0.354688 0.287305 0.0173798
5 0.471094 0.403809 0.359375 0.270508 0.0153656
12 0.47041 0.405371 0.35918 0.279883 0.0088501
2 0.472266 0.413184 0.349219 0.293945 0.00740433
25 0.47041 0.405371 0.35918 0.279883 0.00530243
6 0.472266 0.413184 0.349219 0.293945 0.00370789
0 0.471875 0.407813 0.365625 0.267969 0.00234222
24 0.471484 0.408594 0.357031 0.275781 0.00136662
4 0.467187 0.406934 0.339844 0.258008 0.931641
9 0.467578 0.404687 0.328125 0.25625 0.523438
14 0.467187 0.406934 0.339844 0.258008 0.0778198
4 0.503906 0.375684 0.239063 0.173633 0.0315552
16 0.5875 0.635156 0.126563 0.1375 0.0297546
16 0.664062 0.630469 0.221875 0.121875 0.0147858
16 0.504687 0.6375 0.210938 0.167187 0.00757599
25 0.471777 0.4125 0.329883 0.261719 0.00706482
16 0.595313 0.602734 0.135937 0.117188 0.00638962
2 0.473047 0.393066 0.297656 0.229492 0.005867
23 0.467578 0.404687 0.328125 0.25625 0.00538635
16 0.671094 0.609766 0.239063 0.119531 0.0051384
10 0.511719 0.605078 0.239063 0.147656 0.00479126
6 0.475781 0.407715 0.297656 0.24082 0.00439835
12 0.471777 0.4125 0.329883 0.261719 0.00290108
14 0.503906 0.375684 0.239063 0.173633 0.00282288
5 0.473438 0.411719 0.334375 0.260938 0.00271416
4 0.122656 0.853125 0.227344 0.1625 0.00228691
6 0.295703 0.760156 0.591406 0.371875 0.00224304
9 0.503906 0.375684 0.239063 0.173633 0.00223351
16 0.338867 0.601562 0.334766 0.225 0.00221634
6 0.314844 0.719922 0.629687 0.560156 0.00219917
10 0.595313 0.602734 0.135937 0.117188 0.00191212
0 0.461328 0.405078 0.315625 0.249219 0.0018177
2 0.503906 0.375684 0.239063 0.173633 0.00155449
16 0.592969 0.670313 0.128125 0.139063 0.00154877
16 0.471973 0.608203 0.22168 0.228906 0.00143242
6 0.5875 0.635156 0.126563 0.1375 0.00120163
6 0.461328 0.0822266 0.439844 0.164453 0.00114727
24 0.469141 0.411035 0.328906 0.260742 0.00113392
0 0.503906 0.375684 0.239063 0.173633 0.00105667
4 0.469922 0.410156 0.346875 0.292188 0.895508
0 0.473828 0.408203 0.3375 0.29375 0.0462036
15 0.317969 0.721484 0.635938 0.557031 0.0352783
14 0.469922 0.410156 0.346875 0.292188 0.00841522
5 0.471484 0.407031 0.338281 0.280469 0.0050621
12 0.317969 0.721484 0.635938 0.557031 0.00205803
8 0.472754 0.408594 0.34043 0.285156 0.00197983
9 0.473828 0.408203 0.3375 0.29375 0.00188255
4 0.41416 0.437891 0.213867 0.153906 0.0017004
25 0.472754 0.408594 0.34043 0.285156 0.00135612
4 0.478125 0.415234 0.352344 0.272656 0.985352
14 0.478125 0.415234 0.352344 0.272656 0.218628
9 0.474902 0.408203 0.339258 0.275 0.137939
5 0.474316 0.406152 0.343555 0.261133 0.00653839
25 0.476465 0.40625 0.345508 0.26875 0.00626373
0 0.473438 0.408203 0.350781 0.255469 0.0055542
12 0.476465 0.40625 0.345508 0.26875 0.00286674
23 0.476953 0.407422 0.340625 0.277344 0.0012064
4 0.464453 0.405371 0.35 0.283008 0.9375
15 0.323828 0.767383 0.647656 0.465234 0.195557
14 0.466797 0.406934 0.342969 0.283008 0.0218658
5 0.469141 0.402441 0.339844 0.26543 0.0113754
0 0.464063 0.408496 0.321094 0.256445 0.00803375
6 0.321484 0.765234 0.642969 0.469531 0.00424957
9 0.467187 0.408203 0.341406 0.285938 0.00345612
12 0.323828 0.767383 0.647656 0.465234 0.00279999
11 0.464063 0.408496 0.321094 0.256445 0.00234222
25 0.467578 0.403906 0.340625 0.278906 0.00194168
25 0.323828 0.767383 0.647656 0.465234 0.00174141
22 0.469141 0.402441 0.339844 0.26543 0.00158501
12 0.466797 0.402441 0.338281 0.274805 0.00154305
13 0.323828 0.767383 0.647656 0.465234 0.00150108
2 0.471875 0.408496 0.346094 0.286133 0.00104809
4 0.472754 0.402441 0.343555 0.263867 0.880859
14 0.472266 0.401563 0.342969 0.264062 0.0927124
9 0.47334 0.402734 0.34707 0.258594 0.0137939
0 0.471973 0.403125 0.34668 0.264062 0.00871277
25 0.472266 0.401563 0.342969 0.264062 0.00712204
23 0.47334 0.402734 0.34707 0.258594 0.00530243
12 0.472266 0.401563 0.342969 0.264062 0.00186729
5 0.47334 0.402734 0.34707 0.258594 0.00130939
4 0.474609 0.406348 0.353125 0.279492 0.951172
14 0.473438 0.404687 0.34375 0.283594 0.0917358
9 0.473438 0.404687 0.34375 0.283594 0.0106125
5 0.471777 0.4 0.345508 0.267188 0.00891876
0 0.469434 0.403125 0.348633 0.26875 0.00703812
25 0.474609 0.403223 0.342969 0.293555 0.00561905
12 0.474219 0.40166 0.345313 0.279492 0.00510025
6 0.292383 0.703125 0.584766 0.503125 0.00106907
2 0.478906 0.408496 0.33125 0.292383 0.00105667
0 0.292383 0.703125 0.584766 0.503125 0.00105286
23 0.471484 0.402344 0.344531 0.2625 0.00104809
4 0.461328 0.390527 0.34375 0.251758 0.906738
14 0.464453 0.392285 0.342969 0.26543 0.131592
9 0.46416 0.391016 0.341992 0.259375 0.0389099
0 0.461816 0.390625 0.348242 0.24375 0.0171051
5 0.46416 0.391016 0.341992 0.259375 0.00993347
25 0.464453 0.392285 0.342969 0.26543 0.00985718
12 0.464453 0.392285 0.342969 0.26543 0.00619125
23 0.462402 0.389844 0.34082 0.25 0.00609589
6 0.462402 0.391797 0.326758 0.242969 0.0017271
4 0.471094 0.385938 0.339844 0.252344 0.883301
14 0.471094 0.38916 0.336719 0.262305 0.0347595
6 0.314453 0.691406 0.628906 0.54375 0.0256195
0 0.472656 0.375 0.326562 0.217188 0.0230713
9 0.471094 0.385938 0.339844 0.252344 0.018692
5 0.471191 0.388379 0.341992 0.25918 0.0139542
15 0.315234 0.711719 0.630469 0.509375 0.0110321
12 0.471094 0.38916 0.336719 0.262305 0.00908661
25 0.470703 0.389062 0.33125 0.260156 0.0086441
23 0.467871 0.383984 0.331445 0.25 0.00376511
8 0.472656 0.375 0.326562 0.217188 0.00247192
7 0.308594 0.666797 0.617188 0.546094 0.00215721
15 0.338086 0.704688 0.676172 0.590625 0.00171375
0 0.304102 0.677734 0.608203 0.535156 0.00143242
16 0.516016 0.557422 0.275781 0.273438 0.0012598
6 0.314258 0.789062 0.628516 0.421875 0.00114727
2 0.314453 0.691406 0.628906 0.54375 0.00100803
9 0.467969 0.385059 0.339844 0.261133 0.762207
4 0.466504 0.386328 0.34043 0.258594 0.728516
6 0.467969 0.383691 0.340625 0.25918 0.0335999
14 0.466504 0.386328 0.34043 0.258594 0.00455475
2 0.465234 0.391504 0.342969 0.27168 0.00353813
24 0.469141 0.391309 0.341406 0.264258 0.00331116
23 0.467969 0.385059 0.339844 0.261133 0.00276756
6 0.321484 0.757812 0.642969 0.484375 0.00183868
11 0.466797 0.383984 0.338281 0.250781 0.00182438
5 0.46875 0.386328 0.342969 0.258594 0.00174809
0 0.466797 0.383984 0.338281 0.250781 0.00163555
4 0.458203 0.384766 0.349219 0.260938 0.961914
9 0.458984 0.385254 0.342969 0.26543 0.00812531
14 0.458203 0.384766 0.349219 0.260938 0.005867
5 0.462891 0.386328 0.349219 0.273438 0.00540543
0 0.461719 0.386816 0.3375 0.26543 0.00292397
25 0.461328 0.389062 0.34375 0.273438 0.00127888
12 0.4625 0.3875 0.351562 0.274219 0.00110722
4 0.459375 0.391016 0.328906 0.258594 0.960938
9 0.456641 0.391016 0.327344 0.253906 0.0900879
14 0.459375 0.391016 0.328906 0.258594 0.0202484
15 0.323047 0.793164 0.646094 0.413672 0.00945282
5 0.461621 0.391797 0.326758 0.252344 0.00898743
25 0.460938 0.392578 0.332813 0.257812 0.00502014
0 0.474121 0.384375 0.29707 0.242188 0.0049057
6 0.349219 0.119727 0.65 0.239453 0.00383949
15 0.314063 0.716406 0.628125 0.567187 0.00324821
15 0.349219 0.119727 0.65 0.239453 0.00271416
23 0.456641 0.391016 0.327344 0.253906 0.00271416
11 0.463184 0.392285 0.325195 0.243555 0.0026722
6 0.310547 0.700391 0.621094 0.599219 0.00170708
24 0.461621 0.391797 0.326758 0.252344 0.00146675
6 0.463184 0.392285 0.325195 0.243555 0.00138283
12 0.460938 0.392578 0.332813 0.257812 0.00132465
2 0.474121 0.384375 0.29707 0.242188 0.00106907
4 0.46084 0.388281 0.333008 0.260938 0.939941
9 0.458691 0.387598 0.33418 0.262305 0.312256
14 0.46084 0.388281 0.333008 0.260938 0.0256653
23 0.458691 0.387598 0.33418 0.262305 0.00441742
25 0.462109 0.389453 0.333594 0.263281 0.00359344
12 0.462109 0.389453 0.333594 0.263281 0.00202751
5 0.465527 0.389453 0.336133 0.258594 0.00201988
0 0.466406 0.391797 0.332813 0.250781 0.00167465
6 0.459766 0.387891 0.33125 0.263281 0.00135136
4 0.462891 0.392188 0.351562 0.271094 0.968262
6 0.303906 0.713672 0.607813 0.533594 0.0145035
14 0.464844 0.39541 0.348438 0.273242 0.0135345
5 0.466406 0.394629 0.353125 0.266992 0.00712204
9 0.463184 0.396484 0.348633 0.275781 0.00471878
0 0.299219 0.711719 0.598437 0.467187 0.00379562
0 0.46709 0.396973 0.351758 0.262305 0.00286674
6 0.309375 0.653809 0.61875 0.637695 0.00254059
12 0.466309 0.395215 0.354883 0.273633 0.00230598
2 0.303906 0.713672 0.607813 0.533594 0.00176811
25 0.464844 0.39541 0.348438 0.273242 0.00163555
15 0.303906 0.713672 0.607813 0.533594 0.00122547
3 0.299219 0.711719 0.598437 0.467187 0.00104427
4 0.465625 0.390234 0.342187 0.261719 0.972656
9 0.467969 0.39209 0.335938 0.26582 0.041626
14 0.465625 0.390234 0.342187 0.261719 0.00407028
5 0.469141 0.392188 0.341406 0.267188 0.00382423
12 0.467187 0.392285 0.336719 0.270117 0.00218201
0 0.472656 0.389941 0.332813 0.25918 0.00208282
24 0.469141 0.392188 0.341406 0.267188 0.00128937
6 0.465625 0.398438 0.338281 0.254688 0.00114727
4 0.457813 0.393848 0.336719 0.257617 0.939453
9 0.462109 0.396094 0.333594 0.259375 0.62793
14 0.457813 0.393848 0.336719 0.257617 0.0206451
6 0.307617 0.71875 0.615234 0.5625 0.00679779
0 0.308203 0.711719 0.616406 0.515625 0.00656509
23 0.462109 0.396094 0.333594 0.259375 0.00502014
24 0.464746 0.392578 0.336133 0.263281 0.00494385
6 0.464746 0.392578 0.336133 0.263281 0.0041008
2 0.461719 0.397754 0.322656 0.25918 0.00403976
25 0.4625 0.393652 0.339063 0.261133 0.00208282
15 0.307617 0.71875 0.615234 0.5625 0.00133514
4 0.462402 0.392969 0.329883 0.252344 0.956543
9 0.464746 0.392578 0.325195 0.260938 0.0344849
14 0.462402 0.392969 0.329883 0.252344 0.00955963
5 0.467969 0.392578 0.338281 0.267969 0.00319672
12 0.464844 0.394434 0.332813 0.26582 0.00219154
0 0.462109 0.394629 0.339844 0.251367 0.00178909
25 0.467578 0.392871 0.323438 0.268945 0.00119686
4 0.465625 0.394434 0.326562 0.242383 0.956543
14 0.465625 0.394434 0.326562 0.242383 0.0399475
9 0.465527 0.39541 0.329883 0.248242 0.0207977
0 0.465723 0.399316 0.335742 0.243555 0.0039444
5 0.469141 0.395996 0.329688 0.250195 0.00342941
12 0.46709 0.396191 0.329883 0.25293 0.00316048
23 0.465527 0.39541 0.329883 0.248242 0.00214005
25 0.46875 0.398438 0.330469 0.244531 0.00190449
11 0.465723 0.399316 0.335742 0.243555 0.00108147
4 0.462402 0.396484 0.333008 0.246094 0.927734
9 0.46416 0.396875 0.332617 0.251563 0.0970459
14 0.465234 0.395703 0.334375 0.255469 0.0157166
23 0.46416 0.396875 0.332617 0.251563 0.00403976
5 0.466797 0.396875 0.334375 0.253125 0.00397491
0 0.464453 0.397754 0.339063 0.245117 0.00260162
6 0.464746 0.394531 0.329883 0.25625 0.00153637
11 0.463672 0.400684 0.335938 0.243945 0.00150108
25 0.464746 0.394531 0.329883 0.25625 0.00143814
12 0.465234 0.395703 0.334375 0.255469 0.00138855
2 0.464844 0.397656 0.33125 0.257812 0.00112057
4 0.46875 0.398535 0.328125 0.248242 0.967773
14 0.471094 0.396484 0.327344 0.250781 0.0435181
9 0.471777 0.394922 0.326758 0.253906 0.0250854
23 0.469922 0.398047 0.329688 0.24375 0.0105667
2 0.2125 0.730859 0.425 0.289844 0.00544739
6 0.473047 0.396484 0.330469 0.251563 0.00494385
0 0.46875 0.4 0.33125 0.246094 0.00327301
2 0.170508 0.729688 0.341016 0.278125 0.00279045
5 0.473047 0.396484 0.330469 0.251563 0.00277901
25 0.46875 0.398535 0.328125 0.248242 0.00225258
11 0.471094 0.401172 0.329688 0.245312 0.00109482
4 0.46709 0.399902 0.32832 0.251758 0.968262
9 0.467969 0.4 0.320312 0.253125 0.0700684
14 0.471484 0.396875 0.317969 0.252344 0.0182648
0 0.467578 0.402246 0.321094 0.242383 0.00183105
25 0.470703 0.396094 0.3125 0.257812 0.00150108
5 0.472266 0.397266 0.317969 0.247656 0.00141621
0 0.307422 0.71875 0.614844 0.53125 0.00130463
23 0.467969 0.4 0.320312 0.253125 0.0012846
4 0.463184 0.397266 0.323633 0.245312 0.949707
9 0.466504 0.396875 0.316992 0.248438 0.0307922
14 0.469531 0.398047 0.317188 0.255469 0.00638962
5 0.468652 0.397266 0.323633 0.250781 0.00236893
2 0.211328 0.719531 0.414844 0.301563 0.00232315
0 0.464844 0.399609 0.317188 0.239844 0.0017004
25 0.469531 0.398047 0.317188 0.255469 0.00139904
4 0.466504 0.400781 0.337305 0.2625 0.966309
9 0.46875 0.402344 0.333594 0.266406 0.0323486
14 0.467969 0.400781 0.335938 0.264844 0.00382423
12 0.467187 0.40166 0.334375 0.270117 0.0024147
5 0.467969 0.400781 0.335938 0.264844 0.00234222
6 0.317969 0.723828 0.635938 0.552344 0.0012846
25 0.467969 0.400781 0.335938 0.264844 0.00104809
4 0.467578 0.394141 0.308594 0.235938 0.934082
9 0.470703 0.396484 0.303906 0.239844 0.185303
14 0.469141 0.396875 0.30625 0.246875 0.0159607
5 0.469922 0.396875 0.3125 0.242969 0.00952148
25 0.469141 0.396875 0.30625 0.246875 0.00674438
6 0.3 0.772656 0.6 0.320312 0.00411606
2 0.220898 0.726172 0.441797 0.303906 0.00263214
6 0.464063 0.399219 0.309375 0.235938 0.00213242
16 0.546875 0.607813 0.185938 0.128125 0.0014782
0 0.303906 0.728125 0.561719 0.373437 0.00142097
23 0.46875 0.397656 0.3125 0.239844 0.00139904
24 0.469922 0.396875 0.3125 0.242969 0.00128937
15 0.3 0.772656 0.6 0.320312 0.00127888
0 0.466309 0.395313 0.318945 0.235938 0.00127411
16 0.554688 0.641016 0.157813 0.124219 0.00117397
15 0.320703 0.819531 0.641406 0.360938 0.0011692
2 0.16582 0.726562 0.331641 0.2875 0.00115585
2 0.470215 0.396094 0.298633 0.239063 0.00107765
4 0.466016 0.399121 0.315625 0.243945 0.952637
9 0.467578 0.398047 0.309375 0.242969 0.0205688
14 0.469141 0.395703 0.308594 0.240625 0.0167236
5 0.470703 0.396484 0.3125 0.240625 0.00318527
0 0.467285 0.400391 0.32168 0.244531 0.00298119
25 0.469434 0.4 0.312695 0.244531 0.00148964
2 0.231641 0.723047 0.460156 0.317969 0.00122547
12 0.469141 0.395703 0.308594 0.240625 0.00121593
2 0.174707 0.725781 0.349414 0.304688 0.00112438
15 0.313672 0.121582 0.605469 0.243164 0.00109005
4 0.470313 0.402344 0.316406 0.250781 0.953613
9 0.473047 0.402344 0.311719 0.255469 0.20813
14 0.472266 0.405859 0.3125 0.261719 0.00844574
0 0.470703 0.402344 0.323438 0.250781 0.00291252
23 0.472656 0.403906 0.317969 0.250781 0.00235939
6 0.474316 0.407422 0.30918 0.264844 0.00216484
5 0.473828 0.40459 0.317969 0.258008 0.00206757
25 0.472266 0.405859 0.3125 0.261719 0.00183868
15 0.321094 0.747266 0.642188 0.505469 0.00127411
12 0.472266 0.405859 0.3125 0.261719 0.00103188
4 0.46875 0.402734 0.317969 0.254688 0.960938
9 0.471777 0.405469 0.317383 0.264062 0.00834656
14 0.471777 0.405469 0.317383 0.264062 0.00436401
5 0.47041 0.403125 0.32168 0.253906 0.00337601
6 0.303906 0.707031 0.607813 0.489063 0.00337601
0 0.469531 0.407422 0.316406 0.254688 0.00161648
12 0.469141 0.403906 0.316406 0.257812 0.00148964
4 0.472559 0.400684 0.304883 0.248633 0.98291
9 0.476562 0.400879 0.303125 0.248242 0.0903931
14 0.473047 0.400098 0.307031 0.245117 0.0210419
5 0.474219 0.400781 0.3125 0.242188 0.00475693
6 0.301172 0.741406 0.602344 0.375 0.00309944
25 0.474219 0.400781 0.3125 0.242188 0.00239754
15 0.317383 0.794727 0.634766 0.410547 0.00216484
12 0.473047 0.400098 0.307031 0.245117 0.00126934
4 0.467187 0.399121 0.301563 0.237695 0.962891
14 0.469922 0.401563 0.30625 0.234375 0.0133286
9 0.468652 0.400879 0.304883 0.235742 0.0113754
5 0.469922 0.401563 0.30625 0.234375 0.00328636
0 0.469434 0.401953 0.308008 0.235156 0.00286674
25 0.469922 0.401563 0.30625 0.234375 0.00181007
4 0.466406 0.401563 0.304688 0.240625 0.96875
9 0.466797 0.403125 0.299219 0.242188 0.0172424
14 0.466406 0.404785 0.30625 0.24043 0.0100555
0 0.467578 0.407129 0.303906 0.238867 0.00309944
5 0.466406 0.404785 0.30625 0.24043 0.00294685
25 0.466406 0.404785 0.30625 0.24043 0.00174141
4 0.464844 0.407422 0.320312 0.250781 0.957031
9 0.468066 0.408594 0.31543 0.250781 0.230225
14 0.464746 0.408691 0.317383 0.248242 0.0126266
19 0.497656 0.619141 0.217188 0.225781 0.00602722
16 0.497656 0.619141 0.217188 0.225781 0.00598145
25 0.465625 0.408984 0.317969 0.24375 0.00176811
12 0.464746 0.408691 0.317383 0.248242 0.00144386
6 0.303125 0.755859 0.60625 0.396094 0.00113773
6 0.466797 0.409277 0.313281 0.24707 0.00101662
4 0.46084 0.407813 0.30957 0.246875 0.972168
9 0.463672 0.411621 0.308594 0.250195 0.0279083
14 0.463672 0.411621 0.308594 0.250195 0.0144501
25 0.463672 0.411621 0.308594 0.250195 0.00327301
15 0.325 0.700781 0.65 0.598437 0.00239754
5 0.463672 0.411621 0.308594 0.250195 0.00181007
6 0.304102 0.712891 0.608203 0.480469 0.00181007
6 0.326172 0.768555 0.652344 0.462891 0.00130939
4 0.4625 0.403223 0.321094 0.25918 0.958008
9 0.462109 0.402246 0.314063 0.25957 0.0618896
14 0.462402 0.402441 0.312695 0.260742 0.0155411
1 0.462891 0.404004 0.322656 0.254492 0.00265312
5 0.463965 0.402344 0.317383 0.257812 0.00253105
15 0.324805 0.757617 0.649609 0.484766 0.00182438
6 0.319922 0.748047 0.639844 0.499219 0.00178242
16 0.516016 0.613281 0.216406 0.190625 0.00176144
25 0.463965 0.402344 0.317383 0.257812 0.00139427
19 0.498437 0.63125 0.20625 0.204688 0.00117397
4 0.46709 0.401465 0.325195 0.254883 0.970703
9 0.465625 0.401172 0.321875 0.254688 0.0288696
14 0.469922 0.398828 0.322656 0.25625 0.0200195
16 0.525781 0.608594 0.203125 0.173438 0.00402451
2 0.210938 0.732422 0.407813 0.277344 0.00313568
6 0.307031 0.758594 0.614062 0.371875 0.0028553
5 0.469922 0.398828 0.322656 0.25625 0.00227928
23 0.465625 0.401172 0.321875 0.254688 0.00218201
15 0.318359 0.774219 0.636719 0.451562 0.00208282
25 0.469922 0.398828 0.322656 0.25625 0.00164223
4 0.469629 0.399316 0.323242 0.249805 0.96582
9 0.469531 0.396094 0.319531 0.251563 0.0219421
14 0.47334 0.397266 0.323633 0.246875 0.0142822
19 0.503125 0.635156 0.2125 0.204688 0.00379562
16 0.520703 0.602344 0.210156 0.18125 0.00259018
5 0.47334 0.397266 0.323633 0.246875 0.00248146
25 0.47334 0.397266 0.323633 0.246875 0.00179577
23 0.469531 0.396094 0.319531 0.251563 0.00137806
16 0.503125 0.635156 0.2125 0.204688 0.00109005
4 0.467578 0.398047 0.316406 0.239844 0.951172
9 0.467578 0.397266 0.3125 0.2375 0.170532
19 0.509766 0.625781 0.197656 0.207813 0.00963593
16 0.519531 0.608203 0.210938 0.207031 0.00452042
14 0.469629 0.398047 0.31543 0.239844 0.00385475
5 0.471875 0.398438 0.317188 0.2375 0.00256157
25 0.471875 0.398438 0.317188 0.2375 0.00154877
6 0.467969 0.397266 0.309375 0.239063 0.00132465
4 0.467871 0.400391 0.308008 0.242188 0.976562
9 0.466406 0.398828 0.305469 0.238281 0.148071
14 0.468066 0.398438 0.304492 0.240625 0.00878143
25 0.468066 0.398438 0.304492 0.240625 0.00234222
15 0.320312 0.740234 0.640625 0.519531 0.00201035
5 0.470996 0.398828 0.30957 0.236719 0.00191212
16 0.530078 0.60625 0.209375 0.185938 0.00157928
0 0.466406 0.402246 0.314844 0.237695 0.00153637
23 0.466406 0.398828 0.305469 0.238281 0.00101662
4 0.464941 0.399121 0.31543 0.239258 0.969727
9 0.464063 0.398438 0.31875 0.239063 0.0228882
14 0.469531 0.400391 0.315625 0.239844 0.00496292
5 0.469531 0.400391 0.315625 0.239844 0.00255013
6 0.309766 0.760547 0.619531 0.435156 0.00146675
0 0.467578 0.403027 0.314844 0.237695 0.00144958
4 0.467871 0.400781 0.317383 0.24375 0.963867
9 0.46709 0.399219 0.318945 0.242188 0.0745239
14 0.470313 0.4 0.313281 0.247656 0.00273705
5 0.471484 0.400391 0.317188 0.24375 0.00218201
6 0.344531 0.76582 0.689063 0.468359 0.00134563
4 0.464063 0.399316 0.315625 0.24043 0.967285
9 0.465234 0.4 0.311719 0.240625 0.0562439
14 0.466016 0.401172 0.314844 0.242188 0.00400543
16 0.526563 0.595703 0.198437 0.169531 0.00327301
19 0.497656 0.624609 0.201563 0.208594 0.00313568
5 0.466016 0.401172 0.314844 0.242188 0.00179577
6 0.302539 0.771484 0.605078 0.353906 0.00151253
25 0.465527 0.400391 0.30957 0.244531 0.00135136
0 0.462891 0.404785 0.315625 0.24043 0.00123501
12 0.465234 0.400684 0.3125 0.243945 0.00116539
4 0.465625 0.399219 0.3125 0.240625 0.970703
9 0.463672 0.397656 0.309375 0.2375 0.19812
14 0.465625 0.399219 0.3125 0.240625 0.00723267
25 0.466016 0.399219 0.308594 0.242188 0.00319672
19 0.497656 0.632031 0.201563 0.207813 0.00317192
16 0.533594 0.603516 0.185938 0.1625 0.00298119
5 0.466797 0.400098 0.310937 0.24043 0.00209999
12 0.466016 0.399219 0.308594 0.242188 0.00115108
4 0.464844 0.400391 0.317969 0.24375 0.969238
9 0.464063 0.399219 0.314063 0.244531 0.0288696
14 0.465723 0.399902 0.313867 0.248633 0.00595856
6 0.310937 0.740625 0.621875 0.51875 0.00250244
5 0.466797 0.400879 0.317969 0.24668 0.00146675
25 0.464844 0.399609 0.3125 0.250781 0.00132465
4 0.465234 0.400391 0.319531 0.249219 0.976074
9 0.464453 0.399121 0.314844 0.250195 0.0554199
14 0.465527 0.400781 0.314258 0.25 0.00636292
6 0.306641 0.765625 0.613281 0.378125 0.00426483
25 0.466797 0.400781 0.315625 0.248438 0.00132465
5 0.466797 0.400781 0.315625 0.248438 0.00126934
12 0.465527 0.400781 0.314258 0.25 0.00126457
6 0.326562 0.789844 0.653125 0.420312 0.00103664
4 0.466309 0.399609 0.312695 0.249219 0.954102
9 0.466309 0.398438 0.30957 0.248438 0.0583496
14 0.46709 0.399609 0.30957 0.248438 0.00717545
6 0.304102 0.764063 0.608203 0.382812 0.00237846
5 0.468359 0.399316 0.311719 0.248242 0.00146675
25 0.466406 0.399219 0.309375 0.250781 0.00143814
6 0.320117 0.793555 0.640234 0.412891 0.00138283
12 0.46709 0.399609 0.30957 0.248438 0.00135136
4 0.466016 0.398047 0.316406 0.241406 0.95459
9 0.465723 0.397754 0.313867 0.24043 0.117188
14 0.466504 0.398438 0.312305 0.24375 0.0100555
25 0.467969 0.398535 0.314063 0.24043 0.00211525
5 0.468848 0.39834 0.31543 0.243945 0.00151253
4 0.465234 0.398828 0.314844 0.240625 0.949707
9 0.464844 0.398438 0.311719 0.240625 0.131226
14 0.466504 0.400098 0.310742 0.243555 0.00695801
25 0.466504 0.400098 0.310742 0.243555 0.00188255
5 0.467578 0.399609 0.311719 0.24375 0.00148964
4 0.464063 0.400098 0.315625 0.243555 0.94873
9 0.46416 0.399219 0.313867 0.24375 0.0411377
14 0.466406 0.400098 0.313281 0.245117 0.00526047
5 0.466406 0.400098 0.313281 0.245117 0.00181007
25 0.464453 0.399902 0.311719 0.245508 0.00135612
0 0.464453 0.402344 0.314844 0.242969 0.00100803
4 0.464453 0.398828 0.317969 0.241406 0.956055
9 0.463379 0.39834 0.32168 0.24082 0.0158386
14 0.466406 0.399316 0.315625 0.245117 0.00359344
5 0.466406 0.399316 0.315625 0.245117 0.00219917
25 0.464746 0.398438 0.314258 0.248438 0.00119686
4 0.463184 0.399219 0.317383 0.241406 0.962402
9 0.463184 0.398438 0.31582 0.242969 0.02211
14 0.463965 0.399219 0.314258 0.244531 0.00460815
5 0.465625 0.399316 0.314063 0.243555 0.00161076
25 0.463379 0.399219 0.313867 0.246094 0.00132465
4 0.464453 0.400098 0.319531 0.245117 0.960449
9 0.464063 0.399902 0.317969 0.245508 0.0432129
14 0.465234 0.400391 0.315625 0.247656 0.0055542
5 0.466406 0.400391 0.316406 0.246875 0.0016613
25 0.464063 0.400781 0.315625 0.25 0.00123501
4 0.464453 0.400879 0.316406 0.24668 0.949707
9 0.464453 0.400098 0.314844 0.248242 0.0403748
14 0.464746 0.4 0.312695 0.249219 0.00453949
5 0.466016 0.399902 0.3125 0.248633 0.0015974
25 0.464746 0.399902 0.312695 0.251758 0.00121593
6 0.304883 0.788281 0.609766 0.401563 0.00116062
4 0.464063 0.4 0.316406 0.244531 0.952637
9 0.463965 0.398828 0.312695 0.244531 0.0302124
14 0.464844 0.399219 0.3125 0.245312 0.00342941
5 0.465723 0.399219 0.312305 0.244531 0.00172043
4 0.465234 0.400781 0.313281 0.24375 0.951172
9 0.465234 0.4 0.308594 0.244531 0.0430298
14 0.465723 0.400391 0.30918 0.245312 0.00443268
5 0.466797 0.400879 0.309375 0.245117 0.0017004
12 0.465723 0.400391 0.30918 0.245312 0.0011425
25 0.465234 0.400391 0.307813 0.246875 0.00105286
4 0.464941 0.400781 0.31543 0.242969 0.95459
9 0.465527 0.399902 0.311133 0.243945 0.03125
14 0.465527 0.400684 0.311133 0.245508 0.00387001
5 0.46709 0.400684 0.311133 0.243945 0.00167465
25 0.465625 0.400879 0.310156 0.248242 0.00101662
4 0.464844 0.400781 0.3125 0.24375 0.954102
9 0.464844 0.400781 0.309375 0.244531 0.0441895
14 0.465625 0.401172 0.309375 0.246094 0.00382423
5 0.466504 0.400879 0.30918 0.245117 0.0017004
4 0.464453 0.400391 0.311719 0.242969 0.958984
9 0.463672 0.4 0.309375 0.24375 0.0453491
14 0.464941 0.400781 0.30918 0.245312 0.00439835
5 0.465723 0.400684 0.30918 0.243945 0.0016613
25 0.465234 0.401953 0.307813 0.24375 0.00106907
4 0.464844 0.400391 0.313281 0.244531 0.961426
9 0.464453 0.399316 0.310156 0.245117 0.0339661
14 0.465234 0.400391 0.309375 0.246875 0.00457382
5 0.466309 0.400391 0.30957 0.246094 0.00175476
25 0.466016 0.401563 0.309375 0.245312 0.00112438
4 0.464844 0.4 0.3125 0.242969 0.960449
9 0.464063 0.399219 0.309375 0.242969 0.0322266
14 0.465527 0.4 0.308008 0.245312 0.00450516
5 0.466406 0.4 0.307813 0.244531 0.00183868
25 0.465625 0.401172 0.307813 0.242969 0.00117397
4 0.464844 0.399609 0.3125 0.24375 0.961426
9 0.464453 0.399121 0.309375 0.243945 0.0314941
14 0.465625 0.4 0.308594 0.246875 0.00460815
5 0.466406 0.4 0.308594 0.246094 0.00196457
25 0.465527 0.401172 0.308008 0.24375 0.00113773
4 0.464746 0.399609 0.311133 0.242969 0.960449
9 0.464453 0.398828 0.308594 0.242188 0.0348816
14 0.464941 0.4 0.307617 0.245312 0.00462723
5 0.466016 0.4 0.307031 0.244531 0.00206757
25 0.464844 0.399121 0.307813 0.24707 0.00116062
4 0.464746 0.4 0.311133 0.242188 0.961914
9 0.464453 0.399219 0.308594 0.242188 0.0384521
14 0.465234 0.399902 0.307031 0.243945 0.00466537
5 0.466309 0.400391 0.306445 0.24375 0.00205803
25 0.464844 0.399609 0.307813 0.246875 0.00114727
4 0.464844 0.4 0.310937 0.241406 0.959961
9 0.464746 0.399121 0.308008 0.24082 0.0422363
14 0.464746 0.400098 0.306445 0.243555 0.00457382
5 0.466406 0.400391 0.30625 0.242969 0.00214958
25 0.466406 0.400391 0.30625 0.242969 0.00119686
4 0.464746 0.4 0.311133 0.240625 0.958984
9 0.464844 0.399219 0.308594 0.240625 0.041626
14 0.465723 0.399902 0.307617 0.242383 0.0046463
5 0.466797 0.4 0.307031 0.242188 0.0020504
25 0.465625 0.401172 0.30625 0.240625 0.00118828
4 0.464844 0.4 0.311719 0.240625 0.960449
9 0.464453 0.398828 0.308594 0.240625 0.0350037
14 0.465234 0.399902 0.307813 0.242383 0.00448608
5 0.466797 0.4 0.307031 0.242188 0.0020504
25 0.464844 0.399609 0.308594 0.245312 0.00116539
4 0.464746 0.399609 0.312695 0.241406 0.959961
9 0.464453 0.398828 0.310156 0.241406 0.0299835
14 0.465234 0.399609 0.308594 0.24375 0.00436401
5 0.466309 0.400098 0.308008 0.243555 0.00198746
25 0.464844 0.399609 0.309375 0.246094 0.00113392
4 0.464941 0.399609 0.312305 0.242969 0.960449
9 0.464453 0.399121 0.308594 0.242383 0.0340881
14 0.465234 0.4 0.307813 0.245312 0.0045929
5 0.466504 0.4 0.307617 0.244531 0.0020504
25 0.464844 0.399609 0.307813 0.247656 0.00116062
