14 0.570996 0.555371 0.576758 0.37832 0.234375
20 0.587891 0.554688 0.536719 0.373437 0.156128
5 0.559375 0.540625 0.639063 0.389062 0.152588
11 0.584766 0.54834 0.541406 0.381445 0.141724
3 0.587891 0.554688 0.536719 0.373437 0.0322266
11 0.548438 0.513672 0.784375 0.439844 0.0264587
5 0.517871 0.511621 0.776758 0.47207 0.0263519
24 0.559375 0.540625 0.639063 0.389062 0.0216217
7 0.570996 0.555371 0.576758 0.37832 0.0193481
18 0.570996 0.555371 0.576758 0.37832 0.0164032
19 0.559375 0.540625 0.639063 0.389062 0.0157166
10 0.584766 0.54834 0.541406 0.381445 0.0150146
9 0.584766 0.54834 0.541406 0.381445 0.013588
4 0.584766 0.54834 0.541406 0.381445 0.0128708
0 0.595996 0.549609 0.523633 0.355469 0.0113754
19 0.484277 0.506348 0.270508 0.281055 0.00974274
2 0.570996 0.555371 0.576758 0.37832 0.0088501
14 0.548438 0.513672 0.784375 0.439844 0.00624084
23 0.587891 0.554688 0.536719 0.373437 0.006073
20 0.552246 0.53125 0.689258 0.414062 0.00591278
9 0.548438 0.513672 0.784375 0.439844 0.00542831
4 0.548438 0.513672 0.784375 0.439844 0.00536346
14 0.66875 0.558984 0.375 0.347656 0.00481033
19 0.533691 0.498047 0.32793 0.283594 0.00479126
11 0.66875 0.558984 0.375 0.347656 0.00432968
20 0.66875 0.558984 0.375 0.347656 0.00432968
15 0.595996 0.549609 0.523633 0.355469 0.00429916
24 0.517871 0.511621 0.776758 0.47207 0.00397491
7 0.548438 0.513672 0.784375 0.439844 0.00397491
10 0.548438 0.513672 0.784375 0.439844 0.00376511
3 0.66875 0.558984 0.375 0.347656 0.00309944
11 0.605859 0.621777 0.788281 0.581445 0.00288963
0 0.654688 0.526172 0.404687 0.330469 0.00283432
5 0.528516 0.586328 0.838281 0.557031 0.00277901
3 0.552246 0.53125 0.689258 0.414062 0.00275803
11 0.528516 0.586328 0.838281 0.557031 0.00269318
11 0.607813 0.610938 0.51875 0.509375 0.0024929
9 0.605859 0.621777 0.788281 0.581445 0.00215721
25 0.609375 0.555469 0.490625 0.357812 0.00206757
19 0.508691 0.473047 0.31543 0.363281 0.00193405
8 0.633594 0.554297 0.445312 0.350781 0.00186729
19 0.578125 0.501953 0.351562 0.396094 0.00166798
14 0.545703 0.533984 0.733594 0.608594 0.00155449
19 0.517871 0.511621 0.776758 0.47207 0.00147247
11 0.588281 0.54375 0.698438 0.775 0.00145531
2 0.66875 0.558984 0.375 0.347656 0.00143242
5 0.633594 0.554297 0.445312 0.350781 0.00139427
2 0.517871 0.511621 0.776758 0.47207 0.00135612
17 0.633594 0.554297 0.445312 0.350781 0.00131989
4 0.605859 0.621777 0.788281 0.581445 0.00130463
7 0.528516 0.586328 0.838281 0.557031 0.00126934
4 0.528516 0.586328 0.838281 0.557031 0.00123978
5 0.605859 0.621777 0.788281 0.581445 0.00121117
4 0.654688 0.526172 0.404687 0.330469 0.0012064
11 0.584766 0.379688 0.603906 0.759375 0.00109005
5 0.576465 0.566406 0.718945 0.842188 0.00108624
11 0.492969 0.572656 0.829688 0.854688 0.00102043
10 0.605859 0.621777 0.788281 0.581445 0.00100803
22 0.524902 0.552734 0.754883 0.894531 0.480469
17 0.478027 0.553125 0.762695 0.89375 0.369385
14 0.538281 0.583984 0.725 0.700781 0.293457
20 0.524902 0.552734 0.754883 0.894531 0.258301
14 0.572266 0.590625 0.642969 0.489063 0.176147
22 0.426563 0.588672 0.785937 0.822656 0.167236
14 0.484473 0.510547 0.745117 0.897656 0.149048
20 0.558594 0.630859 0.676562 0.577344 0.147583
17 0.538281 0.583984 0.725 0.700781 0.136597
22 0.682813 0.657813 0.528125 0.610938 0.132568
11 0.558594 0.630859 0.676562 0.577344 0.126831
22 0.592578 0.657129 0.664844 0.685742 0.122925
22 0.790234 0.654688 0.419531 0.590625 0.0966797
24 0.555566 0.560547 0.713867 0.869531 0.0913696
17 0.396875 0.473828 0.79375 0.936719 0.0903931
11 0.599609 0.560938 0.569531 0.476562 0.0766602
17 0.40625 0.582031 0.8125 0.835938 0.0739746
17 0.618359 0.662109 0.763281 0.675781 0.0731812
22 0.667676 0.677344 0.664648 0.645312 0.0713501
20 0.426563 0.588672 0.785937 0.822656 0.0680542
9 0.555566 0.560547 0.713867 0.869531 0.0665894
9 0.596484 0.633984 0.577344 0.655469 0.0628052
3 0.524902 0.552734 0.754883 0.894531 0.062561
17 0.510156 0.372852 0.851562 0.745703 0.0621033
14 0.549316 0.428906 0.701367 0.857813 0.0607605
24 0.558594 0.630859 0.676562 0.577344 0.0605164
22 0.396875 0.473828 0.79375 0.936719 0.0603027
3 0.558594 0.630859 0.676562 0.577344 0.0596619
11 0.555566 0.560547 0.713867 0.869531 0.0574951
11 0.584375 0.407813 0.614062 0.815625 0.0520325
5 0.558594 0.630859 0.676562 0.577344 0.0501404
22 0.588281 0.637109 0.823438 0.725781 0.0486755
22 0.741797 0.514063 0.275781 0.282813 0.0469055
5 0.555566 0.560547 0.713867 0.869531 0.0465393
17 0.625391 0.668359 0.583594 0.663281 0.0465393
22 0.698828 0.301953 0.514844 0.603906 0.0453491
17 0.381055 0.300391 0.762109 0.600781 0.0451965
22 0.457813 0.370898 0.851562 0.741797 0.0438538
17 0.596191 0.410156 0.748242 0.820312 0.042572
17 0.637891 0.680859 0.724219 0.638281 0.0399475
1 0.426563 0.588672 0.785937 0.822656 0.0368958
25 0.558594 0.630859 0.676562 0.577344 0.035675
17 0.666797 0.328906 0.630469 0.657813 0.0348816
14 0.426563 0.588672 0.785937 0.822656 0.0339661
22 0.616406 0.372656 0.767188 0.745313 0.0327148
22 0.559375 0.568652 0.678125 0.570508 0.0321045
17 0.646777 0.341797 0.706445 0.683594 0.0306702
17 0.790234 0.654688 0.419531 0.590625 0.0305634
17 0.572266 0.590625 0.642969 0.489063 0.0304413
22 0.381055 0.300391 0.762109 0.600781 0.0296478
17 0.77793 0.59375 0.297266 0.4375 0.0296478
22 0.637891 0.680859 0.724219 0.638281 0.0294189
13 0.559375 0.568652 0.678125 0.570508 0.0289764
17 0.7 0.678125 0.6 0.64375 0.0289764
13 0.491406 0.453125 0.723437 0.873438 0.028656
22 0.680469 0.517969 0.385938 0.314844 0.0285492
22 0.77793 0.59375 0.297266 0.4375 0.0278015
8 0.427441 0.555078 0.782617 0.889844 0.0272675
19 0.508984 0.487109 0.328125 0.324219 0.025177
10 0.484473 0.510547 0.745117 0.897656 0.0245209
22 0.736719 0.233008 0.432813 0.466016 0.0240479
17 0.341797 0.553516 0.683594 0.892969 0.0239563
3 0.426563 0.588672 0.785937 0.822656 0.0234222
17 0.741797 0.514063 0.275781 0.282813 0.0231476
17 0.503906 0.634375 0.853125 0.73125 0.0231476
16 0.558594 0.630859 0.676562 0.577344 0.0222931
20 0.599609 0.560938 0.569531 0.476562 0.021698
13 0.427441 0.555078 0.782617 0.889844 0.0208893
22 0.510156 0.447656 0.857813 0.895312 0.0204163
1 0.415625 0.396875 0.83125 0.79375 0.0196075
13 0.584375 0.407813 0.614062 0.815625 0.0193481
20 0.400781 0.524609 0.801562 0.942969 0.0193481
22 0.691016 0.366406 0.617969 0.732813 0.0191956
25 0.555566 0.560547 0.713867 0.869531 0.0187683
14 0.528125 0.657031 0.81875 0.685938 0.0187683
1 0.484473 0.510547 0.745117 0.897656 0.0183716
20 0.560254 0.632812 0.76543 0.734375 0.0181274
17 0.360547 0.719727 0.721094 0.560547 0.0180511
18 0.599609 0.560938 0.569531 0.476562 0.0179901
17 0.293945 0.317383 0.587891 0.634766 0.0176392
14 0.596484 0.633984 0.577344 0.655469 0.0175171
22 0.449219 0.773438 0.475 0.453125 0.0175171
17 0.591406 0.711719 0.8125 0.576563 0.0175171
22 0.549219 0.721094 0.789062 0.557813 0.0167236
14 0.394531 0.666406 0.365625 0.667188 0.0165863
22 0.341797 0.553516 0.683594 0.892969 0.0165253
1 0.363477 0.469141 0.726953 0.924219 0.0164642
20 0.680469 0.517969 0.385938 0.314844 0.0164642
17 0.736719 0.233008 0.432813 0.466016 0.0161591
17 0.350977 0.650781 0.696484 0.698438 0.0161591
1 0.350977 0.650781 0.696484 0.698438 0.016098
11 0.611035 0.357031 0.51543 0.68125 0.0158386
16 0.549316 0.428906 0.701367 0.857813 0.0154877
3 0.599609 0.560938 0.569531 0.476562 0.0153656
1 0.566309 0.4125 0.786133 0.825 0.0150757
20 0.381055 0.300391 0.762109 0.600781 0.0146179
22 0.360547 0.719727 0.721094 0.560547 0.0145569
17 0.680469 0.517969 0.385938 0.314844 0.0145035
1 0.614062 0.65625 0.771875 0.6875 0.0145035
18 0.558594 0.630859 0.676562 0.577344 0.0144501
14 0.37168 0.270313 0.743359 0.540625 0.0142288
3 0.584375 0.407813 0.614062 0.815625 0.0142288
17 0.416406 0.800977 0.432813 0.398047 0.0141144
20 0.420703 0.428125 0.841406 0.85625 0.0139008
17 0.4125 0.820312 0.367969 0.359375 0.0137939
3 0.436621 0.469531 0.775195 0.929688 0.0135345
16 0.599609 0.560938 0.569531 0.476562 0.0135345
1 0.349219 0.295703 0.698438 0.591406 0.0132751
17 0.393652 0.673438 0.411133 0.653125 0.0130692
22 0.293945 0.317383 0.587891 0.634766 0.0129242
14 0.396875 0.473828 0.79375 0.936719 0.0127716
17 0.378906 0.405469 0.757812 0.810938 0.0125275
22 0.394531 0.666406 0.365625 0.667188 0.0124817
20 0.549316 0.428906 0.701367 0.857813 0.0124283
10 0.538281 0.583984 0.725 0.700781 0.0121918
17 0.421973 0.289062 0.635742 0.578125 0.012146
14 0.457813 0.370898 0.851562 0.741797 0.0121002
22 0.409375 0.817383 0.353125 0.365234 0.0118713
20 0.614062 0.65625 0.771875 0.6875 0.0115967
13 0.467187 0.641797 0.745313 0.716406 0.011467
0 0.599609 0.560938 0.569531 0.476562 0.0113297
8 0.538281 0.583984 0.725 0.700781 0.0112457
17 0.68125 0.269531 0.56875 0.539062 0.0112
1 0.504687 0.345703 0.840625 0.691406 0.0107346
0 0.484473 0.510547 0.745117 0.897656 0.0107346
13 0.350977 0.650781 0.696484 0.698438 0.0106506
14 0.694531 0.476465 0.351562 0.289258 0.0106125
2 0.558594 0.630859 0.676562 0.577344 0.0105667
1 0.662402 0.372852 0.675195 0.745703 0.0104065
5 0.599609 0.560938 0.569531 0.476562 0.0104065
1 0.503906 0.634375 0.853125 0.73125 0.0103683
11 0.427441 0.555078 0.782617 0.889844 0.0102463
20 0.510156 0.372852 0.851562 0.745703 0.0100937
22 0.378906 0.405469 0.757812 0.810938 0.00978088
20 0.682813 0.657813 0.528125 0.610938 0.00967407
1 0.577441 0.432813 0.604492 0.865625 0.00933838
0 0.558594 0.630859 0.676562 0.577344 0.00933838
22 0.644629 0.289258 0.710742 0.578516 0.00930023
10 0.426563 0.588672 0.785937 0.822656 0.00930023
17 0.369922 0.786719 0.601562 0.426563 0.00930023
4 0.596484 0.633984 0.577344 0.655469 0.00919342
22 0.70625 0.642578 0.5875 0.714844 0.0091629
1 0.347852 0.578906 0.695703 0.842188 0.00908661
14 0.725781 0.482812 0.289062 0.23125 0.00898743
3 0.682813 0.657813 0.528125 0.610938 0.00898743
1 0.300195 0.344922 0.600391 0.689844 0.00894928
22 0.760156 0.173926 0.417188 0.347852 0.00891876
1 0.407031 0.329688 0.814063 0.659375 0.00891876
20 0.790234 0.654688 0.419531 0.590625 0.00891876
14 0.611035 0.357031 0.51543 0.68125 0.0086441
13 0.369141 0.520312 0.738281 0.932813 0.0086441
14 0.409375 0.817383 0.353125 0.365234 0.0086441
22 0.369922 0.786719 0.601562 0.426563 0.0086441
3 0.560254 0.632812 0.76543 0.734375 0.00857544
20 0.591406 0.711719 0.8125 0.576563 0.0085144
23 0.606348 0.616309 0.556055 0.529883 0.00841522
13 0.554785 0.596094 0.737305 0.807813 0.00831604
22 0.68125 0.269531 0.56875 0.539062 0.00828552
13 0.381055 0.300391 0.762109 0.600781 0.008255
11 0.694531 0.476465 0.351562 0.289258 0.008255
14 0.341797 0.553516 0.683594 0.892969 0.008255
1 0.698828 0.301953 0.514844 0.603906 0.00812531
16 0.484473 0.510547 0.745117 0.897656 0.00812531
4 0.555566 0.560547 0.713867 0.869531 0.00812531
22 0.395313 0.633594 0.790625 0.732813 0.00806427
11 0.491406 0.453125 0.723437 0.873438 0.00800323
22 0.577441 0.432813 0.604492 0.865625 0.00793457
1 0.667676 0.677344 0.664648 0.645312 0.00793457
21 0.515234 0.49375 0.349219 0.342969 0.00787354
22 0.421973 0.289062 0.635742 0.578125 0.00787354
14 0.324609 0.321484 0.649219 0.642969 0.00775528
1 0.391016 0.705469 0.782031 0.589063 0.00775528
16 0.725781 0.482812 0.289062 0.23125 0.00772476
10 0.572266 0.590625 0.642969 0.489063 0.00769424
25 0.491406 0.453125 0.723437 0.873438 0.00754929
14 0.637109 0.655859 0.725781 0.688281 0.00754929
17 0.760156 0.173926 0.417188 0.347852 0.00751877
9 0.680469 0.517969 0.385938 0.314844 0.00743103
3 0.369141 0.520312 0.738281 0.932813 0.00740433
22 0.776172 0.280078 0.447656 0.560156 0.00734711
13 0.463281 0.403906 0.857813 0.807813 0.00734711
3 0.790234 0.654688 0.419531 0.590625 0.00734711
20 0.725781 0.482812 0.289062 0.23125 0.00731659
3 0.457813 0.370898 0.851562 0.741797 0.00725937
20 0.667676 0.677344 0.664648 0.645312 0.00720596
3 0.641113 0.672266 0.717773 0.655469 0.00703812
18 0.584375 0.407813 0.614062 0.815625 0.00682449
20 0.666797 0.328906 0.630469 0.657813 0.00674438
17 0.577246 0.279297 0.750195 0.558594 0.00671768
3 0.741797 0.514063 0.275781 0.282813 0.00669098
14 0.616406 0.372656 0.767188 0.745313 0.00664139
1 0.416406 0.800977 0.432813 0.398047 0.00664139
8 0.491406 0.453125 0.723437 0.873438 0.0064888
13 0.393652 0.673438 0.411133 0.653125 0.0064888
22 0.577246 0.279297 0.750195 0.558594 0.0064621
3 0.389062 0.422266 0.778125 0.844531 0.00643921
4 0.572266 0.590625 0.642969 0.489063 0.00638962
20 0.350977 0.650781 0.696484 0.698438 0.00634003
13 0.578516 0.656445 0.821094 0.687109 0.00629044
20 0.61875 0.344336 0.7625 0.688672 0.00621796
20 0.347852 0.578906 0.695703 0.842188 0.00619125
1 0.662891 0.707031 0.674219 0.585938 0.00619125
3 0.381055 0.300391 0.762109 0.600781 0.00614548
14 0.680469 0.517969 0.385938 0.314844 0.00614548
1 0.393652 0.673438 0.411133 0.653125 0.00614548
17 0.719141 0.357422 0.561719 0.714844 0.00612259
1 0.4125 0.820312 0.367969 0.359375 0.00609589
16 0.611035 0.357031 0.51543 0.68125 0.006073
3 0.698828 0.301953 0.514844 0.603906 0.00600433
16 0.694531 0.476465 0.351562 0.289258 0.00600433
22 0.469629 0.767578 0.645117 0.464844 0.00600433
3 0.680469 0.517969 0.385938 0.314844 0.00582123
3 0.547656 0.445312 0.817187 0.890625 0.00579834
1 0.790234 0.654688 0.419531 0.590625 0.00577545
14 0.350977 0.650781 0.696484 0.698438 0.00570679
22 0.606348 0.616309 0.556055 0.529883 0.00568771
1 0.360352 0.383594 0.720703 0.767188 0.00566483
20 0.449219 0.773438 0.475 0.453125 0.00564194
20 0.409375 0.817383 0.353125 0.365234 0.00561905
7 0.599609 0.560938 0.569531 0.476562 0.00559998
2 0.599609 0.560938 0.569531 0.476562 0.00553513
16 0.754687 0.470313 0.228125 0.185938 0.00553513
20 0.293945 0.317383 0.587891 0.634766 0.00547028
3 0.394531 0.666406 0.365625 0.667188 0.00547028
14 0.644629 0.289258 0.710742 0.578516 0.00538635
25 0.680469 0.517969 0.385938 0.314844 0.0053215
1 0.647363 0.315234 0.705273 0.630469 0.00530243
3 0.616406 0.372656 0.767188 0.745313 0.00530243
1 0.591406 0.711719 0.8125 0.576563 0.00530243
13 0.615234 0.706445 0.769531 0.587109 0.00527954
3 0.736719 0.233008 0.432813 0.466016 0.00526047
0 0.584375 0.407813 0.614062 0.815625 0.00526047
13 0.351953 0.605078 0.703906 0.789844 0.00526047
13 0.616406 0.372656 0.767188 0.745313 0.00524139
14 0.666797 0.328906 0.630469 0.657813 0.00521851
17 0.596875 0.450391 0.55625 0.900781 0.00518036
17 0.320312 0.224414 0.640625 0.448828 0.00516129
17 0.696094 0.214062 0.525 0.428125 0.0051384
1 0.736719 0.233008 0.432813 0.466016 0.0051384
3 0.77793 0.59375 0.297266 0.4375 0.0050621
3 0.409375 0.817383 0.353125 0.365234 0.00502014
3 0.592188 0.682031 0.815625 0.635938 0.00498199
1 0.611035 0.357031 0.51543 0.68125 0.00496292
1 0.682813 0.657813 0.528125 0.610938 0.00496292
14 0.591406 0.711719 0.8125 0.576563 0.00494385
17 0.748047 0.486719 0.241406 0.209375 0.0049057
13 0.409375 0.817383 0.353125 0.365234 0.0049057
3 0.449219 0.773438 0.475 0.453125 0.0049057
11 0.682813 0.657813 0.528125 0.610938 0.00484848
13 0.611035 0.357031 0.51543 0.68125 0.00479126
3 0.611035 0.357031 0.51543 0.68125 0.00475693
11 0.790234 0.654688 0.419531 0.590625 0.00475693
14 0.449219 0.773438 0.475 0.453125 0.00475693
25 0.599609 0.560938 0.569531 0.476562 0.00473785
1 0.68125 0.269531 0.56875 0.539062 0.00471878
20 0.333984 0.470703 0.667969 0.911719 0.00471878
1 0.32168 0.680469 0.643359 0.639063 0.00471878
13 0.331055 0.349609 0.662109 0.699219 0.00457382
20 0.694531 0.476465 0.351562 0.289258 0.00457382
20 0.394531 0.666406 0.365625 0.667188 0.00453949
7 0.558594 0.630859 0.676562 0.577344 0.00452042
13 0.660156 0.645312 0.679688 0.709375 0.00450516
1 0.70625 0.642578 0.5875 0.714844 0.00448608
17 0.469629 0.767578 0.645117 0.464844 0.00448608
21 0.558594 0.630859 0.676562 0.577344 0.00446701
17 0.776172 0.280078 0.447656 0.560156 0.00445175
22 0.763281 0.496094 0.245312 0.21875 0.00441742
14 0.383984 0.356836 0.767969 0.713672 0.00436401
13 0.356641 0.703516 0.713281 0.592969 0.00436401
5 0.680469 0.517969 0.385938 0.314844 0.00429916
14 0.790234 0.654688 0.419531 0.590625 0.00426483
11 0.467187 0.641797 0.745313 0.716406 0.00421524
20 0.736719 0.233008 0.432813 0.466016 0.00416565
16 0.655469 0.419629 0.435937 0.479492 0.00416565
16 0.467187 0.641797 0.745313 0.716406 0.00415039
19 0.385254 0.228467 0.301367 0.379004 0.00411606
14 0.7 0.678125 0.6 0.64375 0.0041008
13 0.449219 0.773438 0.475 0.453125 0.0041008
1 0.420996 0.276758 0.548633 0.553516 0.00407028
14 0.682813 0.657813 0.528125 0.610938 0.00407028
13 0.606348 0.616309 0.556055 0.529883 0.00405502
1 0.369922 0.786719 0.601562 0.426563 0.00405502
17 0.375 0.237891 0.645312 0.475781 0.00402451
8 0.414844 0.630469 0.829688 0.739062 0.00395966
14 0.391016 0.705469 0.782031 0.589063 0.00391388
2 0.725781 0.482812 0.289062 0.23125 0.00388527
3 0.350977 0.650781 0.696484 0.698438 0.00388527
5 0.584375 0.407813 0.614062 0.815625 0.00385475
20 0.391016 0.705469 0.782031 0.589063 0.00383949
16 0.680469 0.517969 0.385938 0.314844 0.00382423
3 0.685352 0.641797 0.629297 0.716406 0.00382423
11 0.655469 0.419629 0.435937 0.479492 0.00379562
18 0.694531 0.476465 0.351562 0.289258 0.00379562
11 0.394531 0.666406 0.365625 0.667188 0.00376511
1 0.32793 0.783203 0.655859 0.433594 0.00376511
4 0.694531 0.476465 0.351562 0.289258 0.0037365
1 0.577246 0.279297 0.750195 0.558594 0.00372124
11 0.589844 0.680469 0.815625 0.639063 0.00370789
8 0.381055 0.300391 0.762109 0.600781 0.00367928
11 0.725781 0.482812 0.289062 0.23125 0.00367928
7 0.596875 0.538379 0.65625 0.368555 0.00717545
19 0.556934 0.525391 0.39707 0.385156 0.00709534
4 0.590234 0.465625 0.607031 0.5375 0.00669098
11 0.596875 0.538379 0.65625 0.368555 0.00621796
1 0.604297 0.340625 0.647656 0.68125 0.00568771
11 0.582422 0.363086 0.661719 0.726172 0.00561905
4 0.590625 0.53916 0.595313 0.37168 0.00547028
24 0.60625 0.540234 0.690625 0.450781 0.00547028
11 0.590234 0.465625 0.607031 0.5375 0.00538635
18 0.596875 0.538379 0.65625 0.368555 0.00526047
16 0.56416 0.542969 0.410742 0.365625 0.00500107
18 0.590234 0.465625 0.607031 0.5375 0.0046463
9 0.590625 0.53916 0.595313 0.37168 0.00446701
14 0.576172 0.5375 0.671094 0.404687 0.00443268
14 0.590234 0.465625 0.607031 0.5375 0.0042305
4 0.582422 0.363086 0.661719 0.726172 0.00397491
6 0.590234 0.465625 0.607031 0.5375 0.00385475
2 0.596875 0.538379 0.65625 0.368555 0.00382423
6 0.590625 0.53916 0.595313 0.37168 0.00366402
7 0.590234 0.465625 0.607031 0.5375 0.00365067
9 0.590234 0.465625 0.607031 0.5375 0.00356483
15 0.590625 0.53916 0.595313 0.37168 0.00351143
15 0.590234 0.465625 0.607031 0.5375 0.00345612
20 0.590234 0.465625 0.607031 0.5375 0.00340271
19 0.495703 0.50791 0.355469 0.38418 0.00307465
0 0.576172 0.5375 0.671094 0.404687 0.00304031
20 0.590625 0.53916 0.595313 0.37168 0.00279045
3 0.596875 0.358594 0.615625 0.717188 0.00273705
17 0.604297 0.340625 0.647656 0.68125 0.00255013
14 0.582422 0.363086 0.661719 0.726172 0.00255013
2 0.590234 0.465625 0.607031 0.5375 0.00253105
12 0.596875 0.358594 0.615625 0.717188 0.00252151
10 0.590234 0.465625 0.607031 0.5375 0.00251198
1 0.465625 0.194336 0.478125 0.388672 0.00245285
16 0.596875 0.538379 0.65625 0.368555 0.00193405
1 0.628516 0.453516 0.478906 0.552344 0.00191212
23 0.596875 0.538379 0.65625 0.368555 0.00191212
13 0.582422 0.363086 0.661719 0.726172 0.00181007
22 0.604297 0.340625 0.647656 0.68125 0.00178242
16 0.601172 0.379688 0.575781 0.7125 0.00177479
16 0.166016 0.250049 0.332031 0.346777 0.00176144
12 0.465625 0.194336 0.478125 0.388672 0.0017271
0 0.596875 0.358594 0.615625 0.717188 0.00172043
24 0.590234 0.465625 0.607031 0.5375 0.00168705
7 0.582422 0.363086 0.661719 0.726172 0.0016613
4 0.406641 0.193359 0.608594 0.386719 0.00163555
2 0.596875 0.358594 0.615625 0.717188 0.00162888
10 0.582422 0.363086 0.661719 0.726172 0.00162315
0 0.590234 0.465625 0.607031 0.5375 0.00157356
1 0.473438 0.222461 0.472656 0.444922 0.00156689
20 0.596875 0.358594 0.615625 0.717188 0.00154305
19 0.153027 0.254688 0.306055 0.345313 0.00152493
5 0.590234 0.465625 0.607031 0.5375 0.00149536
9 0.596875 0.358594 0.615625 0.717188 0.00146675
13 0.590234 0.465625 0.607031 0.5375 0.00144958
2 0.406641 0.193359 0.608594 0.386719 0.00141048
10 0.590625 0.53916 0.595313 0.37168 0.00138283
17 0.465625 0.194336 0.478125 0.388672 0.00137806
3 0.590234 0.465625 0.607031 0.5375 0.00137806
1 0.594141 0.533496 0.566406 0.393945 0.00134563
21 0.590234 0.465625 0.607031 0.5375 0.00131512
6 0.582422 0.363086 0.661719 0.726172 0.00130463
22 0.465625 0.194336 0.478125 0.388672 0.00129986
8 0.596875 0.358594 0.615625 0.717188 0.00127888
23 0.590234 0.465625 0.607031 0.5375 0.00126457
18 0.582422 0.363086 0.661719 0.726172 0.00124454
19 0.603125 0.5375 0.396875 0.321875 0.00123501
22 0.628516 0.453516 0.478906 0.552344 0.00123501
15 0.582422 0.363086 0.661719 0.726172 0.0012207
5 0.590625 0.53916 0.595313 0.37168 0.0012064
17 0.628516 0.453516 0.478906 0.552344 0.00119209
12 0.473438 0.222461 0.472656 0.444922 0.0011692
13 0.60625 0.540234 0.690625 0.450781 0.0011692
12 0.201953 0.271289 0.403906 0.542578 0.00115108
0 0.444531 0.188672 0.515625 0.377344 0.00112915
12 0.628516 0.453516 0.478906 0.552344 0.0011158
12 0.665625 0.326172 0.66875 0.652344 0.00109482
14 0.406641 0.193359 0.608594 0.386719 0.00105667
19 0.590234 0.465625 0.607031 0.5375 0.00105667
19 0.596875 0.538379 0.65625 0.368555 0.00104427
11 0.465625 0.194336 0.478125 0.388672 0.00101662
12 0.705078 0.35 0.589844 0.7 0.00101185
12 0.399609 0.195312 0.674219 0.390625 0.00100803
1 0.665625 0.326172 0.66875 0.652344 0.00100803
24 0.632812 0.567578 0.4375 0.3375 0.138428
18 0.627344 0.539062 0.467187 0.326562 0.137573
9 0.627344 0.539062 0.467187 0.326562 0.0980835
9 0.602344 0.585156 0.525 0.390625 0.0479431
5 0.627344 0.539062 0.467187 0.326562 0.0333252
16 0.627344 0.539062 0.467187 0.326562 0.0258636
19 0.627344 0.539062 0.467187 0.326562 0.0224609
18 0.602344 0.585156 0.525 0.390625 0.0215302
11 0.629687 0.544531 0.467187 0.31875 0.0212097
20 0.627344 0.539062 0.467187 0.326562 0.0212097
7 0.607129 0.555078 0.507617 0.367188 0.0193481
11 0.565234 0.461719 0.613281 0.521875 0.0172424
15 0.607129 0.555078 0.507617 0.367188 0.0172424
6 0.602344 0.585156 0.525 0.390625 0.0165253
23 0.632812 0.567578 0.4375 0.3375 0.0141144
14 0.629687 0.544531 0.467187 0.31875 0.0138474
13 0.629687 0.544531 0.467187 0.31875 0.012146
20 0.602344 0.585156 0.525 0.390625 0.0112915
4 0.626953 0.530078 0.478906 0.35 0.0108185
21 0.632812 0.567578 0.4375 0.3375 0.0106964
14 0.565234 0.461719 0.613281 0.521875 0.0103302
18 0.565234 0.461719 0.613281 0.521875 0.0102081
9 0.626563 0.578516 0.398438 0.328906 0.00978088
24 0.576563 0.60625 0.582812 0.432813 0.00871277
13 0.565234 0.461719 0.613281 0.521875 0.0085144
4 0.664062 0.539453 0.385938 0.299219 0.00844574
5 0.675391 0.538281 0.386719 0.276563 0.00821686
6 0.627344 0.539062 0.467187 0.326562 0.00812531
16 0.602344 0.585156 0.525 0.390625 0.00769424
4 0.602344 0.585156 0.525 0.390625 0.00757599
2 0.632812 0.567578 0.4375 0.3375 0.00748825
19 0.6125 0.500879 0.259375 0.35293 0.00717545
11 0.586328 0.480371 0.496094 0.426758 0.00706482
4 0.565234 0.461719 0.613281 0.521875 0.0068512
1 0.626953 0.530078 0.478906 0.35 0.00664139
11 0.59209 0.367969 0.600195 0.735938 0.00600433
6 0.626563 0.578516 0.398438 0.328906 0.00593567
9 0.675391 0.538281 0.386719 0.276563 0.00577545
15 0.565234 0.461719 0.613281 0.521875 0.00568771
16 0.586328 0.480371 0.496094 0.426758 0.00524139
0 0.565234 0.461719 0.613281 0.521875 0.0051384
15 0.664062 0.539453 0.385938 0.299219 0.00486755
16 0.565234 0.461719 0.613281 0.521875 0.00479126
13 0.586328 0.480371 0.496094 0.426758 0.00475693
1 0.565234 0.461719 0.613281 0.521875 0.00471878
14 0.59209 0.367969 0.600195 0.735938 0.00468063
20 0.565234 0.461719 0.613281 0.521875 0.00428009
5 0.602344 0.585156 0.525 0.390625 0.0042305
23 0.580371 0.530469 0.475195 0.310156 0.0041008
24 0.580371 0.530469 0.475195 0.310156 0.00405502
2 0.580371 0.530469 0.475195 0.310156 0.00388527
1 0.59209 0.367969 0.600195 0.735938 0.00387001
13 0.59209 0.367969 0.600195 0.735938 0.00382423
12 0.626953 0.530078 0.478906 0.35 0.00376511
21 0.576563 0.60625 0.582812 0.432813 0.00370789
16 0.675391 0.538281 0.386719 0.276563 0.00359344
19 0.602344 0.585156 0.525 0.390625 0.00356483
19 0.675391 0.538281 0.386719 0.276563 0.00344276
6 0.675391 0.538281 0.386719 0.276563 0.00340271
1 0.682031 0.3375 0.454688 0.658594 0.00337601
3 0.626953 0.530078 0.478906 0.35 0.00331116
21 0.565234 0.461719 0.613281 0.521875 0.00324821
0 0.610156 0.550684 0.523438 0.354883 0.00312424
12 0.682031 0.3375 0.454688 0.658594 0.0029583
1 0.586328 0.480371 0.496094 0.426758 0.0029583
1 0.675391 0.538281 0.386719 0.276563 0.00291252
16 0.626563 0.578516 0.398438 0.328906 0.00284576
18 0.59209 0.367969 0.600195 0.735938 0.00282288
24 0.675391 0.538281 0.386719 0.276563 0.00282288
20 0.626563 0.578516 0.398438 0.328906 0.00279999
12 0.664062 0.539453 0.385938 0.299219 0.00277901
20 0.675391 0.538281 0.386719 0.276563 0.00277901
12 0.595313 0.351953 0.63125 0.703906 0.00273705
7 0.565234 0.461719 0.613281 0.521875 0.00273705
7 0.586328 0.480371 0.496094 0.426758 0.00273705
5 0.565234 0.461719 0.613281 0.521875 0.00265312
16 0.59209 0.367969 0.600195 0.735938 0.00263214
3 0.565234 0.461719 0.613281 0.521875 0.00259018
25 0.632812 0.567578 0.4375 0.3375 0.00259018
18 0.586328 0.480371 0.496094 0.426758 0.00257111
10 0.629687 0.544531 0.467187 0.31875 0.00257111
8 0.670313 0.525 0.423438 0.332813 0.00256157
15 0.59209 0.367969 0.600195 0.735938 0.00255013
14 0.586328 0.480371 0.496094 0.426758 0.00251198
3 0.664062 0.539453 0.385938 0.299219 0.00251198
18 0.675391 0.538281 0.386719 0.276563 0.00247192
13 0.682031 0.3375 0.454688 0.658594 0.00242424
4 0.59209 0.367969 0.600195 0.735938 0.002388
15 0.576563 0.60625 0.582812 0.432813 0.002388
0 0.59209 0.367969 0.600195 0.735938 0.00237846
2 0.576563 0.60625 0.582812 0.432813 0.00234985
19 0.489844 0.477344 0.307031 0.366406 0.00219154
4 0.586328 0.480371 0.496094 0.426758 0.00218201
12 0.586328 0.480371 0.496094 0.426758 0.00218201
9 0.565234 0.461719 0.613281 0.521875 0.00208282
12 0.565234 0.461719 0.613281 0.521875 0.00201988
7 0.661719 0.539844 0.392188 0.317188 0.00196457
2 0.586328 0.480371 0.496094 0.426758 0.00194931
1 0.678516 0.492188 0.377344 0.260938 0.00194168
0 0.586328 0.480371 0.496094 0.426758 0.00189686
7 0.59209 0.367969 0.600195 0.735938 0.00185299
11 0.682031 0.3375 0.454688 0.658594 0.00184631
12 0.555859 0.413965 0.475781 0.508008 0.00173378
5 0.626563 0.578516 0.398438 0.328906 0.00168705
11 0.576563 0.60625 0.582812 0.432813 0.00168133
16 0.678516 0.492188 0.377344 0.260938 0.0016613
3 0.586328 0.480371 0.496094 0.426758 0.00165462
24 0.565234 0.461719 0.613281 0.521875 0.00163555
19 0.565234 0.461719 0.613281 0.521875 0.00162888
14 0.578125 0.575781 0.478125 0.373437 0.00162888
4 0.626563 0.578516 0.398438 0.328906 0.0015974
17 0.626953 0.530078 0.478906 0.35 0.00159168
15 0.586328 0.480371 0.496094 0.426758 0.00158501
12 0.531641 0.473438 0.730469 0.896875 0.00154305
10 0.565234 0.461719 0.613281 0.521875 0.00152493
17 0.565234 0.461719 0.613281 0.521875 0.00151253
0 0.670313 0.525 0.423438 0.332813 0.00151253
13 0.555859 0.413965 0.475781 0.508008 0.00151253
25 0.576563 0.60625 0.582812 0.432813 0.00151253
13 0.576563 0.60625 0.582812 0.432813 0.00150681
15 0.626563 0.578516 0.398438 0.328906 0.00148964
20 0.59209 0.367969 0.600195 0.735938 0.00146675
21 0.580371 0.530469 0.475195 0.310156 0.00146103
8 0.565234 0.461719 0.613281 0.521875 0.00142097
4 0.682031 0.3375 0.454688 0.658594 0.00141048
12 0.768555 0.286523 0.462891 0.573047 0.00139904
21 0.59209 0.367969 0.600195 0.735938 0.00137806
6 0.565234 0.461719 0.613281 0.521875 0.00135136
6 0.586328 0.480371 0.496094 0.426758 0.00135136
23 0.576563 0.60625 0.582812 0.432813 0.00134087
14 0.682031 0.3375 0.454688 0.658594 0.00130463
23 0.565234 0.461719 0.613281 0.521875 0.00130463
2 0.59209 0.367969 0.600195 0.735938 0.0012598
12 0.7625 0.298047 0.382812 0.583594 0.00125504
21 0.675391 0.538281 0.386719 0.276563 0.00122547
12 0.632031 0.357031 0.735938 0.714063 0.0012207
23 0.586328 0.480371 0.496094 0.426758 0.00119686
16 0.555859 0.413965 0.475781 0.508008 0.00119686
18 0.626563 0.578516 0.398438 0.328906 0.00119686
6 0.59209 0.367969 0.600195 0.735938 0.00119209
3 0.59209 0.367969 0.600195 0.735938 0.00118828
2 0.565234 0.461719 0.613281 0.521875 0.00116062
22 0.675391 0.538281 0.386719 0.276563 0.0011425
16 0.682031 0.3375 0.454688 0.658594 0.00112057
2 0.670313 0.525 0.423438 0.332813 0.00112057
16 0.545313 0.528125 0.45625 0.292188 0.00111198
12 0.678516 0.492188 0.377344 0.260938 0.00109482
17 0.682031 0.3375 0.454688 0.658594 0.00108624
4 0.678516 0.492188 0.377344 0.260938 0.00105667
19 0.792969 0.146289 0.2875 0.292578 0.00104809
0 0.682031 0.3375 0.454688 0.658594 0.00104427
17 0.586328 0.480371 0.496094 0.426758 0.00102806
11 0.678516 0.492188 0.377344 0.260938 0.00101662
24 0.547266 0.546875 0.624219 0.339063 0.125977
11 0.582812 0.492188 0.571875 0.492188 0.0437012
6 0.583984 0.541504 0.550781 0.341992 0.0323486
11 0.583984 0.541504 0.550781 0.341992 0.0294189
7 0.583984 0.541504 0.550781 0.341992 0.0219421
19 0.493848 0.495703 0.257617 0.319531 0.0208893
14 0.582812 0.492188 0.571875 0.492188 0.0193481
18 0.583984 0.541504 0.550781 0.341992 0.0180511
9 0.583984 0.541504 0.550781 0.341992 0.0178528
15 0.582812 0.492188 0.571875 0.492188 0.0177155
13 0.582812 0.492188 0.571875 0.492188 0.0163422
11 0.570312 0.387598 0.596875 0.685742 0.0163422
24 0.550781 0.616016 0.692187 0.510156 0.0161591
7 0.582812 0.492188 0.571875 0.492188 0.0156021
14 0.570312 0.387598 0.596875 0.685742 0.0130234
15 0.583984 0.541504 0.550781 0.341992 0.012825
15 0.570312 0.387598 0.596875 0.685742 0.0127716
20 0.583984 0.541504 0.550781 0.341992 0.0123825
13 0.583984 0.541504 0.550781 0.341992 0.012146
18 0.582812 0.492188 0.571875 0.492188 0.0110703
24 0.582812 0.492188 0.571875 0.492188 0.0105667
13 0.570312 0.387598 0.596875 0.685742 0.0103683
16 0.566406 0.537402 0.582812 0.337695 0.0100098
12 0.582812 0.492188 0.571875 0.492188 0.00948334
20 0.582812 0.492188 0.571875 0.492188 0.00908661
14 0.583984 0.541504 0.550781 0.341992 0.00874329
19 0.583984 0.541504 0.550781 0.341992 0.00847626
12 0.601172 0.541797 0.500781 0.346094 0.00844574
16 0.582812 0.492188 0.571875 0.492188 0.00841522
12 0.500781 0.641504 0.601562 0.698242 0.00828552
18 0.570312 0.387598 0.596875 0.685742 0.00821686
12 0.570312 0.387598 0.596875 0.685742 0.00737381
20 0.570312 0.387598 0.596875 0.685742 0.00706482
6 0.550781 0.616016 0.692187 0.510156 0.0069046
12 0.404297 0.597656 0.333594 0.58125 0.0068512
6 0.582812 0.492188 0.571875 0.492188 0.00653839
4 0.582812 0.492188 0.571875 0.492188 0.0064621
4 0.583984 0.541504 0.550781 0.341992 0.00605011
13 0.404297 0.597656 0.333594 0.58125 0.00591278
16 0.570312 0.387598 0.596875 0.685742 0.00566483
7 0.570312 0.387598 0.596875 0.685742 0.0055542
6 0.570312 0.387598 0.596875 0.685742 0.00551224
4 0.570312 0.387598 0.596875 0.685742 0.00534439
24 0.621094 0.538672 0.554688 0.389844 0.00486755
23 0.583984 0.541504 0.550781 0.341992 0.00482941
5 0.583984 0.541504 0.550781 0.341992 0.0046463
12 0.410156 0.586328 0.445312 0.639844 0.00443268
1 0.578906 0.372852 0.607813 0.745703 0.0039444
0 0.582812 0.492188 0.571875 0.492188 0.00390053
9 0.550781 0.616016 0.692187 0.510156 0.00379562
2 0.583984 0.541504 0.550781 0.341992 0.00370789
15 0.550781 0.616016 0.692187 0.510156 0.00344276
13 0.500781 0.641504 0.601562 0.698242 0.00337601
13 0.410156 0.586328 0.445312 0.639844 0.00337601
19 0.582812 0.492188 0.571875 0.492188 0.00329781
24 0.570312 0.387598 0.596875 0.685742 0.00318527
9 0.582812 0.492188 0.571875 0.492188 0.00312424
2 0.582812 0.492188 0.571875 0.492188 0.00302696
16 0.397656 0.662109 0.321875 0.438281 0.00302696
12 0.466309 0.64375 0.704883 0.7125 0.00284576
0 0.546094 0.373828 0.664062 0.747656 0.00283432
9 0.570312 0.387598 0.596875 0.685742 0.00279999
12 0.552344 0.530469 0.692187 0.807813 0.00279999
2 0.570312 0.387598 0.596875 0.685742 0.0026722
0 0.621094 0.538672 0.554688 0.389844 0.00244331
7 0.550781 0.616016 0.692187 0.510156 0.00242424
1 0.404297 0.597656 0.333594 0.58125 0.00232315
12 0.524219 0.414844 0.832812 0.829688 0.00219917
19 0.522656 0.470703 0.323438 0.385156 0.00209999
12 0.465625 0.592188 0.878125 0.815625 0.00209999
25 0.566406 0.537402 0.582812 0.337695 0.00201988
11 0.550781 0.616016 0.692187 0.510156 0.00201988
19 0.504785 0.192236 0.32793 0.31709 0.00198746
3 0.582812 0.492188 0.571875 0.492188 0.0019722
12 0.393066 0.670313 0.301367 0.415625 0.0019722
16 0.550781 0.616016 0.692187 0.510156 0.00194931
17 0.410156 0.586328 0.445312 0.639844 0.00186729
3 0.621094 0.538672 0.554688 0.389844 0.00176811
24 0.609766 0.534766 0.452344 0.328125 0.00176811
12 0.544531 0.625684 0.63125 0.520508 0.00174141
21 0.546094 0.373828 0.664062 0.747656 0.00170708
1 0.410156 0.586328 0.445312 0.639844 0.00168705
17 0.404297 0.597656 0.333594 0.58125 0.00165462
21 0.582812 0.492188 0.571875 0.492188 0.00164223
3 0.570312 0.387598 0.596875 0.685742 0.00164223
13 0.550781 0.616016 0.692187 0.510156 0.00163555
25 0.570312 0.387598 0.596875 0.685742 0.00161076
19 0.71875 0.378809 0.253125 0.325195 0.0015974
5 0.582812 0.492188 0.571875 0.492188 0.00154877
17 0.546094 0.373828 0.664062 0.747656 0.00153065
13 0.393066 0.670313 0.301367 0.415625 0.0015192
23 0.582812 0.492188 0.571875 0.492188 0.00149536
19 0.570312 0.387598 0.596875 0.685742 0.00148964
4 0.550781 0.616016 0.692187 0.510156 0.00148964
16 0.410156 0.586328 0.445312 0.639844 0.0014782
1 0.582812 0.492188 0.571875 0.492188 0.00143814
25 0.582812 0.492188 0.571875 0.492188 0.00141621
19 0.585547 0.478906 0.324219 0.360938 0.00141048
17 0.582812 0.492188 0.571875 0.492188 0.00140476
1 0.601172 0.541797 0.500781 0.346094 0.00137234
5 0.570312 0.387598 0.596875 0.685742 0.00125504
23 0.550781 0.616016 0.692187 0.510156 0.00119686
1 0.500781 0.614062 0.557813 0.721875 0.00118351
2 0.550781 0.616016 0.692187 0.510156 0.00117397
23 0.570312 0.387598 0.596875 0.685742 0.0011425
10 0.570312 0.387598 0.596875 0.685742 0.00112438
12 0.294141 0.624902 0.545313 0.586133 0.00111198
17 0.494531 0.605859 0.7 0.788281 0.00109863
20 0.550781 0.616016 0.692187 0.510156 0.00109482
19 0.525 0.189648 0.28125 0.227344 0.00109005
17 0.621094 0.538672 0.554688 0.389844 0.00107288
16 0.482715 0.203906 0.350195 0.245312 0.00106907
10 0.582812 0.492188 0.571875 0.492188 0.00106907
13 0.439063 0.621094 0.878125 0.757812 0.00105667
24 0.505078 0.626563 0.814844 0.701563 0.00101662
24 0.607422 0.555469 0.524219 0.30625 0.161377
7 0.610156 0.544922 0.520312 0.328906 0.111267
18 0.610156 0.544922 0.520312 0.328906 0.107422
6 0.607422 0.555469 0.524219 0.30625 0.0401001
23 0.607422 0.555469 0.524219 0.30625 0.0368958
19 0.516016 0.485156 0.321875 0.360156 0.033844
9 0.607422 0.555469 0.524219 0.30625 0.0288696
4 0.610156 0.544922 0.520312 0.328906 0.021698
14 0.607031 0.541797 0.520312 0.332031 0.0205688
2 0.6 0.553125 0.501563 0.30625 0.0162201
15 0.610156 0.544922 0.520312 0.328906 0.0150146
11 0.607031 0.541797 0.520312 0.332031 0.0147324
0 0.607031 0.541797 0.520312 0.332031 0.0142822
19 0.478906 0.500098 0.264062 0.316992 0.0100098
16 0.6 0.553125 0.501563 0.30625 0.0069046
19 0.539844 0.532031 0.35625 0.265625 0.00669098
12 0.566406 0.539062 0.45625 0.3375 0.00279999
3 0.587109 0.540625 0.472656 0.326562 0.00248146
21 0.516016 0.485156 0.321875 0.360156 0.00210762
5 0.607422 0.555469 0.524219 0.30625 0.00197983
10 0.607031 0.541797 0.520312 0.332031 0.00178909
25 0.587109 0.540625 0.472656 0.326562 0.00144386
12 0.546484 0.499609 0.533594 0.519531 0.00141048
13 0.564453 0.543848 0.453906 0.338867 0.0012064
20 0.6 0.553125 0.501563 0.30625 0.00120163
19 0.589453 0.544531 0.475781 0.325 0.00118828
18 0.613672 0.571484 0.502344 0.413281 0.44751
24 0.613672 0.571484 0.502344 0.413281 0.390381
7 0.609277 0.557031 0.50957 0.360938 0.180054
9 0.604688 0.56084 0.53125 0.439258 0.15979
6 0.613672 0.571484 0.502344 0.413281 0.0558167
15 0.609277 0.557031 0.50957 0.360938 0.0367737
14 0.609277 0.557031 0.50957 0.360938 0.0284424
0 0.613672 0.571484 0.502344 0.413281 0.0271759
4 0.607031 0.573047 0.55 0.416406 0.0269165
2 0.596094 0.571875 0.54375 0.390625 0.0268555
14 0.594922 0.564941 0.566406 0.516992 0.0189819
20 0.604688 0.56084 0.53125 0.439258 0.0177765
23 0.604688 0.56084 0.53125 0.439258 0.0156708
7 0.594922 0.564941 0.566406 0.516992 0.0130234
15 0.594922 0.564941 0.566406 0.516992 0.0130234
5 0.604688 0.56084 0.53125 0.439258 0.00959778
4 0.603906 0.515234 0.523438 0.324219 0.00812531
16 0.595313 0.542285 0.548438 0.423242 0.00706482
18 0.583984 0.529688 0.558594 0.307813 0.00682449
13 0.5625 0.536719 0.48125 0.310937 0.00609589
12 0.533203 0.481348 0.499219 0.42793 0.00584412
12 0.5625 0.536719 0.48125 0.310937 0.0055542
11 0.608496 0.5125 0.57207 0.4 0.00551224
16 0.551172 0.534766 0.474219 0.316406 0.00519943
6 0.551172 0.534766 0.474219 0.316406 0.00518036
24 0.583984 0.529688 0.558594 0.307813 0.0051384
12 0.574316 0.415625 0.60918 0.5875 0.00443268
25 0.594922 0.564941 0.566406 0.516992 0.00438309
10 0.604688 0.56084 0.53125 0.439258 0.00426483
2 0.5625 0.536719 0.48125 0.310937 0.00400543
23 0.5625 0.536719 0.48125 0.310937 0.00400543
3 0.589844 0.539941 0.50625 0.362305 0.00370789
0 0.608496 0.5125 0.57207 0.4 0.00365067
25 0.590723 0.555859 0.510742 0.370313 0.0036068
24 0.57959 0.544531 0.595508 0.521875 0.00342941
6 0.57959 0.544531 0.595508 0.521875 0.00263214
13 0.533203 0.481348 0.499219 0.42793 0.00261116
7 0.5875 0.493848 0.55625 0.274805 0.00256157
19 0.481641 0.500781 0.273438 0.328125 0.00251198
6 0.608496 0.5125 0.57207 0.4 0.00251198
0 0.551172 0.534766 0.474219 0.316406 0.00248146
5 0.583984 0.529688 0.558594 0.307813 0.0024147
19 0.509277 0.487891 0.348633 0.422656 0.002388
14 0.5875 0.493848 0.55625 0.274805 0.00235939
17 0.5625 0.536719 0.48125 0.310937 0.00234222
1 0.570312 0.522754 0.495313 0.349805 0.00199509
12 0.567578 0.414062 0.694531 0.740625 0.00177479
11 0.613672 0.571484 0.502344 0.413281 0.00171375
15 0.551172 0.534766 0.474219 0.316406 0.00168705
9 0.583984 0.529688 0.558594 0.307813 0.00161648
13 0.608496 0.5125 0.57207 0.4 0.00150681
11 0.577734 0.445996 0.596094 0.45332 0.00149536
14 0.551172 0.534766 0.474219 0.316406 0.00142097
7 0.551172 0.534766 0.474219 0.316406 0.00139904
13 0.574316 0.415625 0.60918 0.5875 0.00138283
21 0.595313 0.542285 0.548438 0.423242 0.00130463
11 0.5625 0.536719 0.48125 0.310937 0.00112438
11 0.57959 0.544531 0.595508 0.521875 0.00105667
0 0.57959 0.544531 0.595508 0.521875 0.00103188
10 0.551172 0.534766 0.474219 0.316406 0.00102425
24 0.614844 0.532422 0.501563 0.36875 0.834473
18 0.612598 0.542969 0.501367 0.357812 0.490234
9 0.614844 0.532422 0.501563 0.36875 0.271973
20 0.605469 0.530078 0.509375 0.369531 0.267334
16 0.605078 0.513965 0.517969 0.406445 0.212769
7 0.612598 0.542969 0.501367 0.357812 0.206299
6 0.614844 0.532422 0.501563 0.36875 0.121704
5 0.614844 0.532422 0.501563 0.36875 0.0490417
14 0.604297 0.54209 0.521094 0.387695 0.0389099
11 0.614844 0.532422 0.501563 0.36875 0.032959
0 0.604297 0.54209 0.521094 0.387695 0.026062
2 0.596875 0.539453 0.514063 0.394531 0.025177
15 0.604297 0.54209 0.521094 0.387695 0.0155411
4 0.604297 0.54209 0.521094 0.387695 0.0131226
23 0.596875 0.539453 0.514063 0.394531 0.00989532
11 0.607813 0.384375 0.514063 0.492188 0.00706482
19 0.614844 0.532422 0.501563 0.36875 0.00664139
2 0.583984 0.500781 0.561719 0.516406 0.005867
11 0.583984 0.500781 0.561719 0.516406 0.00521851
12 0.578125 0.491406 0.55 0.598437 0.00498199
7 0.583984 0.500781 0.561719 0.516406 0.00453949
25 0.59209 0.544141 0.501758 0.369531 0.00450516
3 0.596875 0.539453 0.514063 0.394531 0.00402451
14 0.583984 0.500781 0.561719 0.516406 0.00397491
18 0.583984 0.500781 0.561719 0.516406 0.00379562
12 0.558984 0.462891 0.741406 0.811719 0.0037365
16 0.640625 0.503516 0.435937 0.278906 0.00348282
0 0.583984 0.500781 0.561719 0.516406 0.00340271
12 0.568359 0.518848 0.488281 0.441992 0.00318527
13 0.578125 0.491406 0.55 0.598437 0.0029583
6 0.583984 0.500781 0.561719 0.516406 0.00274658
13 0.59375 0.532422 0.54375 0.414062 0.00271416
16 0.578125 0.491406 0.55 0.598437 0.0026722
14 0.607813 0.384375 0.514063 0.492188 0.00247192
12 0.545215 0.591797 0.57207 0.549219 0.00239754
4 0.583984 0.500781 0.561719 0.516406 0.00236893
13 0.558984 0.462891 0.741406 0.811719 0.0020504
12 0.572266 0.625 0.710156 0.75 0.00196457
3 0.583984 0.500781 0.561719 0.516406 0.00188255
13 0.545215 0.591797 0.57207 0.549219 0.00179577
1 0.571973 0.554297 0.556055 0.453906 0.00171375
21 0.598047 0.532813 0.499219 0.395313 0.00171375
15 0.578125 0.491406 0.55 0.598437 0.0017004
24 0.571973 0.554297 0.556055 0.453906 0.00150108
7 0.607813 0.384375 0.514063 0.492188 0.00141621
23 0.583984 0.500781 0.561719 0.516406 0.00139904
1 0.640625 0.503516 0.435937 0.278906 0.00134563
21 0.65625 0.535547 0.365625 0.230469 0.00131989
10 0.614844 0.532422 0.501563 0.36875 0.00126457
4 0.607813 0.384375 0.514063 0.492188 0.0012598
11 0.558984 0.462891 0.741406 0.811719 0.00123978
0 0.607813 0.384375 0.514063 0.492188 0.00123501
14 0.623047 0.421777 0.482031 0.364258 0.0011692
22 0.59375 0.532422 0.54375 0.414062 0.00115108
2 0.640625 0.503516 0.435937 0.278906 0.00113392
12 0.605078 0.361133 0.524219 0.499609 0.00104046
24 0.599609 0.530371 0.552344 0.370508 0.364746
16 0.596094 0.530078 0.545313 0.3875 0.346924
20 0.599609 0.530371 0.552344 0.370508 0.27832
9 0.606348 0.5375 0.537305 0.350781 0.125488
18 0.611719 0.53916 0.540625 0.363867 0.0907593
7 0.611719 0.53916 0.540625 0.363867 0.0628052
5 0.606348 0.5375 0.537305 0.350781 0.0592041
6 0.611719 0.53916 0.540625 0.363867 0.0391846
14 0.617188 0.52666 0.557813 0.416992 0.0384521
11 0.617188 0.52666 0.557813 0.416992 0.0215302
15 0.617188 0.52666 0.557813 0.416992 0.0118713
2 0.599609 0.530371 0.552344 0.370508 0.00978088
11 0.614453 0.412109 0.610156 0.664844 0.00919342
19 0.606348 0.5375 0.537305 0.350781 0.0088501
4 0.617188 0.52666 0.557813 0.416992 0.00746155
14 0.614453 0.412109 0.610156 0.664844 0.00624084
0 0.617188 0.52666 0.557813 0.416992 0.00614548
15 0.614453 0.412109 0.610156 0.664844 0.00300407
7 0.614453 0.412109 0.610156 0.664844 0.00292397
21 0.597656 0.542188 0.525 0.370313 0.00247192
4 0.614453 0.412109 0.610156 0.664844 0.00232315
13 0.596875 0.515234 0.528125 0.428906 0.00221634
0 0.614453 0.412109 0.610156 0.664844 0.00203514
11 0.602441 0.36875 0.537305 0.495313 0.0019722
6 0.614453 0.412109 0.610156 0.664844 0.00193405
12 0.604688 0.424609 0.58125 0.702344 0.00192642
10 0.599609 0.530371 0.552344 0.370508 0.00184631
3 0.606348 0.5375 0.537305 0.350781 0.00181007
23 0.599609 0.530371 0.552344 0.370508 0.00178242
15 0.566797 0.571875 0.561719 0.489063 0.00178242
14 0.602441 0.36875 0.537305 0.495313 0.00168705
18 0.614453 0.412109 0.610156 0.664844 0.00163555
13 0.614453 0.412109 0.610156 0.664844 0.00162315
12 0.20625 0.18623 0.4125 0.372461 0.00155449
16 0.649219 0.496973 0.401563 0.266992 0.00146675
2 0.614453 0.412109 0.610156 0.664844 0.00139904
1 0.606348 0.494629 0.54043 0.470117 0.0012598
12 0.596875 0.515234 0.528125 0.428906 0.00121593
24 0.566797 0.571875 0.561719 0.489063 0.00111198
11 0.566797 0.571875 0.561719 0.489063 0.00110722
14 0.612598 0.463281 0.493555 0.384375 0.00103664
0 0.566797 0.571875 0.561719 0.489063 0.00103188
8 0.597656 0.542188 0.525 0.370313 0.00101662
24 0.610156 0.516309 0.471875 0.320508 0.348633
18 0.606152 0.524219 0.49707 0.315625 0.194336
9 0.610156 0.516309 0.471875 0.320508 0.0980835
7 0.606152 0.524219 0.49707 0.315625 0.0675659
16 0.607813 0.52959 0.4625 0.32207 0.062561
2 0.588184 0.530859 0.47207 0.321875 0.0423889
23 0.588184 0.530859 0.47207 0.321875 0.0396423
20 0.610156 0.516309 0.471875 0.320508 0.0375977
24 0.633594 0.471094 0.421875 0.240625 0.0323486
6 0.570703 0.557813 0.557031 0.340625 0.0307312
9 0.600391 0.548047 0.563281 0.359375 0.0280151
7 0.624609 0.491016 0.447656 0.244531 0.0263519
0 0.600391 0.548047 0.563281 0.359375 0.0246124
24 0.600391 0.548047 0.563281 0.359375 0.0241394
4 0.600391 0.548047 0.563281 0.359375 0.0232391
16 0.575781 0.560156 0.328125 0.310937 0.021698
6 0.575781 0.560156 0.328125 0.310937 0.0197906
18 0.624609 0.491016 0.447656 0.244531 0.0192719
6 0.582129 0.526465 0.45918 0.30332 0.0179901
4 0.582129 0.526465 0.45918 0.30332 0.0161591
0 0.582129 0.526465 0.45918 0.30332 0.0157166
0 0.575781 0.560156 0.328125 0.310937 0.0151901
15 0.607813 0.539062 0.528125 0.355469 0.0139542
24 0.575781 0.560156 0.328125 0.310937 0.012146
14 0.613672 0.532031 0.519531 0.345313 0.011116
2 0.575781 0.560156 0.328125 0.310937 0.0104065
4 0.624609 0.491016 0.447656 0.244531 0.00926971
9 0.633594 0.471094 0.421875 0.240625 0.00891876
11 0.570703 0.557813 0.557031 0.340625 0.0088501
9 0.575781 0.560156 0.328125 0.310937 0.00878143
14 0.624609 0.491016 0.447656 0.244531 0.00837708
5 0.610156 0.516309 0.471875 0.320508 0.00793457
16 0.504297 0.517969 0.321875 0.29375 0.00669098
6 0.638281 0.480859 0.417188 0.238281 0.00577545
7 0.575781 0.560156 0.328125 0.310937 0.00568771
25 0.588184 0.530859 0.47207 0.321875 0.00540543
2 0.523438 0.52041 0.342187 0.29668 0.00534439
4 0.575781 0.560156 0.328125 0.310937 0.00502014
23 0.575781 0.560156 0.328125 0.310937 0.00502014
5 0.633594 0.471094 0.421875 0.240625 0.00484848
0 0.638281 0.480859 0.417188 0.238281 0.00482941
11 0.575781 0.560156 0.328125 0.310937 0.00473785
16 0.637109 0.479004 0.416406 0.273242 0.00434875
20 0.633594 0.471094 0.421875 0.240625 0.00376511
6 0.489063 0.576953 0.474219 0.380469 0.00341606
11 0.604688 0.515527 0.50625 0.308008 0.00319672
10 0.570703 0.557813 0.557031 0.340625 0.00319672
18 0.575781 0.560156 0.328125 0.310937 0.00313568
15 0.575781 0.560156 0.328125 0.310937 0.00312424
0 0.489063 0.576953 0.474219 0.380469 0.00284576
3 0.582129 0.526465 0.45918 0.30332 0.00277901
2 0.647266 0.465625 0.396094 0.207813 0.00274658
11 0.537891 0.432031 0.667969 0.527344 0.00273705
10 0.582129 0.526465 0.45918 0.30332 0.00259018
20 0.570703 0.557813 0.557031 0.340625 0.00255013
6 0.504297 0.517969 0.321875 0.29375 0.00242424
11 0.619141 0.459766 0.477344 0.302344 0.00229645
0 0.513281 0.547656 0.382812 0.335938 0.00226021
10 0.575781 0.560156 0.328125 0.310937 0.00225258
7 0.647656 0.452344 0.396875 0.217188 0.00221634
20 0.575781 0.560156 0.328125 0.310937 0.00221634
11 0.638281 0.480859 0.417188 0.238281 0.00219917
23 0.523438 0.52041 0.342187 0.29668 0.00218201
0 0.504297 0.517969 0.321875 0.29375 0.00211525
3 0.570703 0.557813 0.557031 0.340625 0.00201988
2 0.624219 0.495313 0.439063 0.286719 0.00200272
13 0.523438 0.52041 0.342187 0.29668 0.00198746
12 0.596094 0.481641 0.49375 0.415625 0.00188255
15 0.624609 0.491016 0.447656 0.244531 0.00182438
4 0.489063 0.576953 0.474219 0.380469 0.00174141
3 0.633594 0.471094 0.421875 0.240625 0.00167465
14 0.575781 0.560156 0.328125 0.310937 0.0016613
13 0.596094 0.481641 0.49375 0.415625 0.00156689
5 0.600391 0.548047 0.563281 0.359375 0.00154305
6 0.540234 0.592578 0.569531 0.449219 0.0014782
14 0.537891 0.432031 0.667969 0.527344 0.00146675
3 0.575781 0.560156 0.328125 0.310937 0.00146675
14 0.523438 0.52041 0.342187 0.29668 0.00143814
6 0.513281 0.547656 0.382812 0.335938 0.00143242
9 0.489063 0.576953 0.474219 0.380469 0.0014267
24 0.489063 0.576953 0.474219 0.380469 0.00142097
18 0.647656 0.452344 0.396875 0.217188 0.00141621
12 0.523438 0.52041 0.342187 0.29668 0.00138855
16 0.489063 0.576953 0.474219 0.380469 0.00134563
19 0.624219 0.495313 0.439063 0.286719 0.00134087
12 0.264453 0.527246 0.528906 0.708008 0.00125504
15 0.489063 0.576953 0.474219 0.380469 0.00123501
4 0.504297 0.517969 0.321875 0.29375 0.00122547
0 0.540234 0.592578 0.569531 0.449219 0.00122547
3 0.504297 0.517969 0.321875 0.29375 0.0012207
2 0.489063 0.576953 0.474219 0.380469 0.00116062
1 0.504297 0.517969 0.321875 0.29375 0.00113773
11 0.489063 0.576953 0.474219 0.380469 0.00110722
12 0.442969 0.442188 0.885938 0.884375 0.00106525
16 0.513281 0.547656 0.382812 0.335938 0.00106525
24 0.523438 0.52041 0.342187 0.29668 0.00101185
25 0.575781 0.560156 0.328125 0.310937 0.00101185
18 0.60459 0.547754 0.501758 0.35293 0.293457
7 0.601172 0.543359 0.500781 0.326562 0.265137
16 0.606934 0.541016 0.501758 0.371094 0.124207
24 0.60459 0.547754 0.501758 0.35293 0.121277
9 0.60459 0.547754 0.501758 0.35293 0.0977173
6 0.601172 0.543359 0.500781 0.326562 0.035553
2 0.602734 0.547656 0.494531 0.342969 0.0351562
7 0.633984 0.492188 0.430469 0.253125 0.0223694
23 0.616797 0.547266 0.528906 0.360156 0.0108185
0 0.602734 0.547656 0.494531 0.342969 0.00717545
6 0.633984 0.492188 0.430469 0.253125 0.00703812
18 0.633984 0.492188 0.430469 0.253125 0.00661469
4 0.61416 0.549219 0.518555 0.332031 0.00605011
15 0.616797 0.547266 0.528906 0.360156 0.00591278
14 0.602734 0.547656 0.494531 0.342969 0.00551224
24 0.633984 0.492188 0.430469 0.253125 0.00367928
10 0.602734 0.547656 0.494531 0.342969 0.00293541
16 0.633984 0.492188 0.430469 0.253125 0.00290108
5 0.60459 0.547754 0.501758 0.35293 0.00258064
20 0.602734 0.547656 0.494531 0.342969 0.00237846
16 0.6875 0.492969 0.314063 0.31875 0.00232315
11 0.614844 0.495703 0.573438 0.439844 0.00229645
11 0.599219 0.519531 0.517188 0.326562 0.00188255
6 0.710156 0.450879 0.265625 0.207617 0.00174141
16 0.697266 0.444531 0.286719 0.220313 0.00171375
7 0.710156 0.450879 0.265625 0.207617 0.00168705
12 0.574121 0.390625 0.661133 0.78125 0.00168705
7 0.614844 0.495703 0.573438 0.439844 0.00167465
25 0.61416 0.549219 0.518555 0.332031 0.0016613
0 0.710156 0.450879 0.265625 0.207617 0.00137234
11 0.653906 0.475 0.398438 0.249219 0.00135136
5 0.633984 0.492188 0.430469 0.253125 0.00131989
9 0.633984 0.492188 0.430469 0.253125 0.00123501
12 0.576172 0.460156 0.516406 0.532031 0.00121593
3 0.603809 0.525781 0.486133 0.2875 0.00115585
13 0.598535 0.534375 0.529492 0.396875 0.00107765
18 0.618359 0.546191 0.536719 0.366992 0.38501
24 0.605859 0.543359 0.535156 0.364844 0.279053
9 0.605859 0.543359 0.535156 0.364844 0.0878906
7 0.605859 0.543359 0.535156 0.364844 0.0753174
16 0.603516 0.54209 0.521094 0.370508 0.0381775
4 0.587109 0.544922 0.491406 0.353906 0.0354004
6 0.616797 0.546777 0.525781 0.364258 0.0321045
23 0.592188 0.547559 0.489063 0.348633 0.0261536
2 0.592188 0.547559 0.489063 0.348633 0.0247955
15 0.587109 0.544922 0.491406 0.353906 0.0224609
14 0.594531 0.542578 0.496875 0.352344 0.016098
20 0.602734 0.540625 0.522656 0.365625 0.0157166
11 0.605859 0.543359 0.535156 0.364844 0.00919342
0 0.618359 0.546191 0.536719 0.366992 0.00748825
5 0.602734 0.540625 0.522656 0.365625 0.00575256
12 0.571973 0.536719 0.462305 0.340625 0.00432968
10 0.607422 0.547656 0.527344 0.360938 0.00385475
3 0.602734 0.540625 0.522656 0.365625 0.00276756
13 0.571973 0.536719 0.462305 0.340625 0.00265312
19 0.521973 0.507129 0.357617 0.410742 0.00242424
11 0.611719 0.487891 0.5875 0.483594 0.0020752
25 0.587109 0.544922 0.491406 0.353906 0.0017004
9 0.60166 0.542578 0.52168 0.364844 0.362061
18 0.60166 0.542578 0.52168 0.364844 0.174438
24 0.604785 0.542578 0.532617 0.361719 0.174438
7 0.602344 0.550391 0.529688 0.365625 0.1427
4 0.584473 0.541309 0.495117 0.356445 0.0476074
14 0.597559 0.546484 0.517383 0.353125 0.0435181
16 0.596484 0.542871 0.544531 0.37207 0.0306702
2 0.602344 0.548535 0.534375 0.357617 0.0197144
6 0.597559 0.546484 0.517383 0.353125 0.0183716
23 0.584473 0.541309 0.495117 0.356445 0.0115051
0 0.588184 0.539062 0.504883 0.364063 0.00706482
15 0.580469 0.544141 0.489063 0.347656 0.00619125
5 0.604785 0.542578 0.532617 0.361719 0.00407028
20 0.595313 0.541309 0.529688 0.36582 0.00400543
25 0.597559 0.546484 0.517383 0.353125 0.00379562
10 0.602344 0.548535 0.534375 0.357617 0.00351143
16 0.648438 0.511328 0.41875 0.346094 0.00156116
19 0.538281 0.52334 0.364844 0.300195 0.0014782
19 0.535254 0.490234 0.379492 0.45 0.00129986
9 0.601562 0.539453 0.507812 0.347656 0.241455
18 0.601562 0.539453 0.507812 0.347656 0.107422
24 0.601562 0.539453 0.507812 0.347656 0.0538025
7 0.601562 0.539453 0.507812 0.347656 0.0231476
2 0.6 0.548438 0.503125 0.35625 0.0108566
16 0.600781 0.546875 0.495313 0.367188 0.0108185
14 0.58916 0.540234 0.499805 0.342969 0.00985718
4 0.58916 0.540234 0.499805 0.342969 0.00948334
6 0.601562 0.539453 0.507812 0.347656 0.00521851
5 0.602344 0.539062 0.504687 0.35625 0.00229645
23 0.610254 0.53916 0.513867 0.341992 0.00226021
0 0.602344 0.539062 0.504687 0.35625 0.00214958
20 0.602344 0.539062 0.504687 0.35625 0.00191212
10 0.6 0.548438 0.503125 0.35625 0.00163555
7 0.614062 0.508984 0.490625 0.242969 0.386719
16 0.609473 0.529297 0.47793 0.307031 0.294922
24 0.611719 0.521484 0.498437 0.291406 0.223999
18 0.611719 0.521484 0.498437 0.291406 0.173828
9 0.611719 0.521484 0.498437 0.291406 0.144653
6 0.614062 0.508984 0.490625 0.242969 0.0269623
2 0.608594 0.538281 0.498437 0.30625 0.00701141
10 0.611719 0.521484 0.498437 0.291406 0.00462723
16 0.640234 0.488672 0.428906 0.260156 0.00413513
20 0.609473 0.529297 0.47793 0.307031 0.00392914
5 0.609473 0.529297 0.47793 0.307031 0.00276756
14 0.608203 0.530469 0.508594 0.310937 0.00162315
23 0.612402 0.51084 0.508008 0.279883 0.00161648
4 0.612402 0.51084 0.508008 0.279883 0.0015974
11 0.611035 0.510547 0.48418 0.275781 0.00151253
25 0.735156 0.479688 0.25 0.246094 0.00121117
0 0.609473 0.529297 0.47793 0.307031 0.00107288
9 0.606641 0.536719 0.521094 0.3625 0.710449
24 0.606641 0.536719 0.521094 0.3625 0.600098
18 0.605078 0.53291 0.514844 0.381055 0.237183
16 0.606934 0.540527 0.517383 0.354883 0.0456848
7 0.605078 0.53291 0.514844 0.381055 0.0377502
14 0.595313 0.535156 0.484375 0.357812 0.0236053
2 0.607422 0.539453 0.525781 0.353125 0.0158386
4 0.595313 0.535156 0.484375 0.357812 0.0137405
16 0.639844 0.489746 0.429688 0.245508 0.00572968
5 0.603516 0.536328 0.513281 0.371875 0.0053215
23 0.595313 0.535156 0.484375 0.357812 0.00486755
6 0.605078 0.53291 0.514844 0.381055 0.00469971
20 0.603516 0.536328 0.513281 0.371875 0.00301552
0 0.606934 0.540527 0.517383 0.354883 0.00178242
11 0.401172 0.805469 0.670313 0.389062 0.00154877
10 0.606934 0.540527 0.517383 0.354883 0.00144386
25 0.595313 0.535156 0.484375 0.357812 0.0011158
19 0.520996 0.486328 0.348633 0.460156 0.00109482
24 0.612109 0.525781 0.535156 0.405469 0.552734
9 0.612109 0.525781 0.535156 0.405469 0.263672
18 0.609375 0.539062 0.532813 0.421875 0.0607605
16 0.613281 0.525781 0.542188 0.416406 0.0237732
20 0.609766 0.525391 0.538281 0.411719 0.0200195
4 0.61416 0.532813 0.557617 0.416406 0.0148392
5 0.609766 0.525391 0.538281 0.411719 0.0145569
11 0.211914 0.812891 0.423828 0.374219 0.0114212
11 0.613281 0.525781 0.542188 0.416406 0.00638962
10 0.613281 0.525781 0.542188 0.416406 0.00605011
0 0.614746 0.529004 0.579883 0.449805 0.00575256
7 0.609766 0.529004 0.513281 0.382617 0.00570679
4 0.925781 0.957812 0.148438 0.084375 0.00407028
14 0.595703 0.532715 0.517969 0.408008 0.00342941
2 0.595703 0.532715 0.517969 0.408008 0.00341606
6 0.610938 0.535937 0.542188 0.427344 0.00327301
4 0.919531 0.964063 0.160938 0.071875 0.00292397
4 0.78418 0.964453 0.166016 0.0710938 0.00246239
16 0.691406 0.463965 0.342187 0.193945 0.00243378
15 0.6125 0.528906 0.534375 0.409375 0.00221634
4 0.871875 0.9625 0.18125 0.075 0.00219154
4 0.810938 0.960938 0.179688 0.078125 0.00214005
4 0.473438 0.960156 0.180469 0.0796875 0.00178909
19 0.211914 0.812891 0.423828 0.374219 0.0016613
23 0.595703 0.532715 0.517969 0.408008 0.00158501
4 0.844531 0.957812 0.207813 0.084375 0.00137806
10 0.211914 0.812891 0.423828 0.374219 0.00118828
11 0.157324 0.796094 0.314648 0.407813 0.00110722
25 0.6125 0.528906 0.534375 0.409375 0.00109005
17 0.211914 0.812891 0.423828 0.374219 0.00100803
24 0.610547 0.541797 0.527344 0.382031 0.114746
9 0.610547 0.541797 0.527344 0.382031 0.0783691
18 0.610547 0.541797 0.527344 0.382031 0.0390625
16 0.614062 0.54375 0.51875 0.379688 0.0189056
7 0.611328 0.54375 0.524219 0.389062 0.0180511
5 0.613965 0.540234 0.514258 0.378125 0.00948334
2 0.607031 0.543066 0.523438 0.385742 0.00669098
4 0.610547 0.541797 0.527344 0.382031 0.00557709
6 0.611328 0.54375 0.524219 0.389062 0.00510025
10 0.610547 0.541797 0.527344 0.382031 0.00466537
0 0.613965 0.540234 0.514258 0.378125 0.00419998
14 0.607031 0.543066 0.523438 0.385742 0.00391388
20 0.613965 0.540234 0.514258 0.378125 0.00294685
11 0.614062 0.54375 0.51875 0.379688 0.00279999
23 0.607422 0.544922 0.528906 0.395313 0.00150681
13 0.544141 0.511328 0.365625 0.477344 0.00139427
12 0.344922 0.630469 0.689844 0.739062 0.00127888
19 0.547754 0.491016 0.370117 0.467969 0.00102806
16 0.672266 0.496973 0.378906 0.26543 0.00101185
9 0.612891 0.541309 0.516406 0.364258 0.256104
18 0.614062 0.540625 0.520312 0.36875 0.0503235
24 0.614062 0.540625 0.520312 0.36875 0.0455322
16 0.609473 0.542285 0.51543 0.356055 0.0284424
7 0.608594 0.540234 0.514063 0.357031 0.0173035
2 0.596875 0.538184 0.501563 0.351758 0.0153656
10 0.6125 0.541406 0.515625 0.358594 0.0149002
6 0.614062 0.540625 0.520312 0.36875 0.00831604
23 0.596875 0.538184 0.501563 0.351758 0.00561905
0 0.609473 0.542285 0.51543 0.356055 0.00551224
4 0.6125 0.541406 0.515625 0.358594 0.00526047
5 0.609473 0.542285 0.51543 0.356055 0.0039444
14 0.612891 0.541309 0.516406 0.364258 0.00322342
4 0.0755371 0.833008 0.151074 0.162109 0.00307465
11 0.609473 0.542285 0.51543 0.356055 0.00257111
20 0.609473 0.542285 0.51543 0.356055 0.00154877
25 0.615234 0.543848 0.516406 0.362305 0.00135612
3 0.609473 0.542285 0.51543 0.356055 0.00133514
9 0.606641 0.533691 0.521094 0.37793 0.482422
24 0.606641 0.533691 0.521094 0.37793 0.44165
20 0.604297 0.532422 0.522656 0.385156 0.0317383
16 0.604297 0.532422 0.522656 0.385156 0.0275879
10 0.605566 0.534473 0.520117 0.391992 0.0196381
18 0.606641 0.533691 0.521094 0.37793 0.0181274
11 0.605566 0.534473 0.520117 0.391992 0.0134277
5 0.604688 0.532031 0.525 0.40625 0.0104904
2 0.605078 0.534766 0.555469 0.388281 0.00955963
0 0.605566 0.534473 0.520117 0.391992 0.00926971
6 0.604688 0.532129 0.525 0.41543 0.00847626
19 0.561328 0.514844 0.374219 0.396875 0.00698471
4 0.607031 0.533984 0.535937 0.390625 0.00653839
19 0.550391 0.4875 0.336719 0.225 0.00242424
23 0.605078 0.534766 0.555469 0.388281 0.00162315
3 0.604688 0.532129 0.525 0.41543 0.00153637
14 0.588672 0.532715 0.499219 0.387695 0.00150681
9 0.608203 0.5375 0.524219 0.388281 0.223389
4 0.608984 0.531934 0.528906 0.383008 0.0715942
24 0.606641 0.536719 0.524219 0.38125 0.0682983
18 0.605469 0.536816 0.520312 0.385742 0.0380249
10 0.605469 0.536816 0.520312 0.385742 0.0314941
6 0.605469 0.536816 0.520312 0.385742 0.0211182
20 0.610547 0.532422 0.511719 0.3875 0.0170441
16 0.612891 0.53584 0.521094 0.386133 0.0149536
23 0.608984 0.531934 0.528906 0.383008 0.013588
11 0.610547 0.532422 0.511719 0.3875 0.0110321
5 0.610547 0.532422 0.511719 0.3875 0.0103302
0 0.610547 0.532422 0.511719 0.3875 0.00978088
14 0.608984 0.531934 0.528906 0.383008 0.00867462
2 0.604297 0.538184 0.516406 0.373633 0.00723267
3 0.610547 0.532422 0.511719 0.3875 0.00432968
7 0.604297 0.538184 0.516406 0.373633 0.00197983
9 0.612109 0.530859 0.530469 0.372656 0.586914
24 0.612109 0.530859 0.530469 0.372656 0.140381
18 0.606641 0.526172 0.516406 0.375781 0.081543
4 0.591406 0.533984 0.495313 0.360938 0.0405273
10 0.607422 0.53125 0.521094 0.371875 0.0232391
16 0.610156 0.532031 0.528125 0.384375 0.0151901
14 0.589746 0.53125 0.498633 0.355469 0.0130234
0 0.607422 0.53125 0.521094 0.371875 0.0114212
7 0.606641 0.526172 0.516406 0.375781 0.0108566
2 0.589746 0.53125 0.498633 0.355469 0.00912476
5 0.610059 0.534375 0.52832 0.371875 0.00712204
6 0.603516 0.527344 0.514844 0.367188 0.00669098
23 0.614062 0.534375 0.54375 0.369531 0.00439835
20 0.610156 0.532031 0.528125 0.384375 0.00426483
11 0.607422 0.53125 0.521094 0.371875 0.00331116
25 0.610059 0.534375 0.52832 0.371875 0.00178242
3 0.606641 0.526172 0.516406 0.375781 0.00144386
9 0.609766 0.527246 0.505469 0.361133 0.575684
18 0.608691 0.519922 0.507617 0.361719 0.188965
24 0.611719 0.530371 0.509375 0.370508 0.147095
4 0.611719 0.530371 0.509375 0.370508 0.0258636
6 0.608691 0.519922 0.507617 0.361719 0.014061
16 0.614453 0.529004 0.499219 0.357617 0.0115967
7 0.608691 0.519922 0.507617 0.361719 0.0113754
10 0.614453 0.529004 0.499219 0.357617 0.0110703
0 0.611328 0.523438 0.494531 0.358594 0.0104065
23 0.611719 0.530371 0.509375 0.370508 0.00751877
5 0.614453 0.529004 0.499219 0.357617 0.00379562
2 0.611328 0.528516 0.517969 0.371094 0.00365067
20 0.614453 0.529004 0.499219 0.357617 0.00359344
14 0.610059 0.531641 0.508008 0.358594 0.00183868
25 0.610059 0.531641 0.508008 0.358594 0.00165462
15 0.611328 0.523438 0.494531 0.358594 0.00156116
11 0.609375 0.517188 0.498437 0.364063 0.00154877
3 0.609375 0.517188 0.498437 0.364063 0.00124454
9 0.607813 0.537598 0.507812 0.406055 0.766113
10 0.608984 0.534277 0.514844 0.404883 0.19873
18 0.607813 0.537598 0.507812 0.406055 0.123352
24 0.607813 0.537598 0.507812 0.406055 0.102295
6 0.606641 0.538281 0.517969 0.414062 0.0492249
16 0.608984 0.534277 0.514844 0.404883 0.037323
23 0.605469 0.540234 0.5 0.391406 0.0325928
2 0.606641 0.538281 0.517969 0.414062 0.0107346
7 0.605566 0.530469 0.518555 0.414844 0.0100098
0 0.608594 0.538184 0.514063 0.398633 0.00605011
1 0.232031 0.683691 0.464063 0.632617 0.00475693
4 0.599609 0.539746 0.496094 0.404883 0.00431442
6 0.591016 0.469141 0.561719 0.489844 0.0039444
9 0.591016 0.469141 0.561719 0.489844 0.00387001
25 0.608594 0.538184 0.514063 0.398633 0.00366402
11 0.606641 0.536719 0.521094 0.419531 0.00362206
12 0.266406 0.651465 0.532813 0.69707 0.00345612
5 0.608594 0.538184 0.514063 0.398633 0.00335121
20 0.608594 0.538184 0.514063 0.398633 0.00325966
12 0.366797 0.630859 0.733594 0.738281 0.00268364
14 0.608984 0.532715 0.514844 0.401758 0.00257111
12 0.501172 0.434766 0.800781 0.764844 0.00235939
3 0.606641 0.536719 0.521094 0.419531 0.00218201
1 0.366797 0.630859 0.733594 0.738281 0.00139904
13 0.256055 0.675391 0.512109 0.649219 0.00139427
13 0.366797 0.630859 0.733594 0.738281 0.00117397
10 0.612109 0.541797 0.535156 0.407031 0.218018
9 0.604688 0.548438 0.532813 0.400781 0.0853882
23 0.608203 0.551953 0.527344 0.395313 0.0384521
18 0.608203 0.551953 0.527344 0.395313 0.0246124
16 0.608984 0.549902 0.533594 0.404883 0.0179138
0 0.608984 0.549902 0.533594 0.404883 0.016922
25 0.612109 0.541797 0.535156 0.407031 0.0141754
4 0.608203 0.551953 0.527344 0.395313 0.00455475
3 0.608984 0.549902 0.533594 0.404883 0.00400543
24 0.614453 0.551953 0.533594 0.396094 0.00346947
2 0.614453 0.551953 0.533594 0.396094 0.00325966
5 0.612109 0.541797 0.535156 0.407031 0.00304031
6 0.612109 0.541797 0.535156 0.407031 0.00302696
20 0.612598 0.537891 0.537305 0.422656 0.00229645
14 0.608203 0.551953 0.527344 0.395313 0.00214958
11 0.608984 0.549902 0.533594 0.404883 0.0016613
18 0.612891 0.539453 0.511719 0.370313 0.126831
16 0.613281 0.537109 0.510938 0.372656 0.0544128
9 0.616406 0.545313 0.520312 0.36875 0.0477905
10 0.612891 0.539453 0.511719 0.370313 0.0348816
24 0.614844 0.542188 0.517188 0.375 0.032959
0 0.612891 0.539453 0.511719 0.370313 0.00821686
7 0.612109 0.53916 0.513281 0.379492 0.00818634
23 0.612891 0.539453 0.511719 0.370313 0.00614548
11 0.614746 0.537109 0.512695 0.371094 0.00502014
5 0.617188 0.53291 0.514063 0.38418 0.00502014
2 0.614844 0.542188 0.517188 0.375 0.00312424
3 0.614746 0.537109 0.512695 0.371094 0.00234985
20 0.613281 0.537109 0.510938 0.372656 0.00206757
6 0.614844 0.542188 0.517188 0.375 0.00143242
9 0.597266 0.535059 0.502344 0.387695 0.728027
18 0.601172 0.535254 0.511719 0.385742 0.166138
24 0.597266 0.535059 0.502344 0.387695 0.083313
10 0.6 0.531152 0.520312 0.398633 0.0419312
16 0.60166 0.534766 0.518555 0.38125 0.0379028
23 0.601172 0.535254 0.511719 0.385742 0.025177
4 0.597266 0.535059 0.502344 0.387695 0.0115051
6 0.6 0.537109 0.5125 0.377344 0.00978088
2 0.597656 0.537891 0.495313 0.375 0.00963593
20 0.599609 0.528906 0.530469 0.407813 0.00669098
7 0.602441 0.529297 0.50918 0.382031 0.00653839
0 0.602441 0.529297 0.50918 0.382031 0.00591278
5 0.60166 0.534766 0.518555 0.38125 0.00488663
25 0.6 0.531152 0.520312 0.398633 0.00400543
14 0.597266 0.535059 0.502344 0.387695 0.00257111
3 0.602441 0.529297 0.50918 0.382031 0.00150681
18 0.60459 0.545313 0.504883 0.357812 0.38501
9 0.60459 0.541309 0.50332 0.356445 0.168823
7 0.606152 0.547656 0.51582 0.364063 0.028656
10 0.606152 0.547656 0.51582 0.364063 0.0285492
24 0.612891 0.542188 0.524219 0.359375 0.0279083
23 0.60459 0.545313 0.504883 0.357812 0.0245209
16 0.606152 0.547656 0.51582 0.364063 0.00937653
2 0.60459 0.541309 0.50332 0.356445 0.00664139
6 0.612891 0.542188 0.524219 0.359375 0.00664139
0 0.604297 0.535156 0.508594 0.375 0.00538635
25 0.60625 0.546484 0.507812 0.346875 0.00428009
4 0.612891 0.542188 0.524219 0.359375 0.00288963
3 0.604297 0.535156 0.508594 0.375 0.00234222
11 0.604297 0.535156 0.508594 0.375 0.00218201
14 0.60625 0.546484 0.507812 0.346875 0.00204277
9 0.610938 0.544141 0.53125 0.383594 0.569824
18 0.6 0.539062 0.521875 0.388281 0.149536
24 0.600391 0.54375 0.524219 0.384375 0.107056
10 0.596973 0.536719 0.532617 0.390625 0.0200195
6 0.597656 0.534766 0.526563 0.389844 0.0195618
16 0.596973 0.536719 0.532617 0.390625 0.0177155
2 0.60625 0.549219 0.528125 0.371875 0.0106125
0 0.596973 0.536719 0.532617 0.390625 0.00908661
4 0.597656 0.534766 0.526563 0.389844 0.00728989
11 0.596973 0.536719 0.532617 0.390625 0.00677109
20 0.598437 0.541016 0.5375 0.392969 0.00636292
3 0.596777 0.531641 0.526758 0.392969 0.0049057
23 0.6 0.539062 0.521875 0.388281 0.0046463
7 0.596777 0.531641 0.526758 0.392969 0.00359344
5 0.596973 0.536719 0.532617 0.390625 0.0028553
14 0.600391 0.54375 0.524219 0.384375 0.00136662
9 0.609766 0.54209 0.530469 0.370508 0.913086
18 0.608594 0.53916 0.521875 0.376367 0.0903931
24 0.609766 0.54209 0.530469 0.370508 0.0723877
10 0.608594 0.53916 0.521875 0.376367 0.011467
16 0.608594 0.53916 0.521875 0.376367 0.0111618
2 0.607813 0.548438 0.525 0.365625 0.0104904
11 0.604297 0.530371 0.522656 0.389258 0.00679779
4 0.928906 0.958594 0.142188 0.0828125 0.00629044
19 0.533496 0.489746 0.364258 0.470508 0.00518036
4 0.609766 0.543848 0.524219 0.37168 0.0051384
6 0.608594 0.53916 0.521875 0.376367 0.00482941
0 0.609766 0.543848 0.524219 0.37168 0.00403976
23 0.608594 0.53916 0.521875 0.376367 0.00351143
20 0.604297 0.530371 0.522656 0.389258 0.00284576
7 0.60625 0.537598 0.523438 0.37793 0.00179577
4 0.860938 0.959766 0.221875 0.0804688 0.00178909
14 0.609766 0.543848 0.524219 0.37168 0.00132465
5 0.607422 0.537109 0.522656 0.378906 0.00126934
4 0.0691406 0.961719 0.138281 0.0765625 0.0012207
3 0.604297 0.530371 0.522656 0.389258 0.00109482
9 0.601953 0.521973 0.491406 0.391992 0.85498
24 0.601953 0.521973 0.491406 0.391992 0.212769
18 0.601953 0.521973 0.491406 0.391992 0.0335999
11 0.603516 0.521191 0.503906 0.381055 0.00891876
16 0.608594 0.530078 0.510938 0.378125 0.00837708
4 0.601172 0.536035 0.496094 0.374805 0.00521851
0 0.608594 0.530078 0.510938 0.378125 0.00453949
2 0.601172 0.536035 0.496094 0.374805 0.00344276
5 0.603516 0.521191 0.503906 0.381055 0.00307465
6 0.602734 0.52334 0.510156 0.393945 0.00293541
20 0.603516 0.521191 0.503906 0.381055 0.00257111
10 0.604688 0.520703 0.5 0.391406 0.00153637
7 0.603516 0.521191 0.503906 0.381055 0.00124931
9 0.602734 0.525098 0.496094 0.366992 0.778809
18 0.602734 0.525098 0.496094 0.366992 0.0437012
24 0.602734 0.525098 0.496094 0.366992 0.0437012
16 0.603125 0.523438 0.5 0.364063 0.0153046
6 0.6 0.523535 0.503125 0.360742 0.0109863
10 0.599219 0.520312 0.496875 0.352344 0.00748825
20 0.600391 0.515527 0.503906 0.34707 0.00559998
11 0.600391 0.515527 0.503906 0.34707 0.00349617
4 0.602734 0.525098 0.496094 0.366992 0.00328636
3 0.600391 0.515527 0.503906 0.34707 0.0027256
0 0.600391 0.515527 0.503906 0.34707 0.00269318
23 0.602734 0.525098 0.496094 0.366992 0.00258064
7 0.600391 0.515527 0.503906 0.34707 0.00169373
2 0.602734 0.525098 0.496094 0.366992 0.00133514
9 0.610938 0.525 0.510938 0.384375 0.823242
24 0.608691 0.536621 0.506055 0.356445 0.361084
18 0.604688 0.532813 0.5 0.358594 0.111633
20 0.600391 0.527441 0.508594 0.379492 0.0222015
4 0.610938 0.536621 0.5125 0.370508 0.0139008
6 0.602734 0.532813 0.502344 0.365625 0.0115051
5 0.600391 0.527441 0.508594 0.379492 0.00746155
16 0.595313 0.525781 0.523438 0.3875 0.00712204
10 0.604688 0.532813 0.5 0.358594 0.00510025
11 0.600391 0.527441 0.508594 0.379492 0.00287819
0 0.604688 0.532813 0.5 0.358594 0.00205803
23 0.610938 0.536621 0.5125 0.370508 0.00156116
2 0.610938 0.539844 0.514063 0.364063 0.00141621
3 0.595313 0.525781 0.523438 0.3875 0.00107288
7 0.610938 0.539844 0.514063 0.364063 0.00104427
9 0.607813 0.541016 0.49375 0.358594 0.644043
18 0.608594 0.542285 0.49375 0.354492 0.0888062
24 0.609375 0.544141 0.501563 0.352344 0.0460205
10 0.608496 0.542188 0.489258 0.351562 0.0332031
16 0.607422 0.537402 0.496094 0.358008 0.0157166
23 0.608496 0.542188 0.489258 0.351562 0.0120544
4 0.609375 0.544141 0.501563 0.352344 0.00857544
11 0.605078 0.534766 0.499219 0.364844 0.00812531
6 0.608984 0.541016 0.494531 0.353125 0.00614548
2 0.607813 0.541016 0.49375 0.358594 0.0049057
7 0.607422 0.537402 0.496094 0.358008 0.00457382
0 0.605078 0.534766 0.499219 0.364844 0.00388527
20 0.605078 0.534766 0.499219 0.364844 0.00168705
14 0.608496 0.542188 0.489258 0.351562 0.00146675
5 0.608594 0.542285 0.49375 0.354492 0.0012846
3 0.605078 0.534766 0.499219 0.364844 0.00109863
9 0.609277 0.524219 0.512695 0.403125 0.904785
18 0.613672 0.531348 0.519531 0.393555 0.081543
24 0.609473 0.533594 0.51543 0.388281 0.0603027
16 0.60791 0.516016 0.523242 0.420312 0.0147324
11 0.60791 0.516016 0.523242 0.420312 0.00664139
2 0.609473 0.533594 0.51543 0.388281 0.00612259
6 0.60791 0.516016 0.523242 0.420312 0.00584412
20 0.60791 0.516016 0.523242 0.420312 0.00582123
7 0.610156 0.526953 0.520312 0.400781 0.00363541
10 0.610156 0.526953 0.520312 0.400781 0.00316048
23 0.613672 0.531348 0.519531 0.393555 0.002388
5 0.60791 0.516016 0.523242 0.420312 0.00162888
3 0.60791 0.516016 0.523242 0.420312 0.0015974
4 0.60791 0.516016 0.523242 0.420312 0.00148964
9 0.59541 0.535254 0.512305 0.401367 0.933594
24 0.59541 0.535254 0.512305 0.401367 0.119202
18 0.59541 0.535254 0.512305 0.401367 0.03125
16 0.597656 0.532129 0.510938 0.393555 0.00985718
20 0.597656 0.532129 0.510938 0.393555 0.0088501
11 0.599121 0.532422 0.517383 0.405469 0.00720596
6 0.598047 0.540234 0.511719 0.399219 0.0064888
4 0.6 0.532031 0.514063 0.409375 0.00519943
5 0.597656 0.532129 0.510938 0.393555 0.00282288
0 0.6 0.532031 0.514063 0.409375 0.00269318
2 0.6 0.532031 0.514063 0.409375 0.00187492
10 0.599121 0.532422 0.517383 0.405469 0.00183868
3 0.597656 0.532129 0.510938 0.393555 0.00143242
23 0.6 0.532031 0.514063 0.409375 0.00116062
9 0.598828 0.533203 0.505469 0.355469 0.892578
24 0.598047 0.533594 0.503906 0.366406 0.0753174
18 0.600391 0.530469 0.508594 0.370313 0.0558167
4 0.600391 0.530469 0.508594 0.370313 0.0105667
11 0.596973 0.532422 0.507617 0.374219 0.00985718
16 0.598047 0.531641 0.511719 0.372656 0.008255
6 0.598047 0.531641 0.511719 0.372656 0.00725937
23 0.59834 0.53291 0.504883 0.356055 0.00712204
10 0.600391 0.530469 0.508594 0.370313 0.0064888
0 0.600391 0.530469 0.508594 0.370313 0.00317192
2 0.598047 0.533594 0.503906 0.366406 0.00294685
20 0.596973 0.532422 0.507617 0.374219 0.00189686
5 0.598047 0.531641 0.511719 0.372656 0.00153637
3 0.596973 0.532422 0.507617 0.374219 0.00131989
9 0.600391 0.534473 0.516406 0.41543 0.810547
18 0.599316 0.539062 0.513867 0.403125 0.0492249
24 0.602246 0.539453 0.514258 0.404687 0.0463867
10 0.6 0.538379 0.51875 0.41543 0.0226288
16 0.601172 0.541406 0.514844 0.399219 0.0162201
20 0.6 0.538379 0.51875 0.41543 0.0113754
11 0.59375 0.534375 0.521875 0.410156 0.00740433
5 0.597559 0.537891 0.520508 0.404687 0.00536346
2 0.601172 0.541406 0.514844 0.399219 0.0049057
4 0.599316 0.539062 0.513867 0.403125 0.00338936
6 0.597559 0.537891 0.520508 0.404687 0.00338936
23 0.599316 0.539062 0.513867 0.403125 0.00273705
0 0.59375 0.534375 0.521875 0.410156 0.00239754
3 0.597559 0.537891 0.520508 0.404687 0.00206757
14 0.599609 0.539844 0.514844 0.404687 0.00168705
7 0.59375 0.534375 0.521875 0.410156 0.0011692
9 0.599609 0.542188 0.494531 0.351562 0.912598
24 0.599609 0.542188 0.494531 0.351562 0.166138
6 0.597266 0.541406 0.500781 0.3625 0.0295868
18 0.599316 0.545313 0.495117 0.347656 0.0138474
4 0.598535 0.541406 0.495117 0.357812 0.0118713
16 0.597266 0.541406 0.500781 0.3625 0.00959778
20 0.594922 0.546777 0.500781 0.343945 0.00952148
11 0.597266 0.541406 0.500781 0.3625 0.00564194
10 0.598535 0.541406 0.495117 0.357812 0.00378036
5 0.597266 0.541406 0.500781 0.3625 0.00258064
0 0.594922 0.546777 0.500781 0.343945 0.00243378
3 0.594922 0.546777 0.500781 0.343945 0.00229645
23 0.599609 0.537402 0.496094 0.362695 0.00188255
2 0.599316 0.545313 0.495117 0.347656 0.0015192
9 0.600879 0.525 0.501367 0.392188 0.973145
24 0.603906 0.533203 0.507812 0.3875 0.192505
18 0.605859 0.533203 0.510156 0.391406 0.0123825
6 0.6 0.533203 0.5 0.389844 0.0104065
4 0.597754 0.523438 0.50293 0.400781 0.00438309
16 0.6 0.533203 0.5 0.389844 0.00426483
20 0.597754 0.523438 0.50293 0.400781 0.00335121
2 0.605859 0.533203 0.510156 0.391406 0.00209999
5 0.602734 0.534375 0.502344 0.3875 0.00203514
10 0.603125 0.532813 0.504687 0.394531 0.00170708
11 0.59834 0.528125 0.50332 0.407031 0.0011034
9 0.60459 0.542188 0.493945 0.332813 0.907227
24 0.601465 0.541406 0.479883 0.329688 0.085083
18 0.605078 0.539941 0.496094 0.337305 0.0690308
6 0.607422 0.542871 0.500781 0.342383 0.0198669
4 0.605078 0.539941 0.496094 0.337305 0.0111618
10 0.607422 0.534766 0.500781 0.357031 0.00793457
16 0.607422 0.542871 0.500781 0.342383 0.00638962
23 0.605078 0.539941 0.496094 0.337305 0.00559998
2 0.6 0.544531 0.484375 0.334375 0.00154305
0 0.607422 0.534766 0.500781 0.357031 0.00138283
20 0.607422 0.534766 0.500781 0.357031 0.00106049
9 0.601953 0.532129 0.508594 0.368555 0.984375
24 0.602734 0.534766 0.513281 0.367969 0.0384521
18 0.603906 0.524219 0.514063 0.379688 0.0290833
16 0.603906 0.524219 0.514063 0.379688 0.0120544
6 0.605469 0.530371 0.517188 0.375195 0.01017
2 0.603906 0.524219 0.514063 0.379688 0.0068512
10 0.606641 0.526563 0.519531 0.384375 0.00329781
4 0.603906 0.524219 0.514063 0.379688 0.00317192
23 0.603906 0.524219 0.514063 0.379688 0.0019722
20 0.602734 0.534766 0.513281 0.367969 0.00134563
9 0.603516 0.525781 0.492969 0.38125 0.909668
24 0.599219 0.529297 0.495313 0.366406 0.0594177
18 0.609375 0.526953 0.509375 0.373437 0.0181885
16 0.608984 0.531934 0.503906 0.367383 0.0157776
6 0.608984 0.531934 0.503906 0.367383 0.0154266
10 0.608984 0.531934 0.503906 0.367383 0.00329781
4 0.609375 0.526953 0.509375 0.373437 0.00229645
0 0.608203 0.528516 0.507031 0.374219 0.00176144
2 0.599219 0.529297 0.495313 0.366406 0.00154305
23 0.608984 0.531934 0.503906 0.367383 0.00141048
9 0.600781 0.518066 0.504687 0.404492 0.976074
24 0.601465 0.528125 0.50957 0.392188 0.0592041
18 0.601953 0.531641 0.508594 0.382812 0.0171051
16 0.601953 0.531641 0.508594 0.382812 0.0123367
10 0.600391 0.531641 0.517969 0.3875 0.00327301
20 0.601172 0.522754 0.517969 0.407617 0.00291252
6 0.601465 0.528125 0.50957 0.392188 0.00240517
4 0.601953 0.531641 0.508594 0.382812 0.00176811
2 0.601953 0.531641 0.508594 0.382812 0.00162315
5 0.601172 0.522754 0.517969 0.407617 0.00155449
9 0.612109 0.505859 0.528906 0.371094 0.852051
24 0.620313 0.510938 0.545313 0.364844 0.026062
6 0.611719 0.508203 0.53125 0.364844 0.0214539
16 0.617188 0.512109 0.528125 0.352344 0.0205688
18 0.611719 0.508203 0.53125 0.364844 0.00482941
2 0.617188 0.512109 0.528125 0.352344 0.00283432
16 0.383203 0.735156 0.242188 0.140625 0.00171375
11 0.608594 0.501953 0.535937 0.394531 0.00135612
9 0.6125 0.5125 0.521875 0.366406 0.944336
24 0.614941 0.515723 0.532617 0.362305 0.0279083
16 0.613281 0.515234 0.532813 0.361719 0.0279083
18 0.613281 0.515234 0.532813 0.361719 0.0149536
2 0.613281 0.515234 0.532813 0.361719 0.00624084
6 0.606641 0.506348 0.527344 0.379492 0.00255013
10 0.606641 0.506348 0.527344 0.379492 0.0016613
11 0.605859 0.508203 0.521094 0.382031 0.00157356
4 0.606641 0.506348 0.527344 0.379492 0.00157356
9 0.608594 0.514941 0.50625 0.363867 0.918945
24 0.608594 0.514941 0.50625 0.363867 0.0253754
16 0.616309 0.514063 0.52832 0.36875 0.0124283
18 0.616309 0.514063 0.52832 0.36875 0.00923157
6 0.608691 0.504687 0.523242 0.3875 0.0064888
2 0.616309 0.514063 0.52832 0.36875 0.00518036
4 0.616309 0.514063 0.52832 0.36875 0.00352478
11 0.283594 0.332422 0.567187 0.664844 0.00169373
10 0.608594 0.512109 0.521875 0.371094 0.00132465
0 0.616309 0.514063 0.52832 0.36875 0.00118828
11 0.607813 0.505566 0.523438 0.388867 0.00116539
9 0.608594 0.518848 0.498437 0.329492 0.964355
24 0.609375 0.518359 0.504687 0.330469 0.0572815
16 0.609766 0.513672 0.499219 0.332813 0.0268555
18 0.609766 0.513672 0.499219 0.332813 0.0229797
6 0.61084 0.514844 0.50957 0.329688 0.00643921
2 0.609766 0.513672 0.499219 0.332813 0.00223351
4 0.609766 0.513672 0.499219 0.332813 0.00121117
23 0.61084 0.514844 0.50957 0.329688 0.00110722
10 0.61084 0.514844 0.50957 0.329688 0.00102425
9 0.594531 0.52041 0.498437 0.349805 0.935547
24 0.596094 0.520703 0.496875 0.353125 0.0492249
18 0.600781 0.512402 0.5125 0.381445 0.0213623
16 0.596094 0.520703 0.496875 0.353125 0.0127258
6 0.600781 0.512402 0.5125 0.381445 0.00874329
4 0.600781 0.512402 0.5125 0.381445 0.00446701
2 0.594922 0.519434 0.497656 0.350195 0.00385475
10 0.602344 0.515234 0.5125 0.375 0.00317192
23 0.600781 0.512402 0.5125 0.381445 0.00246239
5 0.602344 0.515234 0.5125 0.375 0.0019722
20 0.602344 0.515234 0.5125 0.375 0.00150681
0 0.602344 0.515234 0.5125 0.375 0.00148964
11 0.599316 0.517969 0.512305 0.374219 0.00116539
9 0.600098 0.521484 0.49668 0.332031 0.921387
24 0.603809 0.509277 0.506445 0.36582 0.024704
16 0.601172 0.512109 0.497656 0.358594 0.018692
6 0.603516 0.500781 0.505469 0.383594 0.0104904
11 0.303711 0.395703 0.607422 0.791406 0.00952148
18 0.601172 0.512109 0.497656 0.358594 0.00566483
4 0.603516 0.500781 0.505469 0.383594 0.00199509
10 0.603516 0.500781 0.505469 0.383594 0.00195694
2 0.601172 0.512109 0.497656 0.358594 0.00129414
20 0.603809 0.509277 0.506445 0.36582 0.0011158
23 0.603516 0.500781 0.505469 0.383594 0.00107765
9 0.60166 0.526953 0.49668 0.344531 0.900391
16 0.608984 0.516504 0.503906 0.366992 0.0483093
24 0.603223 0.522754 0.498242 0.35293 0.0342407
18 0.60625 0.520996 0.5 0.35957 0.0182648
6 0.607813 0.519531 0.503125 0.360938 0.0104904
10 0.60625 0.520996 0.5 0.35957 0.00344276
2 0.60625 0.520996 0.5 0.35957 0.00243378
7 0.606641 0.526172 0.502344 0.350781 0.0016613
11 0.606641 0.526172 0.502344 0.350781 0.00132465
3 0.606641 0.526172 0.502344 0.350781 0.00123501
23 0.60625 0.520996 0.5 0.35957 0.0012207
9 0.601953 0.522266 0.507031 0.357031 0.964355
24 0.604297 0.521094 0.505469 0.341406 0.0266571
16 0.604688 0.516797 0.50625 0.353125 0.0164642
6 0.602734 0.513184 0.514844 0.375195 0.00766754
2 0.604688 0.516797 0.50625 0.353125 0.00439835
18 0.604688 0.516797 0.50625 0.353125 0.00313568
4 0.601562 0.516797 0.515625 0.375781 0.00151253
10 0.604688 0.516797 0.50625 0.353125 0.00109863
9 0.606641 0.50625 0.513281 0.371094 0.963867
24 0.60791 0.50625 0.52168 0.367188 0.0187683
6 0.602246 0.492969 0.514258 0.396875 0.0139008
16 0.605859 0.501465 0.507031 0.375195 0.0125732
11 0.601172 0.497656 0.514844 0.392969 0.00284576
4 0.601172 0.497656 0.514844 0.392969 0.00194931
2 0.603516 0.498535 0.510156 0.385742 0.00176144
3 0.601172 0.497656 0.514844 0.392969 0.0011158
9 0.60166 0.523438 0.50293 0.358594 0.896484
16 0.602344 0.520703 0.5 0.354688 0.0554199
24 0.602344 0.520703 0.5 0.354688 0.0189819
6 0.602344 0.515234 0.507812 0.375781 0.00457382
18 0.603516 0.513672 0.503906 0.370313 0.00448608
2 0.603516 0.513672 0.503906 0.370313 0.00204277
3 0.601465 0.522266 0.508008 0.367188 0.00119686
11 0.601465 0.522266 0.508008 0.367188 0.00117397
9 0.600391 0.524609 0.486719 0.314063 0.898438
18 0.599609 0.525684 0.483594 0.304883 0.0257568
16 0.599609 0.525684 0.483594 0.304883 0.0235138
24 0.599609 0.530469 0.480469 0.303125 0.0141754
2 0.599609 0.525684 0.483594 0.304883 0.00551224
6 0.597266 0.521094 0.499219 0.319531 0.00460815
23 0.598828 0.523047 0.497656 0.310156 0.00176811
7 0.598828 0.523047 0.497656 0.310156 0.0017271
10 0.599316 0.525781 0.485742 0.30625 0.0014782
9 0.601562 0.521777 0.49375 0.34082 0.954102
24 0.601562 0.521777 0.49375 0.34082 0.0272675
16 0.601172 0.518066 0.491406 0.351367 0.0271759
6 0.60166 0.513672 0.491992 0.358594 0.00734711
18 0.601172 0.518066 0.491406 0.351367 0.00577545
2 0.601172 0.518066 0.491406 0.351367 0.0029583
11 0.600684 0.508984 0.495508 0.374219 0.00105286
9 0.603906 0.524609 0.48125 0.313281 0.922852
24 0.603516 0.524219 0.485156 0.310937 0.0184784
18 0.601953 0.522266 0.485156 0.320312 0.0172424
16 0.601953 0.522266 0.485156 0.320312 0.0147324
6 0.602734 0.515625 0.494531 0.329688 0.0037365
23 0.603516 0.517285 0.492969 0.324805 0.00190449
2 0.601953 0.522266 0.485156 0.320312 0.00165462
10 0.603516 0.517285 0.492969 0.324805 0.00162315
9 0.603516 0.515723 0.499219 0.35293 0.952637
24 0.604688 0.51875 0.50625 0.345313 0.0283356
16 0.604688 0.515625 0.5 0.353906 0.0244293
6 0.605566 0.508691 0.506055 0.37168 0.00643921
11 0.605566 0.508691 0.506055 0.37168 0.00137806
9 0.603223 0.523047 0.49043 0.342187 0.926758
24 0.605078 0.525 0.486719 0.332031 0.0570679
16 0.605078 0.514453 0.485156 0.349219 0.03125
6 0.601953 0.515625 0.496094 0.359375 0.0108185
18 0.605078 0.514453 0.485156 0.349219 0.00291252
3 0.601953 0.515625 0.496094 0.359375 0.00203514
11 0.601953 0.515625 0.496094 0.359375 0.00157356
9 0.607813 0.520312 0.484375 0.347656 0.870605
16 0.60791 0.513281 0.48418 0.357812 0.0360718
24 0.607715 0.520312 0.48457 0.345313 0.0293121
6 0.603906 0.511328 0.495313 0.374219 0.0186462
11 0.603906 0.511328 0.495313 0.374219 0.00438309
3 0.603906 0.511328 0.495313 0.374219 0.00429916
18 0.605566 0.515723 0.488867 0.362305 0.00293541
20 0.603906 0.511328 0.495313 0.374219 0.00178242
2 0.605566 0.515723 0.488867 0.362305 0.00123501
9 0.607715 0.526563 0.48457 0.326562 0.710449
16 0.607422 0.520215 0.482031 0.34082 0.036499
6 0.608496 0.513184 0.489258 0.354883 0.0145035
24 0.607422 0.530078 0.482031 0.321875 0.0142822
11 0.604688 0.511328 0.49375 0.361719 0.0120544
3 0.604688 0.511328 0.49375 0.361719 0.00475693
2 0.603027 0.521094 0.486133 0.342187 0.0019722
7 0.604688 0.511328 0.49375 0.361719 0.00102806
9 0.602441 0.522559 0.485742 0.34082 0.892578
24 0.603906 0.516797 0.479688 0.350781 0.0405273
16 0.603906 0.516797 0.479688 0.350781 0.0387573
6 0.607031 0.519531 0.48125 0.344531 0.0107346
18 0.603906 0.516797 0.479688 0.350781 0.00274658
20 0.605078 0.519141 0.486719 0.346094 0.00214958
3 0.605078 0.519141 0.486719 0.346094 0.00191212
11 0.60625 0.514453 0.490625 0.350781 0.00106049
9 0.606641 0.526953 0.480469 0.325781 0.913574
16 0.608203 0.516797 0.480469 0.346094 0.0323486
24 0.605859 0.522754 0.485156 0.33418 0.0268555
6 0.606641 0.519141 0.482031 0.342187 0.0136337
18 0.608203 0.516797 0.480469 0.346094 0.00268364
3 0.60459 0.517969 0.48457 0.345313 0.00125504
9 0.60791 0.522656 0.493555 0.336719 0.963867
16 0.610156 0.510938 0.492188 0.35 0.0456848
24 0.609473 0.517578 0.493555 0.335938 0.0389099
6 0.605078 0.5125 0.492969 0.350781 0.012825
3 0.601953 0.515625 0.496094 0.353125 0.00143814
11 0.601953 0.515625 0.496094 0.353125 0.0012846
18 0.604004 0.51875 0.49668 0.348438 0.0011692
9 0.604004 0.527344 0.47168 0.29375 0.81543
24 0.604688 0.527344 0.46875 0.29375 0.0479431
16 0.604688 0.527344 0.46875 0.29375 0.0463867
18 0.604688 0.527344 0.46875 0.29375 0.0177155
6 0.605371 0.522656 0.468945 0.29375 0.00544739
2 0.821094 0.555469 0.357812 0.320312 0.00457382
7 0.604688 0.51875 0.471875 0.296875 0.00222588
10 0.603027 0.520312 0.473633 0.295312 0.00161076
3 0.604688 0.51875 0.471875 0.296875 0.00119686
2 0.604688 0.527344 0.46875 0.29375 0.00114727
2 0.792969 0.569629 0.332813 0.407617 0.00112915
9 0.601953 0.53125 0.494531 0.308594 0.96582
24 0.602246 0.534375 0.493945 0.30625 0.076416
16 0.603516 0.529785 0.488281 0.312305 0.0217743
18 0.603516 0.529785 0.488281 0.312305 0.00728989
6 0.601562 0.528125 0.490625 0.3125 0.00397491
2 0.603516 0.529785 0.488281 0.312305 0.00261116
9 0.597559 0.535937 0.479883 0.314063 0.936523
24 0.597656 0.540234 0.482812 0.311719 0.0570679
16 0.599609 0.537891 0.486719 0.314844 0.0175781
18 0.599609 0.537891 0.486719 0.314844 0.0102921
6 0.598437 0.530469 0.4875 0.316406 0.0049057
2 0.599609 0.537891 0.486719 0.314844 0.00397491
9 0.602734 0.530469 0.492969 0.339844 0.930176
24 0.603125 0.526172 0.492188 0.352344 0.0698242
16 0.603125 0.526172 0.492188 0.352344 0.0374756
18 0.603516 0.524316 0.499219 0.354492 0.00861359
6 0.603027 0.528125 0.49707 0.347656 0.00641251
10 0.603516 0.524316 0.499219 0.354492 0.00355148
11 0.601562 0.527441 0.501563 0.345117 0.00218201
3 0.602441 0.528516 0.49668 0.34375 0.00144958
20 0.602441 0.528516 0.49668 0.34375 0.00134563
4 0.602441 0.528516 0.49668 0.34375 0.00100422
9 0.603906 0.528516 0.501563 0.342187 0.956543
24 0.605078 0.527441 0.503906 0.351367 0.0430298
16 0.605566 0.521094 0.50293 0.360156 0.0219421
6 0.605371 0.526563 0.508008 0.351562 0.0109863
18 0.605566 0.521094 0.50293 0.360156 0.00291252
2 0.605566 0.521094 0.50293 0.360156 0.00194931
11 0.604688 0.526465 0.507812 0.34707 0.00162315
3 0.604688 0.526465 0.507812 0.34707 0.0015974
2 0.833594 0.550781 0.332813 0.309375 0.0011692
9 0.605859 0.529688 0.491406 0.328906 0.949707
24 0.605371 0.527344 0.495508 0.340625 0.0639648
16 0.60625 0.522559 0.498437 0.350195 0.0212097
6 0.606348 0.526465 0.504492 0.343945 0.00605011
2 0.60625 0.522559 0.498437 0.350195 0.00469971
18 0.60625 0.522559 0.498437 0.350195 0.00279999
2 0.830078 0.548438 0.339844 0.317188 0.00128937
9 0.606152 0.529297 0.498633 0.346094 0.953125
24 0.606641 0.525 0.499219 0.350781 0.139893
16 0.604297 0.51875 0.496094 0.358594 0.0138474
6 0.603906 0.526563 0.501563 0.354688 0.00800323
18 0.604297 0.51875 0.496094 0.358594 0.00317192
3 0.602246 0.527734 0.501758 0.353906 0.00213242
11 0.602246 0.527734 0.501758 0.353906 0.0012064
9 0.610059 0.530078 0.495508 0.332031 0.939453
24 0.610254 0.528906 0.495117 0.330469 0.0872803
16 0.606152 0.524219 0.49082 0.3375 0.0197144
6 0.605078 0.528516 0.494531 0.335156 0.00857544
18 0.606152 0.524219 0.49082 0.3375 0.00605011
2 0.809375 0.580469 0.38125 0.290625 0.00240517
3 0.603516 0.527344 0.496094 0.339063 0.00230598
11 0.603516 0.527344 0.496094 0.339063 0.00174141
2 0.606152 0.524219 0.49082 0.3375 0.0015974
9 0.607031 0.530859 0.492188 0.335156 0.933594
24 0.607422 0.53125 0.491406 0.335938 0.0362244
16 0.60625 0.524902 0.492188 0.345508 0.0204163
6 0.607031 0.528516 0.495313 0.341406 0.0137939
18 0.60625 0.524902 0.492188 0.345508 0.00359344
3 0.606152 0.52959 0.495508 0.337695 0.00185299
2 0.60625 0.524902 0.492188 0.345508 0.00144958
9 0.608496 0.524121 0.486133 0.342383 0.928223
24 0.606152 0.523438 0.486133 0.34375 0.0670776
16 0.604688 0.518359 0.485938 0.352344 0.0167847
6 0.60625 0.519531 0.492188 0.349219 0.0126266
18 0.604688 0.518359 0.485938 0.352344 0.0019722
11 0.605078 0.517969 0.505469 0.348438 0.00117874
2 0.604688 0.518359 0.485938 0.352344 0.00109005
9 0.606934 0.528027 0.489258 0.32207 0.908203
24 0.605078 0.523047 0.482031 0.327344 0.0789185
16 0.605078 0.523047 0.482031 0.327344 0.0216217
6 0.606152 0.524609 0.48457 0.321875 0.0112
18 0.605078 0.523047 0.482031 0.327344 0.00844574
9 0.60459 0.527344 0.48457 0.33125 0.911621
24 0.60625 0.520703 0.484375 0.34375 0.0634766
16 0.60625 0.520703 0.484375 0.34375 0.0306702
6 0.607715 0.523438 0.48457 0.336719 0.0148392
18 0.60625 0.520703 0.484375 0.34375 0.0085144
9 0.604688 0.527344 0.484375 0.330469 0.901367
24 0.606152 0.520703 0.48457 0.34375 0.0668335
16 0.606152 0.520703 0.48457 0.34375 0.0298767
6 0.608203 0.52334 0.485156 0.33457 0.0114212
18 0.606152 0.520703 0.48457 0.34375 0.00712204
2 0.606152 0.520703 0.48457 0.34375 0.00108147
9 0.605371 0.528223 0.489258 0.329492 0.891602
24 0.607031 0.522266 0.489063 0.339844 0.0705566
16 0.607031 0.522266 0.489063 0.339844 0.0285492
18 0.607031 0.522266 0.489063 0.339844 0.0105286
6 0.609473 0.523535 0.49043 0.332617 0.00948334
2 0.607031 0.522266 0.489063 0.339844 0.00184631
7 0.610059 0.521875 0.49707 0.33125 0.00141048
9 0.606641 0.527344 0.489844 0.3375 0.903809
24 0.606641 0.519434 0.492969 0.354883 0.0396423
16 0.606641 0.519434 0.492969 0.354883 0.0240479
6 0.607129 0.521875 0.495117 0.347656 0.0136337
18 0.606641 0.519434 0.492969 0.354883 0.00345612
2 0.606641 0.519434 0.492969 0.354883 0.00205803
3 0.606152 0.523535 0.495508 0.345117 0.00124454
9 0.608594 0.528516 0.484375 0.319531 0.852051
24 0.607422 0.521777 0.488281 0.33457 0.0405273
16 0.607422 0.521777 0.488281 0.33457 0.0272675
6 0.609766 0.52334 0.489844 0.32832 0.0180511
18 0.607422 0.521777 0.488281 0.33457 0.00530243
2 0.607422 0.521777 0.488281 0.33457 0.00170708
3 0.608203 0.523828 0.489844 0.327344 0.00163555
9 0.607715 0.528809 0.486133 0.320508 0.896973
24 0.60625 0.523535 0.4875 0.331055 0.0406799
16 0.60625 0.523535 0.4875 0.331055 0.0227203
6 0.607031 0.522656 0.489063 0.326562 0.0137405
18 0.60625 0.523535 0.4875 0.331055 0.0055542
2 0.60625 0.523535 0.4875 0.331055 0.0018034
3 0.60625 0.524219 0.490625 0.327344 0.0012598
9 0.607813 0.527734 0.485938 0.319531 0.869629
24 0.606152 0.523828 0.487695 0.328125 0.036499
16 0.606152 0.523828 0.487695 0.328125 0.0228882
6 0.607129 0.523047 0.487305 0.324219 0.0154266
18 0.606152 0.523828 0.487695 0.328125 0.00445175
2 0.606152 0.523828 0.487695 0.328125 0.00244331
11 0.60625 0.523047 0.490625 0.325781 0.00156116
3 0.60625 0.523047 0.490625 0.325781 0.00154305
7 0.606934 0.520996 0.495508 0.325195 0.00112438
9 0.607422 0.528125 0.486719 0.325 0.900391
24 0.606641 0.52041 0.489844 0.341992 0.0465393
16 0.606641 0.52041 0.489844 0.341992 0.0227203
6 0.607422 0.521191 0.489844 0.33418 0.00919342
18 0.606641 0.52041 0.489844 0.341992 0.00288963
2 0.606641 0.52041 0.489844 0.341992 0.00154305
9 0.608496 0.529297 0.487695 0.319531 0.864258
24 0.607031 0.522559 0.490625 0.336133 0.0462036
16 0.607031 0.522559 0.490625 0.336133 0.0254669
6 0.607813 0.522559 0.490625 0.329883 0.0119629
18 0.607031 0.522559 0.490625 0.336133 0.0037365
3 0.607031 0.524902 0.492188 0.32832 0.0012846
2 0.607031 0.522559 0.490625 0.336133 0.0011425
11 0.607031 0.524902 0.492188 0.32832 0.00105286
9 0.606934 0.529297 0.487695 0.327344 0.876465
24 0.606348 0.520312 0.493555 0.345313 0.0372009
16 0.606348 0.520312 0.493555 0.345313 0.0189056
6 0.607031 0.521973 0.495313 0.338867 0.0141754
18 0.606348 0.520312 0.493555 0.345313 0.00214958
3 0.605859 0.524219 0.496094 0.3375 0.00152493
11 0.605859 0.524219 0.496094 0.3375 0.00134563
9 0.608984 0.529004 0.483594 0.320117 0.824219
24 0.607715 0.523828 0.48457 0.33125 0.0560303
16 0.607715 0.523828 0.48457 0.33125 0.0196381
6 0.608984 0.523438 0.485156 0.326562 0.0134277
18 0.607715 0.523828 0.48457 0.33125 0.00374985
3 0.607813 0.524219 0.4875 0.327344 0.00143814
11 0.607813 0.524219 0.4875 0.327344 0.00121117
9 0.609473 0.526953 0.482617 0.328906 0.868164
24 0.608594 0.51875 0.485938 0.34375 0.0611877
16 0.608594 0.51875 0.485938 0.34375 0.0222931
6 0.609766 0.520312 0.485156 0.3375 0.0124283
18 0.608594 0.51875 0.485938 0.34375 0.00263214
3 0.608594 0.522754 0.4875 0.337305 0.00136185
11 0.608594 0.518359 0.49375 0.3375 0.00109005
9 0.609277 0.528906 0.481445 0.321875 0.86084
24 0.60791 0.521191 0.485742 0.338867 0.0535889
16 0.60791 0.521191 0.485742 0.338867 0.0231476
6 0.608594 0.521973 0.485938 0.332617 0.014061
18 0.60791 0.521191 0.485742 0.338867 0.00344276
3 0.607715 0.523828 0.487695 0.332031 0.00121593
2 0.60791 0.521191 0.485742 0.338867 0.00104046
9 0.608984 0.529297 0.482031 0.314063 0.823242
24 0.607422 0.524316 0.485156 0.32793 0.0492249
16 0.607422 0.524316 0.485156 0.32793 0.0222931
6 0.608496 0.523438 0.486133 0.323438 0.0133743
18 0.607422 0.524316 0.485156 0.32793 0.00561905
3 0.607129 0.523438 0.488867 0.325 0.00140476
11 0.607129 0.523438 0.488867 0.325 0.00107288
2 0.607422 0.524316 0.485156 0.32793 0.00105667
9 0.606348 0.528125 0.485742 0.321875 0.831055
24 0.608203 0.525391 0.483594 0.328906 0.058136
16 0.608203 0.525391 0.483594 0.328906 0.0247955
6 0.609375 0.525 0.482812 0.324219 0.0115051
18 0.608203 0.525391 0.483594 0.328906 0.00674438
3 0.608203 0.524902 0.485156 0.325195 0.00130463
2 0.608203 0.525391 0.483594 0.328906 0.00117397
9 0.610254 0.530078 0.482617 0.314063 0.819824
24 0.60791 0.527246 0.485742 0.323633 0.0512695
16 0.60791 0.527246 0.485742 0.323633 0.0267639
6 0.608984 0.525879 0.485156 0.32168 0.0111618
18 0.60791 0.527246 0.485742 0.323633 0.00679779
3 0.608203 0.524902 0.486719 0.32207 0.00138855
2 0.60791 0.527246 0.485742 0.323633 0.00123024
9 0.609766 0.52959 0.482031 0.314258 0.806641
24 0.608496 0.527246 0.48457 0.323633 0.0512695
16 0.608496 0.527246 0.48457 0.323633 0.0249939
6 0.610059 0.525098 0.48457 0.32168 0.0106125
18 0.608496 0.527246 0.48457 0.323633 0.00614548
3 0.608594 0.524902 0.485938 0.32207 0.00144386
11 0.608594 0.524902 0.485938 0.32207 0.0012064
2 0.608496 0.527246 0.48457 0.323633 0.00119686
9 0.610059 0.52959 0.483008 0.314258 0.805664
24 0.608203 0.527246 0.485156 0.32207 0.0507202
16 0.608203 0.527246 0.485156 0.32207 0.0237732
6 0.609766 0.525 0.483594 0.321094 0.0109482
18 0.608203 0.527246 0.485156 0.32207 0.00626373
3 0.608594 0.524609 0.485938 0.322656 0.00157356
11 0.608594 0.524609 0.485938 0.322656 0.00139904
2 0.608203 0.527246 0.485156 0.32207 0.0011425
9 0.609766 0.529297 0.483594 0.317969 0.813965
24 0.608594 0.525684 0.485938 0.326758 0.0505066
16 0.608594 0.525684 0.485938 0.326758 0.0236053
6 0.610254 0.525 0.485742 0.325 0.0120087
18 0.608594 0.525684 0.485938 0.326758 0.00559998
3 0.608594 0.524609 0.4875 0.326562 0.00148964
11 0.608594 0.524609 0.4875 0.326562 0.00130463
2 0.608594 0.525684 0.485938 0.326758 0.00115585
9 0.610156 0.529688 0.482812 0.315625 0.816406
24 0.608594 0.527441 0.484375 0.32168 0.0509033
16 0.608594 0.527441 0.484375 0.32168 0.0229797
6 0.610156 0.525684 0.482812 0.320508 0.012146
18 0.608594 0.527441 0.484375 0.32168 0.00658798
3 0.608691 0.524902 0.485742 0.323633 0.00143814
11 0.608691 0.524902 0.485742 0.323633 0.0012207
2 0.608594 0.527441 0.484375 0.32168 0.00119686
9 0.610547 0.529688 0.482031 0.314844 0.806641
24 0.608984 0.528125 0.483594 0.319531 0.0538025
16 0.608984 0.528125 0.483594 0.319531 0.0225372
6 0.610547 0.526172 0.482031 0.319531 0.0127716
18 0.608984 0.528125 0.483594 0.319531 0.00717545
3 0.609277 0.525 0.48457 0.322656 0.00152493
11 0.609277 0.525 0.48457 0.322656 0.00126934
2 0.608984 0.528125 0.483594 0.319531 0.00118828
9 0.610547 0.52959 0.482031 0.314258 0.813965
24 0.609375 0.527344 0.482812 0.320312 0.0568542
16 0.609375 0.527344 0.482812 0.320312 0.02211
6 0.610547 0.525391 0.482031 0.320312 0.012825
18 0.609375 0.527344 0.482812 0.320312 0.00638962
3 0.609375 0.524609 0.484375 0.323438 0.0015192
11 0.609375 0.524609 0.484375 0.323438 0.00129986
2 0.609375 0.527344 0.482812 0.320312 0.00109863
9 0.610938 0.529688 0.48125 0.315625 0.806641
24 0.609375 0.526563 0.482812 0.321875 0.0564575
16 0.609375 0.526563 0.482812 0.321875 0.0217743
6 0.610938 0.525 0.48125 0.321875 0.0146179
18 0.609375 0.526563 0.482812 0.321875 0.00616837
3 0.609766 0.524609 0.483594 0.324219 0.00168133
11 0.609766 0.524609 0.483594 0.324219 0.00133514
2 0.607813 0.528223 0.484375 0.320117 0.00107765
9 0.610938 0.529785 0.48125 0.31543 0.799316
24 0.609375 0.527246 0.482812 0.320508 0.0552063
16 0.609375 0.527246 0.482812 0.320508 0.0208893
6 0.610938 0.525391 0.48125 0.320312 0.0145035
18 0.609375 0.527246 0.482812 0.320508 0.00653839
3 0.609766 0.525 0.483594 0.323438 0.00167465
11 0.609766 0.525 0.483594 0.323438 0.00128937
2 0.607813 0.528516 0.484375 0.31875 0.00104046
9 0.610547 0.529297 0.482031 0.316406 0.810547
24 0.608984 0.52666 0.483594 0.323242 0.0560303
16 0.608984 0.52666 0.483594 0.323242 0.0215302
6 0.610547 0.525 0.482031 0.321875 0.0137939
18 0.608984 0.52666 0.483594 0.323242 0.00591278
3 0.609375 0.524609 0.484375 0.325 0.00154305
11 0.609375 0.524609 0.484375 0.325 0.00123024
9 0.610156 0.529688 0.482812 0.315625 0.817383
24 0.608984 0.527344 0.485156 0.321875 0.0510864
16 0.608984 0.527344 0.485156 0.321875 0.0229797
6 0.610156 0.525684 0.482812 0.320508 0.012146
18 0.608984 0.527344 0.485156 0.321875 0.00656509
3 0.608594 0.524902 0.485938 0.323633 0.00143242
11 0.608594 0.524902 0.485938 0.323633 0.00121593
2 0.608984 0.527344 0.485156 0.321875 0.00119686
