11 0.486816 0.352148 0.737305 0.440234 0.00521851
19 0.462891 0.345508 0.294531 0.371484 0.00270462
11 0.389941 0.343945 0.504492 0.446484 0.00269318
5 0.470313 0.301758 0.7375 0.529297 0.00235939
14 0.486816 0.352148 0.737305 0.440234 0.00214958
19 0.645312 0.802539 0.303125 0.394922 0.00188923
9 0.473535 0.317969 0.757617 0.495313 0.00183868
9 0.388672 0.343359 0.545313 0.442969 0.00176811
11 0.538672 0.283984 0.811719 0.567969 0.00176144
11 0.497559 0.708984 0.798633 0.582031 0.00157928
2 0.486816 0.352148 0.737305 0.440234 0.00142097
4 0.388672 0.343359 0.545313 0.442969 0.00142097
11 0.561719 0.444531 0.876563 0.84375 0.00133038
11 0.679785 0.679199 0.64043 0.641602 0.00126457
3 0.500391 0.350977 0.761719 0.437109 0.00124454
4 0.470313 0.301758 0.7375 0.529297 0.00124454
7 0.470313 0.301758 0.7375 0.529297 0.00124454
5 0.388672 0.343359 0.545313 0.442969 0.00112057
19 0.639844 0.727734 0.295312 0.400781 0.00108147
10 0.473535 0.317969 0.757617 0.495313 0.00107288
11 0.452344 0.672656 0.898438 0.654688 0.00102425
20 0.486816 0.352148 0.737305 0.440234 0.00102043
22 0.557422 0.719531 0.522656 0.560938 0.963867
17 0.556348 0.736328 0.524805 0.527344 0.955078
17 0.541016 0.700977 0.602344 0.598047 0.897461
22 0.640234 0.739844 0.410156 0.520312 0.895508
22 0.534277 0.684277 0.606445 0.631445 0.790527
17 0.417578 0.517578 0.548438 0.625781 0.78418
17 0.512891 0.645606 0.553906 0.708789 0.775879
22 0.417578 0.517578 0.548438 0.625781 0.759277
22 0.434375 0.505859 0.653125 0.810156 0.710449
17 0.434375 0.505859 0.653125 0.810156 0.70752
22 0.515625 0.609473 0.523438 0.731055 0.649414
17 0.552734 0.691016 0.755469 0.617969 0.629883
20 0.436621 0.489941 0.65332 0.704492 0.622559
17 0.640234 0.739844 0.410156 0.520312 0.605957
22 0.579004 0.73125 0.682617 0.5375 0.533203
20 0.542969 0.712695 0.604688 0.574609 0.482422
17 0.346094 0.685352 0.692187 0.629297 0.434082
22 0.346094 0.685352 0.692187 0.629297 0.377441
3 0.556348 0.736328 0.524805 0.527344 0.354004
22 0.621094 0.639453 0.48125 0.721094 0.297363
17 0.518652 0.585938 0.781445 0.828125 0.282227
17 0.64375 0.345703 0.7125 0.691406 0.276611
17 0.318555 0.726953 0.589453 0.546094 0.255371
3 0.541016 0.700977 0.602344 0.598047 0.250244
14 0.413672 0.425781 0.711719 0.839063 0.248047
20 0.556934 0.750586 0.525195 0.498828 0.234375
14 0.361719 0.481934 0.53125 0.525195 0.223389
17 0.549609 0.289844 0.807031 0.579688 0.222046
11 0.460156 0.489844 0.709375 0.854688 0.215332
22 0.318555 0.726953 0.589453 0.546094 0.209473
22 0.64375 0.345703 0.7125 0.691406 0.196777
17 0.361719 0.481934 0.53125 0.525195 0.196777
3 0.436621 0.489941 0.65332 0.704492 0.194336
17 0.267188 0.660937 0.534375 0.678125 0.190674
22 0.489844 0.6875 0.821875 0.625 0.190063
1 0.542969 0.712695 0.604688 0.574609 0.179565
20 0.361719 0.481934 0.53125 0.525195 0.177246
22 0.518652 0.585938 0.781445 0.828125 0.173828
20 0.552734 0.691016 0.755469 0.617969 0.171631
20 0.346094 0.685352 0.692187 0.629297 0.160278
20 0.474902 0.560156 0.762695 0.879687 0.15979
14 0.542969 0.712695 0.604688 0.574609 0.150024
22 0.668359 0.595703 0.663281 0.808594 0.13208
11 0.579004 0.73125 0.682617 0.5375 0.130249
20 0.489063 0.614453 0.609375 0.771094 0.128052
22 0.549609 0.289844 0.807031 0.579688 0.125122
14 0.552734 0.691016 0.755469 0.617969 0.117188
19 0.651563 0.80293 0.309375 0.394141 0.11438
3 0.512891 0.645606 0.553906 0.708789 0.107056
22 0.563379 0.553906 0.58418 0.892188 0.0980835
22 0.364844 0.613281 0.729688 0.773438 0.0953369
10 0.542969 0.712695 0.604688 0.574609 0.0939941
1 0.556934 0.750586 0.525195 0.498828 0.092041
21 0.65 0.791992 0.303125 0.416016 0.0907593
14 0.556934 0.750586 0.525195 0.498828 0.0888062
3 0.640234 0.739844 0.410156 0.520312 0.0872803
22 0.424902 0.412109 0.51582 0.824219 0.0866089
3 0.552734 0.691016 0.755469 0.617969 0.0856934
17 0.424902 0.412109 0.51582 0.824219 0.0841675
25 0.556348 0.736328 0.524805 0.527344 0.0838623
22 0.361719 0.481934 0.53125 0.525195 0.081543
5 0.419922 0.476562 0.707031 0.86875 0.0812378
14 0.417578 0.517578 0.548438 0.625781 0.0809326
17 0.364844 0.613281 0.729688 0.773438 0.0797729
22 0.267188 0.660937 0.534375 0.678125 0.0792236
14 0.463281 0.54375 0.746875 0.859375 0.0786133
17 0.433594 0.639063 0.820312 0.721875 0.0772095
3 0.38125 0.471094 0.494531 0.507812 0.0766602
13 0.557813 0.714258 0.760938 0.571484 0.0736694
11 0.556934 0.750586 0.525195 0.498828 0.0720825
17 0.621094 0.639453 0.48125 0.721094 0.0710449
22 0.684375 0.728125 0.582812 0.54375 0.0700684
17 0.445215 0.260547 0.79082 0.521094 0.0680542
20 0.318555 0.726953 0.589453 0.546094 0.0673218
14 0.346094 0.685352 0.692187 0.629297 0.0648804
25 0.38125 0.471094 0.494531 0.507812 0.0646362
1 0.552734 0.691016 0.755469 0.617969 0.0623169
13 0.460156 0.489844 0.709375 0.854688 0.0618896
17 0.690625 0.402344 0.61875 0.804688 0.0609741
1 0.499316 0.621094 0.641992 0.757812 0.0598755
20 0.565723 0.673438 0.495117 0.653125 0.0549927
3 0.334766 0.695312 0.669531 0.609375 0.0534058
20 0.597266 0.320508 0.805469 0.641016 0.053009
22 0.690625 0.402344 0.61875 0.804688 0.0520325
8 0.542969 0.712695 0.604688 0.574609 0.0514526
22 0.58125 0.762695 0.657813 0.474609 0.0501404
22 0.613672 0.470313 0.772656 0.940625 0.0488586
14 0.341406 0.433984 0.4625 0.416406 0.0484924
25 0.436621 0.489941 0.65332 0.704492 0.0483093
17 0.717578 0.486719 0.564844 0.934375 0.0474243
11 0.334766 0.708203 0.669531 0.583594 0.0465393
17 0.563379 0.553906 0.58418 0.892188 0.0458679
17 0.317969 0.564453 0.635938 0.871094 0.0427246
17 0.668359 0.595703 0.663281 0.808594 0.0414734
20 0.644141 0.376563 0.711719 0.753125 0.0413208
14 0.499316 0.621094 0.641992 0.757812 0.0408325
17 0.486816 0.74707 0.793555 0.505859 0.0406799
21 0.638281 0.720703 0.295312 0.446094 0.0399475
10 0.552734 0.691016 0.755469 0.617969 0.0391846
14 0.501563 0.290625 0.80625 0.58125 0.0389099
20 0.640234 0.739844 0.410156 0.520312 0.0386047
22 0.576172 0.738477 0.847656 0.523047 0.0384521
11 0.373437 0.428906 0.6875 0.835938 0.0379028
20 0.535156 0.607031 0.801562 0.785937 0.0377502
13 0.334766 0.708203 0.669531 0.583594 0.0352783
1 0.318555 0.726953 0.589453 0.546094 0.0351562
22 0.71875 0.533594 0.5625 0.932813 0.0348816
17 0.525781 0.367773 0.876563 0.735547 0.0343628
17 0.347656 0.65625 0.623438 0.63125 0.033844
14 0.267188 0.660937 0.534375 0.678125 0.0333252
20 0.459375 0.291406 0.820312 0.582812 0.0328369
20 0.267188 0.660937 0.534375 0.678125 0.0319824
17 0.592969 0.436719 0.814063 0.873438 0.0311432
19 0.642188 0.739844 0.289062 0.439063 0.0307922
14 0.299219 0.7125 0.598437 0.575 0.0307922
14 0.64375 0.345703 0.7125 0.691406 0.0305634
24 0.460156 0.489844 0.709375 0.854688 0.0297546
1 0.597266 0.320508 0.805469 0.641016 0.0297089
14 0.332031 0.454297 0.664062 0.703906 0.0289764
8 0.552734 0.691016 0.755469 0.617969 0.0289764
22 0.445215 0.260547 0.79082 0.521094 0.0266571
13 0.373437 0.428906 0.6875 0.835938 0.0263519
11 0.534277 0.684277 0.606445 0.631445 0.0263519
1 0.644141 0.376563 0.711719 0.753125 0.0263062
0 0.38125 0.471094 0.494531 0.507812 0.0261536
1 0.417578 0.517578 0.548438 0.625781 0.026062
3 0.597266 0.320508 0.805469 0.641016 0.0256653
22 0.525781 0.367773 0.876563 0.735547 0.0256653
11 0.361719 0.481934 0.53125 0.525195 0.0255585
21 0.626563 0.653125 0.31875 0.445312 0.0252686
11 0.417578 0.517578 0.548438 0.625781 0.0249939
20 0.364844 0.613281 0.729688 0.773438 0.0249939
17 0.341406 0.433984 0.4625 0.416406 0.0248871
3 0.48916 0.580078 0.73418 0.839844 0.0247955
1 0.334766 0.695312 0.669531 0.609375 0.0245209
3 0.318555 0.726953 0.589453 0.546094 0.0245209
13 0.58125 0.762695 0.657813 0.474609 0.0245209
13 0.537109 0.650391 0.719531 0.699219 0.024231
17 0.736719 0.553906 0.526563 0.879687 0.0239563
14 0.565723 0.673438 0.495117 0.653125 0.0234222
17 0.641309 0.707227 0.573633 0.585547 0.0232391
25 0.640234 0.739844 0.410156 0.520312 0.0231476
8 0.556934 0.750586 0.525195 0.498828 0.0230713
8 0.436621 0.489941 0.65332 0.704492 0.0228882
13 0.361719 0.481934 0.53125 0.525195 0.0226288
13 0.417578 0.517578 0.548438 0.625781 0.0225372
9 0.460156 0.489844 0.709375 0.854688 0.021698
1 0.459375 0.291406 0.820312 0.582812 0.0215759
14 0.488281 0.608984 0.820312 0.782031 0.021286
3 0.362109 0.489844 0.658594 0.55 0.0211182
3 0.644141 0.376563 0.711719 0.753125 0.0208893
22 0.347656 0.65625 0.623438 0.63125 0.0206451
13 0.542969 0.712695 0.604688 0.574609 0.0204163
10 0.436621 0.489941 0.65332 0.704492 0.0199432
1 0.416797 0.665625 0.788281 0.66875 0.0199432
22 0.308984 0.541406 0.617969 0.860938 0.0198669
25 0.541016 0.700977 0.602344 0.598047 0.0197144
8 0.499316 0.621094 0.641992 0.757812 0.0194244
1 0.434375 0.505859 0.653125 0.810156 0.0192719
20 0.433594 0.639063 0.820312 0.721875 0.0191193
16 0.413672 0.425781 0.711719 0.839063 0.0189056
17 0.625 0.507812 0.75 0.95 0.018692
17 0.404687 0.334375 0.809375 0.66875 0.0184021
22 0.736719 0.553906 0.526563 0.879687 0.0181274
13 0.55625 0.321875 0.821875 0.64375 0.0175781
14 0.474316 0.528125 0.532617 0.75625 0.0175171
1 0.488281 0.608984 0.820312 0.782031 0.0174408
0 0.556348 0.736328 0.524805 0.527344 0.0168457
13 0.619922 0.377734 0.760156 0.755469 0.0166626
22 0.341406 0.433984 0.4625 0.416406 0.0166626
25 0.515625 0.609473 0.523438 0.731055 0.0166626
20 0.332031 0.454297 0.664062 0.703906 0.0163422
14 0.637109 0.756641 0.408594 0.486719 0.0158997
9 0.541016 0.700977 0.602344 0.598047 0.0157166
19 0.6875 0.833203 0.395313 0.333594 0.0156021
10 0.499316 0.621094 0.641992 0.757812 0.0154266
2 0.556348 0.736328 0.524805 0.527344 0.0147324
20 0.424902 0.412109 0.51582 0.824219 0.014389
14 0.424902 0.412109 0.51582 0.824219 0.0142822
22 0.723437 0.304102 0.553125 0.608203 0.0140076
17 0.332031 0.454297 0.664062 0.703906 0.0140076
25 0.346094 0.685352 0.692187 0.629297 0.0139542
20 0.486816 0.74707 0.793555 0.505859 0.0139542
0 0.436621 0.489941 0.65332 0.704492 0.0138474
3 0.621094 0.639453 0.48125 0.721094 0.0137939
8 0.361719 0.481934 0.53125 0.525195 0.0137405
2 0.361719 0.481934 0.53125 0.525195 0.013588
1 0.693555 0.450781 0.612891 0.901563 0.013588
3 0.459375 0.291406 0.820312 0.582812 0.0135345
3 0.364844 0.613281 0.729688 0.773438 0.0134277
14 0.364844 0.613281 0.729688 0.773438 0.0134277
3 0.267188 0.660937 0.534375 0.678125 0.0133743
1 0.486816 0.74707 0.793555 0.505859 0.0133286
20 0.347656 0.65625 0.623438 0.63125 0.0132751
8 0.55625 0.321875 0.821875 0.64375 0.0132217
13 0.484375 0.582031 0.807813 0.835938 0.0132217
1 0.485938 0.376758 0.890625 0.753516 0.0131226
17 0.329492 0.445312 0.658984 0.890625 0.0131226
16 0.361719 0.481934 0.53125 0.525195 0.0130692
10 0.556934 0.750586 0.525195 0.498828 0.012825
25 0.421484 0.557813 0.761719 0.879687 0.0122375
1 0.336719 0.621875 0.673438 0.75625 0.012146
10 0.361719 0.481934 0.53125 0.525195 0.011734
22 0.404687 0.334375 0.809375 0.66875 0.0116882
17 0.723437 0.304102 0.553125 0.608203 0.0116882
5 0.557813 0.714258 0.760938 0.571484 0.0115509
13 0.391406 0.626563 0.782813 0.746875 0.0115051
2 0.436621 0.489941 0.65332 0.704492 0.0113297
1 0.347656 0.65625 0.623438 0.63125 0.0113297
11 0.518652 0.585938 0.781445 0.828125 0.0112457
25 0.341406 0.433984 0.4625 0.416406 0.011116
14 0.358203 0.745313 0.716406 0.509375 0.0108566
1 0.378906 0.329297 0.757812 0.658594 0.0108185
16 0.417578 0.517578 0.548438 0.625781 0.0108185
13 0.567578 0.774805 0.497656 0.450391 0.0106506
13 0.416406 0.292188 0.832812 0.584375 0.0105667
3 0.371094 0.735938 0.742188 0.528125 0.0104065
8 0.644141 0.376563 0.711719 0.753125 0.0102463
13 0.289062 0.679688 0.578125 0.640625 0.0102463
1 0.371094 0.735938 0.742188 0.528125 0.0102463
13 0.489063 0.614453 0.609375 0.771094 0.01017
16 0.567578 0.774805 0.497656 0.450391 0.0101318
1 0.335352 0.458594 0.670703 0.898438 0.00985718
11 0.489063 0.614453 0.609375 0.771094 0.00963593
13 0.332031 0.454297 0.664062 0.703906 0.00955963
8 0.314063 0.68418 0.628125 0.631641 0.00948334
3 0.489844 0.635938 0.823438 0.728125 0.00945282
14 0.693555 0.450781 0.612891 0.901563 0.00941467
20 0.693555 0.450781 0.612891 0.901563 0.00930023
10 0.314063 0.68418 0.628125 0.631641 0.00930023
1 0.267188 0.660937 0.534375 0.678125 0.00926971
17 0.694531 0.282227 0.610938 0.564453 0.00923157
22 0.737109 0.417188 0.525781 0.834375 0.00919342
0 0.541016 0.700977 0.602344 0.598047 0.00919342
2 0.541016 0.700977 0.602344 0.598047 0.00919342
17 0.351953 0.291016 0.703906 0.582031 0.0091629
14 0.382812 0.259766 0.765625 0.519531 0.00905609
20 0.485938 0.376758 0.890625 0.753516 0.00898743
17 0.737109 0.417188 0.525781 0.834375 0.00898743
1 0.26875 0.719141 0.5375 0.561719 0.0088501
14 0.594141 0.415625 0.811719 0.83125 0.00878143
13 0.651563 0.80293 0.309375 0.394141 0.00874329
3 0.341406 0.433984 0.4625 0.416406 0.0086441
0 0.362109 0.489844 0.658594 0.55 0.00861359
11 0.574219 0.707812 0.848437 0.584375 0.00861359
13 0.637109 0.756641 0.408594 0.486719 0.00861359
14 0.322266 0.361914 0.502344 0.723828 0.00857544
1 0.69668 0.560156 0.606641 0.879687 0.00854492
13 0.311133 0.756836 0.582422 0.486328 0.0085144
8 0.358203 0.745313 0.716406 0.509375 0.00834656
0 0.341406 0.433984 0.4625 0.416406 0.00831604
3 0.466406 0.467578 0.521094 0.866406 0.00831604
11 0.637109 0.756641 0.408594 0.486719 0.00831604
17 0.481641 0.221484 0.758594 0.442969 0.008255
3 0.668359 0.595703 0.663281 0.808594 0.00812531
19 0.626563 0.653125 0.31875 0.445312 0.00803375
14 0.525781 0.367773 0.876563 0.735547 0.00800323
3 0.486816 0.74707 0.793555 0.505859 0.00800323
1 0.565723 0.673438 0.495117 0.653125 0.00793457
22 0.332031 0.454297 0.664062 0.703906 0.00790405
25 0.267188 0.660937 0.534375 0.678125 0.00790405
11 0.55625 0.321875 0.821875 0.64375 0.00787354
16 0.341406 0.433984 0.4625 0.416406 0.00787354
20 0.592969 0.436719 0.814063 0.873438 0.0077858
14 0.576172 0.738477 0.847656 0.523047 0.00769424
22 0.694531 0.282227 0.610938 0.564453 0.00763702
17 0.325391 0.784375 0.55 0.43125 0.00763702
3 0.684375 0.728125 0.582812 0.54375 0.00760651
17 0.30957 0.635938 0.619141 0.728125 0.00751877
0 0.348438 0.685938 0.696875 0.628125 0.00751877
25 0.362109 0.489844 0.658594 0.55 0.00743103
21 0.6875 0.833203 0.395313 0.333594 0.00740433
13 0.613672 0.470313 0.772656 0.940625 0.00740433
13 0.565723 0.673438 0.495117 0.653125 0.00740433
1 0.361719 0.481934 0.53125 0.525195 0.00734711
1 0.592969 0.436719 0.814063 0.873438 0.00734711
5 0.58125 0.762695 0.657813 0.474609 0.00734711
11 0.364844 0.613281 0.729688 0.773438 0.00720596
16 0.58125 0.762695 0.657813 0.474609 0.00717545
11 0.609375 0.803125 0.417188 0.39375 0.00717545
1 0.424902 0.412109 0.51582 0.824219 0.00712204
14 0.347656 0.65625 0.623438 0.63125 0.00709534
1 0.637109 0.756641 0.408594 0.486719 0.00706482
20 0.341406 0.433984 0.4625 0.416406 0.00698471
22 0.325391 0.784375 0.55 0.43125 0.00698471
17 0.359375 0.763281 0.71875 0.473438 0.0069046
13 0.381152 0.390625 0.51582 0.78125 0.0068512
11 0.644141 0.376563 0.711719 0.753125 0.00679779
22 0.424902 0.778906 0.617383 0.442188 0.00679779
1 0.736719 0.553906 0.526563 0.879687 0.00669098
13 0.341406 0.433984 0.4625 0.416406 0.00664139
0 0.424902 0.412109 0.51582 0.824219 0.00658798
2 0.512891 0.645606 0.553906 0.708789 0.00653839
1 0.713672 0.4 0.572656 0.8 0.0064888
10 0.359375 0.719531 0.71875 0.560938 0.00643921
13 0.653516 0.563672 0.692969 0.872656 0.00641251
0 0.552734 0.691016 0.755469 0.617969 0.00636292
22 0.351953 0.291016 0.703906 0.582031 0.00634003
20 0.510254 0.522656 0.512305 0.879687 0.00631332
9 0.58125 0.762695 0.657813 0.474609 0.00631332
19 0.66875 0.810938 0.346875 0.378125 0.0262604
22 0.38125 0.697266 0.510156 0.605469 0.021698
1 0.38125 0.697266 0.510156 0.605469 0.0185394
17 0.371875 0.741602 0.494531 0.516797 0.0155411
21 0.635156 0.672656 0.31875 0.395313 0.0145035
21 0.6625 0.759766 0.33125 0.417969 0.0101318
20 0.368359 0.684863 0.517969 0.630273 0.0091629
3 0.38125 0.697266 0.510156 0.605469 0.00793457
19 0.646875 0.688281 0.315625 0.395313 0.00748825
21 0.431348 0.811719 0.370117 0.36875 0.00746155
19 0.6625 0.759766 0.33125 0.417969 0.00731659
16 0.674609 0.823438 0.342969 0.353125 0.00731659
21 0.671875 0.814063 0.371875 0.371875 0.00701141
2 0.348438 0.388281 0.635156 0.357812 0.006073
12 0.344531 0.706641 0.578125 0.586719 0.00526047
4 0.368359 0.684863 0.517969 0.630273 0.00503922
21 0.600391 0.608594 0.310156 0.395313 0.00498199
0 0.348438 0.388281 0.635156 0.357812 0.00475693
16 0.348438 0.388281 0.635156 0.357812 0.00473785
11 0.38125 0.697266 0.510156 0.605469 0.00446701
4 0.377734 0.374609 0.692187 0.514844 0.00426483
4 0.348438 0.388281 0.635156 0.357812 0.0042305
0 0.371875 0.741602 0.494531 0.516797 0.00408554
19 0.431348 0.811719 0.370117 0.36875 0.00391388
11 0.348438 0.388281 0.635156 0.357812 0.00388527
2 0.371875 0.741602 0.494531 0.516797 0.00376511
11 0.377734 0.374609 0.692187 0.514844 0.00370789
1 0.401172 0.684863 0.642969 0.630273 0.00366402
14 0.368359 0.684863 0.517969 0.630273 0.00342941
14 0.348438 0.388281 0.635156 0.357812 0.00329781
16 0.377734 0.374609 0.692187 0.514844 0.00314713
11 0.452441 0.362305 0.74043 0.700391 0.00309944
9 0.38125 0.697266 0.510156 0.605469 0.00302696
8 0.371875 0.741602 0.494531 0.516797 0.00298119
18 0.348438 0.388281 0.635156 0.357812 0.00275803
19 0.6125 0.629687 0.309375 0.392188 0.00261116
4 0.452441 0.362305 0.74043 0.700391 0.00251198
24 0.377734 0.374609 0.692187 0.514844 0.00235939
6 0.377734 0.374609 0.692187 0.514844 0.00233269
13 0.344531 0.706641 0.578125 0.586719 0.00224304
19 0.577344 0.544531 0.321875 0.375 0.00216484
19 0.869141 0.830469 0.261719 0.339063 0.00214005
16 0.452441 0.362305 0.74043 0.700391 0.00212479
7 0.348438 0.388281 0.635156 0.357812 0.00204277
7 0.377734 0.374609 0.692187 0.514844 0.00203514
13 0.658594 0.735156 0.320312 0.407813 0.00197983
21 0.577344 0.544531 0.321875 0.375 0.00196457
25 0.348438 0.388281 0.635156 0.357812 0.00194168
11 0.401172 0.684863 0.642969 0.630273 0.00191879
2 0.377734 0.374609 0.692187 0.514844 0.00189686
14 0.377734 0.374609 0.692187 0.514844 0.00186729
6 0.452441 0.362305 0.74043 0.700391 0.00178242
3 0.348438 0.388281 0.635156 0.357812 0.00176811
5 0.368359 0.684863 0.517969 0.630273 0.00176811
12 0.348438 0.388281 0.635156 0.357812 0.00171375
12 0.376172 0.734375 0.728906 0.53125 0.0017004
16 0.38125 0.697266 0.510156 0.605469 0.0016489
10 0.368359 0.684863 0.517969 0.630273 0.00161648
0 0.452441 0.362305 0.74043 0.700391 0.00161076
6 0.363281 0.428516 0.611719 0.689844 0.00159168
22 0.401172 0.684863 0.642969 0.630273 0.00156116
4 0.363281 0.428516 0.611719 0.689844 0.00155449
25 0.371875 0.741602 0.494531 0.516797 0.00155449
20 0.348438 0.388281 0.635156 0.357812 0.00154877
12 0.452441 0.362305 0.74043 0.700391 0.00153065
17 0.401172 0.684863 0.642969 0.630273 0.00153065
13 0.626563 0.656641 0.304688 0.394531 0.0015192
0 0.377734 0.374609 0.692187 0.514844 0.00151253
20 0.377734 0.374609 0.692187 0.514844 0.00151253
9 0.377734 0.374609 0.692187 0.514844 0.00150108
12 0.377734 0.374609 0.692187 0.514844 0.00150108
13 0.671875 0.814063 0.371875 0.371875 0.00147247
12 0.496191 0.703516 0.788867 0.592969 0.00145531
13 0.377734 0.374609 0.692187 0.514844 0.00143242
23 0.348438 0.388281 0.635156 0.357812 0.00142097
2 0.452441 0.362305 0.74043 0.700391 0.00139904
6 0.278906 0.388672 0.536719 0.357812 0.00138283
12 0.366797 0.752148 0.471094 0.495703 0.00138283
12 0.612598 0.751758 0.59043 0.496484 0.00134087
7 0.452441 0.362305 0.74043 0.700391 0.00133514
14 0.452441 0.362305 0.74043 0.700391 0.00133514
15 0.348438 0.388281 0.635156 0.357812 0.00133038
21 0.370703 0.722656 0.501563 0.554688 0.00132465
16 0.647266 0.85625 0.280469 0.2875 0.00130939
24 0.278906 0.388672 0.536719 0.357812 0.00125504
1 0.651953 0.73125 0.303906 0.5375 0.00124931
19 0.320264 0.373828 0.359473 0.342969 0.00123501
24 0.452441 0.362305 0.74043 0.700391 0.00123501
15 0.377734 0.374609 0.692187 0.514844 0.00119686
12 0.381348 0.501465 0.62793 0.72207 0.00119686
12 0.517188 0.630078 0.645312 0.739844 0.00119686
17 0.396973 0.387109 0.632617 0.409375 0.00116062
16 0.477344 0.411719 0.380469 0.307813 0.00115585
12 0.648828 0.74375 0.324219 0.5125 0.00115585
25 0.377734 0.374609 0.692187 0.514844 0.00115108
23 0.377734 0.374609 0.692187 0.514844 0.00113773
12 0.446875 0.587109 0.70625 0.825781 0.00113773
13 0.452441 0.362305 0.74043 0.700391 0.00113392
12 0.354492 0.633984 0.533203 0.710156 0.00113392
19 0.482812 0.39375 0.329688 0.328125 0.00112057
16 0.363281 0.428516 0.611719 0.689844 0.00112057
1 0.635254 0.704688 0.563867 0.590625 0.00111198
12 0.275586 0.385156 0.551172 0.416406 0.00109863
12 0.570703 0.518652 0.578906 0.743945 0.00109863
13 0.376172 0.734375 0.728906 0.53125 0.00109863
13 0.278906 0.388672 0.536719 0.357812 0.00109482
24 0.368359 0.684863 0.517969 0.630273 0.00109005
17 0.324609 0.396875 0.550781 0.353906 0.00108147
1 0.396973 0.387109 0.632617 0.409375 0.00106907
1 0.324609 0.396875 0.550781 0.353906 0.00106525
4 0.384766 0.709375 0.696094 0.58125 0.00106525
5 0.377734 0.374609 0.692187 0.514844 0.00106049
12 0.613281 0.690625 0.428125 0.61875 0.00105286
15 0.452441 0.362305 0.74043 0.700391 0.00104809
1 0.354492 0.633984 0.533203 0.710156 0.00103188
1 0.362891 0.480859 0.564844 0.688281 0.00102425
24 0.363281 0.428516 0.611719 0.689844 0.00102043
12 0.169336 0.75625 0.338672 0.4875 0.00100422
19 0.655469 0.793359 0.3 0.413281 0.0863037
19 0.64375 0.708594 0.273438 0.3875 0.0585632
21 0.638281 0.686328 0.278125 0.383594 0.0469055
18 0.360938 0.391504 0.442969 0.341992 0.0401001
21 0.655469 0.793359 0.3 0.413281 0.0389099
19 0.63125 0.633984 0.251563 0.364844 0.035675
24 0.364063 0.412109 0.451562 0.349219 0.0344849
24 0.413379 0.475781 0.573242 0.507812 0.0249939
16 0.360938 0.391504 0.442969 0.341992 0.0246124
16 0.383203 0.442285 0.504687 0.423242 0.0246124
11 0.383203 0.442285 0.504687 0.423242 0.0244293
9 0.364063 0.412109 0.451562 0.349219 0.0225372
1 0.655859 0.735156 0.332031 0.529688 0.0190887
2 0.360938 0.391504 0.442969 0.341992 0.0167847
14 0.360938 0.391504 0.442969 0.341992 0.0164032
6 0.413379 0.475781 0.573242 0.507812 0.0163422
23 0.364063 0.412109 0.451562 0.349219 0.0162201
9 0.413379 0.475781 0.573242 0.507812 0.0156021
6 0.357812 0.438672 0.436719 0.421094 0.0148392
18 0.383203 0.442285 0.504687 0.423242 0.0146713
21 0.621094 0.613281 0.265625 0.375 0.0142288
22 0.655859 0.735156 0.332031 0.529688 0.014061
4 0.364063 0.412109 0.451562 0.349219 0.0138474
17 0.655859 0.735156 0.332031 0.529688 0.0137405
21 0.357812 0.438672 0.436719 0.421094 0.0127258
20 0.357812 0.438672 0.436719 0.421094 0.0107803
14 0.383203 0.442285 0.504687 0.423242 0.0106506
20 0.413379 0.475781 0.573242 0.507812 0.0105667
13 0.653516 0.783008 0.294531 0.421484 0.01017
15 0.364063 0.412109 0.451562 0.349219 0.0100098
21 0.413379 0.475781 0.573242 0.507812 0.00959778
2 0.383203 0.442285 0.504687 0.423242 0.00955963
11 0.360938 0.391504 0.442969 0.341992 0.00912476
7 0.360938 0.391504 0.442969 0.341992 0.00881195
5 0.364063 0.412109 0.451562 0.349219 0.00867462
16 0.404687 0.518066 0.61875 0.607617 0.0086441
25 0.413379 0.475781 0.573242 0.507812 0.00834656
4 0.413379 0.475781 0.573242 0.507812 0.00796509
0 0.360938 0.391504 0.442969 0.341992 0.00737381
0 0.383203 0.442285 0.504687 0.423242 0.00734711
13 0.632422 0.666406 0.285156 0.379688 0.00701141
25 0.364063 0.412109 0.451562 0.349219 0.00695801
5 0.413379 0.475781 0.573242 0.507812 0.00638962
11 0.438965 0.536328 0.67832 0.658594 0.00636292
1 0.312109 0.683594 0.624219 0.632812 0.00614548
24 0.464844 0.516406 0.696875 0.609375 0.00584412
11 0.667188 0.748047 0.3375 0.503906 0.00568771
19 0.604297 0.595313 0.289844 0.390625 0.00559998
7 0.383203 0.442285 0.504687 0.423242 0.00547028
15 0.413379 0.475781 0.573242 0.507812 0.00530243
4 0.438965 0.536328 0.67832 0.658594 0.00519943
20 0.464844 0.516406 0.696875 0.609375 0.00518036
12 0.369531 0.405078 0.48125 0.36875 0.00502014
6 0.464844 0.516406 0.696875 0.609375 0.00498199
11 0.309766 0.711719 0.616406 0.576563 0.00439835
9 0.464844 0.516406 0.696875 0.609375 0.00428009
1 0.594141 0.603125 0.611719 0.79375 0.00426483
1 0.643359 0.654688 0.310156 0.6625 0.00419998
1 0.345313 0.712109 0.517969 0.575781 0.00415039
3 0.667188 0.748047 0.3375 0.503906 0.00413513
0 0.404687 0.518066 0.61875 0.607617 0.00388527
12 0.655859 0.735156 0.332031 0.529688 0.00374985
10 0.364063 0.412109 0.451562 0.349219 0.00366402
19 0.413379 0.475781 0.573242 0.507812 0.00362206
10 0.413379 0.475781 0.573242 0.507812 0.00358009
19 0.364063 0.412109 0.451562 0.349219 0.00348282
21 0.464844 0.516406 0.696875 0.609375 0.00348282
2 0.404687 0.518066 0.61875 0.607617 0.00340271
19 0.45625 0.37168 0.297656 0.401953 0.00338936
14 0.438965 0.536328 0.67832 0.658594 0.00332451
1 0.404687 0.518066 0.61875 0.607617 0.00331116
12 0.309766 0.711719 0.616406 0.576563 0.00329781
22 0.651953 0.841797 0.322656 0.316406 0.00329781
3 0.369531 0.405078 0.48125 0.36875 0.00317192
13 0.383203 0.442285 0.504687 0.423242 0.00314713
1 0.651953 0.841797 0.322656 0.316406 0.00313568
13 0.688281 0.713281 0.451562 0.573438 0.00307465
19 0.866016 0.170508 0.267969 0.341016 0.00299263
19 0.579297 0.535937 0.292969 0.402344 0.00298119
1 0.674219 0.666406 0.596875 0.667188 0.00291252
22 0.309766 0.711719 0.616406 0.576563 0.00288963
17 0.740625 0.719531 0.51875 0.560938 0.00287819
12 0.688281 0.713281 0.451562 0.573438 0.00286674
1 0.358984 0.401172 0.448438 0.317969 0.00277901
25 0.438965 0.536328 0.67832 0.658594 0.00277901
4 0.653125 0.787305 0.321875 0.425391 0.00274658
13 0.309766 0.711719 0.616406 0.576563 0.0027256
2 0.655859 0.735156 0.332031 0.529688 0.00271416
1 0.688281 0.713281 0.451562 0.573438 0.00269318
11 0.330078 0.792578 0.561719 0.414844 0.0026722
23 0.413379 0.475781 0.573242 0.507812 0.00261116
13 0.404687 0.518066 0.61875 0.607617 0.00260162
17 0.632812 0.589844 0.328125 0.665625 0.00257111
12 0.373242 0.449609 0.606641 0.536719 0.00255013
8 0.667188 0.748047 0.3375 0.503906 0.00255013
22 0.632812 0.589844 0.328125 0.665625 0.00253105
22 0.740625 0.719531 0.51875 0.560938 0.00251198
1 0.740625 0.719531 0.51875 0.560938 0.00250244
1 0.372656 0.398828 0.535937 0.382031 0.00247192
12 0.502344 0.577734 0.939063 0.844531 0.00245285
11 0.651953 0.841797 0.322656 0.316406 0.00243378
11 0.688281 0.713281 0.451562 0.573438 0.002388
12 0.740625 0.719531 0.51875 0.560938 0.00234222
20 0.309766 0.711719 0.616406 0.576563 0.00232315
11 0.373242 0.449609 0.606641 0.536719 0.00227928
15 0.464844 0.516406 0.696875 0.609375 0.00227928
12 0.674219 0.666406 0.596875 0.667188 0.00226021
22 0.357812 0.438672 0.436719 0.421094 0.00223351
5 0.464844 0.516406 0.696875 0.609375 0.00223351
12 0.53125 0.686133 0.857813 0.627734 0.00222588
14 0.312109 0.683594 0.624219 0.632812 0.00218201
5 0.664453 0.780859 0.333594 0.438281 0.00209999
13 0.360938 0.391504 0.442969 0.341992 0.00208282
18 0.404687 0.518066 0.61875 0.607617 0.00206757
12 0.594141 0.603125 0.611719 0.79375 0.00205803
4 0.670313 0.701953 0.351562 0.596094 0.00204277
14 0.373242 0.449609 0.606641 0.536719 0.00203514
1 0.467969 0.551172 0.754687 0.785156 0.00202751
13 0.655859 0.735156 0.332031 0.529688 0.00201988
17 0.309766 0.711719 0.616406 0.576563 0.00201035
16 0.653125 0.787305 0.321875 0.425391 0.00200272
20 0.655859 0.735156 0.332031 0.529688 0.00198746
22 0.464844 0.516406 0.696875 0.609375 0.00196457
10 0.438965 0.536328 0.67832 0.658594 0.00195694
4 0.320312 0.753906 0.582031 0.492188 0.00191879
17 0.61875 0.540527 0.521875 0.731445 0.00190449
13 0.674219 0.666406 0.596875 0.667188 0.00186062
12 0.725781 0.676562 0.548438 0.646875 0.00185299
14 0.320312 0.753906 0.582031 0.492188 0.00182438
0 0.655859 0.735156 0.332031 0.529688 0.0018177
6 0.651953 0.841797 0.322656 0.316406 0.00178909
13 0.604297 0.595313 0.289844 0.390625 0.00177479
25 0.655859 0.735156 0.332031 0.529688 0.00177479
14 0.655859 0.735156 0.332031 0.529688 0.00173378
22 0.563672 0.56709 0.635156 0.75957 0.0017271
22 0.413379 0.475781 0.573242 0.507812 0.00172043
19 0.287451 0.304688 0.316504 0.409375 0.00171375
3 0.404687 0.518066 0.61875 0.607617 0.00171375
10 0.667188 0.748047 0.3375 0.503906 0.00171375
12 0.330078 0.792578 0.561719 0.414844 0.00168705
21 0.585938 0.558984 0.2875 0.400781 0.00168133
17 0.404687 0.518066 0.61875 0.607617 0.00168133
3 0.309766 0.711719 0.616406 0.576563 0.0016489
12 0.298828 0.277148 0.597656 0.554297 0.00159168
13 0.330078 0.792578 0.561719 0.414844 0.00158501
7 0.404687 0.518066 0.61875 0.607617 0.00154877
13 0.472559 0.567578 0.768945 0.782031 0.00154877
12 0.467969 0.551172 0.754687 0.785156 0.00154877
11 0.783203 0.291797 0.433594 0.547656 0.00153637
11 0.740625 0.719531 0.51875 0.560938 0.00153637
1 0.779102 0.328516 0.441797 0.572656 0.00152493
17 0.651953 0.841797 0.322656 0.316406 0.00150108
0 0.654297 0.841211 0.333594 0.317578 0.00148392
11 0.674219 0.666406 0.596875 0.667188 0.00146675
0 0.320312 0.753906 0.582031 0.492188 0.00146103
1 0.725781 0.676562 0.548438 0.646875 0.00145531
12 0.774023 0.346875 0.451953 0.575 0.00144386
22 0.330078 0.792578 0.561719 0.414844 0.00143242
12 0.643359 0.654688 0.310156 0.6625 0.0014267
12 0.415625 0.70625 0.534375 0.5875 0.00141621
12 0.416016 0.341016 0.750781 0.682031 0.00141048
12 0.364844 0.319922 0.53125 0.563281 0.00137234
24 0.312891 0.771289 0.591406 0.457422 0.00136185
3 0.651953 0.841797 0.322656 0.316406 0.00135612
17 0.369531 0.405078 0.48125 0.36875 0.00130463
13 0.594141 0.603125 0.611719 0.79375 0.00129414
4 0.312109 0.683594 0.624219 0.632812 0.00129414
12 0.618359 0.564844 0.763281 0.870313 0.00128937
2 0.654297 0.841211 0.333594 0.317578 0.0012846
17 0.725781 0.676562 0.548438 0.646875 0.00127888
12 0.398047 0.612109 0.648438 0.775781 0.00127411
12 0.33125 0.282813 0.428125 0.565625 0.00126457
12 0.761719 0.463379 0.476562 0.560742 0.0012598
1 0.431348 0.685547 0.579492 0.628906 0.0012598
2 0.309766 0.711719 0.616406 0.576563 0.00123024
0 0.740625 0.719531 0.51875 0.560938 0.00123024
1 0.364844 0.319922 0.53125 0.563281 0.0012207
13 0.740625 0.719531 0.51875 0.560938 0.0012207
21 0.309766 0.711719 0.616406 0.576563 0.00121593
1 0.351562 0.486328 0.436719 0.517969 0.00120163
22 0.725781 0.676562 0.548438 0.646875 0.00119686
12 0.351562 0.524609 0.465625 0.600781 0.00118828
14 0.779297 0.330469 0.441406 0.545313 0.00116539
16 0.472559 0.567578 0.768945 0.782031 0.00116539
19 0.464844 0.516406 0.696875 0.609375 0.00116062
0 0.312109 0.683594 0.624219 0.632812 0.00116062
12 0.335938 0.366016 0.671875 0.732031 0.0011158
16 0.309766 0.711719 0.616406 0.576563 0.0011158
12 0.630469 0.610156 0.739062 0.779688 0.0011034
1 0.787891 0.238867 0.424219 0.477734 0.00109863
0 0.472559 0.567578 0.768945 0.782031 0.00109482
11 0.485938 0.566797 0.878125 0.866406 0.00109005
17 0.472559 0.567578 0.768945 0.782031 0.00108624
1 0.375 0.794141 0.530469 0.411719 0.00108624
1 0.767773 0.466309 0.464453 0.583008 0.00106907
6 0.655859 0.735156 0.332031 0.529688 0.00106907
11 0.594141 0.603125 0.611719 0.79375 0.00106525
21 0.661328 0.698047 0.360156 0.603906 0.00106525
13 0.298828 0.277148 0.597656 0.554297 0.00106049
14 0.651953 0.841797 0.322656 0.316406 0.00106049
13 0.774023 0.346875 0.451953 0.575 0.00105667
12 0.654297 0.841211 0.333594 0.317578 0.00105667
13 0.33125 0.282813 0.428125 0.565625 0.00104809
6 0.342187 0.389453 0.408594 0.305469 0.00103664
15 0.320312 0.753906 0.582031 0.492188 0.00102425
2 0.740625 0.719531 0.51875 0.560938 0.00102043
1 0.502344 0.577734 0.939063 0.844531 0.00101662
13 0.502344 0.577734 0.939063 0.844531 0.00101662
19 0.330078 0.792578 0.561719 0.414844 0.00100803
24 0.344141 0.377246 0.688281 0.379883 0.0231476
1 0.654688 0.747266 0.307813 0.505469 0.0119629
12 0.362695 0.393848 0.549609 0.34043 0.0115051
6 0.344141 0.377246 0.688281 0.379883 0.0114212
12 0.602344 0.710547 0.710938 0.578906 0.0109863
24 0.377344 0.400391 0.514063 0.322656 0.0106125
19 0.6375 0.661719 0.260938 0.390625 0.00948334
7 0.344141 0.377246 0.688281 0.379883 0.00812531
12 0.660156 0.730859 0.320312 0.538281 0.00800323
12 0.380859 0.293555 0.548438 0.587109 0.00760651
13 0.6625 0.745703 0.323438 0.508594 0.00720596
12 0.334375 0.709375 0.584375 0.58125 0.00661469
19 0.648438 0.764063 0.29375 0.41875 0.00658798
11 0.335547 0.392285 0.664844 0.345117 0.00605011
17 0.654297 0.748047 0.311719 0.503906 0.00591278
13 0.362695 0.393848 0.549609 0.34043 0.00568771
16 0.369336 0.383984 0.550391 0.36875 0.00559998
22 0.654688 0.747266 0.307813 0.505469 0.00542831
21 0.630859 0.635938 0.26875 0.38125 0.00530243
13 0.602344 0.710547 0.710938 0.578906 0.00482941
6 0.377344 0.400391 0.514063 0.322656 0.00477219
12 0.487598 0.585156 0.67168 0.829688 0.00466537
12 0.473438 0.7 0.86875 0.6 0.0046463
15 0.335547 0.392285 0.664844 0.345117 0.00388527
12 0.480469 0.56875 0.904688 0.8625 0.00382423
12 0.59375 0.651563 0.8125 0.696875 0.00362206
16 0.399902 0.340625 0.59707 0.485938 0.00342941
13 0.334375 0.709375 0.584375 0.58125 0.00329781
9 0.344141 0.377246 0.688281 0.379883 0.00314713
12 0.116992 0.267188 0.233984 0.304688 0.00309944
19 0.571484 0.498047 0.283594 0.369531 0.00307465
11 0.6625 0.745703 0.323438 0.508594 0.00300407
12 0.314063 0.388965 0.628125 0.431445 0.00298119
13 0.380859 0.293555 0.548438 0.587109 0.00292397
9 0.377344 0.400391 0.514063 0.322656 0.00279045
12 0.25918 0.242773 0.518359 0.485547 0.00274658
19 0.620313 0.605469 0.254688 0.385938 0.00268364
21 0.647266 0.742188 0.289844 0.4125 0.00260162
16 0.416406 0.465625 0.554688 0.435937 0.00258064
14 0.341992 0.393359 0.604297 0.382031 0.00257111
18 0.340625 0.389453 0.68125 0.342969 0.00247192
3 0.654688 0.747266 0.307813 0.505469 0.00247192
6 0.399902 0.340625 0.59707 0.485938 0.00245285
2 0.333594 0.384277 0.63125 0.329883 0.00244331
24 0.416406 0.465625 0.554688 0.435937 0.0024147
16 0.307031 0.385156 0.614062 0.410938 0.00232315
4 0.340625 0.389453 0.68125 0.342969 0.00231361
11 0.399902 0.340625 0.59707 0.485938 0.00229645
6 0.416406 0.465625 0.554688 0.435937 0.00229645
12 0.416406 0.392188 0.6625 0.784375 0.00226974
12 0.323047 0.660645 0.646094 0.678711 0.00226021
24 0.399902 0.340625 0.59707 0.485938 0.00224304
16 0.113672 0.287842 0.227344 0.241504 0.00219154
11 0.314063 0.388965 0.628125 0.431445 0.00218201
12 0.612109 0.617578 0.327344 0.483594 0.00215721
20 0.654688 0.747266 0.307813 0.505469 0.00215721
23 0.344141 0.377246 0.688281 0.379883 0.00214005
13 0.117578 0.272852 0.235156 0.297266 0.00208282
13 0.314063 0.388965 0.628125 0.431445 0.00206757
13 0.326953 0.777148 0.653906 0.445703 0.00205803
12 0.266016 0.34043 0.532031 0.680859 0.00204277
19 0.479004 0.370508 0.282617 0.371484 0.00197983
19 0.296484 0.342969 0.264062 0.228125 0.00195694
11 0.326953 0.777148 0.653906 0.445703 0.00195694
13 0.487598 0.585156 0.67168 0.829688 0.00191879
16 0.657813 0.748047 0.310937 0.503906 0.00186062
1 0.357031 0.772852 0.552344 0.454297 0.00184631
14 0.369336 0.30625 0.559766 0.564063 0.00179577
19 0.630469 0.837305 0.270313 0.325391 0.00177479
12 0.123828 0.21875 0.247656 0.415625 0.00176144
11 0.396094 0.412402 0.463281 0.30957 0.00176144
12 0.241797 0.337109 0.483594 0.388281 0.00175476
1 0.369336 0.30625 0.559766 0.564063 0.0017271
7 0.396094 0.412402 0.463281 0.30957 0.00171375
15 0.307031 0.385156 0.614062 0.410938 0.00167465
1 0.276563 0.807617 0.273438 0.384766 0.00167465
12 0.460547 0.301172 0.760156 0.602344 0.00165462
15 0.369336 0.30625 0.559766 0.564063 0.00158501
22 0.345508 0.776367 0.598828 0.447266 0.00156116
11 0.602344 0.710547 0.710938 0.578906 0.00155449
12 0.560156 0.591406 0.4125 0.49375 0.00148392
11 0.241797 0.337109 0.483594 0.388281 0.0014782
11 0.117578 0.272852 0.235156 0.297266 0.00147247
2 0.396094 0.412402 0.463281 0.30957 0.00146675
12 0.324609 0.802344 0.611719 0.395313 0.00146675
15 0.396094 0.412402 0.463281 0.30957 0.00145531
8 0.654688 0.747266 0.307813 0.505469 0.0014267
19 0.344141 0.377246 0.688281 0.379883 0.00142097
7 0.399902 0.340625 0.59707 0.485938 0.00139904
11 0.334375 0.709375 0.584375 0.58125 0.00139427
13 0.612109 0.617578 0.327344 0.483594 0.00134563
20 0.344141 0.377246 0.688281 0.379883 0.00133514
12 0.598828 0.752539 0.519531 0.494922 0.00132465
19 0.648438 0.813867 0.334375 0.372266 0.00131512
1 0.341992 0.393359 0.604297 0.382031 0.00130463
2 0.654297 0.748047 0.311719 0.503906 0.00130463
13 0.59375 0.651563 0.8125 0.696875 0.00129986
24 0.302734 0.394141 0.605469 0.427344 0.00129414
6 0.313672 0.378027 0.432031 0.292383 0.00127411
7 0.314063 0.388965 0.628125 0.431445 0.00126457
13 0.334766 0.324219 0.669531 0.648438 0.00125504
13 0.323047 0.660645 0.646094 0.678711 0.00124931
0 0.396094 0.412402 0.463281 0.30957 0.00124454
12 0.425391 0.510156 0.678125 0.670313 0.00124454
16 0.334375 0.709375 0.584375 0.58125 0.00123501
11 0.6625 0.820703 0.3125 0.358594 0.00121117
2 0.307031 0.385156 0.614062 0.410938 0.0012064
25 0.654297 0.748047 0.311719 0.503906 0.00119686
11 0.416406 0.465625 0.554688 0.435937 0.00118351
16 0.6625 0.820703 0.3125 0.358594 0.00117874
17 0.276563 0.807617 0.273438 0.384766 0.0011692
1 0.323047 0.660645 0.646094 0.678711 0.00116062
23 0.377344 0.400391 0.514063 0.322656 0.0011425
4 0.654688 0.747266 0.307813 0.505469 0.00113773
5 0.657813 0.748047 0.310937 0.503906 0.00113392
17 0.357031 0.772852 0.552344 0.454297 0.00112915
1 0.612109 0.617578 0.327344 0.483594 0.00110722
24 0.313672 0.378027 0.432031 0.292383 0.00108624
6 0.302734 0.394141 0.605469 0.427344 0.00107765
1 0.478125 0.528125 0.64375 0.814063 0.00107288
16 0.257422 0.323047 0.514844 0.310937 0.00106049
13 0.560156 0.591406 0.4125 0.49375 0.00104809
1 0.390625 0.290625 0.671875 0.58125 0.00104427
6 0.257422 0.323047 0.514844 0.310937 0.00104427
14 0.390625 0.290625 0.671875 0.58125 0.00104046
13 0.241797 0.337109 0.483594 0.388281 0.00104046
6 0.113672 0.287842 0.227344 0.241504 0.00103188
13 0.416406 0.465625 0.554688 0.435937 0.00103188
1 0.625781 0.68125 0.729688 0.6375 0.00101185
24 0.386719 0.430371 0.432031 0.256445 0.0394897
7 0.375781 0.418652 0.470313 0.31582 0.025177
6 0.386719 0.430371 0.432031 0.256445 0.022934
19 0.632031 0.658984 0.275 0.371094 0.0215302
21 0.653125 0.757422 0.284375 0.421094 0.0212097
19 0.658984 0.781055 0.289844 0.428516 0.0202484
18 0.375781 0.418652 0.470313 0.31582 0.0180511
21 0.632031 0.658984 0.275 0.371094 0.0162811
4 0.375781 0.418652 0.470313 0.31582 0.0146179
23 0.386719 0.430371 0.432031 0.256445 0.0136337
14 0.355469 0.402734 0.491406 0.353906 0.0135345
9 0.386719 0.430371 0.432031 0.256445 0.0117798
1 0.65 0.721094 0.321875 0.557813 0.0109024
17 0.642578 0.751172 0.289844 0.497656 0.0108185
6 0.3625 0.413281 0.496875 0.359375 0.00948334
17 0.603125 0.611035 0.285938 0.535742 0.00919342
21 0.663672 0.801953 0.310156 0.396094 0.0088501
11 0.375781 0.418652 0.470313 0.31582 0.0078125
16 0.376563 0.418066 0.472656 0.30918 0.00751877
1 0.614062 0.652246 0.284375 0.564258 0.00748825
23 0.3625 0.413281 0.496875 0.359375 0.00706482
0 0.376563 0.418066 0.472656 0.30918 0.00584412
2 0.355469 0.402734 0.491406 0.353906 0.00570679
19 0.457129 0.378223 0.293555 0.379492 0.00500107
2 0.384375 0.437891 0.432031 0.276563 0.00494385
8 0.642578 0.751172 0.289844 0.497656 0.00482941
22 0.642578 0.751172 0.289844 0.497656 0.00482941
21 0.611719 0.60625 0.278125 0.389062 0.00477219
1 0.510156 0.578125 0.522656 0.63125 0.00475693
19 0.651953 0.810156 0.325781 0.379688 0.0042305
24 0.354297 0.388672 0.508594 0.317969 0.00416565
19 0.151758 0.821875 0.255859 0.3 0.00411606
8 0.603125 0.611035 0.285938 0.535742 0.00379562
3 0.648438 0.762305 0.298438 0.475391 0.00379562
15 0.364844 0.424902 0.49375 0.286133 0.00376511
2 0.399609 0.445703 0.503906 0.359375 0.00363541
22 0.614062 0.652246 0.284375 0.564258 0.00362206
17 0.510156 0.578125 0.522656 0.63125 0.00359344
1 0.584375 0.575 0.292188 0.5125 0.00353813
9 0.354297 0.388672 0.508594 0.317969 0.00317192
4 0.648438 0.762305 0.298438 0.475391 0.00312424
9 0.399609 0.445703 0.503906 0.359375 0.00302696
12 0.648438 0.762305 0.298438 0.475391 0.00294685
24 0.399609 0.445703 0.503906 0.359375 0.00291252
1 0.559766 0.633203 0.455469 0.638281 0.00286674
19 0.611719 0.60625 0.278125 0.389062 0.00279045
12 0.358594 0.40625 0.501563 0.3625 0.00271416
3 0.603125 0.611035 0.285938 0.535742 0.00257111
12 0.614062 0.652246 0.284375 0.564258 0.00255013
13 0.653125 0.760938 0.301563 0.478125 0.00245285
12 0.559766 0.633203 0.455469 0.638281 0.00239754
4 0.603125 0.611035 0.285938 0.535742 0.00233269
12 0.510156 0.578125 0.522656 0.63125 0.00230598
5 0.375781 0.418652 0.470313 0.31582 0.00226021
19 0.143945 0.823438 0.287891 0.353125 0.00202751
25 0.642578 0.751172 0.289844 0.497656 0.00201988
6 0.403516 0.49209 0.516406 0.56582 0.0019722
11 0.648438 0.762305 0.298438 0.475391 0.00188255
25 0.603125 0.611035 0.285938 0.535742 0.00182438
4 0.378516 0.414453 0.485938 0.4375 0.00181007
0 0.648438 0.762305 0.298438 0.475391 0.00176811
2 0.603125 0.611035 0.285938 0.535742 0.00173378
11 0.378516 0.414453 0.485938 0.4375 0.00171375
13 0.559766 0.633203 0.455469 0.638281 0.00168705
0 0.603125 0.611035 0.285938 0.535742 0.0016489
22 0.584375 0.575 0.292188 0.5125 0.00163555
16 0.380371 0.519922 0.423633 0.475781 0.00162315
21 0.603125 0.611035 0.285938 0.535742 0.00161648
16 0.450391 0.521094 0.60625 0.554688 0.00161076
17 0.559766 0.633203 0.455469 0.638281 0.00161076
22 0.510156 0.578125 0.522656 0.63125 0.00157928
14 0.603125 0.611035 0.285938 0.535742 0.00157356
2 0.642578 0.751172 0.289844 0.497656 0.00157356
0 0.450391 0.521094 0.60625 0.554688 0.00155449
4 0.510156 0.578125 0.522656 0.63125 0.0015192
13 0.614062 0.652246 0.284375 0.564258 0.00151253
11 0.374609 0.80918 0.427344 0.381641 0.00150108
6 0.648438 0.762305 0.298438 0.475391 0.00150108
19 0.418359 0.808594 0.329688 0.382812 0.00147247
4 0.403516 0.49209 0.516406 0.56582 0.00146103
4 0.629687 0.698438 0.307813 0.596875 0.00144386
14 0.386719 0.430371 0.432031 0.256445 0.00143242
14 0.642578 0.751172 0.289844 0.497656 0.00142097
12 0.641406 0.666016 0.385938 0.667969 0.00139904
1 0.651953 0.825586 0.294531 0.348828 0.00139904
8 0.510156 0.578125 0.522656 0.63125 0.00139427
25 0.3625 0.413281 0.496875 0.359375 0.00138855
2 0.450391 0.521094 0.60625 0.554688 0.00137806
20 0.642578 0.751172 0.289844 0.497656 0.00137806
6 0.614062 0.652246 0.284375 0.564258 0.00137234
13 0.510156 0.578125 0.522656 0.63125 0.00136185
10 0.614062 0.652246 0.284375 0.564258 0.00133038
10 0.648438 0.762305 0.298438 0.475391 0.00131989
11 0.403516 0.49209 0.516406 0.56582 0.00130939
3 0.629687 0.698438 0.307813 0.596875 0.00127411
3 0.355469 0.402734 0.491406 0.353906 0.00124454
0 0.378516 0.414453 0.485938 0.4375 0.00124454
3 0.510156 0.578125 0.522656 0.63125 0.00122547
21 0.65 0.721094 0.321875 0.557813 0.0012064
12 0.584375 0.575 0.292188 0.5125 0.00117874
19 0.375781 0.418652 0.470313 0.31582 0.00114727
12 0.448535 0.64375 0.724805 0.7125 0.00111198
7 0.326367 0.385938 0.467578 0.307813 0.00109005
2 0.510156 0.578125 0.522656 0.63125 0.00109005
20 0.603125 0.611035 0.285938 0.535742 0.00106907
11 0.603125 0.611035 0.285938 0.535742 0.00105667
10 0.348438 0.395215 0.497656 0.317383 0.00104427
14 0.476953 0.531641 0.557031 0.636719 0.00104046
16 0.378516 0.414453 0.485938 0.4375 0.00100803
6 0.369922 0.365625 0.452344 0.359375 0.0560303
2 0.324219 0.379785 0.507031 0.337305 0.0451965
23 0.324219 0.379785 0.507031 0.337305 0.0281067
14 0.324219 0.379785 0.507031 0.337305 0.0261536
0 0.32832 0.385547 0.498047 0.328906 0.0259552
4 0.357227 0.379785 0.460547 0.34043 0.0242767
9 0.367969 0.369141 0.476562 0.366406 0.0227203
7 0.357227 0.379785 0.460547 0.34043 0.02034
16 0.3625 0.379004 0.446875 0.341992 0.0170441
18 0.357227 0.379785 0.460547 0.34043 0.0150146
11 0.369922 0.365625 0.452344 0.359375 0.0124283
24 0.367969 0.369141 0.476562 0.366406 0.0100555
1 0.639453 0.765625 0.328906 0.46875 0.00919342
15 0.367969 0.369141 0.476562 0.366406 0.00837708
25 0.324219 0.379785 0.507031 0.337305 0.00760651
10 0.369922 0.365625 0.452344 0.359375 0.00669098
17 0.639453 0.765625 0.328906 0.46875 0.00337601
0 0.394531 0.366992 0.501563 0.393359 0.003088
22 0.639453 0.765625 0.328906 0.46875 0.00298119
19 0.590625 0.549219 0.265625 0.339063 0.00292397
11 0.369336 0.807031 0.419922 0.385938 0.00279999
5 0.367969 0.369141 0.476562 0.366406 0.00276756
1 0.363672 0.796875 0.442969 0.40625 0.00265312
12 0.363672 0.796875 0.442969 0.40625 0.00265312
19 0.140039 0.81582 0.257031 0.302734 0.00256157
11 0.645312 0.804297 0.328125 0.391406 0.00219917
3 0.3625 0.379004 0.446875 0.341992 0.00209999
13 0.645312 0.804297 0.328125 0.391406 0.0020504
3 0.642969 0.787891 0.320312 0.424219 0.00195694
12 0.639453 0.765625 0.328906 0.46875 0.00191879
2 0.394531 0.366992 0.501563 0.393359 0.00181007
14 0.363672 0.796875 0.442969 0.40625 0.00181007
12 0.348047 0.385547 0.466406 0.335156 0.00175476
21 0.639453 0.765625 0.328906 0.46875 0.00175476
19 0.626563 0.652344 0.25 0.342187 0.00171375
23 0.394531 0.366992 0.501563 0.393359 0.00165462
13 0.369336 0.807031 0.419922 0.385938 0.0015974
1 0.35625 0.386328 0.460156 0.35 0.00157928
19 0.638672 0.725 0.274219 0.365625 0.00154877
14 0.394531 0.366992 0.501563 0.393359 0.00149536
20 0.369922 0.365625 0.452344 0.359375 0.00148392
7 0.415625 0.375 0.535156 0.392188 0.0014782
19 0.642969 0.787891 0.320312 0.424219 0.00144386
8 0.642969 0.787891 0.320312 0.424219 0.0011425
13 0.381348 0.375098 0.473242 0.356055 0.0011158
4 0.415625 0.375 0.535156 0.392188 0.0011158
10 0.642969 0.787891 0.320312 0.424219 0.00110722
1 0.307617 0.816406 0.306641 0.367188 0.00109863
6 0.364258 0.807422 0.424609 0.385156 0.00109863
6 0.455078 0.438965 0.549219 0.467383 0.00105286
1 0.6125 0.660547 0.328125 0.449219 0.00105286
0 0.363672 0.796875 0.442969 0.40625 0.00104809
19 0.369922 0.365625 0.452344 0.359375 0.00104427
16 0.455078 0.438965 0.549219 0.467383 0.00104046
16 0.364258 0.807422 0.424609 0.385156 0.00104046
6 0.305469 0.375 0.45625 0.307813 0.00103664
17 0.35625 0.386328 0.460156 0.35 0.00102806
0 0.455078 0.438965 0.549219 0.467383 0.00101662
2 0.370117 0.380859 0.437891 0.341406 0.150024
23 0.370117 0.380859 0.437891 0.341406 0.140381
18 0.370117 0.380859 0.437891 0.341406 0.109314
6 0.389746 0.382812 0.431445 0.34375 0.0910645
14 0.370117 0.380859 0.437891 0.341406 0.0656128
0 0.370117 0.380859 0.437891 0.341406 0.0544128
9 0.373437 0.376563 0.448438 0.334375 0.0526123
7 0.352344 0.378125 0.451562 0.335156 0.0393372
16 0.391406 0.382812 0.470313 0.357812 0.0302124
4 0.370117 0.380859 0.437891 0.341406 0.0273743
24 0.389746 0.382812 0.431445 0.34375 0.0266571
16 0.334961 0.354688 0.487891 0.292969 0.0204163
25 0.373437 0.376563 0.448438 0.334375 0.0188293
11 0.389746 0.382812 0.431445 0.34375 0.0154266
6 0.331445 0.3625 0.493359 0.309375 0.0118713
19 0.633594 0.619922 0.240625 0.355469 0.00978088
6 0.456348 0.471094 0.60918 0.601562 0.00955963
6 0.433203 0.395215 0.53125 0.42832 0.00933838
2 0.267578 0.34375 0.399219 0.265625 0.00806427
17 0.561719 0.550098 0.35625 0.42168 0.00806427
21 0.625781 0.633203 0.254688 0.355469 0.00772476
25 0.496777 0.513379 0.514258 0.537305 0.00772476
25 0.561719 0.550098 0.35625 0.42168 0.00772476
16 0.456348 0.471094 0.60918 0.601562 0.0069313
1 0.496777 0.513379 0.514258 0.537305 0.0069313
10 0.355859 0.370508 0.449219 0.326172 0.00664139
11 0.294141 0.778125 0.588281 0.44375 0.00656509
1 0.556641 0.573047 0.449219 0.567969 0.00619125
1 0.561719 0.550098 0.35625 0.42168 0.00593567
5 0.38125 0.380859 0.428906 0.3375 0.0055542
17 0.496777 0.513379 0.514258 0.537305 0.00551224
19 0.648438 0.758594 0.278125 0.417188 0.00548935
22 0.595313 0.585156 0.315625 0.423438 0.0053215
12 0.556641 0.573047 0.449219 0.567969 0.0050621
12 0.55 0.634277 0.5375 0.731445 0.00486755
3 0.352344 0.378125 0.451562 0.335156 0.00482941
12 0.496777 0.513379 0.514258 0.537305 0.00469971
12 0.524219 0.571484 0.851562 0.857031 0.0046463
17 0.556641 0.573047 0.449219 0.567969 0.00462723
13 0.556641 0.573047 0.449219 0.567969 0.00460815
24 0.334961 0.354688 0.487891 0.292969 0.00457382
0 0.456348 0.471094 0.60918 0.601562 0.00457382
0 0.433203 0.395215 0.53125 0.42832 0.00453949
13 0.496777 0.513379 0.514258 0.537305 0.00439835
1 0.619531 0.639453 0.314063 0.519531 0.00434875
15 0.389746 0.382812 0.431445 0.34375 0.00424957
19 0.466309 0.386816 0.279883 0.35293 0.0042305
7 0.416016 0.380078 0.521875 0.389844 0.0042305
16 0.267578 0.34375 0.399219 0.265625 0.00413513
19 0.585547 0.524609 0.285156 0.378125 0.00403976
22 0.619531 0.639453 0.314063 0.519531 0.0039444
21 0.648438 0.758594 0.278125 0.417188 0.00380898
22 0.496777 0.513379 0.514258 0.537305 0.00374985
12 0.561719 0.550098 0.35625 0.42168 0.0037365
23 0.267578 0.34375 0.399219 0.265625 0.0036068
7 0.267578 0.34375 0.399219 0.265625 0.00353813
12 0.619531 0.639453 0.314063 0.519531 0.00348282
20 0.391406 0.382812 0.470313 0.357812 0.00341606
1 0.55 0.634277 0.5375 0.731445 0.00337601
17 0.619531 0.639453 0.314063 0.519531 0.00327301
13 0.55 0.634277 0.5375 0.731445 0.00318527
13 0.561719 0.550098 0.35625 0.42168 0.00317192
20 0.496777 0.513379 0.514258 0.537305 0.00311089
19 0.662891 0.801172 0.316406 0.397656 0.00309944
10 0.416016 0.380078 0.521875 0.389844 0.00309944
0 0.267578 0.34375 0.399219 0.265625 0.003088
3 0.496777 0.513379 0.514258 0.537305 0.00300407
13 0.485938 0.555078 0.765625 0.846094 0.00284576
22 0.556641 0.573047 0.449219 0.567969 0.00284576
16 0.334961 0.793164 0.509766 0.413672 0.00282288
15 0.433203 0.395215 0.53125 0.42832 0.00279999
2 0.456348 0.471094 0.60918 0.601562 0.00279045
1 0.646875 0.736328 0.321875 0.527344 0.0027256
2 0.433203 0.395215 0.53125 0.42832 0.0026722
21 0.595313 0.585156 0.315625 0.423438 0.00266266
15 0.481348 0.471875 0.58418 0.671875 0.00265312
1 0.485938 0.555078 0.765625 0.846094 0.00263214
21 0.496777 0.513379 0.514258 0.537305 0.00260162
25 0.556641 0.573047 0.449219 0.567969 0.00257111
24 0.433203 0.395215 0.53125 0.42832 0.00253105
10 0.456348 0.471094 0.60918 0.601562 0.00253105
19 0.639844 0.681641 0.267188 0.392969 0.00246239
18 0.267578 0.34375 0.399219 0.265625 0.0024147
13 0.619531 0.639453 0.314063 0.519531 0.00234985
14 0.496777 0.513379 0.514258 0.537305 0.00225258
3 0.561719 0.550098 0.35625 0.42168 0.00219917
17 0.55 0.634277 0.5375 0.731445 0.00219917
20 0.373242 0.802734 0.448828 0.394531 0.00214958
25 0.462598 0.528809 0.67168 0.729883 0.00213242
0 0.561719 0.550098 0.35625 0.42168 0.00206757
12 0.638672 0.706641 0.317969 0.586719 0.00201035
4 0.433203 0.395215 0.53125 0.42832 0.00197983
20 0.561719 0.550098 0.35625 0.42168 0.0019722
6 0.556641 0.573047 0.449219 0.567969 0.0019722
0 0.294141 0.778125 0.588281 0.44375 0.00195694
12 0.553027 0.658984 0.637695 0.682031 0.00194931
4 0.456348 0.471094 0.60918 0.601562 0.00194168
22 0.638672 0.706641 0.317969 0.586719 0.00194168
14 0.267578 0.34375 0.399219 0.265625 0.00191212
6 0.561719 0.550098 0.35625 0.42168 0.00191212
19 0.609766 0.580859 0.25625 0.38125 0.00189686
18 0.433203 0.395215 0.53125 0.42832 0.00188255
2 0.561719 0.550098 0.35625 0.42168 0.00186729
15 0.331445 0.3625 0.493359 0.309375 0.00183868
11 0.456348 0.471094 0.60918 0.601562 0.00175476
0 0.521191 0.498437 0.43418 0.525781 0.00175476
1 0.334961 0.793164 0.509766 0.413672 0.00172043
6 0.485938 0.555078 0.765625 0.846094 0.00171375
17 0.646875 0.736328 0.321875 0.527344 0.00169373
7 0.456348 0.471094 0.60918 0.601562 0.00167465
1 0.325391 0.736328 0.580469 0.527344 0.00166798
25 0.433203 0.395215 0.53125 0.42832 0.0016613
2 0.485938 0.555078 0.765625 0.846094 0.0016613
11 0.433203 0.395215 0.53125 0.42832 0.0016489
14 0.561719 0.550098 0.35625 0.42168 0.0016489
4 0.561719 0.550098 0.35625 0.42168 0.00163555
13 0.433203 0.395215 0.53125 0.42832 0.00162888
2 0.556641 0.573047 0.449219 0.567969 0.00162315
12 0.534766 0.446777 0.624219 0.77832 0.00161076
21 0.639844 0.681641 0.267188 0.392969 0.0015974
22 0.649219 0.772656 0.303125 0.454688 0.00157928
6 0.261719 0.353516 0.401563 0.299219 0.00156116
3 0.556641 0.573047 0.449219 0.567969 0.00154877
6 0.334961 0.793164 0.509766 0.413672 0.00154877
14 0.462598 0.528809 0.67168 0.729883 0.00153637
16 0.485938 0.555078 0.765625 0.846094 0.00153065
17 0.485938 0.555078 0.765625 0.846094 0.00152493
4 0.485938 0.555078 0.765625 0.846094 0.0015192
5 0.496777 0.513379 0.514258 0.537305 0.00150108
25 0.619531 0.639453 0.314063 0.519531 0.00145531
10 0.561719 0.550098 0.35625 0.42168 0.00143814
8 0.561719 0.550098 0.35625 0.42168 0.00143242
20 0.331445 0.3625 0.493359 0.309375 0.00142097
21 0.556641 0.573047 0.449219 0.567969 0.00142097
9 0.456348 0.471094 0.60918 0.601562 0.00141621
21 0.619531 0.639453 0.314063 0.519531 0.00141621
14 0.556641 0.573047 0.449219 0.567969 0.00140476
23 0.433203 0.395215 0.53125 0.42832 0.00139904
10 0.556641 0.573047 0.449219 0.567969 0.00139427
15 0.485938 0.555078 0.765625 0.846094 0.00138283
14 0.433203 0.395215 0.53125 0.42832 0.00135612
15 0.561719 0.550098 0.35625 0.42168 0.00135136
19 0.389746 0.382812 0.431445 0.34375 0.00133514
15 0.582812 0.420312 0.807813 0.796875 0.00131989
12 0.659375 0.703125 0.379688 0.59375 0.00130463
24 0.456348 0.471094 0.60918 0.601562 0.00129414
12 0.396094 0.654297 0.754687 0.691406 0.00129414
15 0.521191 0.498437 0.43418 0.525781 0.00128937
24 0.373242 0.802734 0.448828 0.394531 0.0012846
4 0.261719 0.353516 0.401563 0.299219 0.00127888
20 0.556641 0.573047 0.449219 0.567969 0.00124454
1 0.41709 0.385547 0.495508 0.410938 0.00123501
13 0.582812 0.420312 0.807813 0.796875 0.00122547
3 0.433203 0.395215 0.53125 0.42832 0.00121593
13 0.325391 0.736328 0.580469 0.527344 0.00119209
12 0.649219 0.772656 0.303125 0.454688 0.00119209
23 0.456348 0.471094 0.60918 0.601562 0.00118828
16 0.556641 0.573047 0.449219 0.567969 0.00118351
13 0.638672 0.706641 0.317969 0.586719 0.00117874
9 0.433203 0.395215 0.53125 0.42832 0.00114727
22 0.55 0.634277 0.5375 0.731445 0.00113392
0 0.582812 0.420312 0.807813 0.796875 0.00112915
6 0.521191 0.498437 0.43418 0.525781 0.00112438
16 0.325391 0.736328 0.580469 0.527344 0.00112438
12 0.372852 0.680859 0.537109 0.638281 0.00111198
11 0.334961 0.354688 0.487891 0.292969 0.00110722
4 0.556641 0.573047 0.449219 0.567969 0.00109005
13 0.334961 0.793164 0.509766 0.413672 0.00109005
12 0.462598 0.528809 0.67168 0.729883 0.00107765
3 0.462598 0.528809 0.67168 0.729883 0.00106525
2 0.521191 0.498437 0.43418 0.525781 0.00106049
4 0.521191 0.498437 0.43418 0.525781 0.00106049
20 0.619531 0.639453 0.314063 0.519531 0.00106049
21 0.601953 0.547266 0.258594 0.36875 0.00105667
20 0.462598 0.528809 0.67168 0.729883 0.00105667
11 0.485938 0.555078 0.765625 0.846094 0.00105286
16 0.582812 0.420312 0.807813 0.796875 0.00104046
3 0.334961 0.793164 0.509766 0.413672 0.00102043
13 0.387598 0.379688 0.463867 0.355469 0.00101662
6 0.582812 0.420312 0.807813 0.796875 0.00100803
14 0.365234 0.391016 0.441406 0.332813 0.0687866
2 0.372656 0.385547 0.452344 0.332031 0.0618896
23 0.373437 0.392578 0.432031 0.328906 0.0227966
6 0.370703 0.386816 0.447656 0.329492 0.0208893
4 0.372656 0.385547 0.452344 0.332031 0.0182343
9 0.376563 0.385547 0.438281 0.326562 0.0154266
25 0.365234 0.391016 0.441406 0.332813 0.0145569
0 0.365234 0.391016 0.441406 0.332813 0.0105667
11 0.363281 0.386719 0.448438 0.339063 0.00737381
19 0.141113 0.817969 0.281055 0.360938 0.00452042
7 0.370703 0.386816 0.447656 0.329492 0.00432968
16 0.363281 0.386719 0.448438 0.339063 0.00370789
12 0.356445 0.66748 0.522266 0.665039 0.00353813
10 0.372656 0.385547 0.452344 0.332031 0.00340271
12 0.319531 0.635547 0.639063 0.728906 0.00340271
3 0.365234 0.391016 0.441406 0.332813 0.00296974
5 0.376563 0.385547 0.438281 0.326562 0.0026722
12 0.372852 0.737891 0.444922 0.524219 0.00261116
18 0.370703 0.386816 0.447656 0.329492 0.00245285
24 0.370703 0.386816 0.447656 0.329492 0.00235939
19 0.651563 0.80293 0.314063 0.394141 0.00224304
12 0.365234 0.391016 0.441406 0.332813 0.00215721
15 0.370703 0.386816 0.447656 0.329492 0.00212479
12 0.623438 0.697656 0.407813 0.604688 0.00169373
17 0.364648 0.389453 0.448047 0.35 0.00162315
19 0.647266 0.751563 0.269531 0.38125 0.00141048
12 0.40166 0.292773 0.59043 0.585547 0.00134563
13 0.319531 0.635547 0.639063 0.728906 0.0012846
1 0.364648 0.389453 0.448047 0.35 0.0012598
1 0.40166 0.292773 0.59043 0.585547 0.0011692
12 0.644922 0.791797 0.282031 0.416406 0.00115585
19 0.144922 0.836719 0.264844 0.23125 0.00112438
13 0.356445 0.66748 0.522266 0.665039 0.00112057
19 0.466797 0.383496 0.277344 0.356445 0.00108147
13 0.377441 0.742578 0.463867 0.514844 0.00108147
14 0.40166 0.292773 0.59043 0.585547 0.00106049
1 0.356445 0.66748 0.522266 0.665039 0.00105286
17 0.653125 0.792578 0.270313 0.414844 0.00102043
19 0.629297 0.65625 0.25 0.348438 0.00101662
2 0.388672 0.389844 0.450781 0.346875 0.179565
6 0.382031 0.395215 0.445312 0.333008 0.0634766
16 0.386719 0.390527 0.446094 0.358008 0.0531921
18 0.399609 0.393359 0.453125 0.357031 0.0492249
23 0.38916 0.388379 0.457617 0.341992 0.0358276
7 0.382031 0.395215 0.445312 0.333008 0.0310211
24 0.382031 0.395215 0.445312 0.333008 0.0248871
14 0.38916 0.388379 0.457617 0.341992 0.021698
9 0.384766 0.39541 0.442969 0.324805 0.0197906
11 0.382031 0.395215 0.445312 0.333008 0.0176392
0 0.386719 0.390527 0.446094 0.358008 0.0141754
4 0.390234 0.391016 0.458594 0.323438 0.0131683
16 0.323438 0.767188 0.285938 0.282813 0.00871277
25 0.38916 0.388379 0.457617 0.341992 0.00432968
3 0.386719 0.390527 0.446094 0.358008 0.00270462
15 0.390234 0.391016 0.458594 0.323438 0.00259018
5 0.384766 0.39541 0.442969 0.324805 0.00218201
19 0.382031 0.395215 0.445312 0.333008 0.0020752
20 0.388281 0.391406 0.469531 0.3625 0.00188923
10 0.384766 0.39541 0.442969 0.324805 0.0017271
11 0.332422 0.773828 0.2875 0.314844 0.00168705
6 0.330469 0.766406 0.305469 0.301563 0.00132465
0 0.330469 0.766406 0.305469 0.301563 0.00129986
24 0.323438 0.767188 0.285938 0.282813 0.00105286
20 0.323438 0.767188 0.285938 0.282813 0.00103664
2 0.338281 0.394531 0.535937 0.360938 0.154541
6 0.378809 0.392578 0.45332 0.334375 0.0966797
7 0.378809 0.392578 0.45332 0.334375 0.0708008
18 0.378809 0.392578 0.45332 0.334375 0.035675
16 0.371484 0.391504 0.461719 0.34668 0.0324707
9 0.382422 0.391016 0.439844 0.33125 0.0268555
23 0.338281 0.394531 0.535937 0.360938 0.0250854
11 0.378809 0.392578 0.45332 0.334375 0.0233307
14 0.338281 0.394531 0.535937 0.360938 0.0197906
24 0.375781 0.398047 0.444531 0.315625 0.0173798
0 0.338281 0.394531 0.535937 0.360938 0.014389
4 0.367188 0.392188 0.475 0.328125 0.011116
19 0.460938 0.389844 0.276563 0.341406 0.00475693
3 0.376172 0.394629 0.450781 0.35918 0.00416565
10 0.382422 0.391016 0.439844 0.33125 0.00407028
15 0.367188 0.392188 0.475 0.328125 0.00309944
16 0.372461 0.810547 0.406641 0.378906 0.00243378
25 0.338281 0.394531 0.535937 0.360938 0.00201988
19 0.649609 0.802734 0.325781 0.394531 0.0014782
5 0.367188 0.392188 0.475 0.328125 0.00141048
19 0.650391 0.757031 0.288281 0.410938 0.00125504
2 0.387109 0.395313 0.469531 0.36875 0.368408
14 0.387109 0.395313 0.469531 0.36875 0.265869
6 0.388672 0.402344 0.459375 0.328906 0.179565
23 0.387109 0.395313 0.469531 0.36875 0.0953369
18 0.3875 0.392285 0.466406 0.345117 0.0678101
9 0.391797 0.391309 0.458594 0.342383 0.0621033
7 0.388672 0.402344 0.459375 0.328906 0.0541992
24 0.388672 0.402344 0.459375 0.328906 0.0455322
11 0.3875 0.392285 0.466406 0.345117 0.0446777
4 0.387109 0.395313 0.469531 0.36875 0.0271149
12 0.384375 0.814844 0.396875 0.370313 0.0165253
15 0.398047 0.402734 0.460938 0.332813 0.0152512
16 0.387891 0.393359 0.482031 0.369531 0.008255
12 0.348828 0.661621 0.561719 0.676758 0.00815582
12 0.473535 0.588672 0.67793 0.822656 0.00763702
25 0.387109 0.395313 0.469531 0.36875 0.00728989
0 0.385938 0.394531 0.476562 0.372656 0.00638962
12 0.335156 0.606641 0.670313 0.786719 0.00584412
6 0.425879 0.416016 0.587305 0.407031 0.00482941
12 0.480469 0.543359 0.851562 0.913281 0.00479126
10 0.391797 0.391309 0.458594 0.342383 0.00450516
13 0.387891 0.393359 0.482031 0.369531 0.00428009
21 0.75 0.266797 0.357812 0.373437 0.00395966
12 0.701563 0.457813 0.596875 0.915625 0.00355148
6 0.42959 0.527246 0.658008 0.706445 0.00346947
13 0.335156 0.606641 0.670313 0.786719 0.00340271
13 0.384473 0.809961 0.388867 0.380078 0.00324821
19 0.75 0.266797 0.357812 0.373437 0.00322342
3 0.394141 0.391309 0.461719 0.350195 0.00299263
13 0.473535 0.588672 0.67793 0.822656 0.00284576
5 0.388672 0.388965 0.467969 0.345508 0.00263214
1 0.348828 0.661621 0.561719 0.676758 0.00235939
1 0.387891 0.393359 0.482031 0.369531 0.00217438
1 0.384375 0.814844 0.396875 0.370313 0.00215721
17 0.440234 0.527734 0.632031 0.732031 0.00208282
9 0.425879 0.416016 0.587305 0.407031 0.00198746
20 0.384375 0.814844 0.396875 0.370313 0.00198746
13 0.394434 0.333008 0.51582 0.508984 0.00192642
4 0.42959 0.527246 0.658008 0.706445 0.00191212
15 0.42959 0.527246 0.658008 0.706445 0.00190449
12 0.500684 0.605078 0.517383 0.577344 0.00186062
13 0.348828 0.661621 0.561719 0.676758 0.00183868
17 0.387891 0.393359 0.482031 0.369531 0.00178909
0 0.42959 0.527246 0.658008 0.706445 0.00176811
13 0.480469 0.543359 0.851562 0.913281 0.00170708
12 0.387891 0.393359 0.482031 0.369531 0.0017004
12 0.724219 0.394141 0.551562 0.751563 0.00160408
7 0.425879 0.416016 0.587305 0.407031 0.00157356
14 0.335156 0.380566 0.465625 0.313867 0.00153065
15 0.384375 0.814844 0.396875 0.370313 0.00149536
14 0.4625 0.520312 0.78125 0.91875 0.0014782
13 0.750391 0.452734 0.499219 0.835156 0.00143242
14 0.267578 0.378516 0.303125 0.285156 0.00139427
2 0.42959 0.527246 0.658008 0.706445 0.00138283
19 0.394141 0.391309 0.461719 0.350195 0.00137806
1 0.4625 0.520312 0.78125 0.91875 0.00135136
2 0.458984 0.512109 0.824219 0.913281 0.00134563
12 0.721875 0.246094 0.55625 0.492188 0.00130463
2 0.335156 0.380566 0.465625 0.313867 0.00130463
15 0.425879 0.416016 0.587305 0.407031 0.00127411
24 0.425879 0.416016 0.587305 0.407031 0.00124454
15 0.348828 0.661621 0.561719 0.676758 0.00123501
25 0.42959 0.527246 0.658008 0.706445 0.00119686
12 0.780664 0.239453 0.438672 0.457031 0.00118828
13 0.500684 0.605078 0.517383 0.577344 0.00118351
21 0.348047 0.804688 0.345313 0.390625 0.00111198
12 0.60625 0.381641 0.7875 0.763281 0.00106525
14 0.384375 0.814844 0.396875 0.370313 0.00106049
19 0.348047 0.804688 0.345313 0.390625 0.00105286
14 0.348828 0.661621 0.561719 0.676758 0.00104427
0 0.458984 0.512109 0.824219 0.913281 0.00102043
2 0.376172 0.401563 0.478906 0.382812 0.354004
14 0.364063 0.397266 0.504687 0.360156 0.352295
6 0.385547 0.390625 0.463281 0.3625 0.166626
7 0.385547 0.390625 0.463281 0.3625 0.0786133
9 0.380859 0.396094 0.482031 0.365625 0.0351562
16 0.384375 0.398047 0.470313 0.386719 0.0271759
23 0.385156 0.395703 0.466406 0.367969 0.0212097
10 0.380859 0.396094 0.482031 0.365625 0.0207977
18 0.385547 0.390625 0.463281 0.3625 0.0200958
24 0.385547 0.390625 0.463281 0.3625 0.0153046
4 0.364063 0.397266 0.504687 0.360156 0.0107346
11 0.380859 0.396094 0.482031 0.365625 0.0107346
25 0.384375 0.398047 0.470313 0.386719 0.00933838
19 0.467578 0.39209 0.269531 0.362695 0.0077858
0 0.385156 0.395703 0.466406 0.367969 0.00664139
15 0.385547 0.390625 0.463281 0.3625 0.00526047
16 0.366797 0.80918 0.404687 0.381641 0.00468063
19 0.649219 0.801562 0.317188 0.396875 0.00349617
12 0.644531 0.785156 0.317188 0.429688 0.00243378
3 0.389941 0.395313 0.474805 0.378125 0.00219917
5 0.364063 0.397266 0.504687 0.360156 0.00144386
2 0.387891 0.379688 0.463281 0.353125 0.221313
14 0.385547 0.382812 0.446094 0.342969 0.0875854
6 0.382422 0.386328 0.441406 0.342969 0.0589905
9 0.385547 0.382812 0.446094 0.342969 0.02211
7 0.382422 0.386328 0.441406 0.342969 0.0194244
18 0.386328 0.387109 0.461719 0.352344 0.0164642
23 0.387109 0.386719 0.460156 0.345313 0.0143356
16 0.385156 0.38584 0.465625 0.362695 0.0142822
0 0.385156 0.38584 0.465625 0.362695 0.00933838
11 0.385547 0.382812 0.446094 0.342969 0.00888062
4 0.386035 0.380469 0.451367 0.346875 0.00734711
24 0.379688 0.394434 0.417188 0.33457 0.00600433
15 0.388281 0.38916 0.453125 0.348242 0.00453949
10 0.385547 0.382812 0.446094 0.342969 0.00300407
25 0.381641 0.382812 0.450781 0.357031 0.00279999
3 0.385156 0.38584 0.465625 0.362695 0.00239754
1 0.386035 0.380469 0.451367 0.346875 0.00126457
19 0.275732 0.317383 0.250098 0.177734 0.00117874
14 0.378906 0.397656 0.488281 0.339844 0.521484
2 0.379297 0.394629 0.500781 0.348242 0.486328
23 0.388672 0.395313 0.536719 0.3625 0.049408
9 0.387109 0.401563 0.484375 0.341406 0.0433655
7 0.383203 0.398438 0.511719 0.363281 0.0306702
6 0.386719 0.404297 0.464063 0.342969 0.0302734
4 0.378906 0.397656 0.488281 0.339844 0.022934
18 0.383203 0.398438 0.511719 0.363281 0.0220337
19 0.657422 0.800781 0.344531 0.398438 0.0104523
21 0.657422 0.800781 0.344531 0.398438 0.00952148
10 0.378906 0.397656 0.488281 0.339844 0.00748825
25 0.378906 0.397656 0.488281 0.339844 0.00701141
24 0.386816 0.414062 0.445117 0.320312 0.00661469
16 0.394922 0.403027 0.478906 0.351758 0.00653839
0 0.388672 0.395313 0.536719 0.3625 0.00325966
11 0.387109 0.401563 0.484375 0.341406 0.00317192
16 0.321094 0.380078 0.504687 0.311719 0.00221634
19 0.153906 0.816797 0.307813 0.366406 0.00157928
2 0.453223 0.399121 0.631055 0.42832 0.00143242
19 0.65625 0.775781 0.295312 0.4125 0.00133038
12 0.735352 0.591406 0.529297 0.817187 0.00113392
15 0.386816 0.414062 0.445117 0.320312 0.00109482
2 0.378223 0.389062 0.462305 0.351562 0.614258
14 0.382422 0.382129 0.455469 0.356055 0.216675
18 0.3875 0.38125 0.457031 0.382031 0.0486755
16 0.381348 0.387109 0.485742 0.364844 0.0460205
7 0.381641 0.387891 0.457031 0.370313 0.0343628
23 0.378223 0.389062 0.462305 0.351562 0.0210419
6 0.382422 0.380566 0.463281 0.35918 0.0133743
9 0.382422 0.382129 0.455469 0.356055 0.0132751
4 0.382422 0.382129 0.455469 0.356055 0.0109863
25 0.382422 0.382129 0.455469 0.356055 0.01017
24 0.3875 0.38125 0.457031 0.382031 0.00959778
10 0.382422 0.382129 0.455469 0.356055 0.0049057
0 0.382422 0.382129 0.455469 0.356055 0.00316048
19 0.65 0.792383 0.30625 0.415234 0.00217438
21 0.327539 0.813281 0.259766 0.360938 0.0019722
13 0.65 0.792383 0.30625 0.415234 0.00129986
11 0.382422 0.382129 0.455469 0.356055 0.00118828
14 0.347852 0.389746 0.523047 0.35332 0.73877
2 0.344141 0.385059 0.524219 0.34707 0.515625
23 0.346094 0.394922 0.529688 0.364063 0.119629
9 0.36875 0.387598 0.482812 0.348242 0.0630493
4 0.36875 0.387598 0.482812 0.348242 0.0621033
6 0.382422 0.393066 0.460156 0.35918 0.00857544
0 0.382129 0.396191 0.460742 0.368555 0.0085144
25 0.344141 0.385059 0.524219 0.34707 0.00698471
0 0.305469 0.376563 0.475 0.320312 0.00638962
12 0.728906 0.602734 0.542188 0.794531 0.00542831
13 0.728906 0.602734 0.542188 0.794531 0.0041008
7 0.335156 0.384766 0.532031 0.352344 0.00329781
9 0.38584 0.433984 0.442383 0.282031 0.00304031
11 0.382422 0.393066 0.460156 0.35918 0.0029583
13 0.792969 0.616016 0.414062 0.694531 0.00269318
10 0.337891 0.392578 0.542969 0.363281 0.0024147
13 0.852539 0.712109 0.294922 0.478906 0.00228691
18 0.3375 0.381641 0.534375 0.342969 0.00221634
24 0.38584 0.433984 0.442383 0.282031 0.00218201
5 0.37666 0.391016 0.47168 0.357812 0.00183868
4 0.38584 0.433984 0.442383 0.282031 0.00162315
15 0.382422 0.393066 0.460156 0.35918 0.00143814
16 0.312109 0.370313 0.492969 0.338281 0.00135136
7 0.38584 0.433984 0.442383 0.282031 0.00131512
6 0.311719 0.372852 0.485938 0.321484 0.00117874
11 0.8375 0.856055 0.325 0.287891 0.00109005
12 0.792969 0.616016 0.414062 0.694531 0.00105667
2 0.375684 0.389062 0.492383 0.358594 0.858398
14 0.380859 0.382812 0.478906 0.351562 0.422607
7 0.377734 0.397266 0.492969 0.366406 0.122498
23 0.375684 0.389062 0.492383 0.358594 0.0292053
18 0.388672 0.396484 0.477344 0.366406 0.0181885
10 0.380859 0.382812 0.478906 0.351562 0.0105286
6 0.380859 0.382812 0.478906 0.351562 0.00941467
13 0.770312 0.585547 0.459375 0.811719 0.00933838
2 0.259766 0.373633 0.392188 0.303516 0.00898743
12 0.736133 0.566797 0.527734 0.866406 0.00891876
16 0.386328 0.391504 0.478125 0.370117 0.00664139
12 0.732031 0.444141 0.535937 0.888281 0.00527954
9 0.375684 0.389062 0.492383 0.358594 0.00498199
25 0.380859 0.382812 0.478906 0.351562 0.00457382
19 0.463281 0.380859 0.273438 0.371094 0.00445175
13 0.79043 0.613672 0.419141 0.682031 0.00358009
7 0.259766 0.373633 0.392188 0.303516 0.00340271
16 0.259766 0.373633 0.392188 0.303516 0.00307465
12 0.691406 0.601953 0.617188 0.796094 0.00248146
13 0.615625 0.607813 0.2375 0.35625 0.00236893
7 0.239063 0.341797 0.338281 0.2125 0.00226974
14 0.259766 0.373633 0.392188 0.303516 0.00214958
13 0.691406 0.601953 0.617188 0.796094 0.00172043
18 0.259766 0.373633 0.392188 0.303516 0.0016489
13 0.732031 0.444141 0.535937 0.888281 0.00157356
13 0.882031 0.434473 0.235938 0.373242 0.0012846
23 0.259766 0.373633 0.392188 0.303516 0.00122547
10 0.259766 0.373633 0.392188 0.303516 0.00112057
0 0.357227 0.376465 0.485547 0.333008 0.00106049
11 0.38584 0.388281 0.483008 0.364063 0.00103664
14 0.385938 0.399902 0.440625 0.345508 0.953613
2 0.385938 0.399902 0.440625 0.345508 0.914062
23 0.379297 0.392578 0.45 0.352344 0.162354
25 0.388184 0.400879 0.445508 0.345117 0.0258636
9 0.387109 0.396191 0.452344 0.351367 0.0117798
7 0.382812 0.396973 0.451562 0.351367 0.00734711
2 0.394043 0.399121 0.566602 0.404883 0.00709534
14 0.394043 0.399121 0.566602 0.404883 0.00542831
4 0.3875 0.401465 0.45625 0.337695 0.00524139
10 0.385938 0.399902 0.440625 0.345508 0.00457382
16 0.387598 0.396973 0.45918 0.34668 0.00282288
6 0.388184 0.402344 0.44707 0.3375 0.00266266
18 0.387891 0.397266 0.457031 0.352344 0.00177479
2 0.330859 0.389941 0.558594 0.366992 0.927246
14 0.329102 0.387891 0.557422 0.357812 0.176147
23 0.330859 0.389941 0.558594 0.366992 0.0907593
9 0.379688 0.389941 0.466406 0.356055 0.0789185
6 0.366797 0.391797 0.477344 0.349219 0.0319824
18 0.330078 0.383496 0.550781 0.35957 0.02211
7 0.330078 0.381641 0.553906 0.360156 0.013588
16 0.324414 0.368164 0.548047 0.369141 0.00754929
4 0.366797 0.391797 0.477344 0.349219 0.0068512
10 0.330078 0.381641 0.553906 0.360156 0.00605011
24 0.366797 0.391797 0.477344 0.349219 0.00540543
25 0.330078 0.381641 0.553906 0.360156 0.00351143
15 0.383594 0.394531 0.454688 0.34375 0.00258064
0 0.344531 0.385547 0.525781 0.357812 0.00223351
11 0.371094 0.394141 0.482812 0.377344 0.00153637
14 0.336719 0.405371 0.564844 0.398633 0.977539
2 0.336719 0.405371 0.564844 0.398633 0.228149
23 0.339063 0.401172 0.554688 0.388281 0.151489
4 0.339063 0.401172 0.554688 0.388281 0.113159
9 0.361523 0.399121 0.528516 0.386133 0.0333252
25 0.338086 0.403516 0.558203 0.403906 0.0138474
10 0.338086 0.403516 0.558203 0.403906 0.00993347
5 0.339258 0.397559 0.555078 0.387695 0.0026722
12 0.738672 0.460547 0.522656 0.921094 0.00214958
18 0.353125 0.409375 0.53125 0.398438 0.0019722
13 0.736719 0.607422 0.526563 0.785156 0.00191879
0 0.339453 0.392969 0.552344 0.371875 0.00190449
12 0.729492 0.579688 0.541016 0.840625 0.00169373
6 0.388281 0.400781 0.471094 0.378125 0.00127411
2 0.378906 0.392578 0.485938 0.349219 0.815918
7 0.378906 0.392578 0.485938 0.349219 0.213989
14 0.375098 0.393848 0.49668 0.35293 0.0486755
18 0.384766 0.389941 0.463281 0.356055 0.0273743
23 0.378906 0.392578 0.485938 0.349219 0.0120544
9 0.386035 0.391797 0.457617 0.359375 0.00706482
6 0.362891 0.383496 0.557813 0.362695 0.00600433
16 0.384766 0.389941 0.463281 0.356055 0.00416565
10 0.368164 0.389844 0.498047 0.353125 0.00282288
24 0.378906 0.392578 0.485938 0.349219 0.00275803
25 0.380469 0.390625 0.48125 0.382812 0.00174141
2 0.377246 0.386621 0.445508 0.350195 0.876953
14 0.377246 0.386621 0.445508 0.350195 0.651367
23 0.377246 0.386621 0.445508 0.350195 0.0344849
2 0.278711 0.386328 0.347266 0.364844 0.0238647
25 0.375781 0.392188 0.434375 0.364844 0.0106125
7 0.370313 0.391406 0.451562 0.357812 0.0100937
14 0.278711 0.386328 0.347266 0.364844 0.0085144
6 0.383594 0.397559 0.44375 0.367383 0.0049057
18 0.385547 0.390625 0.44375 0.370313 0.00391388
16 0.385547 0.390625 0.44375 0.370313 0.00367928
19 0.753906 0.253516 0.329688 0.375781 0.00237846
1 0.383594 0.397559 0.44375 0.367383 0.00225258
9 0.375781 0.392188 0.434375 0.364844 0.00141621
10 0.385547 0.390625 0.44375 0.370313 0.00119686
0 0.385547 0.390625 0.44375 0.370313 0.00116062
2 0.373828 0.391797 0.472656 0.371094 0.992676
14 0.373828 0.391797 0.472656 0.371094 0.175537
7 0.369922 0.391016 0.470313 0.367969 0.0705566
23 0.373828 0.391797 0.472656 0.371094 0.0616455
16 0.360742 0.388281 0.481641 0.367188 0.0402527
6 0.378906 0.392969 0.459375 0.3625 0.0139542
9 0.376172 0.392285 0.453906 0.37168 0.0125732
10 0.370313 0.392969 0.471875 0.373437 0.00658798
18 0.372656 0.389844 0.469531 0.369531 0.00614548
25 0.363672 0.390723 0.478906 0.37168 0.00254059
0 0.378906 0.392969 0.459375 0.3625 0.00154877
14 0.384766 0.403906 0.482031 0.374219 0.746094
2 0.384766 0.403906 0.482031 0.374219 0.162354
23 0.384375 0.402344 0.48125 0.372656 0.0374756
25 0.384375 0.402344 0.48125 0.372656 0.0088501
2 0.300977 0.396094 0.391797 0.351562 0.00638962
14 0.300977 0.396094 0.391797 0.351562 0.00342941
10 0.388672 0.403516 0.472656 0.367188 0.00209999
1 0.387109 0.403516 0.482812 0.378125 0.00141621
4 0.387109 0.403516 0.482812 0.378125 0.00107765
19 0.654688 0.810156 0.3 0.379688 0.00107288
2 0.373828 0.399316 0.511719 0.354492 0.952637
7 0.376172 0.403027 0.510938 0.364258 0.184204
14 0.370313 0.396094 0.522656 0.354688 0.0479431
9 0.378906 0.400391 0.496094 0.354688 0.0272675
23 0.373828 0.399316 0.511719 0.354492 0.0147324
18 0.378906 0.400391 0.496094 0.354688 0.00658798
16 0.387402 0.398047 0.49082 0.374219 0.00429916
6 0.376563 0.396777 0.496875 0.343945 0.00325966
10 0.376563 0.396777 0.496875 0.343945 0.00201988
25 0.370313 0.396094 0.522656 0.354688 0.00137806
2 0.372266 0.386719 0.477344 0.371094 0.886719
14 0.372266 0.386719 0.477344 0.371094 0.162354
23 0.372266 0.386719 0.477344 0.371094 0.0288696
7 0.378516 0.386816 0.471094 0.368555 0.00695801
25 0.372266 0.386719 0.477344 0.371094 0.00288963
6 0.378516 0.388281 0.453906 0.3625 0.00200272
18 0.378516 0.388281 0.453906 0.3625 0.0019722
16 0.378516 0.388281 0.453906 0.3625 0.00166798
19 0.744531 0.267383 0.404687 0.296484 0.00129986
2 0.375 0.39834 0.477344 0.337695 0.904785
14 0.373047 0.401563 0.471094 0.345313 0.227417
23 0.37959 0.403809 0.470508 0.350195 0.0113754
7 0.375 0.39834 0.477344 0.337695 0.0100937
9 0.37959 0.403809 0.470508 0.350195 0.00328636
6 0.37959 0.403809 0.470508 0.350195 0.00279999
25 0.37959 0.403809 0.470508 0.350195 0.00255013
2 0.369531 0.398828 0.482031 0.353906 0.978516
14 0.369531 0.398828 0.482031 0.353906 0.0991211
6 0.376563 0.400391 0.485938 0.350781 0.0124283
9 0.376563 0.402441 0.476562 0.354492 0.0115967
7 0.376465 0.401563 0.486133 0.357031 0.01017
23 0.369531 0.398828 0.482031 0.353906 0.00997162
2 0.289648 0.395313 0.347266 0.339063 0.0085144
14 0.289648 0.395313 0.347266 0.339063 0.00257111
18 0.376563 0.402441 0.476562 0.354492 0.00210762
16 0.376465 0.401563 0.486133 0.357031 0.00192642
10 0.376465 0.401563 0.486133 0.357031 0.00156116
0 0.371289 0.398047 0.473047 0.350781 0.00141048
25 0.373828 0.396777 0.491406 0.345508 0.00130939
4 0.376563 0.400391 0.485938 0.350781 0.00109005
2 0.387109 0.397266 0.492969 0.353906 0.936523
14 0.387109 0.397266 0.492969 0.353906 0.0397949
6 0.391797 0.394141 0.471094 0.345313 0.0105667
23 0.387109 0.397266 0.492969 0.353906 0.00955963
7 0.386719 0.406641 0.485938 0.35 0.0029583
9 0.394629 0.402246 0.460742 0.354883 0.0029583
25 0.394629 0.402246 0.460742 0.354883 0.00234222
4 0.720313 0.213672 0.226562 0.165234 0.00174141
18 0.394629 0.402246 0.460742 0.354883 0.00105667
2 0.389844 0.398438 0.470313 0.3625 0.768555
14 0.389844 0.394434 0.460938 0.35957 0.0560303
9 0.396094 0.392969 0.471094 0.371875 0.0305634
6 0.391016 0.4 0.463281 0.3625 0.0244751
23 0.389844 0.394434 0.460938 0.35957 0.0107346
16 0.396094 0.392969 0.471094 0.371875 0.00806427
4 0.391016 0.4 0.463281 0.3625 0.00575256
14 0.654297 0.464453 0.691406 0.919531 0.00469971
11 0.389844 0.394434 0.460938 0.35957 0.00436401
7 0.389844 0.398438 0.470313 0.3625 0.00345612
18 0.396094 0.392969 0.471094 0.371875 0.00210762
2 0.654297 0.464453 0.691406 0.919531 0.00201035
1 0.654297 0.464453 0.691406 0.919531 0.00156689
12 0.724219 0.429688 0.551562 0.854688 0.00156116
2 0.507812 0.589453 0.8125 0.821094 0.00126457
10 0.390723 0.394141 0.457617 0.371094 0.0011158
0 0.39209 0.400879 0.45957 0.363867 0.00110722
15 0.39209 0.400879 0.45957 0.363867 0.00100422
2 0.382812 0.391016 0.452344 0.342187 0.496094
14 0.382812 0.391016 0.452344 0.342187 0.0994873
23 0.378125 0.395703 0.45 0.347656 0.00216484
25 0.383594 0.392871 0.45625 0.345508 0.00214958
9 0.378125 0.395703 0.45 0.347656 0.00124454
2 0.381641 0.397266 0.471094 0.370313 0.949707
14 0.381641 0.397266 0.471094 0.370313 0.24585
7 0.375879 0.400684 0.463867 0.375195 0.0123367
23 0.379297 0.402441 0.464063 0.368555 0.00432968
16 0.377344 0.399609 0.479688 0.375781 0.00239754
25 0.38291 0.399219 0.488867 0.372656 0.0017004
12 0.680469 0.480469 0.639063 0.960938 0.0011425
2 0.383691 0.39541 0.460742 0.35293 0.969727
14 0.383691 0.39541 0.460742 0.35293 0.225464
7 0.384375 0.399121 0.455469 0.358008 0.01017
23 0.383691 0.39541 0.460742 0.35293 0.00582123
19 0.462109 0.386621 0.270313 0.364258 0.00281143
11 0.694531 0.5125 0.610938 0.975 0.00245285
25 0.386328 0.401172 0.45625 0.352344 0.00221634
9 0.387109 0.400684 0.476562 0.362695 0.00144386
16 0.387109 0.400684 0.476562 0.362695 0.00113392
2 0.390625 0.390527 0.503125 0.368945 0.981934
2 0.293945 0.378906 0.333203 0.310937 0.049408
14 0.390625 0.390527 0.503125 0.368945 0.0372009
16 0.396484 0.39541 0.476562 0.368555 0.0163422
9 0.396484 0.39541 0.476562 0.368555 0.00524139
7 0.394141 0.393359 0.48125 0.369531 0.0049057
14 0.293945 0.378906 0.333203 0.310937 0.00213242
25 0.38291 0.386719 0.49668 0.351562 0.00192642
23 0.390625 0.390527 0.503125 0.368945 0.00188923
6 0.392969 0.39375 0.482812 0.372656 0.0011034
2 0.376953 0.398438 0.4875 0.375 0.924805
14 0.378516 0.394141 0.4875 0.374219 0.287842
23 0.386621 0.401953 0.47832 0.370313 0.0100098
25 0.394922 0.403223 0.479688 0.368555 0.00379562
4 0.398047 0.398535 0.470313 0.36543 0.00333786
6 0.394922 0.403223 0.479688 0.368555 0.00209999
7 0.367969 0.396191 0.48125 0.366992 0.00169373
9 0.394922 0.403223 0.479688 0.368555 0.00149536
2 0.391113 0.396191 0.453711 0.34668 0.945801
9 0.390625 0.398047 0.453125 0.344531 0.0344849
14 0.385547 0.395313 0.4625 0.346094 0.0323486
23 0.391113 0.396191 0.453711 0.34668 0.00757599
6 0.396875 0.400781 0.4625 0.336719 0.00214958
16 0.390625 0.398047 0.453125 0.344531 0.0020752
7 0.385938 0.394629 0.457813 0.348242 0.00112915
2 0.379004 0.397656 0.45293 0.360938 0.944824
14 0.379004 0.397656 0.45293 0.360938 0.0923462
23 0.381641 0.396875 0.466406 0.364063 0.00471878
7 0.370703 0.398047 0.467187 0.364844 0.00252151
25 0.383984 0.398047 0.459375 0.366406 0.00107288
2 0.395605 0.395215 0.471289 0.345508 0.964844
14 0.395605 0.395215 0.471289 0.345508 0.0541992
23 0.392578 0.400781 0.458594 0.342187 0.00643921
7 0.396973 0.402441 0.473242 0.341992 0.00365067
9 0.392871 0.403027 0.45957 0.34707 0.00175476
6 0.392871 0.403027 0.45957 0.34707 0.00112915
16 0.392871 0.403027 0.45957 0.34707 0.00101662
2 0.376465 0.38916 0.473633 0.348242 0.942871
14 0.376465 0.38916 0.473633 0.348242 0.0467224
9 0.379297 0.396484 0.464063 0.353125 0.00498199
23 0.379297 0.396484 0.464063 0.353125 0.00445175
25 0.376172 0.391504 0.466406 0.345117 0.00277901
6 0.382812 0.393652 0.459375 0.342383 0.00214005
7 0.372266 0.388379 0.471094 0.345117 0.00130939
1 0.372266 0.798047 0.416406 0.403906 0.00102425
2 0.383594 0.388281 0.449219 0.332813 0.947754
14 0.383594 0.388281 0.449219 0.332813 0.105957
23 0.383594 0.388281 0.449219 0.332813 0.00510025
6 0.388672 0.39541 0.453906 0.33418 0.00208282
25 0.388379 0.389844 0.456055 0.334375 0.00156116
7 0.389844 0.392871 0.45625 0.336133 0.00132465
2 0.370898 0.392578 0.464453 0.360938 0.513672
14 0.373828 0.384277 0.452344 0.362695 0.317383
23 0.373828 0.384277 0.452344 0.362695 0.00624084
25 0.376172 0.385938 0.463281 0.364844 0.0042305
9 0.381641 0.389453 0.460938 0.358594 0.00337601
4 0.381641 0.389453 0.460938 0.358594 0.00332451
2 0.383594 0.381934 0.467187 0.336133 0.907715
14 0.366992 0.377734 0.455078 0.322656 0.0234222
9 0.389844 0.385156 0.465625 0.332813 0.00415039
23 0.383594 0.381934 0.467187 0.336133 0.00397491
6 0.389844 0.385156 0.465625 0.332813 0.00239754
25 0.387109 0.384375 0.460938 0.335938 0.00176811
2 0.351172 0.382812 0.534375 0.364844 0.959473
14 0.351172 0.382812 0.534375 0.364844 0.0492249
7 0.364453 0.389746 0.533594 0.370508 0.00952148
23 0.351172 0.382812 0.534375 0.364844 0.00614548
16 0.321875 0.383984 0.513281 0.341406 0.00273705
25 0.360742 0.382715 0.520703 0.362695 0.00245285
9 0.368164 0.391504 0.522266 0.36543 0.00123024
2 0.374219 0.380859 0.448438 0.335156 0.943359
14 0.370508 0.380859 0.441797 0.332031 0.00769424
23 0.374609 0.379785 0.444531 0.34043 0.00279999
9 0.380859 0.381641 0.463281 0.340625 0.00243378
16 0.381934 0.383594 0.481445 0.348438 0.00134087
7 0.371484 0.379688 0.438281 0.330469 0.00109482
2 0.388281 0.38584 0.46875 0.356445 0.852539
14 0.383496 0.388672 0.48457 0.352344 0.0164032
9 0.384375 0.388965 0.470313 0.343945 0.00763702
7 0.383496 0.388672 0.48457 0.352344 0.0020504
16 0.387402 0.390625 0.470508 0.347656 0.00164223
23 0.388281 0.38584 0.46875 0.356445 0.00157356
25 0.383203 0.387109 0.463281 0.354688 0.00113392
2 0.376465 0.384766 0.458008 0.332031 0.94043
14 0.373437 0.384766 0.451562 0.332813 0.0289764
23 0.384766 0.382422 0.457031 0.332031 0.00283432
9 0.377344 0.385254 0.451562 0.326367 0.00191212
16 0.38125 0.387891 0.445312 0.322656 0.00146103
25 0.378516 0.383594 0.455469 0.332813 0.00137806
2 0.384277 0.383984 0.454883 0.342969 0.841309
14 0.384277 0.383984 0.454883 0.342969 0.0299835
23 0.384277 0.383984 0.454883 0.342969 0.00370789
9 0.385547 0.386816 0.465625 0.337305 0.00179577
2 0.379688 0.382812 0.444531 0.335938 0.963867
14 0.370898 0.383203 0.434766 0.327344 0.0219421
6 0.38584 0.3875 0.450195 0.328906 0.00466537
9 0.393066 0.39209 0.449805 0.326758 0.00279999
23 0.379688 0.382812 0.444531 0.335938 0.00182438
16 0.393066 0.39209 0.449805 0.326758 0.00141048
2 0.392871 0.390723 0.475195 0.32793 0.851562
14 0.392871 0.390723 0.475195 0.32793 0.0160217
14 0.775977 0.405078 0.448047 0.810156 0.00542831
16 0.39209 0.39375 0.470508 0.325 0.00524139
1 0.775977 0.405078 0.448047 0.810156 0.00219917
9 0.39209 0.39375 0.470508 0.325 0.0016613
23 0.392871 0.390723 0.475195 0.32793 0.00145531
7 0.391406 0.398535 0.475 0.338867 0.00133514
6 0.39209 0.39375 0.470508 0.325 0.0011158
2 0.389844 0.386816 0.460938 0.332617 0.887695
14 0.387109 0.390625 0.4625 0.339063 0.021698
23 0.389844 0.386816 0.460938 0.332617 0.00500107
6 0.392188 0.391797 0.452344 0.327344 0.00335121
9 0.390625 0.389453 0.45625 0.332813 0.00259018
16 0.392188 0.391797 0.452344 0.327344 0.00154877
2 0.378125 0.380371 0.453125 0.33457 0.89502
14 0.378125 0.380371 0.453125 0.33457 0.028656
23 0.378125 0.380371 0.453125 0.33457 0.00150681
16 0.381641 0.384375 0.453906 0.335938 0.00145531
6 0.381641 0.384375 0.453906 0.335938 0.00107765
9 0.381641 0.384375 0.453906 0.335938 0.00104427
7 0.381641 0.384375 0.453906 0.335938 0.00100422
2 0.382812 0.39375 0.445312 0.326562 0.927246
14 0.379688 0.392969 0.445312 0.330469 0.0572815
23 0.380859 0.389941 0.449219 0.324805 0.00317192
25 0.381934 0.390625 0.448633 0.320312 0.0011692
2 0.382129 0.392578 0.457617 0.336719 0.937988
14 0.378125 0.398047 0.459375 0.332031 0.00540543
16 0.382422 0.399219 0.4625 0.334375 0.0041008
7 0.378125 0.398047 0.459375 0.332031 0.00299263
9 0.379297 0.397559 0.460156 0.336133 0.00237846
23 0.382129 0.392578 0.457617 0.336719 0.00128937
2 0.384082 0.390234 0.442773 0.330469 0.933105
14 0.383594 0.393359 0.442188 0.328906 0.0113297
16 0.388965 0.394531 0.456445 0.326562 0.00287819
6 0.383203 0.39375 0.441406 0.329688 0.00187492
9 0.388965 0.394531 0.456445 0.326562 0.0015192
23 0.388965 0.394531 0.456445 0.326562 0.00112438
7 0.384082 0.390234 0.442773 0.330469 0.00108624
2 0.771094 0.271094 0.404687 0.385938 0.00103188
2 0.383594 0.3875 0.428125 0.30625 0.933105
14 0.385156 0.389844 0.429688 0.30625 0.0197906
16 0.385938 0.390527 0.4375 0.306445 0.00213242
7 0.385938 0.390527 0.4375 0.306445 0.00137234
6 0.385938 0.390527 0.4375 0.306445 0.00102806
2 0.386719 0.389941 0.435937 0.32793 0.922363
14 0.386328 0.396875 0.4375 0.31875 0.00619125
6 0.386816 0.392871 0.441992 0.323633 0.00400543
16 0.386328 0.395996 0.439063 0.31582 0.00266266
9 0.386719 0.394141 0.432813 0.320312 0.00182438
2 0.386035 0.392578 0.448242 0.323438 0.922363
14 0.386035 0.392188 0.451367 0.320312 0.013588
6 0.387109 0.397656 0.455469 0.321094 0.00129414
7 0.386035 0.392188 0.451367 0.320312 0.00122547
2 0.384766 0.3875 0.419531 0.308594 0.922363
14 0.378516 0.383203 0.421875 0.300781 0.00566483
16 0.387109 0.391016 0.438281 0.307031 0.00279999
9 0.3875 0.388281 0.420312 0.310156 0.00188255
23 0.385547 0.388184 0.422656 0.30957 0.00157356
7 0.385938 0.394922 0.435937 0.302344 0.00134563
6 0.387109 0.391016 0.438281 0.307031 0.00116062
2 0.392969 0.397754 0.436719 0.332617 0.898926
14 0.388672 0.399609 0.444531 0.325781 0.00568771
23 0.392969 0.397754 0.436719 0.332617 0.00142097
16 0.392285 0.401563 0.445117 0.332031 0.00101662
2 0.39209 0.39375 0.426758 0.329688 0.89502
14 0.391406 0.393359 0.423438 0.321094 0.0051384
16 0.394629 0.395996 0.43418 0.325195 0.00203514
23 0.39209 0.39375 0.426758 0.329688 0.00152493
9 0.394629 0.395996 0.43418 0.325195 0.0011425
7 0.39209 0.39375 0.426758 0.329688 0.00102806
2 0.385449 0.394922 0.429102 0.327344 0.911621
14 0.385449 0.394922 0.429102 0.327344 0.00366402
16 0.388672 0.397656 0.439844 0.317188 0.0027256
9 0.388672 0.400781 0.436719 0.313281 0.00155449
2 0.387891 0.389941 0.405469 0.312305 0.908691
14 0.390527 0.389062 0.406445 0.314063 0.00436401
16 0.390625 0.394141 0.41875 0.305469 0.00309944
7 0.389062 0.396191 0.416406 0.30293 0.00206757
6 0.390625 0.394141 0.41875 0.305469 0.00167465
23 0.387891 0.389941 0.405469 0.312305 0.00116062
2 0.390625 0.389062 0.427344 0.328125 0.90918
14 0.3875 0.392969 0.423438 0.325 0.00407028
16 0.3875 0.392578 0.4375 0.325781 0.00277901
7 0.390625 0.389062 0.427344 0.328125 0.00168705
6 0.3875 0.392578 0.4375 0.325781 0.00135612
23 0.390625 0.389062 0.427344 0.328125 0.00118828
2 0.385254 0.390723 0.410742 0.307617 0.917969
6 0.385938 0.392578 0.417188 0.307031 0.00374985
16 0.3875 0.393066 0.425781 0.306055 0.00337601
14 0.384375 0.389844 0.417188 0.304688 0.00312424
23 0.385254 0.390723 0.410742 0.307617 0.00217438
11 0.3875 0.393066 0.425781 0.306055 0.00181007
2 0.380859 0.393359 0.421094 0.319531 0.888672
16 0.380859 0.397656 0.435156 0.3125 0.00356483
6 0.383203 0.394531 0.422656 0.315625 0.00286674
14 0.380859 0.393359 0.421094 0.319531 0.0026722
23 0.381348 0.398828 0.437305 0.308594 0.00108147
9 0.382812 0.396191 0.423438 0.31543 0.00107288
7 0.381152 0.397266 0.426758 0.314063 0.00105286
2 0.378027 0.39375 0.429883 0.325 0.898438
14 0.378027 0.395313 0.43457 0.329688 0.0409851
23 0.373828 0.396484 0.439844 0.321094 0.00277901
7 0.375781 0.398438 0.440625 0.323438 0.00189686
6 0.373828 0.396484 0.439844 0.321094 0.00144386
2 0.384766 0.394531 0.458594 0.346094 0.915527
14 0.387793 0.392188 0.460352 0.348438 0.0165863
23 0.381152 0.393066 0.45957 0.338867 0.00148964
16 0.382129 0.394629 0.463867 0.337305 0.00102425
2 0.388281 0.394629 0.473438 0.35293 0.871582
14 0.381641 0.395703 0.466406 0.350781 0.0499573
16 0.385938 0.394141 0.478906 0.347656 0.00161076
25 0.384766 0.391406 0.471094 0.348438 0.00151253
2 0.313672 0.146289 0.454688 0.292578 0.0011692
6 0.385938 0.394141 0.478906 0.347656 0.00115108
23 0.384766 0.391406 0.471094 0.348438 0.00105667
2 0.391699 0.389746 0.454102 0.329883 0.93457
14 0.38125 0.389062 0.446875 0.326562 0.0190582
16 0.391016 0.393848 0.467969 0.32168 0.00229645
23 0.391016 0.393848 0.467969 0.32168 0.00200272
6 0.391016 0.393848 0.467969 0.32168 0.00172043
9 0.391016 0.393848 0.467969 0.32168 0.00136662
2 0.386719 0.396484 0.452344 0.320312 0.888672
14 0.390918 0.394922 0.450977 0.333594 0.0064888
16 0.385059 0.398535 0.458008 0.30918 0.00169373
9 0.385059 0.398535 0.458008 0.30918 0.00138283
23 0.385938 0.4 0.460938 0.310937 0.00105667
2 0.383984 0.393848 0.446094 0.326367 0.9375
14 0.380859 0.39375 0.442969 0.325 0.0109024
16 0.381641 0.397656 0.457813 0.315625 0.00302696
9 0.381641 0.397656 0.457813 0.315625 0.00133038
2 0.387891 0.39541 0.453906 0.329492 0.90918
14 0.376953 0.39541 0.446875 0.32168 0.00584412
16 0.388379 0.399121 0.460742 0.31582 0.00244331
9 0.388379 0.399121 0.460742 0.31582 0.00188255
6 0.388379 0.399121 0.460742 0.31582 0.00133514
2 0.38291 0.393359 0.438867 0.314844 0.904785
14 0.376953 0.391016 0.430469 0.313281 0.00800323
9 0.381934 0.393359 0.439258 0.311719 0.0020504
16 0.380566 0.395313 0.449805 0.303906 0.00194168
2 0.386328 0.396484 0.459375 0.328906 0.936035
14 0.378223 0.395703 0.460742 0.330469 0.00674438
16 0.386719 0.399219 0.460156 0.316406 0.00234222
9 0.386719 0.399219 0.460156 0.316406 0.00203514
6 0.386719 0.399219 0.460156 0.316406 0.00102425
2 0.388965 0.392871 0.451758 0.326758 0.92041
14 0.377832 0.392871 0.447461 0.32207 0.00471878
16 0.389844 0.39541 0.466406 0.320117 0.00383949
9 0.389844 0.39541 0.466406 0.320117 0.0026722
6 0.389844 0.39541 0.466406 0.320117 0.00253105
2 0.389844 0.393066 0.460938 0.33418 0.905762
14 0.379297 0.392578 0.445312 0.328125 0.00450516
16 0.38916 0.395703 0.466992 0.321094 0.00429916
9 0.38916 0.395703 0.466992 0.321094 0.00174141
2 0.388379 0.394922 0.466992 0.330469 0.908691
14 0.377441 0.392871 0.449805 0.325195 0.00486755
16 0.389746 0.396875 0.47207 0.321094 0.00397491
9 0.389746 0.396875 0.47207 0.321094 0.00141621
2 0.39209 0.394141 0.456445 0.330469 0.916016
14 0.378125 0.392285 0.440625 0.32168 0.00534439
16 0.390625 0.397754 0.464844 0.318555 0.00204277
9 0.390625 0.397754 0.464844 0.318555 0.00118828
2 0.391406 0.394141 0.459375 0.328906 0.917969
14 0.377637 0.39209 0.441602 0.320508 0.00424957
16 0.391016 0.397559 0.469531 0.31582 0.00265312
9 0.391016 0.397559 0.469531 0.31582 0.00142097
2 0.391406 0.392285 0.452344 0.318555 0.911133
14 0.386719 0.395313 0.442969 0.308594 0.00335121
16 0.388965 0.396484 0.458008 0.304688 0.00275803
7 0.38916 0.396875 0.460742 0.30625 0.00151253
9 0.388965 0.396484 0.458008 0.304688 0.00143814
2 0.38916 0.396484 0.45918 0.324219 0.916016
14 0.375879 0.392871 0.448242 0.32207 0.00443268
16 0.390625 0.397754 0.460938 0.312305 0.00291252
9 0.390625 0.397754 0.460938 0.312305 0.00123501
7 0.390234 0.398828 0.4625 0.316406 0.00104809
2 0.389062 0.395996 0.459375 0.32207 0.922363
14 0.375879 0.392578 0.445117 0.317188 0.00521851
16 0.389844 0.397656 0.465625 0.309375 0.00201035
9 0.389844 0.397656 0.465625 0.309375 0.00150681
2 0.388965 0.394922 0.45957 0.319531 0.912598
14 0.378125 0.391797 0.446875 0.316406 0.00391388
16 0.389844 0.397266 0.465625 0.310156 0.0024929
9 0.389844 0.397266 0.465625 0.310156 0.00223351
2 0.390234 0.394434 0.4625 0.32832 0.913086
14 0.376855 0.393066 0.449414 0.32168 0.00540543
16 0.391309 0.397266 0.467383 0.313281 0.0017004
9 0.391309 0.397266 0.467383 0.313281 0.00161076
2 0.388184 0.394922 0.467383 0.335156 0.926758
14 0.376172 0.392871 0.455469 0.329883 0.0078125
16 0.389844 0.395313 0.471094 0.321875 0.00191212
9 0.389844 0.395313 0.471094 0.321875 0.0011692
2 0.387891 0.39375 0.471875 0.3375 0.925293
14 0.376172 0.392871 0.460938 0.333008 0.00734711
16 0.390625 0.394141 0.471875 0.325781 0.00291252
9 0.390625 0.394141 0.471875 0.325781 0.0012846
2 0.388672 0.393652 0.461719 0.32832 0.930664
14 0.37666 0.391504 0.45293 0.324805 0.00605011
16 0.389453 0.394922 0.464844 0.316406 0.00277901
9 0.389453 0.394922 0.464844 0.316406 0.0015974
2 0.389062 0.39375 0.459375 0.321875 0.916504
14 0.377441 0.391309 0.448242 0.317383 0.00510025
16 0.389453 0.395703 0.463281 0.309375 0.00243378
9 0.389453 0.395703 0.463281 0.309375 0.00178242
2 0.390234 0.39541 0.457031 0.32793 0.917969
14 0.378027 0.393066 0.445508 0.323242 0.00547028
16 0.390527 0.396777 0.462695 0.312695 0.00247192
9 0.390527 0.396777 0.462695 0.312695 0.00179577
2 0.388672 0.395313 0.463281 0.327344 0.918457
14 0.377441 0.392969 0.451367 0.325 0.00584412
16 0.389844 0.396191 0.466406 0.313867 0.00337601
9 0.389844 0.396191 0.466406 0.313867 0.00161648
2 0.388965 0.394922 0.467383 0.330469 0.915039
14 0.377441 0.393066 0.454492 0.32793 0.00559998
16 0.391016 0.395703 0.471094 0.317969 0.00309944
9 0.391016 0.395703 0.471094 0.317969 0.00161076
2 0.388281 0.394922 0.465625 0.328125 0.913574
14 0.376953 0.392578 0.452344 0.325 0.00582123
16 0.390625 0.395996 0.470313 0.31582 0.00257111
9 0.390625 0.395996 0.470313 0.31582 0.00131512
2 0.388672 0.394629 0.464063 0.32793 0.921387
14 0.376953 0.392188 0.452344 0.325 0.00626373
16 0.390625 0.395313 0.469531 0.315625 0.0026207
9 0.390625 0.395313 0.469531 0.315625 0.00125504
2 0.388281 0.394922 0.463281 0.329688 0.92041
14 0.377344 0.392871 0.451562 0.325195 0.00740433
16 0.389844 0.395313 0.469531 0.317188 0.00265312
9 0.389844 0.395313 0.469531 0.317188 0.00126934
2 0.388965 0.395313 0.464258 0.329688 0.920898
14 0.378125 0.392871 0.452344 0.325195 0.00701141
16 0.390234 0.395215 0.470313 0.317383 0.00293541
9 0.390234 0.395215 0.470313 0.317383 0.00135136
2 0.387891 0.395215 0.464844 0.32832 0.921875
14 0.377441 0.392578 0.45293 0.324219 0.00769424
16 0.389844 0.395703 0.470313 0.316406 0.00271416
9 0.389844 0.395703 0.470313 0.316406 0.00126934
2 0.388672 0.395215 0.464844 0.32832 0.921387
14 0.378516 0.392578 0.452344 0.324219 0.00746155
16 0.390234 0.39541 0.470313 0.316992 0.00284576
9 0.390234 0.39541 0.470313 0.316992 0.00124454
2 0.389062 0.394922 0.463281 0.327344 0.920898
14 0.378809 0.392188 0.451758 0.323438 0.00751877
16 0.390234 0.396191 0.469531 0.31543 0.00273705
9 0.390234 0.396191 0.469531 0.31543 0.00120163
2 0.389062 0.395215 0.464063 0.32832 0.919434
14 0.37959 0.392188 0.45332 0.325 0.00712204
16 0.390234 0.39541 0.469531 0.316992 0.00279045
9 0.390234 0.39541 0.469531 0.316992 0.00126457
2 0.388281 0.39541 0.4625 0.329492 0.92041
14 0.377734 0.392871 0.451562 0.325195 0.00740433
16 0.389844 0.395313 0.469531 0.317188 0.00266266
9 0.389844 0.395313 0.469531 0.317188 0.00127411
