19 0.464844 0.444629 0.3125 0.288867 0.0101318
11 0.461719 0.485059 0.347656 0.383008 0.00658798
11 0.641797 0.475 0.716406 0.407813 0.00638962
3 0.461719 0.485059 0.347656 0.383008 0.00614548
14 0.4625 0.482422 0.350781 0.372656 0.00518036
11 0.639063 0.416504 0.721875 0.506055 0.00471878
20 0.461719 0.485059 0.347656 0.383008 0.00468063
5 0.457813 0.479004 0.357812 0.39668 0.00348282
3 0.639063 0.416504 0.721875 0.506055 0.00321007
9 0.463281 0.480078 0.353125 0.396094 0.00284576
14 0.639063 0.416504 0.721875 0.506055 0.00263214
11 0.613281 0.450781 0.773438 0.901563 0.00263214
0 0.4625 0.482422 0.350781 0.372656 0.00255013
17 0.4625 0.482422 0.350781 0.372656 0.0024929
5 0.47041 0.460938 0.524805 0.441406 0.00237846
0 0.639063 0.416504 0.721875 0.506055 0.00211525
11 0.485156 0.480566 0.515625 0.379492 0.00211525
14 0.641797 0.475 0.716406 0.407813 0.00192642
3 0.641797 0.475 0.716406 0.407813 0.00188255
2 0.4625 0.482422 0.350781 0.372656 0.00168705
4 0.461719 0.485059 0.347656 0.383008 0.00165462
8 0.4625 0.482422 0.350781 0.372656 0.00157356
20 0.641797 0.475 0.716406 0.407813 0.00147247
23 0.461719 0.485059 0.347656 0.383008 0.00142097
1 0.457813 0.479004 0.357812 0.39668 0.00138855
19 0.50625 0.429297 0.250781 0.260156 0.00134563
10 0.463281 0.480078 0.353125 0.396094 0.00133514
11 0.545313 0.438672 0.65625 0.686719 0.00133038
14 0.485156 0.480566 0.515625 0.379492 0.00128937
3 0.485156 0.480566 0.515625 0.379492 0.00127888
5 0.613281 0.475 0.670313 0.39375 0.00127411
4 0.641797 0.475 0.716406 0.407813 0.00123024
9 0.640137 0.41084 0.719727 0.531445 0.00123024
5 0.508984 0.551172 0.744531 0.855469 0.00121593
2 0.641797 0.475 0.716406 0.407813 0.0012064
2 0.639063 0.416504 0.721875 0.506055 0.00117874
20 0.639063 0.416504 0.721875 0.506055 0.00115108
9 0.613281 0.475 0.670313 0.39375 0.00109005
3 0.632812 0.40625 0.734375 0.8125 0.00108147
22 0.357617 0.553809 0.529297 0.717383 0.967285
22 0.373437 0.523828 0.490625 0.457031 0.960449
17 0.373437 0.523828 0.490625 0.457031 0.958008
22 0.438672 0.580566 0.444531 0.635742 0.937012
17 0.357617 0.553809 0.529297 0.717383 0.92041
22 0.393066 0.540625 0.707617 0.840625 0.829102
17 0.393066 0.540625 0.707617 0.840625 0.812988
17 0.438672 0.580566 0.444531 0.635742 0.791992
22 0.49375 0.615625 0.65625 0.76875 0.774414
20 0.357617 0.553809 0.529297 0.717383 0.728027
17 0.330078 0.590234 0.660156 0.819531 0.726562
20 0.373437 0.523828 0.490625 0.457031 0.663574
17 0.347656 0.48125 0.695312 0.9375 0.637207
20 0.393066 0.540625 0.707617 0.840625 0.637207
22 0.330078 0.590234 0.660156 0.819531 0.616699
3 0.373437 0.523828 0.490625 0.457031 0.605957
17 0.272461 0.643359 0.544922 0.713281 0.575684
17 0.23418 0.710547 0.468359 0.578906 0.554688
3 0.357617 0.553809 0.529297 0.717383 0.542969
22 0.324609 0.435547 0.649219 0.850781 0.523438
22 0.440234 0.503027 0.403906 0.426758 0.519531
22 0.234766 0.683789 0.469531 0.632422 0.509766
17 0.49375 0.615625 0.65625 0.76875 0.498047
22 0.483691 0.671094 0.64043 0.657813 0.492188
22 0.569434 0.628516 0.693945 0.742969 0.484375
17 0.483691 0.671094 0.64043 0.657813 0.455078
22 0.273828 0.705273 0.547656 0.589453 0.451416
17 0.569434 0.628516 0.693945 0.742969 0.434082
3 0.393066 0.540625 0.707617 0.840625 0.386719
17 0.440234 0.503027 0.403906 0.426758 0.38501
22 0.621875 0.666211 0.75625 0.667578 0.381104
17 0.322656 0.395703 0.645312 0.791406 0.370117
22 0.457031 0.724023 0.55 0.551953 0.345215
22 0.402344 0.619531 0.804688 0.760938 0.306641
22 0.311328 0.528125 0.622656 0.9375 0.286865
22 0.311328 0.657422 0.622656 0.685156 0.268066
17 0.457031 0.724023 0.55 0.551953 0.262207
17 0.621875 0.666211 0.75625 0.667578 0.256836
22 0.325391 0.398438 0.650781 0.796875 0.256104
17 0.402344 0.619531 0.804688 0.760938 0.254639
14 0.344922 0.540625 0.569531 0.653125 0.247314
20 0.438672 0.580566 0.444531 0.635742 0.245117
17 0.660645 0.384766 0.678711 0.769531 0.233032
14 0.340625 0.485547 0.68125 0.892969 0.2323
17 0.349023 0.428125 0.547266 0.659375 0.224731
14 0.373437 0.523828 0.490625 0.457031 0.216064
22 0.660645 0.384766 0.678711 0.769531 0.206909
17 0.307813 0.724805 0.615625 0.550391 0.203735
22 0.473047 0.465234 0.527344 0.882031 0.200562
20 0.349219 0.560156 0.698438 0.879687 0.200562
22 0.6375 0.594141 0.725 0.811719 0.19873
20 0.324609 0.435547 0.649219 0.850781 0.185303
17 0.6375 0.594141 0.725 0.811719 0.172119
20 0.49375 0.615625 0.65625 0.76875 0.169434
25 0.373437 0.523828 0.490625 0.457031 0.168823
3 0.438672 0.580566 0.444531 0.635742 0.161377
17 0.454688 0.685938 0.853125 0.628125 0.160767
1 0.393066 0.540625 0.707617 0.840625 0.160278
11 0.393066 0.540625 0.707617 0.840625 0.152588
17 0.288086 0.526563 0.576172 0.9375 0.149048
17 0.275586 0.342578 0.551172 0.685156 0.14856
11 0.357617 0.553809 0.529297 0.717383 0.144653
22 0.454688 0.685938 0.853125 0.628125 0.1427
10 0.344922 0.540625 0.569531 0.653125 0.142212
1 0.357617 0.553809 0.529297 0.717383 0.140381
10 0.393066 0.540625 0.707617 0.840625 0.13208
17 0.306641 0.678906 0.613281 0.642188 0.126343
20 0.272461 0.643359 0.544922 0.713281 0.117188
22 0.349023 0.428125 0.547266 0.659375 0.112427
22 0.238477 0.333008 0.476953 0.666016 0.112
3 0.324609 0.435547 0.649219 0.850781 0.108582
22 0.722266 0.313086 0.555469 0.626172 0.104858
8 0.344922 0.540625 0.569531 0.653125 0.104126
17 0.248047 0.359766 0.496094 0.719531 0.0966797
20 0.453906 0.702734 0.667188 0.594531 0.0923462
20 0.312109 0.478906 0.624219 0.9375 0.0910645
17 0.473047 0.465234 0.527344 0.882031 0.0891113
20 0.23418 0.710547 0.468359 0.578906 0.0881958
14 0.334766 0.557422 0.669531 0.885156 0.0863037
8 0.393066 0.540625 0.707617 0.840625 0.0827026
14 0.424902 0.607422 0.69707 0.785156 0.0817871
17 0.689063 0.445703 0.621875 0.891406 0.0794678
1 0.330078 0.590234 0.660156 0.819531 0.0794678
22 0.689063 0.445703 0.621875 0.891406 0.078064
3 0.330078 0.590234 0.660156 0.819531 0.0775146
20 0.52334 0.644922 0.725195 0.710156 0.076416
8 0.373437 0.523828 0.490625 0.457031 0.0718384
17 0.693359 0.312891 0.613281 0.625781 0.0700684
1 0.373437 0.523828 0.490625 0.457031 0.0700684
22 0.585938 0.436719 0.828125 0.873438 0.0692749
13 0.368164 0.535547 0.736328 0.910156 0.0675659
25 0.357617 0.553809 0.529297 0.717383 0.0598755
14 0.438672 0.580566 0.444531 0.635742 0.0598755
0 0.392969 0.498047 0.457031 0.410938 0.058136
3 0.49375 0.615625 0.65625 0.76875 0.0574951
1 0.272461 0.643359 0.544922 0.713281 0.0574951
14 0.332813 0.424219 0.665625 0.848437 0.0572815
3 0.23418 0.710547 0.468359 0.578906 0.0570679
1 0.453027 0.725781 0.66582 0.548438 0.0570679
14 0.311328 0.657422 0.622656 0.685156 0.0568542
20 0.325391 0.398438 0.650781 0.796875 0.0548096
3 0.455371 0.699805 0.570508 0.600391 0.0526123
1 0.347656 0.48125 0.695312 0.9375 0.0510864
1 0.235547 0.729688 0.471094 0.540625 0.0510864
3 0.272461 0.643359 0.544922 0.713281 0.0505066
17 0.688281 0.679688 0.623438 0.640625 0.044342
17 0.585938 0.436719 0.828125 0.873438 0.0419312
11 0.373437 0.523828 0.490625 0.457031 0.0413208
14 0.538672 0.626563 0.749219 0.746875 0.0413208
3 0.569434 0.628516 0.693945 0.742969 0.0409851
20 0.306641 0.678906 0.613281 0.642188 0.0406799
3 0.440234 0.503027 0.403906 0.426758 0.0405273
20 0.288477 0.578906 0.576953 0.842188 0.0402527
25 0.438672 0.580566 0.444531 0.635742 0.0390625
0 0.344922 0.540625 0.569531 0.653125 0.0377502
22 0.282031 0.312305 0.564063 0.624609 0.0367737
14 0.453906 0.702734 0.667188 0.594531 0.0362244
13 0.344922 0.540625 0.569531 0.653125 0.0360718
1 0.311328 0.423438 0.622656 0.846875 0.0358276
3 0.311328 0.528125 0.622656 0.9375 0.0348816
17 0.266016 0.746484 0.532031 0.507031 0.0348816
17 0.231641 0.273047 0.463281 0.546094 0.0343628
17 0.459277 0.745898 0.751758 0.508203 0.0339661
1 0.52334 0.644922 0.725195 0.710156 0.033905
9 0.393066 0.540625 0.707617 0.840625 0.0332031
22 0.292188 0.361719 0.576563 0.723437 0.0330811
2 0.373437 0.523828 0.490625 0.457031 0.0327148
22 0.688281 0.679688 0.623438 0.640625 0.0325928
25 0.440234 0.503027 0.403906 0.426758 0.0314941
20 0.621875 0.666211 0.75625 0.667578 0.0314941
1 0.287695 0.553906 0.575391 0.892188 0.0312042
20 0.639746 0.388281 0.720508 0.776563 0.0310211
17 0.231836 0.250977 0.463672 0.501953 0.0306702
14 0.289453 0.477344 0.578906 0.9375 0.0305634
1 0.639746 0.388281 0.720508 0.776563 0.0303345
22 0.459277 0.745898 0.751758 0.508203 0.0303345
22 0.786719 0.260156 0.426563 0.520312 0.0297546
14 0.440234 0.503027 0.403906 0.426758 0.0296478
10 0.373437 0.523828 0.490625 0.457031 0.0289764
14 0.287891 0.603125 0.575781 0.79375 0.0289764
14 0.349023 0.428125 0.547266 0.659375 0.0278015
20 0.402344 0.619531 0.804688 0.760938 0.0275879
3 0.325391 0.398438 0.650781 0.796875 0.0267639
14 0.234766 0.683789 0.469531 0.632422 0.0266571
22 0.233594 0.243359 0.451562 0.486719 0.0265503
3 0.349023 0.428125 0.547266 0.659375 0.0265503
1 0.307813 0.707617 0.615625 0.584766 0.0265045
14 0.273047 0.717773 0.546094 0.564453 0.0263519
20 0.307813 0.724805 0.615625 0.550391 0.026062
13 0.308203 0.579688 0.616406 0.840625 0.0258636
22 0.626563 0.742969 0.746875 0.514063 0.0255585
1 0.45791 0.60625 0.77793 0.7875 0.0249329
8 0.330078 0.582812 0.660156 0.834375 0.024231
3 0.621875 0.666211 0.75625 0.667578 0.0240479
3 0.402344 0.619531 0.804688 0.760938 0.0236969
3 0.307813 0.724805 0.615625 0.550391 0.0234222
13 0.307813 0.707617 0.615625 0.584766 0.0232391
20 0.440234 0.503027 0.403906 0.426758 0.0230713
11 0.49375 0.615625 0.65625 0.76875 0.0228882
5 0.368164 0.535547 0.736328 0.910156 0.0223694
11 0.324609 0.435547 0.649219 0.850781 0.02211
22 0.711719 0.527344 0.576563 0.901563 0.0215302
25 0.393066 0.540625 0.707617 0.840625 0.0214539
11 0.438672 0.580566 0.444531 0.635742 0.0214539
3 0.660645 0.384766 0.678711 0.769531 0.0213623
20 0.349023 0.428125 0.547266 0.659375 0.0212097
13 0.373437 0.523828 0.490625 0.457031 0.0212097
25 0.49375 0.615625 0.65625 0.76875 0.0212097
2 0.357617 0.553809 0.529297 0.717383 0.0210419
17 0.786719 0.260156 0.426563 0.520312 0.0207977
10 0.324609 0.435547 0.649219 0.850781 0.0206451
3 0.47666 0.664258 0.785742 0.671484 0.0204926
22 0.266016 0.746484 0.532031 0.507031 0.02034
8 0.324609 0.435547 0.649219 0.850781 0.0202484
14 0.660645 0.384766 0.678711 0.769531 0.0199432
17 0.711328 0.563281 0.577344 0.873438 0.0197906
20 0.6375 0.594141 0.725 0.811719 0.0197906
3 0.6375 0.594141 0.725 0.811719 0.0193481
1 0.438672 0.580566 0.444531 0.635742 0.0190582
9 0.357617 0.553809 0.529297 0.717383 0.0187683
1 0.322656 0.407031 0.645312 0.814063 0.0187225
13 0.336719 0.45 0.673438 0.9 0.0180206
14 0.293359 0.342773 0.586719 0.685547 0.0176392
13 0.424902 0.607422 0.69707 0.785156 0.0173035
11 0.330078 0.582812 0.660156 0.834375 0.0162811
8 0.272461 0.643359 0.544922 0.713281 0.0162811
13 0.468066 0.717969 0.773242 0.564063 0.0161591
1 0.293359 0.342773 0.586719 0.685547 0.0153046
14 0.491406 0.538281 0.553906 0.845313 0.0147324
21 0.529297 0.818555 0.311719 0.362891 0.0146713
20 0.457031 0.710156 0.857813 0.579688 0.0146713
1 0.636328 0.613672 0.727344 0.772656 0.0145035
13 0.272461 0.643359 0.544922 0.713281 0.0145035
3 0.473047 0.465234 0.527344 0.882031 0.0144501
14 0.621875 0.666211 0.75625 0.667578 0.0142822
20 0.473047 0.465234 0.527344 0.882031 0.014061
17 0.626563 0.742969 0.746875 0.514063 0.0139008
11 0.453027 0.725781 0.66582 0.548438 0.0134277
17 0.277344 0.424219 0.554688 0.848437 0.0133743
20 0.24082 0.308203 0.481641 0.616406 0.0132751
17 0.233594 0.200391 0.457813 0.400781 0.0132217
13 0.438672 0.580566 0.444531 0.635742 0.0132217
1 0.273828 0.705273 0.547656 0.589453 0.0131226
14 0.457031 0.710156 0.857813 0.579688 0.0130692
22 0.273633 0.605078 0.547266 0.789844 0.0130234
1 0.458203 0.753711 0.517188 0.492578 0.0125275
1 0.666113 0.681836 0.667773 0.636328 0.0124817
14 0.6375 0.594141 0.725 0.811719 0.0124283
11 0.272461 0.643359 0.544922 0.713281 0.0124283
3 0.248047 0.359766 0.496094 0.719531 0.0123825
19 0.457715 0.421484 0.311133 0.380469 0.0123367
3 0.306641 0.678906 0.613281 0.642188 0.012291
8 0.453906 0.702734 0.667188 0.594531 0.0121002
1 0.454688 0.685938 0.853125 0.628125 0.0120544
20 0.693359 0.312891 0.613281 0.625781 0.0119629
8 0.312109 0.478906 0.624219 0.9375 0.0119629
13 0.527344 0.614453 0.801562 0.771094 0.0118713
8 0.23418 0.710547 0.468359 0.578906 0.0117798
1 0.640625 0.483984 0.71875 0.927344 0.011734
20 0.458203 0.753711 0.517188 0.492578 0.011734
1 0.248047 0.359766 0.496094 0.719531 0.0115967
22 0.276172 0.449219 0.552344 0.898438 0.0115967
16 0.373437 0.523828 0.490625 0.457031 0.0114212
8 0.52334 0.644922 0.725195 0.710156 0.0114212
14 0.279297 0.651172 0.558594 0.697656 0.0113297
3 0.693359 0.312891 0.613281 0.625781 0.0111618
13 0.235547 0.729688 0.471094 0.540625 0.0109863
13 0.638672 0.416406 0.722656 0.832812 0.0109024
10 0.453906 0.702734 0.667188 0.594531 0.0109024
16 0.344922 0.540625 0.569531 0.653125 0.0108185
20 0.266016 0.746484 0.532031 0.507031 0.0108185
14 0.786719 0.260156 0.426563 0.520312 0.0107803
20 0.640625 0.483984 0.71875 0.927344 0.0107803
0 0.393066 0.540625 0.707617 0.840625 0.0105667
13 0.303711 0.371094 0.607422 0.742188 0.0102463
19 0.528809 0.822852 0.308008 0.354297 0.01017
22 0.709766 0.635938 0.580469 0.728125 0.01017
14 0.722266 0.313086 0.555469 0.626172 0.0101318
22 0.632812 0.307813 0.734375 0.615625 0.0100937
20 0.248047 0.359766 0.496094 0.719531 0.00985718
8 0.307813 0.707617 0.615625 0.584766 0.00985718
8 0.325391 0.398438 0.650781 0.796875 0.00971222
1 0.349023 0.428125 0.547266 0.659375 0.00971222
11 0.307813 0.707617 0.615625 0.584766 0.00971222
10 0.349219 0.560156 0.698438 0.879687 0.00967407
22 0.475684 0.786133 0.456445 0.427734 0.00955963
14 0.614062 0.449219 0.771875 0.898438 0.00941467
3 0.689063 0.445703 0.621875 0.891406 0.00941467
10 0.251953 0.69375 0.503906 0.6125 0.00941467
11 0.52334 0.644922 0.725195 0.710156 0.00933838
1 0.553223 0.58125 0.657617 0.8375 0.00930023
2 0.438672 0.580566 0.444531 0.635742 0.00912476
1 0.689063 0.558594 0.621875 0.882812 0.00908661
14 0.231641 0.273047 0.463281 0.546094 0.00905609
13 0.491406 0.538281 0.553906 0.845313 0.00901794
3 0.24082 0.308203 0.481641 0.616406 0.00871277
11 0.312109 0.478906 0.624219 0.9375 0.00857544
1 0.693359 0.312891 0.613281 0.625781 0.00841522
13 0.273438 0.529688 0.546875 0.9375 0.00837708
11 0.396094 0.595313 0.792188 0.809375 0.00837708
13 0.615234 0.64375 0.769531 0.7125 0.00837708
17 0.475684 0.786133 0.456445 0.427734 0.00837708
22 0.735547 0.391406 0.528906 0.782813 0.00831604
13 0.419434 0.754883 0.592383 0.490234 0.00831604
3 0.585938 0.436719 0.828125 0.873438 0.00821686
17 0.595703 0.341406 0.808594 0.682813 0.00818634
25 0.455371 0.699805 0.570508 0.600391 0.00809479
1 0.231641 0.273047 0.463281 0.546094 0.00806427
8 0.45791 0.60625 0.77793 0.7875 0.00796509
17 0.258984 0.298438 0.453906 0.596875 0.00769424
0 0.324609 0.435547 0.649219 0.850781 0.00766754
13 0.483691 0.671094 0.64043 0.657813 0.00757599
0 0.435059 0.537891 0.411133 0.521094 0.00751877
1 0.710547 0.442188 0.578906 0.884375 0.00751877
11 0.235547 0.729688 0.471094 0.540625 0.00751877
25 0.334766 0.557422 0.669531 0.885156 0.00746155
3 0.266016 0.746484 0.532031 0.507031 0.00746155
2 0.393066 0.540625 0.707617 0.840625 0.00740433
8 0.639746 0.388281 0.720508 0.776563 0.00737381
25 0.349023 0.428125 0.547266 0.659375 0.00731659
3 0.459277 0.745898 0.751758 0.508203 0.00731659
25 0.324609 0.435547 0.649219 0.850781 0.00728989
13 0.273828 0.705273 0.547656 0.589453 0.00714874
20 0.786719 0.260156 0.426563 0.520312 0.00712204
25 0.23418 0.710547 0.468359 0.578906 0.00709534
13 0.669922 0.707812 0.660156 0.584375 0.00706482
11 0.325391 0.398438 0.650781 0.796875 0.00695801
10 0.349023 0.428125 0.547266 0.659375 0.0069313
1 0.428906 0.786719 0.534375 0.426563 0.0069313
14 0.317188 0.386328 0.634375 0.772656 0.00674438
17 0.735547 0.391406 0.528906 0.782813 0.00674438
13 0.6375 0.594141 0.725 0.811719 0.00674438
10 0.321094 0.632812 0.642188 0.734375 0.00666809
1 0.231836 0.250977 0.463672 0.501953 0.00658798
14 0.458203 0.753711 0.517188 0.492578 0.00653839
20 0.688281 0.679688 0.623438 0.640625 0.0064888
13 0.440234 0.503027 0.403906 0.426758 0.0064621
16 0.438672 0.580566 0.444531 0.635742 0.00636292
11 0.638672 0.416406 0.722656 0.832812 0.00634003
3 0.786719 0.260156 0.426563 0.520312 0.00629044
19 0.472656 0.482812 0.378125 0.378906 0.0789185
16 0.476562 0.496875 0.366406 0.342187 0.0423889
19 0.460059 0.45459 0.326758 0.304883 0.0110703
21 0.469531 0.467871 0.377344 0.393945 0.00959778
1 0.413965 0.491309 0.423633 0.376758 0.00312424
13 0.483496 0.503125 0.354883 0.348438 0.00305176
17 0.413965 0.491309 0.423633 0.376758 0.00257111
12 0.416016 0.495703 0.422656 0.379688 0.00251198
12 0.387109 0.408984 0.555469 0.595313 0.00237846
21 0.460059 0.45459 0.326758 0.304883 0.00234222
1 0.37959 0.416016 0.550195 0.561719 0.00214958
12 0.414844 0.471094 0.798438 0.814063 0.00190449
22 0.416016 0.495703 0.422656 0.379688 0.00183868
4 0.416016 0.495703 0.422656 0.379688 0.00137234
2 0.413965 0.491309 0.423633 0.376758 0.00136662
13 0.387109 0.408984 0.555469 0.595313 0.00136662
13 0.416016 0.495703 0.422656 0.379688 0.00132465
12 0.409473 0.542578 0.506055 0.549219 0.00127888
16 0.5 0.549219 0.41875 0.310937 0.00115108
16 0.416016 0.495703 0.422656 0.379688 0.00113773
11 0.416016 0.495703 0.422656 0.379688 0.00112438
19 0.471191 0.518848 0.32793 0.29668 0.00111198
16 0.444434 0.449121 0.29707 0.317383 0.00109005
3 0.413965 0.491309 0.423633 0.376758 0.00102043
19 0.452344 0.476953 0.320312 0.446875 0.154053
11 0.459375 0.523535 0.332813 0.34043 0.085083
22 0.459375 0.523535 0.332813 0.34043 0.072876
16 0.459375 0.523535 0.332813 0.34043 0.0673218
1 0.452734 0.510254 0.335156 0.345117 0.0554199
13 0.459375 0.523535 0.332813 0.34043 0.0501404
21 0.452344 0.476953 0.320312 0.446875 0.0476074
24 0.459766 0.502734 0.339844 0.386719 0.0462036
17 0.452734 0.510254 0.335156 0.345117 0.0399475
3 0.459375 0.523535 0.332813 0.34043 0.0396423
5 0.453516 0.50166 0.333594 0.37168 0.0396423
11 0.556641 0.446973 0.567969 0.543555 0.0278015
11 0.52041 0.494922 0.47793 0.477344 0.0261536
12 0.459375 0.523535 0.332813 0.34043 0.0237732
20 0.459375 0.523535 0.332813 0.34043 0.021698
6 0.473438 0.493359 0.400781 0.424219 0.0178528
14 0.452734 0.510254 0.335156 0.345117 0.0132217
17 0.496777 0.410059 0.481445 0.583008 0.0129242
8 0.452734 0.510254 0.335156 0.345117 0.0126724
9 0.459375 0.523535 0.332813 0.34043 0.0125732
1 0.496777 0.410059 0.481445 0.583008 0.0123825
16 0.556641 0.446973 0.567969 0.543555 0.0118713
4 0.457422 0.518066 0.333594 0.356055 0.0110321
9 0.473438 0.493359 0.400781 0.424219 0.0109024
25 0.459766 0.502734 0.339844 0.386719 0.0105667
16 0.473438 0.493359 0.400781 0.424219 0.01017
13 0.494922 0.493066 0.463281 0.410742 0.00993347
24 0.52041 0.494922 0.47793 0.477344 0.00923157
1 0.503125 0.358789 0.560938 0.717578 0.00894928
1 0.602344 0.386719 0.673438 0.6625 0.00837708
0 0.457422 0.518066 0.333594 0.356055 0.00837708
4 0.473438 0.493359 0.400781 0.424219 0.00831604
11 0.602344 0.386719 0.673438 0.6625 0.00775528
22 0.569629 0.388672 0.598242 0.624219 0.00746155
19 0.526465 0.788672 0.306445 0.422656 0.00714874
23 0.453516 0.50166 0.333594 0.37168 0.00703812
14 0.556641 0.446973 0.567969 0.543555 0.00643921
0 0.556641 0.446973 0.567969 0.543555 0.00638962
4 0.556641 0.446973 0.567969 0.543555 0.00600433
14 0.602344 0.386719 0.673438 0.6625 0.00591278
6 0.457422 0.518066 0.333594 0.356055 0.0055542
17 0.503125 0.358789 0.560938 0.717578 0.00551224
13 0.556641 0.446973 0.567969 0.543555 0.00542831
12 0.556641 0.446973 0.567969 0.543555 0.00540543
10 0.475684 0.502441 0.354883 0.382617 0.00521851
0 0.602344 0.386719 0.673438 0.6625 0.00475693
13 0.602344 0.386719 0.673438 0.6625 0.0046463
20 0.473438 0.493359 0.400781 0.424219 0.0046463
2 0.459375 0.523535 0.332813 0.34043 0.0045929
6 0.484766 0.546973 0.453906 0.437305 0.00446701
3 0.496777 0.410059 0.481445 0.583008 0.00429916
14 0.52041 0.494922 0.47793 0.477344 0.00429916
19 0.673438 0.312109 0.2875 0.370313 0.00418091
6 0.556641 0.446973 0.567969 0.543555 0.00411606
12 0.494922 0.493066 0.463281 0.410742 0.00407028
12 0.602344 0.386719 0.673438 0.6625 0.00403976
1 0.16875 0.457813 0.3375 0.522656 0.00397491
24 0.556641 0.446973 0.567969 0.543555 0.00385475
0 0.52041 0.494922 0.47793 0.477344 0.00382423
13 0.500098 0.379297 0.479492 0.635156 0.00379562
5 0.494922 0.493066 0.463281 0.410742 0.0037365
25 0.52041 0.494922 0.47793 0.477344 0.00358009
1 0.494922 0.493066 0.463281 0.410742 0.00348282
3 0.602344 0.386719 0.673438 0.6625 0.00342941
7 0.556641 0.446973 0.567969 0.543555 0.00340271
4 0.602344 0.386719 0.673438 0.6625 0.00337601
17 0.602344 0.386719 0.673438 0.6625 0.00337601
1 0.166309 0.355469 0.332617 0.525 0.00332451
16 0.484766 0.546973 0.453906 0.437305 0.00329781
7 0.459766 0.502734 0.339844 0.386719 0.00327301
1 0.173242 0.553809 0.346484 0.523633 0.00323486
16 0.602344 0.386719 0.673438 0.6625 0.003088
22 0.503125 0.358789 0.560938 0.717578 0.00305176
20 0.556641 0.446973 0.567969 0.543555 0.00305176
22 0.16875 0.457813 0.3375 0.522656 0.00304031
4 0.500098 0.379297 0.479492 0.635156 0.00300407
2 0.602344 0.386719 0.673438 0.6625 0.00290108
18 0.556641 0.446973 0.567969 0.543555 0.00286674
12 0.500098 0.379297 0.479492 0.635156 0.0028553
9 0.484766 0.546973 0.453906 0.437305 0.0028553
7 0.52041 0.494922 0.47793 0.477344 0.00277901
21 0.673438 0.312109 0.2875 0.370313 0.00276756
15 0.52041 0.494922 0.47793 0.477344 0.00273705
25 0.556641 0.446973 0.567969 0.543555 0.00270462
2 0.556641 0.446973 0.567969 0.543555 0.00269318
8 0.496777 0.410059 0.481445 0.583008 0.0026722
2 0.473438 0.493359 0.400781 0.424219 0.00261116
11 0.500098 0.379297 0.479492 0.635156 0.00260162
19 0.494922 0.493066 0.463281 0.410742 0.00256157
22 0.166309 0.355469 0.332617 0.525 0.00255013
22 0.173242 0.553809 0.346484 0.523633 0.00255013
22 0.494922 0.493066 0.463281 0.410742 0.00253105
18 0.475684 0.502441 0.354883 0.382617 0.0024929
15 0.556641 0.446973 0.567969 0.543555 0.00247192
19 0.757812 0.666797 0.296875 0.382031 0.00239754
20 0.602344 0.386719 0.673438 0.6625 0.00232315
12 0.430859 0.476465 0.567969 0.679883 0.00230598
3 0.503125 0.358789 0.560938 0.717578 0.00223351
19 0.521777 0.702344 0.304883 0.401563 0.00218201
21 0.526465 0.788672 0.306445 0.422656 0.00212479
21 0.52041 0.494922 0.47793 0.477344 0.00211525
3 0.494922 0.493066 0.463281 0.410742 0.00209045
1 0.177148 0.653906 0.354297 0.529688 0.00209045
22 0.627734 0.39375 0.744531 0.721875 0.00195694
25 0.602344 0.386719 0.673438 0.6625 0.00194168
11 0.635156 0.334375 0.421875 0.525 0.00193405
4 0.484766 0.546973 0.453906 0.437305 0.00193405
17 0.167383 0.407031 0.334766 0.529688 0.00191212
12 0.378125 0.417969 0.75625 0.835938 0.00185299
1 0.635156 0.334375 0.421875 0.525 0.00182438
6 0.602344 0.386719 0.673438 0.6625 0.00182438
18 0.602344 0.386719 0.673438 0.6625 0.0018177
1 0.522266 0.728125 0.367188 0.49375 0.00181007
17 0.494922 0.493066 0.463281 0.410742 0.0018034
23 0.556641 0.446973 0.567969 0.543555 0.0018034
5 0.556641 0.446973 0.567969 0.543555 0.00178242
15 0.459766 0.502734 0.339844 0.386719 0.00176144
1 0.673047 0.319141 0.305469 0.482031 0.00172043
17 0.170508 0.505469 0.341016 0.51875 0.00167465
0 0.503125 0.358789 0.560938 0.717578 0.0016613
22 0.177148 0.653906 0.354297 0.529688 0.0016613
17 0.164844 0.312109 0.329688 0.522656 0.0016489
13 0.451172 0.456934 0.321875 0.445508 0.00162888
19 0.741406 0.783594 0.296875 0.398438 0.00160408
14 0.500098 0.379297 0.479492 0.635156 0.0015974
25 0.484766 0.546973 0.453906 0.437305 0.0015974
19 0.428516 0.455469 0.276563 0.325781 0.00158501
12 0.471777 0.380859 0.57832 0.761719 0.00158501
12 0.166309 0.355469 0.332617 0.525 0.00157356
23 0.52041 0.494922 0.47793 0.477344 0.00157356
15 0.602344 0.386719 0.673438 0.6625 0.00156116
12 0.16875 0.457813 0.3375 0.522656 0.00153637
21 0.496777 0.410059 0.481445 0.583008 0.00148964
1 0.158008 0.235156 0.316016 0.460156 0.00148392
11 0.174316 0.460059 0.348633 0.539258 0.0014782
24 0.484766 0.546973 0.453906 0.437305 0.0014782
12 0.518359 0.739062 0.380469 0.521875 0.00146103
20 0.500098 0.379297 0.479492 0.635156 0.00145531
12 0.459473 0.574609 0.582617 0.696094 0.00143814
21 0.602344 0.386719 0.673438 0.6625 0.00142097
13 0.518359 0.739062 0.380469 0.521875 0.00141048
21 0.757812 0.666797 0.296875 0.382031 0.00137806
12 0.173242 0.553809 0.346484 0.523633 0.00136662
21 0.741406 0.783594 0.296875 0.398438 0.00136185
11 0.568652 0.528516 0.69082 0.661719 0.00135612
13 0.635156 0.334375 0.421875 0.525 0.00134563
20 0.484766 0.546973 0.453906 0.437305 0.00132465
8 0.494922 0.493066 0.463281 0.410742 0.00131512
11 0.169434 0.360938 0.338867 0.534375 0.00129414
16 0.500098 0.379297 0.479492 0.635156 0.00128937
10 0.556641 0.446973 0.567969 0.543555 0.0012846
18 0.52041 0.494922 0.47793 0.477344 0.0012846
22 0.522266 0.728125 0.367188 0.49375 0.00127411
12 0.676953 0.280859 0.319531 0.472656 0.00126934
12 0.177148 0.653906 0.354297 0.529688 0.00126457
8 0.503125 0.358789 0.560938 0.717578 0.00124931
7 0.602344 0.386719 0.673438 0.6625 0.00124454
11 0.176855 0.555859 0.353711 0.538281 0.00124454
17 0.175977 0.605859 0.351953 0.536719 0.00123978
10 0.52041 0.494922 0.47793 0.477344 0.00122547
21 0.484766 0.546973 0.453906 0.437305 0.00121593
1 0.700391 0.266406 0.347656 0.423438 0.00119209
9 0.556641 0.446973 0.567969 0.543555 0.00119209
8 0.602344 0.386719 0.673438 0.6625 0.00118828
12 0.639453 0.339844 0.407031 0.552344 0.00118351
12 0.358203 0.53125 0.716406 0.873438 0.00118351
2 0.484766 0.546973 0.453906 0.437305 0.00118351
13 0.471777 0.380859 0.57832 0.761719 0.00117397
16 0.491016 0.651953 0.442969 0.458594 0.00113392
11 0.177148 0.653906 0.354297 0.529688 0.00112915
12 0.189453 0.280078 0.378906 0.560156 0.00112438
17 0.522266 0.728125 0.367188 0.49375 0.00112057
22 0.158008 0.235156 0.316016 0.460156 0.00111198
12 0.535547 0.707031 0.572656 0.585938 0.00110722
13 0.174316 0.460059 0.348633 0.539258 0.00109005
13 0.173242 0.553809 0.346484 0.523633 0.00107288
11 0.507129 0.587109 0.437305 0.494531 0.00107288
13 0.169434 0.360938 0.338867 0.534375 0.00106907
12 0.794141 0.625391 0.411719 0.588281 0.00106525
19 0.519531 0.836523 0.292969 0.326953 0.00106049
1 0.479297 0.633984 0.460156 0.485156 0.00106049
12 0.158008 0.235156 0.316016 0.460156 0.00105667
13 0.177148 0.653906 0.354297 0.529688 0.00104809
12 0.752344 0.314063 0.495313 0.628125 0.00101185
17 0.635156 0.334375 0.421875 0.525 0.00101185
11 0.518359 0.739062 0.380469 0.521875 0.00100803
12 0.462109 0.508203 0.317969 0.383594 0.0265503
13 0.462109 0.508203 0.317969 0.383594 0.024231
16 0.462402 0.524609 0.342383 0.345313 0.0194244
19 0.482129 0.416504 0.274805 0.324805 0.0159607
12 0.448438 0.473828 0.467187 0.489063 0.0129242
17 0.45459 0.501563 0.31582 0.399219 0.0107346
24 0.462402 0.524609 0.342383 0.345313 0.0102921
11 0.462402 0.524609 0.342383 0.345313 0.00821686
1 0.45459 0.501563 0.31582 0.399219 0.00806427
13 0.448438 0.473828 0.467187 0.489063 0.00769424
22 0.453906 0.503516 0.325781 0.385938 0.00701141
20 0.462109 0.508203 0.317969 0.383594 0.0068779
9 0.453906 0.503516 0.325781 0.385938 0.00626373
12 0.352344 0.539844 0.609375 0.61875 0.00614548
6 0.462402 0.524609 0.342383 0.345313 0.00591278
12 0.341602 0.563281 0.683203 0.773438 0.0055542
5 0.462109 0.508203 0.317969 0.383594 0.00551224
19 0.462109 0.508203 0.317969 0.383594 0.00500107
3 0.453906 0.503516 0.325781 0.385938 0.00498199
12 0.427734 0.416016 0.532031 0.617188 0.00486755
4 0.462109 0.508203 0.317969 0.383594 0.00390053
19 0.425879 0.437109 0.262305 0.285938 0.00359344
2 0.45459 0.501563 0.31582 0.399219 0.00351143
12 0.377344 0.350586 0.55625 0.701172 0.00349617
25 0.45459 0.501563 0.31582 0.399219 0.00322342
6 0.470313 0.551562 0.324219 0.246875 0.00318527
16 0.470313 0.551562 0.324219 0.246875 0.00305176
12 0.33125 0.424609 0.611719 0.716406 0.00261116
7 0.462402 0.524609 0.342383 0.345313 0.00251198
16 0.448438 0.473828 0.467187 0.489063 0.0024147
23 0.459473 0.501563 0.32793 0.395313 0.00226974
24 0.470313 0.551562 0.324219 0.246875 0.00225258
9 0.470313 0.551562 0.324219 0.246875 0.00216484
12 0.526465 0.398047 0.792383 0.796094 0.00205803
14 0.460254 0.506152 0.313867 0.39082 0.00200272
8 0.453906 0.503516 0.325781 0.385938 0.00198746
19 0.490234 0.389746 0.236719 0.243945 0.00188923
0 0.453027 0.501953 0.318945 0.366406 0.00185299
13 0.427734 0.416016 0.532031 0.617188 0.0018034
15 0.462109 0.508203 0.317969 0.383594 0.00168705
21 0.45459 0.501563 0.31582 0.399219 0.00160408
11 0.427734 0.416016 0.532031 0.617188 0.00158501
11 0.448438 0.473828 0.467187 0.489063 0.00157928
13 0.352344 0.539844 0.609375 0.61875 0.00155449
13 0.341602 0.563281 0.683203 0.773438 0.00154877
24 0.448438 0.473828 0.467187 0.489063 0.0014782
13 0.377344 0.350586 0.55625 0.701172 0.00128937
21 0.466406 0.671875 0.16875 0.359375 0.00126934
1 0.448438 0.473828 0.467187 0.489063 0.00126934
12 0.417578 0.373047 0.835156 0.746094 0.0012064
12 0.462109 0.45 0.309375 0.304688 0.0012064
19 0.441016 0.417969 0.28125 0.20625 0.00104809
11 0.465723 0.409375 0.363867 0.573438 0.0458679
17 0.450391 0.496484 0.330469 0.3875 0.0403748
4 0.465723 0.409375 0.363867 0.573438 0.035675
12 0.449219 0.467969 0.315625 0.442188 0.0330811
11 0.449902 0.501953 0.323633 0.380469 0.0316162
23 0.465723 0.409375 0.363867 0.573438 0.0304413
23 0.463672 0.552734 0.296875 0.257031 0.0283356
4 0.449219 0.467969 0.315625 0.442188 0.0275269
14 0.449219 0.467969 0.315625 0.442188 0.0274811
19 0.445703 0.463672 0.333594 0.421094 0.0252686
14 0.465723 0.409375 0.363867 0.573438 0.021698
6 0.463672 0.552734 0.296875 0.257031 0.0206451
16 0.463672 0.552734 0.296875 0.257031 0.0185394
12 0.465723 0.409375 0.363867 0.573438 0.0183411
4 0.463672 0.552734 0.296875 0.257031 0.0163422
25 0.448535 0.498437 0.318555 0.386719 0.0154877
16 0.494922 0.433691 0.38125 0.513867 0.0151901
9 0.463672 0.552734 0.296875 0.257031 0.014389
11 0.463672 0.552734 0.296875 0.257031 0.0143356
9 0.465723 0.409375 0.363867 0.573438 0.0137939
24 0.463672 0.552734 0.296875 0.257031 0.013588
2 0.448535 0.498437 0.318555 0.386719 0.0132217
3 0.449219 0.467969 0.315625 0.442188 0.0130692
6 0.465723 0.409375 0.363867 0.573438 0.0129242
8 0.450391 0.496484 0.330469 0.3875 0.0127258
6 0.449902 0.501953 0.323633 0.380469 0.0124283
0 0.448535 0.498437 0.318555 0.386719 0.0119171
13 0.494922 0.433691 0.38125 0.513867 0.0116882
2 0.465723 0.409375 0.363867 0.573438 0.0114212
25 0.465723 0.409375 0.363867 0.573438 0.00993347
21 0.445703 0.463672 0.333594 0.421094 0.00978088
23 0.449902 0.501953 0.323633 0.380469 0.0091629
13 0.461328 0.488379 0.31875 0.39043 0.00831604
9 0.449902 0.501953 0.323633 0.380469 0.0078125
5 0.465723 0.409375 0.363867 0.573438 0.00725937
1 0.450391 0.496484 0.330469 0.3875 0.00629044
16 0.449902 0.501953 0.323633 0.380469 0.00614548
7 0.463672 0.552734 0.296875 0.257031 0.00600433
19 0.494922 0.433691 0.38125 0.513867 0.00575256
3 0.465723 0.409375 0.363867 0.573438 0.00568771
15 0.494922 0.433691 0.38125 0.513867 0.00564194
0 0.465723 0.409375 0.363867 0.573438 0.00561905
24 0.465723 0.409375 0.363867 0.573438 0.00527954
2 0.463672 0.552734 0.296875 0.257031 0.00498199
15 0.449219 0.467969 0.315625 0.442188 0.00479126
18 0.463672 0.552734 0.296875 0.257031 0.00460815
0 0.463672 0.552734 0.296875 0.257031 0.00443268
11 0.4375 0.376563 0.470313 0.647656 0.00436401
7 0.465723 0.409375 0.363867 0.573438 0.00429916
18 0.494922 0.433691 0.38125 0.513867 0.00391388
17 0.494922 0.433691 0.38125 0.513867 0.00388527
14 0.463672 0.552734 0.296875 0.257031 0.00348282
22 0.449219 0.467969 0.315625 0.442188 0.00319672
5 0.463672 0.552734 0.296875 0.257031 0.00305176
19 0.463672 0.552734 0.296875 0.257031 0.00301552
5 0.461328 0.488379 0.31875 0.39043 0.00263214
12 0.461816 0.549609 0.304492 0.258594 0.00259018
12 0.4375 0.376563 0.470313 0.647656 0.0024929
3 0.463672 0.552734 0.296875 0.257031 0.0024929
4 0.4375 0.376563 0.470313 0.647656 0.00244331
14 0.4375 0.376563 0.470313 0.647656 0.00239754
0 0.4375 0.376563 0.470313 0.647656 0.00231361
15 0.461816 0.549609 0.304492 0.258594 0.00230598
20 0.449219 0.467969 0.315625 0.442188 0.00225258
2 0.4375 0.376563 0.470313 0.647656 0.00221634
12 0.518066 0.354688 0.688867 0.709375 0.00219917
25 0.465625 0.554688 0.303906 0.260938 0.00218201
22 0.465723 0.409375 0.363867 0.573438 0.00217438
24 0.449902 0.501953 0.323633 0.380469 0.00217438
10 0.449219 0.467969 0.315625 0.442188 0.00215721
11 0.466016 0.484375 0.428125 0.447656 0.00213242
10 0.465723 0.409375 0.363867 0.573438 0.00209999
20 0.465723 0.409375 0.363867 0.573438 0.00188923
13 0.461816 0.549609 0.304492 0.258594 0.00188255
12 0.327734 0.441406 0.625 0.690625 0.00186729
7 0.449902 0.501953 0.323633 0.380469 0.00186729
20 0.463672 0.552734 0.296875 0.257031 0.00186729
21 0.450684 0.630859 0.251758 0.375781 0.00176144
21 0.491406 0.46416 0.239844 0.338867 0.0017271
12 0.4625 0.464844 0.305469 0.332813 0.00170708
12 0.405566 0.469434 0.441992 0.48457 0.0016489
6 0.466016 0.484375 0.428125 0.447656 0.00156689
19 0.775 0.151562 0.320312 0.303125 0.00150108
4 0.466016 0.484375 0.428125 0.447656 0.00148964
8 0.465723 0.409375 0.363867 0.573438 0.00144958
18 0.461328 0.488379 0.31875 0.39043 0.00135612
6 0.4375 0.376563 0.470313 0.647656 0.00130463
1 0.487402 0.416016 0.35957 0.559375 0.00128937
19 0.775 0.141016 0.290625 0.259375 0.00125504
14 0.4625 0.464844 0.305469 0.332813 0.00118351
15 0.4375 0.376563 0.470313 0.647656 0.00107765
14 0.466016 0.484375 0.428125 0.447656 0.00105667
4 0.4625 0.464844 0.305469 0.332813 0.00104427
1 0.518066 0.354688 0.688867 0.709375 0.00104427
1 0.4375 0.376563 0.470313 0.647656 0.00102043
25 0.471484 0.478125 0.342187 0.342187 0.185303
14 0.464844 0.475 0.321875 0.357812 0.0673218
17 0.4625 0.490723 0.334375 0.360742 0.0651245
6 0.461328 0.480371 0.327344 0.376758 0.0531921
12 0.464844 0.475 0.321875 0.357812 0.0486755
9 0.461328 0.480371 0.327344 0.376758 0.0460205
2 0.471484 0.478125 0.342187 0.342187 0.0435181
23 0.461328 0.480371 0.327344 0.376758 0.0435181
16 0.462109 0.474121 0.3375 0.40332 0.0340881
13 0.468066 0.483203 0.335742 0.374219 0.0328369
4 0.470703 0.479688 0.353125 0.360938 0.0283356
3 0.4625 0.490723 0.334375 0.360742 0.0261536
5 0.465527 0.479688 0.331445 0.353125 0.0254669
0 0.471484 0.478125 0.342187 0.342187 0.0212402
8 0.463672 0.487109 0.332031 0.357031 0.0211182
15 0.464844 0.475 0.321875 0.357812 0.0162201
1 0.4625 0.490723 0.334375 0.360742 0.0157776
20 0.464844 0.475 0.321875 0.357812 0.0156708
11 0.471484 0.478125 0.342187 0.342187 0.0138474
10 0.464844 0.475 0.321875 0.357812 0.0134811
19 0.468066 0.483203 0.335742 0.374219 0.00941467
24 0.461328 0.480371 0.327344 0.376758 0.008255
16 0.460059 0.528516 0.336133 0.275 0.00701141
7 0.462109 0.474121 0.3375 0.40332 0.00626373
19 0.452344 0.428516 0.341406 0.414844 0.00488663
19 0.429688 0.447754 0.270313 0.320117 0.00441742
21 0.471484 0.478125 0.342187 0.342187 0.00382423
0 0.460059 0.528516 0.336133 0.275 0.00345612
4 0.460059 0.528516 0.336133 0.275 0.00301552
12 0.5125 0.402734 0.596875 0.805469 0.00265312
22 0.463672 0.487109 0.332031 0.357031 0.00258064
12 0.369922 0.363672 0.642969 0.727344 0.00233269
2 0.460059 0.528516 0.336133 0.275 0.00226974
18 0.464844 0.475 0.321875 0.357812 0.00202751
1 0.287939 0.208594 0.317871 0.417188 0.00188923
1 0.369922 0.363672 0.642969 0.727344 0.00181007
7 0.460059 0.528516 0.336133 0.275 0.00181007
25 0.460059 0.528516 0.336133 0.275 0.00146675
20 0.460059 0.528516 0.336133 0.275 0.0012846
10 0.460059 0.528516 0.336133 0.275 0.00127888
17 0.369922 0.363672 0.642969 0.727344 0.0011158
13 0.369922 0.363672 0.642969 0.727344 0.00109863
15 0.460059 0.528516 0.336133 0.275 0.00107288
14 0.460059 0.528516 0.336133 0.275 0.00100422
25 0.457422 0.484277 0.313281 0.387695 0.29248
12 0.457031 0.475391 0.317188 0.369531 0.129395
17 0.457422 0.484277 0.313281 0.387695 0.102295
13 0.459375 0.473438 0.323438 0.376563 0.0455322
3 0.457422 0.484277 0.313281 0.387695 0.0397949
14 0.457422 0.484277 0.313281 0.387695 0.0343628
22 0.457715 0.475879 0.30957 0.370117 0.0279083
1 0.457422 0.484277 0.313281 0.387695 0.0210419
20 0.457422 0.484277 0.313281 0.387695 0.0210419
4 0.455859 0.486621 0.320312 0.389258 0.0184326
5 0.457031 0.475391 0.317188 0.369531 0.0153046
2 0.460547 0.457422 0.308594 0.357031 0.0150757
0 0.461816 0.480469 0.306055 0.386719 0.0139542
8 0.457422 0.484277 0.313281 0.387695 0.0125732
9 0.455859 0.475 0.315625 0.374219 0.0102463
10 0.457031 0.475391 0.317188 0.369531 0.00945282
6 0.455859 0.475 0.315625 0.374219 0.0085144
15 0.457031 0.475391 0.317188 0.369531 0.00809479
21 0.463965 0.475879 0.301758 0.373242 0.00723267
12 0.456934 0.4125 0.426758 0.607813 0.00701141
4 0.470313 0.411719 0.392188 0.584375 0.00605011
12 0.463184 0.471777 0.383008 0.456445 0.00561905
23 0.457031 0.475391 0.317188 0.369531 0.00502014
1 0.45459 0.560938 0.308008 0.285938 0.0046463
19 0.457031 0.475391 0.317188 0.369531 0.00457382
0 0.470313 0.411719 0.392188 0.584375 0.00439835
16 0.457031 0.475391 0.317188 0.369531 0.00436401
14 0.470313 0.411719 0.392188 0.584375 0.00411606
2 0.470313 0.411719 0.392188 0.584375 0.00317192
8 0.461035 0.567187 0.285742 0.273438 0.00292397
16 0.45459 0.560938 0.308008 0.285938 0.00291252
11 0.463965 0.475879 0.301758 0.373242 0.00275803
11 0.477344 0.448535 0.377344 0.47793 0.00273705
6 0.461035 0.567187 0.285742 0.273438 0.00259018
15 0.470313 0.411719 0.392188 0.584375 0.00226974
19 0.478223 0.439746 0.312305 0.292383 0.00221634
2 0.456641 0.515234 0.313281 0.319531 0.00218201
1 0.470313 0.411719 0.392188 0.584375 0.00188255
5 0.45459 0.560938 0.308008 0.285938 0.00186729
25 0.470313 0.411719 0.392188 0.584375 0.00185299
4 0.461035 0.567187 0.285742 0.273438 0.00182438
12 0.477246 0.502734 0.49082 0.582031 0.00174141
12 0.401563 0.398047 0.569531 0.741406 0.00158501
13 0.463184 0.471777 0.383008 0.456445 0.00153637
17 0.463184 0.471777 0.383008 0.456445 0.00151253
24 0.457715 0.475879 0.30957 0.370117 0.00145531
0 0.461035 0.567187 0.285742 0.273438 0.00142097
20 0.45459 0.560938 0.308008 0.285938 0.00134087
13 0.467578 0.437891 0.460156 0.56875 0.00129414
13 0.45459 0.560938 0.308008 0.285938 0.00127411
3 0.45459 0.560938 0.308008 0.285938 0.0012598
9 0.45459 0.560938 0.308008 0.285938 0.00118351
21 0.45459 0.560938 0.308008 0.285938 0.0011034
22 0.461035 0.567187 0.285742 0.273438 0.00109863
9 0.477344 0.448535 0.377344 0.47793 0.00102806
6 0.470313 0.411719 0.392188 0.584375 0.00101662
17 0.45459 0.560938 0.308008 0.285938 0.00101185
25 0.460547 0.496191 0.289062 0.338867 0.0101318
17 0.460547 0.495703 0.290625 0.357031 0.0088501
12 0.460547 0.496191 0.289062 0.338867 0.00806427
13 0.460938 0.497656 0.296094 0.328906 0.00612259
1 0.460547 0.496191 0.289062 0.338867 0.00538635
14 0.460547 0.495703 0.290625 0.357031 0.00397491
20 0.460547 0.496191 0.289062 0.338867 0.00319672
0 0.460547 0.495703 0.290625 0.357031 0.00305176
2 0.460547 0.496191 0.289062 0.338867 0.00291252
3 0.460547 0.496191 0.289062 0.338867 0.00251198
22 0.460547 0.496191 0.289062 0.338867 0.00224304
10 0.460547 0.496191 0.289062 0.338867 0.00218201
4 0.460547 0.496191 0.289062 0.338867 0.00194931
16 0.460938 0.497656 0.296094 0.328906 0.0016613
21 0.460547 0.496191 0.289062 0.338867 0.00160408
8 0.460547 0.495703 0.290625 0.357031 0.00158501
12 0.473047 0.448828 0.353125 0.454688 0.00143814
6 0.460547 0.496191 0.289062 0.338867 0.00126457
15 0.460547 0.496191 0.289062 0.338867 0.00123024
5 0.460547 0.496191 0.289062 0.338867 0.0011158
17 0.462598 0.48125 0.273242 0.353125 0.262939
25 0.455078 0.485156 0.289844 0.35625 0.160278
8 0.462598 0.48125 0.273242 0.353125 0.0486755
13 0.457715 0.487598 0.289258 0.348242 0.036499
21 0.462598 0.48125 0.273242 0.353125 0.035675
5 0.457031 0.484277 0.297656 0.364258 0.0327148
16 0.457715 0.487598 0.289258 0.348242 0.0302124
14 0.458203 0.485254 0.30625 0.356055 0.0299835
1 0.456348 0.483691 0.29043 0.356055 0.029541
22 0.462598 0.48125 0.273242 0.353125 0.0292053
10 0.462598 0.48125 0.273242 0.353125 0.0238647
3 0.462598 0.48125 0.273242 0.353125 0.0205688
12 0.457031 0.484277 0.297656 0.364258 0.0179901
19 0.457031 0.484277 0.297656 0.364258 0.0175781
20 0.456348 0.483691 0.29043 0.356055 0.0175171
4 0.458203 0.485254 0.30625 0.356055 0.0154266
17 0.494141 0.463672 0.221094 0.299219 0.0100937
23 0.457031 0.484277 0.297656 0.364258 0.0064888
0 0.471777 0.483984 0.254883 0.352344 0.00638962
2 0.455078 0.485156 0.289844 0.35625 0.006073
9 0.457715 0.487598 0.289258 0.348242 0.00548935
6 0.457715 0.487598 0.289258 0.348242 0.00536346
25 0.494141 0.463672 0.221094 0.299219 0.00415039
11 0.457715 0.487598 0.289258 0.348242 0.0039444
14 0.494141 0.463672 0.221094 0.299219 0.00365067
12 0.469922 0.449316 0.350781 0.498242 0.00206757
12 0.409375 0.406348 0.482031 0.616992 0.00176144
8 0.494141 0.463672 0.221094 0.299219 0.0017271
16 0.504687 0.40625 0.223438 0.173438 0.00148392
15 0.458203 0.485254 0.30625 0.356055 0.00141048
19 0.504687 0.40625 0.223438 0.173438 0.00126934
2 0.494141 0.463672 0.221094 0.299219 0.00112438
24 0.457031 0.484277 0.297656 0.364258 0.00108147
25 0.457813 0.48916 0.286719 0.374805 0.210815
17 0.457813 0.488184 0.290625 0.37207 0.199951
13 0.465527 0.489453 0.29707 0.360156 0.156128
12 0.462109 0.488379 0.296094 0.374805 0.143188
15 0.456934 0.492285 0.281445 0.351367 0.0440063
14 0.457813 0.488184 0.290625 0.37207 0.0227966
23 0.456934 0.492285 0.281445 0.351367 0.021698
9 0.456934 0.492285 0.281445 0.351367 0.0209656
3 0.457813 0.48916 0.286719 0.374805 0.0165253
8 0.457813 0.488184 0.290625 0.37207 0.0145569
5 0.462109 0.488379 0.296094 0.374805 0.0114212
4 0.457813 0.48916 0.286719 0.374805 0.0113297
19 0.462109 0.488379 0.296094 0.374805 0.0110321
10 0.457813 0.48916 0.286719 0.374805 0.0105286
6 0.461719 0.511719 0.280469 0.325 0.00959778
2 0.457813 0.488184 0.290625 0.37207 0.00874329
1 0.457813 0.488184 0.290625 0.37207 0.00754929
0 0.45459 0.486035 0.283008 0.36543 0.00575256
20 0.456934 0.492285 0.281445 0.351367 0.00413513
16 0.456934 0.492285 0.281445 0.351367 0.00390053
21 0.457813 0.488184 0.290625 0.37207 0.00263214
22 0.457813 0.488379 0.285156 0.374805 0.00218201
24 0.465527 0.489453 0.29707 0.360156 0.00186062
11 0.462109 0.488379 0.296094 0.374805 0.0012064
6 0.465625 0.548438 0.265625 0.207813 0.00119686
18 0.461719 0.511719 0.280469 0.325 0.00119209
12 0.457813 0.487109 0.3 0.367969 0.421631
25 0.456934 0.487891 0.298633 0.369531 0.379395
17 0.463281 0.484375 0.286719 0.365625 0.241455
13 0.460156 0.488281 0.301563 0.377344 0.123352
14 0.459473 0.492578 0.307617 0.367969 0.0427246
1 0.462891 0.487598 0.289844 0.35293 0.0320435
5 0.460156 0.488281 0.301563 0.377344 0.028656
4 0.459766 0.487598 0.302344 0.373242 0.0269165
23 0.459766 0.487598 0.302344 0.373242 0.0184021
19 0.459766 0.487598 0.302344 0.373242 0.0141754
15 0.457813 0.487109 0.3 0.367969 0.014061
8 0.463281 0.484375 0.286719 0.365625 0.0130692
9 0.457813 0.487109 0.3 0.367969 0.0105667
22 0.463281 0.484375 0.286719 0.365625 0.0104065
3 0.456934 0.487891 0.298633 0.369531 0.00971222
17 0.470313 0.447559 0.278125 0.261133 0.00908661
10 0.459766 0.487598 0.302344 0.373242 0.00888062
21 0.463281 0.484375 0.286719 0.365625 0.00751877
14 0.470313 0.447559 0.278125 0.261133 0.00731659
20 0.457813 0.487109 0.3 0.367969 0.00706482
2 0.456934 0.487891 0.298633 0.369531 0.00593567
0 0.460547 0.480566 0.294531 0.348242 0.00481033
6 0.463672 0.501953 0.303906 0.345313 0.00471878
25 0.470313 0.447559 0.278125 0.261133 0.00429916
16 0.463672 0.501953 0.303906 0.345313 0.00301552
2 0.470313 0.447559 0.278125 0.261133 0.00235939
8 0.470313 0.447559 0.278125 0.261133 0.0020752
11 0.469922 0.4875 0.296094 0.385938 0.00178242
4 0.470313 0.447559 0.278125 0.261133 0.00147247
17 0.494531 0.419531 0.222656 0.214062 0.00133514
25 0.454785 0.484375 0.30293 0.376563 0.972168
12 0.454785 0.484375 0.30293 0.376563 0.91748
14 0.454785 0.484375 0.30293 0.376563 0.377441
13 0.45625 0.483984 0.304688 0.371875 0.262939
23 0.456152 0.487402 0.304883 0.373633 0.256104
17 0.460547 0.483203 0.300781 0.378906 0.21936
4 0.454785 0.484375 0.30293 0.376563 0.081543
15 0.454785 0.484375 0.30293 0.376563 0.0630493
9 0.454785 0.484375 0.30293 0.376563 0.062561
5 0.457715 0.485938 0.308008 0.365625 0.0408325
2 0.456152 0.487402 0.304883 0.373633 0.0337219
1 0.46084 0.485547 0.30957 0.370313 0.0256653
10 0.46084 0.485547 0.30957 0.370313 0.024231
8 0.46084 0.485547 0.30957 0.370313 0.0141754
20 0.45625 0.483984 0.304688 0.371875 0.0113297
6 0.460938 0.497656 0.309375 0.34375 0.0110703
22 0.46084 0.485547 0.30957 0.370313 0.0100098
19 0.49375 0.436719 0.257031 0.190625 0.00841522
19 0.454785 0.484375 0.30293 0.376563 0.00706482
0 0.459473 0.455469 0.29668 0.327344 0.00653839
3 0.460938 0.497656 0.309375 0.34375 0.00634003
16 0.479297 0.421973 0.297656 0.232617 0.00598145
21 0.471484 0.646094 0.263281 0.301563 0.00466537
19 0.486621 0.407129 0.273633 0.206055 0.00428009
16 0.4625 0.501172 0.320312 0.344531 0.0042305
21 0.459473 0.455469 0.29668 0.327344 0.00362206
12 0.475098 0.400684 0.385742 0.617383 0.00307465
24 0.459277 0.501172 0.317383 0.339844 0.00162315
14 0.475098 0.400684 0.385742 0.617383 0.00154305
19 0.46416 0.437109 0.32793 0.253125 0.00152493
23 0.479297 0.421973 0.297656 0.232617 0.00143814
16 0.500781 0.414746 0.248438 0.193945 0.00135612
11 0.459277 0.501172 0.317383 0.339844 0.0011692
21 0.503223 0.634375 0.268555 0.35 0.00112057
25 0.45791 0.483984 0.30293 0.378906 0.869629
12 0.457031 0.482422 0.30625 0.386719 0.732422
13 0.457031 0.482422 0.30625 0.386719 0.357666
17 0.45791 0.483984 0.30293 0.378906 0.267334
14 0.45791 0.483984 0.30293 0.378906 0.0789185
1 0.4625 0.483203 0.309375 0.392969 0.0577087
19 0.45791 0.483984 0.30293 0.378906 0.0528259
15 0.457031 0.482422 0.30625 0.386719 0.0362244
10 0.462891 0.486719 0.315625 0.373437 0.0240479
23 0.457031 0.482422 0.30625 0.386719 0.0224609
2 0.46416 0.485938 0.30918 0.371875 0.0150757
5 0.457031 0.482422 0.30625 0.386719 0.0147324
8 0.460938 0.481641 0.309375 0.383594 0.0140076
21 0.460254 0.485156 0.30918 0.389062 0.0117798
3 0.45791 0.483984 0.30293 0.378906 0.0117798
20 0.457031 0.482422 0.30625 0.386719 0.0111618
6 0.466016 0.518652 0.3125 0.312695 0.0077858
4 0.4625 0.483203 0.309375 0.392969 0.00751877
16 0.461035 0.497656 0.304492 0.354688 0.00559998
9 0.457031 0.482422 0.30625 0.386719 0.00547028
0 0.465234 0.484766 0.313281 0.374219 0.0041008
22 0.4625 0.483203 0.309375 0.392969 0.00379562
14 0.44541 0.462891 0.370117 0.447656 0.00116539
4 0.462402 0.390527 0.21582 0.15957 0.00103188
25 0.455859 0.497656 0.296875 0.348438 0.984375
12 0.455469 0.495313 0.303125 0.364063 0.901855
13 0.455469 0.495313 0.303125 0.364063 0.330322
17 0.457422 0.488281 0.299219 0.371875 0.160278
14 0.455859 0.497656 0.296875 0.348438 0.153564
23 0.455859 0.497656 0.296875 0.348438 0.0894775
1 0.461035 0.51416 0.304492 0.326367 0.0713501
4 0.455859 0.497656 0.296875 0.348438 0.026062
19 0.455859 0.497656 0.296875 0.348438 0.0213623
15 0.457031 0.505859 0.299219 0.339063 0.0209656
2 0.463281 0.485938 0.308594 0.358594 0.0184021
8 0.464453 0.532031 0.304688 0.303125 0.0142822
10 0.453906 0.487109 0.305469 0.380469 0.0127716
9 0.457031 0.505859 0.299219 0.339063 0.0125732
5 0.457031 0.505859 0.299219 0.339063 0.0123825
20 0.460938 0.51709 0.299219 0.326758 0.0122375
12 0.464453 0.452441 0.344531 0.474805 0.0086441
3 0.464453 0.532031 0.304688 0.303125 0.0086441
22 0.455469 0.497266 0.310937 0.370313 0.00854492
6 0.464453 0.532031 0.304688 0.303125 0.00376511
0 0.46084 0.464844 0.295508 0.320312 0.00228691
21 0.464453 0.532031 0.304688 0.303125 0.00211525
19 0.46875 0.446875 0.305469 0.203125 0.00197983
14 0.464453 0.452441 0.344531 0.474805 0.00191212
8 0.46084 0.464844 0.295508 0.320312 0.00181007
21 0.46084 0.464844 0.295508 0.320312 0.00162315
3 0.46084 0.464844 0.295508 0.320312 0.00153637
15 0.464453 0.452441 0.344531 0.474805 0.00138283
25 0.460059 0.486328 0.300195 0.380469 0.992188
12 0.464453 0.483203 0.307031 0.372656 0.939453
13 0.460938 0.483496 0.300781 0.368945 0.238647
14 0.460059 0.486328 0.300195 0.380469 0.165039
17 0.462402 0.482031 0.30957 0.397656 0.143188
23 0.460059 0.486328 0.300195 0.380469 0.134277
1 0.464453 0.483203 0.307031 0.372656 0.0321045
2 0.461816 0.485938 0.304492 0.380469 0.0225372
4 0.464453 0.483203 0.307031 0.372656 0.0196075
15 0.460059 0.486328 0.300195 0.380469 0.0129242
19 0.461816 0.485938 0.304492 0.380469 0.0115509
10 0.462402 0.482031 0.30957 0.397656 0.00800323
9 0.460938 0.483496 0.300781 0.368945 0.00757599
5 0.464453 0.483203 0.307031 0.372656 0.00751877
20 0.464453 0.511719 0.299219 0.329688 0.00516129
13 0.464453 0.448828 0.353906 0.461719 0.00432968
6 0.468652 0.523828 0.304883 0.305469 0.00335121
3 0.46709 0.492578 0.306445 0.353906 0.00242424
8 0.461816 0.485938 0.304492 0.380469 0.00216484
22 0.470313 0.490234 0.316406 0.385156 0.0020504
7 0.496484 0.431152 0.2625 0.161133 0.00187492
21 0.462402 0.482031 0.30957 0.397656 0.0017271
23 0.464453 0.448828 0.353906 0.461719 0.00153637
0 0.464063 0.453809 0.298438 0.30957 0.00143814
14 0.464453 0.448828 0.353906 0.461719 0.00121117
16 0.468652 0.523828 0.304883 0.305469 0.00119686
25 0.458984 0.503906 0.310937 0.335938 0.97998
12 0.465234 0.501563 0.317188 0.348438 0.829102
13 0.462109 0.507812 0.313281 0.326562 0.522461
23 0.463672 0.498535 0.314063 0.34668 0.312256
14 0.458984 0.503906 0.310937 0.335938 0.175537
17 0.460156 0.488379 0.31875 0.382617 0.0524292
4 0.458984 0.503906 0.310937 0.335938 0.0389099
2 0.465625 0.504297 0.314063 0.336719 0.0370483
10 0.460156 0.488379 0.31875 0.382617 0.0214539
1 0.468652 0.508691 0.317383 0.32793 0.0187225
0 0.463672 0.498535 0.314063 0.34668 0.0114212
15 0.458984 0.503906 0.310937 0.335938 0.0110321
9 0.458594 0.495215 0.319531 0.370508 0.0086441
8 0.458984 0.503906 0.310937 0.335938 0.00806427
5 0.465234 0.501563 0.317188 0.348438 0.00548935
19 0.460156 0.488379 0.31875 0.382617 0.0053215
20 0.464844 0.517285 0.315625 0.320117 0.0024929
11 0.0984375 0.849414 0.196875 0.301172 0.00239754
6 0.471777 0.522266 0.317383 0.315625 0.00234985
3 0.460156 0.488379 0.31875 0.382617 0.00232315
22 0.469922 0.488672 0.33125 0.38125 0.00186729
21 0.459766 0.474316 0.321094 0.341992 0.00143242
7 0.0947266 0.902344 0.189453 0.195312 0.00132465
12 0.454688 0.470313 0.370313 0.445312 0.00111198
11 0.107617 0.798242 0.215234 0.403516 0.00104427
25 0.456641 0.503906 0.304688 0.3375 0.800781
13 0.457422 0.497656 0.308594 0.339063 0.182983
23 0.455469 0.505078 0.307813 0.339844 0.0907593
12 0.455078 0.498535 0.311719 0.337305 0.0769653
10 0.455469 0.505078 0.307813 0.339844 0.0564575
16 0.457422 0.497656 0.308594 0.339063 0.024231
17 0.454688 0.50625 0.3125 0.357812 0.0211182
1 0.456152 0.484375 0.331445 0.360938 0.0153656
15 0.456641 0.503906 0.304688 0.3375 0.0149002
3 0.457422 0.497656 0.308594 0.339063 0.0100098
2 0.454688 0.50625 0.3125 0.357812 0.00967407
20 0.457422 0.497656 0.308594 0.339063 0.0088501
14 0.454688 0.50625 0.3125 0.357812 0.0085144
12 0.306445 0.634277 0.612891 0.731445 0.00751877
6 0.457422 0.497656 0.308594 0.339063 0.00682449
0 0.455469 0.505078 0.307813 0.339844 0.00609589
19 0.455469 0.505078 0.307813 0.339844 0.00544739
9 0.453906 0.504297 0.3125 0.357812 0.00526047
8 0.453516 0.495996 0.310156 0.350195 0.00450516
4 0.453906 0.504297 0.3125 0.357812 0.00416565
12 0.207617 0.703516 0.415234 0.508594 0.00273705
5 0.455469 0.505078 0.307813 0.339844 0.00263214
13 0.306445 0.634277 0.612891 0.731445 0.00183105
21 0.453516 0.495996 0.310156 0.350195 0.00178242
2 0.457813 0.421094 0.307813 0.210156 0.00174141
14 0.457813 0.421094 0.307813 0.210156 0.00164223
22 0.456152 0.484375 0.331445 0.360938 0.00112057
17 0.457813 0.421094 0.307813 0.210156 0.00105286
25 0.465234 0.508594 0.296875 0.320312 0.986328
23 0.464063 0.516504 0.301563 0.31543 0.464844
14 0.464063 0.516504 0.301563 0.31543 0.186523
2 0.464063 0.516504 0.301563 0.31543 0.111633
10 0.463281 0.507812 0.303125 0.328125 0.0544128
12 0.465527 0.522656 0.295508 0.275 0.0370483
13 0.470703 0.525781 0.279687 0.260938 0.0267639
17 0.471191 0.508984 0.29043 0.314844 0.0248871
1 0.474121 0.525781 0.283008 0.264062 0.0213318
16 0.470703 0.525781 0.279687 0.260938 0.0163422
8 0.470703 0.525781 0.279687 0.260938 0.00526047
20 0.474121 0.525781 0.283008 0.264062 0.00407028
3 0.474121 0.525781 0.283008 0.264062 0.00380898
6 0.474121 0.525781 0.283008 0.264062 0.00312424
0 0.464063 0.516504 0.301563 0.31543 0.00274658
5 0.473438 0.517188 0.286719 0.3 0.00269318
13 0.471973 0.502441 0.32168 0.345117 0.00246239
21 0.474121 0.525781 0.283008 0.264062 0.0024147
19 0.465234 0.508594 0.296875 0.320312 0.00230598
15 0.474219 0.506934 0.317969 0.336133 0.00192642
12 0.472266 0.497266 0.327344 0.379688 0.00173378
9 0.468359 0.508691 0.300781 0.338867 0.00165462
4 0.465527 0.522656 0.295508 0.275 0.00153637
1 0.474219 0.506934 0.317969 0.336133 0.00136185
25 0.461035 0.495996 0.312305 0.386133 0.977051
12 0.458203 0.483984 0.316406 0.397656 0.160767
13 0.46416 0.486328 0.316992 0.382031 0.143188
23 0.459473 0.494141 0.30918 0.385156 0.141235
14 0.463281 0.496777 0.317188 0.373633 0.126343
1 0.469141 0.496973 0.33125 0.370117 0.0292511
17 0.460059 0.492969 0.318945 0.4 0.0292053
2 0.469141 0.496973 0.33125 0.370117 0.0208435
10 0.458594 0.491797 0.319531 0.403906 0.0174408
5 0.463281 0.496777 0.317188 0.373633 0.0116882
19 0.461035 0.495996 0.312305 0.386133 0.00677109
20 0.469141 0.496973 0.33125 0.370117 0.00416565
0 0.467187 0.496191 0.334375 0.38418 0.00273705
15 0.465234 0.498535 0.339063 0.385742 0.00269318
8 0.460254 0.493359 0.310742 0.392188 0.00214958
3 0.467969 0.496094 0.324219 0.376563 0.0020504
4 0.459473 0.494141 0.30918 0.385156 0.00200272
21 0.467187 0.496191 0.334375 0.38418 0.00152493
22 0.455566 0.490234 0.323242 0.391406 0.00123024
6 0.468066 0.497266 0.32793 0.360938 0.00109863
25 0.461328 0.509375 0.313281 0.35625 0.927246
13 0.461328 0.514844 0.315625 0.329688 0.24585
23 0.462891 0.510547 0.308594 0.347656 0.209473
12 0.463672 0.510547 0.315625 0.345313 0.0900879
14 0.461719 0.50459 0.308594 0.36582 0.0611877
17 0.455469 0.507422 0.317188 0.357031 0.035675
10 0.459766 0.499219 0.321094 0.371875 0.0256653
12 0.466797 0.481641 0.364844 0.428906 0.0153046
15 0.466797 0.481641 0.364844 0.428906 0.0149002
1 0.457813 0.511328 0.321094 0.342969 0.0142822
15 0.485938 0.391797 0.436719 0.638281 0.00809479
13 0.466797 0.481641 0.364844 0.428906 0.00631332
4 0.459375 0.492188 0.315625 0.385938 0.00584412
12 0.485938 0.391797 0.436719 0.638281 0.00521851
15 0.461328 0.514844 0.315625 0.329688 0.00479126
3 0.459277 0.514453 0.323633 0.332031 0.00359344
5 0.462598 0.512402 0.313867 0.33457 0.00348282
20 0.457813 0.511328 0.321094 0.342969 0.00286674
25 0.485938 0.391797 0.436719 0.638281 0.00283432
13 0.485938 0.391797 0.436719 0.638281 0.00239754
2 0.457813 0.511328 0.321094 0.342969 0.00233269
6 0.459277 0.514453 0.323633 0.332031 0.00232315
19 0.461328 0.509375 0.313281 0.35625 0.00216484
9 0.459766 0.499219 0.321094 0.371875 0.00150108
1 0.485938 0.391797 0.436719 0.638281 0.00138283
8 0.461719 0.50459 0.308594 0.36582 0.00135612
14 0.485938 0.391797 0.436719 0.638281 0.0011034
25 0.460547 0.496875 0.300781 0.36875 0.996582
13 0.463184 0.500391 0.30332 0.352344 0.524414
12 0.463672 0.496191 0.308594 0.363867 0.0997925
23 0.4625 0.497656 0.300781 0.35 0.0917358
10 0.469141 0.498047 0.310937 0.360156 0.0643921
14 0.4625 0.496875 0.301563 0.374219 0.0554199
1 0.460938 0.491016 0.310937 0.376563 0.0347595
17 0.469141 0.498047 0.310937 0.360156 0.0284424
3 0.462891 0.506348 0.316406 0.338867 0.0202484
2 0.4625 0.494629 0.304688 0.37793 0.0187225
20 0.463184 0.500391 0.30332 0.352344 0.00834656
6 0.462891 0.506348 0.316406 0.338867 0.00559998
16 0.462891 0.506348 0.316406 0.338867 0.00551224
8 0.460938 0.491016 0.310937 0.376563 0.00530243
5 0.4625 0.497656 0.300781 0.35 0.00445175
14 0.461816 0.434375 0.293555 0.259375 0.00312424
15 0.467187 0.49834 0.324219 0.36582 0.00252151
19 0.462891 0.506348 0.316406 0.338867 0.00225258
25 0.461816 0.434375 0.293555 0.259375 0.00216484
2 0.461816 0.434375 0.293555 0.259375 0.0020752
4 0.467187 0.49834 0.324219 0.36582 0.00189686
22 0.460938 0.491016 0.310937 0.376563 0.00174141
7 0.462402 0.488965 0.311133 0.375195 0.00146675
0 0.461719 0.496094 0.303906 0.366406 0.00116062
17 0.461816 0.434375 0.293555 0.259375 0.00112057
21 0.4625 0.494629 0.304688 0.37793 0.0011034
25 0.465527 0.494531 0.293945 0.360938 0.991699
13 0.467285 0.515234 0.295117 0.329688 0.476562
23 0.465625 0.500879 0.29375 0.323242 0.401611
10 0.468359 0.498828 0.288281 0.352344 0.107056
12 0.464453 0.490234 0.302344 0.352344 0.0823975
15 0.463281 0.485254 0.308594 0.385742 0.0270691
17 0.468359 0.498828 0.288281 0.352344 0.0194244
14 0.470313 0.499902 0.286719 0.32207 0.00878143
3 0.470215 0.514063 0.295508 0.333594 0.00800323
0 0.463281 0.485254 0.308594 0.385742 0.00631332
16 0.470215 0.514063 0.295508 0.333594 0.00591278
8 0.464844 0.510938 0.307031 0.346094 0.00557709
4 0.463281 0.485254 0.308594 0.385742 0.00408554
5 0.470313 0.499902 0.286719 0.32207 0.00362206
1 0.470215 0.514063 0.295508 0.333594 0.00349617
6 0.464941 0.484375 0.301367 0.373437 0.00323486
2 0.46709 0.484766 0.298633 0.358594 0.00270462
19 0.465527 0.494531 0.293945 0.360938 0.00183105
20 0.470313 0.499902 0.286719 0.32207 0.00174809
9 0.463281 0.485254 0.308594 0.385742 0.00130463
25 0.465234 0.433203 0.292969 0.263281 0.00124454
17 0.465234 0.433203 0.292969 0.263281 0.00116062
25 0.462109 0.503125 0.3 0.357812 0.997559
10 0.462109 0.503125 0.3 0.357812 0.364746
23 0.463379 0.501172 0.30293 0.340625 0.309082
13 0.46875 0.507812 0.299219 0.346094 0.0621033
3 0.463379 0.5 0.304492 0.360938 0.0282135
12 0.463379 0.5 0.304492 0.360938 0.0236053
15 0.465234 0.49834 0.322656 0.361133 0.0224609
14 0.463379 0.501172 0.30293 0.340625 0.02211
17 0.463965 0.500684 0.306445 0.348633 0.021286
8 0.463379 0.5 0.304492 0.360938 0.011116
15 0.515723 0.382031 0.488867 0.657813 0.0103683
16 0.46875 0.507812 0.299219 0.346094 0.00993347
6 0.461719 0.513379 0.30625 0.341992 0.00595856
20 0.46875 0.507812 0.299219 0.346094 0.00588989
12 0.515723 0.382031 0.488867 0.657813 0.00542831
2 0.463379 0.501172 0.30293 0.340625 0.00482941
1 0.463379 0.5 0.304492 0.360938 0.0045929
19 0.464063 0.502734 0.307813 0.353906 0.00370789
25 0.515723 0.382031 0.488867 0.657813 0.00337601
5 0.466406 0.503125 0.304688 0.332031 0.00284576
13 0.515723 0.382031 0.488867 0.657813 0.00271416
0 0.463379 0.5 0.304492 0.360938 0.00193405
9 0.460254 0.494629 0.30918 0.368555 0.00183868
1 0.515723 0.382031 0.488867 0.657813 0.00130463
25 0.460938 0.493359 0.298438 0.374219 0.98584
10 0.462402 0.495703 0.293945 0.361719 0.083313
17 0.466797 0.49834 0.286719 0.356445 0.0772095
23 0.462891 0.497656 0.297656 0.369531 0.0430298
13 0.464746 0.506348 0.295508 0.337305 0.0403748
15 0.466797 0.492969 0.303125 0.365625 0.0131226
1 0.466797 0.49834 0.286719 0.356445 0.0117798
12 0.467578 0.493359 0.289844 0.378906 0.00743103
3 0.464746 0.506348 0.295508 0.337305 0.00564194
8 0.464746 0.506348 0.295508 0.337305 0.00547028
19 0.460938 0.493359 0.298438 0.374219 0.00511932
16 0.465234 0.530469 0.299219 0.290625 0.00500107
14 0.462891 0.497656 0.297656 0.369531 0.00498199
5 0.464746 0.506348 0.295508 0.337305 0.00356483
20 0.466406 0.512109 0.289844 0.317188 0.00223351
6 0.458984 0.490625 0.304688 0.382812 0.0018034
0 0.460938 0.493359 0.298438 0.374219 0.00159168
15 0.467578 0.444922 0.370313 0.517969 0.00153637
2 0.466797 0.492969 0.303125 0.365625 0.00123978
4 0.467578 0.493359 0.289844 0.378906 0.00123024
25 0.464453 0.502734 0.296875 0.341406 0.995117
23 0.464746 0.500781 0.295508 0.336719 0.228149
13 0.46875 0.503223 0.296875 0.324805 0.0505066
10 0.462402 0.500781 0.300195 0.357812 0.0302124
16 0.468359 0.511816 0.295312 0.331055 0.0240479
12 0.46875 0.503223 0.296875 0.324805 0.0233307
14 0.464453 0.502734 0.296875 0.341406 0.0173035
3 0.467578 0.502734 0.292188 0.332031 0.0104065
2 0.463965 0.495996 0.31582 0.356445 0.00985718
5 0.464453 0.502734 0.296875 0.341406 0.0051384
20 0.467578 0.502734 0.292188 0.332031 0.0049057
8 0.46875 0.503223 0.296875 0.324805 0.00488663
17 0.461621 0.496777 0.314258 0.367383 0.00387001
15 0.465625 0.496094 0.335938 0.376563 0.00335121
19 0.466797 0.49541 0.303906 0.354492 0.00279999
6 0.472266 0.510547 0.301563 0.344531 0.00247192
4 0.458496 0.496777 0.331445 0.375195 0.00147247
0 0.458496 0.496777 0.331445 0.375195 0.00132465
25 0.457129 0.491504 0.29668 0.356055 0.997559
23 0.457813 0.490625 0.296875 0.35 0.324219
10 0.457129 0.491504 0.29668 0.356055 0.088501
13 0.461621 0.498437 0.295508 0.34375 0.0467224
15 0.458594 0.464453 0.335938 0.436719 0.0145569
12 0.460938 0.49209 0.289062 0.351758 0.0131226
12 0.458594 0.464453 0.335938 0.436719 0.0107346
14 0.460938 0.49209 0.289062 0.351758 0.00857544
17 0.459375 0.485156 0.292969 0.364063 0.00544739
13 0.458594 0.464453 0.335938 0.436719 0.00340271
25 0.460547 0.432813 0.355469 0.510938 0.00312424
2 0.45625 0.478516 0.315625 0.375781 0.00275803
3 0.460938 0.49209 0.289062 0.351758 0.00268364
19 0.459375 0.485156 0.292969 0.364063 0.00179577
6 0.456641 0.483203 0.299219 0.379688 0.00174141
0 0.459375 0.485156 0.292969 0.364063 0.00167465
8 0.460938 0.49209 0.289062 0.351758 0.00159168
2 0.457031 0.439453 0.302344 0.274219 0.00151253
5 0.457422 0.487402 0.303906 0.36582 0.00150108
4 0.460938 0.49209 0.289062 0.351758 0.00141048
4 0.460156 0.387891 0.210938 0.136719 0.00138855
16 0.456641 0.483203 0.299219 0.379688 0.00108147
18 0.456641 0.483203 0.299219 0.379688 0.00104427
25 0.460547 0.511328 0.304688 0.320312 0.981445
10 0.458594 0.513965 0.301563 0.34082 0.157104
23 0.465234 0.512109 0.302344 0.321094 0.127686
13 0.467969 0.518359 0.304688 0.311719 0.0402527
16 0.458594 0.513965 0.301563 0.34082 0.0168457
2 0.463965 0.508984 0.30957 0.338281 0.0111618
14 0.458984 0.508203 0.317188 0.330469 0.00717545
18 0.457129 0.502734 0.30293 0.332813 0.00619125
15 0.462891 0.501172 0.325781 0.361719 0.00498199
6 0.457129 0.502734 0.30293 0.332813 0.00475693
12 0.462891 0.501172 0.325781 0.361719 0.00471878
3 0.463965 0.508984 0.30957 0.338281 0.00277901
0 0.463965 0.508984 0.30957 0.338281 0.0024929
17 0.457129 0.500781 0.31543 0.329688 0.00226974
1 0.462891 0.501172 0.325781 0.361719 0.00132465
12 0.741992 0.458203 0.516016 0.916406 0.00105286
25 0.452246 0.493066 0.293945 0.362305 0.989746
13 0.45 0.509277 0.286719 0.337695 0.0817871
10 0.453809 0.492188 0.293945 0.360938 0.0451965
17 0.452734 0.490527 0.289844 0.356445 0.0124283
14 0.454785 0.482422 0.307617 0.351562 0.0102463
12 0.458594 0.490625 0.329688 0.365625 0.00971222
23 0.455078 0.503516 0.292969 0.349219 0.00821686
3 0.450391 0.500684 0.283594 0.364258 0.0068512
1 0.450391 0.500684 0.283594 0.364258 0.00547028
15 0.458594 0.490625 0.329688 0.365625 0.0041008
19 0.452734 0.490527 0.289844 0.356445 0.00367928
8 0.450391 0.500684 0.283594 0.364258 0.00348282
2 0.454785 0.482422 0.307617 0.351562 0.003088
16 0.455371 0.515234 0.292383 0.323438 0.00160408
20 0.45 0.509277 0.286719 0.337695 0.00148964
13 0.455859 0.464844 0.332813 0.365625 0.00135136
4 0.454785 0.482422 0.307617 0.351562 0.00117397
0 0.452734 0.490527 0.289844 0.356445 0.00115108
25 0.469922 0.5 0.301563 0.348438 0.977539
13 0.468066 0.508691 0.29668 0.332617 0.119629
10 0.466504 0.494922 0.301367 0.367188 0.117554
23 0.468652 0.499316 0.300195 0.35918 0.0213623
2 0.4625 0.491504 0.30625 0.356055 0.0106964
3 0.468066 0.508691 0.29668 0.332617 0.00941467
12 0.468066 0.508691 0.29668 0.332617 0.0091629
17 0.469141 0.485156 0.313281 0.357031 0.00867462
15 0.469141 0.485156 0.313281 0.357031 0.00818634
19 0.462109 0.491797 0.303906 0.371094 0.00216484
6 0.466797 0.513965 0.299219 0.33457 0.00205803
8 0.468066 0.508691 0.29668 0.332617 0.0019722
14 0.469141 0.485156 0.313281 0.357031 0.00162888
16 0.462109 0.491797 0.303906 0.371094 0.00126934
1 0.475 0.489453 0.309375 0.369531 0.00121117
25 0.460059 0.491406 0.300195 0.35 0.980957
10 0.460059 0.491406 0.300195 0.35 0.313965
13 0.461621 0.50166 0.293945 0.338867 0.0566406
3 0.461621 0.50166 0.293945 0.338867 0.0294189
23 0.460059 0.49375 0.292383 0.35625 0.0289764
17 0.459277 0.492969 0.301758 0.344531 0.0150757
15 0.457129 0.485938 0.318555 0.357812 0.0135345
8 0.461621 0.50166 0.293945 0.338867 0.00800323
2 0.462891 0.483496 0.296094 0.358008 0.0064621
12 0.461621 0.50166 0.293945 0.338867 0.00441742
14 0.464063 0.490527 0.2875 0.356445 0.00314713
20 0.459473 0.498047 0.298242 0.34375 0.00298119
16 0.462891 0.483496 0.296094 0.358008 0.00248146
19 0.462891 0.483496 0.296094 0.358008 0.00194168
1 0.666406 0.452344 0.667188 0.904688 0.00134563
0 0.46084 0.482031 0.312695 0.375 0.0011425
1 0.464063 0.490527 0.2875 0.356445 0.00109863
6 0.46084 0.482031 0.312695 0.375 0.00107288
25 0.458203 0.501172 0.298438 0.328906 0.989746
10 0.460254 0.496094 0.295117 0.349219 0.0836182
23 0.457715 0.490625 0.301758 0.3625 0.0358276
13 0.459277 0.506934 0.29707 0.323633 0.0313721
17 0.457422 0.481348 0.308594 0.351367 0.0156021
3 0.460938 0.507129 0.292188 0.32168 0.0150757
15 0.457422 0.481348 0.308594 0.351367 0.00595856
0 0.457422 0.481348 0.308594 0.351367 0.00486755
19 0.461719 0.496094 0.292188 0.339063 0.00291252
20 0.459277 0.506934 0.29707 0.323633 0.00277901
6 0.46084 0.478223 0.304883 0.332617 0.00242424
14 0.462891 0.502344 0.286719 0.328906 0.00148964
18 0.457715 0.490625 0.301758 0.3625 0.00138283
2 0.457422 0.481348 0.308594 0.351367 0.00124454
16 0.461719 0.496094 0.292188 0.339063 0.00122547
4 0.46084 0.478223 0.304883 0.332617 0.0011158
9 0.455566 0.488281 0.30293 0.358594 0.00107765
25 0.462109 0.491797 0.300781 0.364844 0.989746
10 0.459473 0.494141 0.298242 0.366406 0.0713501
23 0.460938 0.494629 0.298438 0.354492 0.0279083
13 0.461719 0.507812 0.298438 0.3375 0.0133286
17 0.458594 0.483496 0.3125 0.37832 0.00740433
16 0.466016 0.512891 0.314063 0.339063 0.00695801
3 0.461719 0.507812 0.298438 0.3375 0.00526047
15 0.458594 0.483496 0.3125 0.37832 0.00382423
14 0.459375 0.489453 0.289844 0.367188 0.00382423
2 0.460156 0.484375 0.30625 0.367188 0.00251198
19 0.459375 0.489063 0.295312 0.373437 0.00251198
12 0.459375 0.489453 0.289844 0.367188 0.00208282
25 0.471094 0.504785 0.303906 0.349805 0.993652
10 0.4625 0.494141 0.303125 0.364063 0.0628052
17 0.460059 0.497754 0.289258 0.366992 0.00974274
23 0.460254 0.499219 0.28418 0.357812 0.00941467
14 0.469922 0.492969 0.313281 0.357812 0.00766754
15 0.467871 0.482031 0.317383 0.365625 0.0049057
3 0.460059 0.497754 0.289258 0.366992 0.00219917
2 0.469922 0.492969 0.313281 0.357812 0.00153637
8 0.460059 0.497754 0.289258 0.366992 0.00150108
6 0.469922 0.511719 0.321875 0.314844 0.00148392
19 0.460059 0.497754 0.289258 0.366992 0.00131512
12 0.467871 0.482031 0.317383 0.365625 0.00125504
25 0.464746 0.45166 0.30332 0.29043 0.00100803
25 0.464063 0.492578 0.307813 0.369531 0.944824
10 0.463672 0.485547 0.311719 0.385938 0.021698
13 0.465527 0.514844 0.308008 0.339063 0.0177155
23 0.464844 0.503516 0.308594 0.357812 0.00871277
2 0.467969 0.483594 0.319531 0.371094 0.00775528
14 0.467969 0.483594 0.319531 0.371094 0.00737381
17 0.462402 0.481348 0.301758 0.374805 0.00577545
12 0.463965 0.494629 0.298633 0.368555 0.00288963
15 0.466797 0.491406 0.320312 0.361719 0.00201988
3 0.4625 0.473535 0.310156 0.379492 0.00187492
19 0.462402 0.481348 0.301758 0.374805 0.00175476
1 0.463965 0.494629 0.298633 0.368555 0.00144958
25 0.462891 0.497266 0.314063 0.366406 0.887207
10 0.455859 0.496094 0.302344 0.357031 0.0222931
13 0.460156 0.503027 0.321875 0.34707 0.0138474
23 0.455859 0.496094 0.302344 0.357031 0.00878143
2 0.462109 0.492871 0.319531 0.36582 0.0046463
12 0.464746 0.483203 0.343945 0.392969 0.00462723
15 0.464746 0.483203 0.343945 0.392969 0.00460815
12 0.321094 0.596875 0.642188 0.80625 0.00418091
17 0.462109 0.492871 0.319531 0.36582 0.00318527
14 0.462109 0.492871 0.319531 0.36582 0.0024929
1 0.462109 0.492871 0.319531 0.36582 0.00102425
25 0.4625 0.505469 0.302344 0.326562 0.998047
13 0.46416 0.509375 0.301367 0.320312 0.246582
15 0.463672 0.492188 0.310156 0.351562 0.0419312
10 0.459766 0.496777 0.303125 0.339258 0.0215302
23 0.466797 0.489844 0.3125 0.35625 0.0162811
12 0.463672 0.492188 0.310156 0.351562 0.00766754
17 0.458691 0.489063 0.310742 0.351562 0.00751877
6 0.463672 0.511719 0.303906 0.338281 0.00426483
16 0.463672 0.511719 0.303906 0.338281 0.00383949
3 0.458496 0.507031 0.301758 0.325 0.00348282
6 0.528125 0.521094 0.457813 0.348438 0.00322342
2 0.458691 0.489063 0.310742 0.351562 0.00275803
20 0.458496 0.507031 0.301758 0.325 0.00212479
8 0.465234 0.482812 0.313281 0.355469 0.00209999
12 0.623438 0.5125 0.278125 0.301563 0.00194931
16 0.528125 0.521094 0.457813 0.348438 0.00176811
14 0.458691 0.489063 0.310742 0.351562 0.00137806
4 0.458691 0.489063 0.310742 0.351562 0.00105667
15 0.623438 0.5125 0.278125 0.301563 0.00101662
25 0.462891 0.505469 0.309375 0.36875 0.928711
13 0.463281 0.508203 0.30625 0.355469 0.0477905
17 0.467871 0.491016 0.317383 0.372656 0.00593567
15 0.46875 0.49541 0.33125 0.382617 0.00450516
12 0.46875 0.49541 0.33125 0.382617 0.00439835
10 0.466797 0.494434 0.305469 0.368945 0.00402451
23 0.463379 0.497266 0.298242 0.382031 0.00219917
14 0.462402 0.494531 0.311133 0.38125 0.00153065
1 0.467871 0.491016 0.317383 0.372656 0.0012064
2 0.462402 0.494531 0.311133 0.38125 0.0011425
3 0.463379 0.497266 0.298242 0.382031 0.00100803
25 0.461816 0.501465 0.304492 0.350195 0.946777
13 0.463379 0.504297 0.299805 0.341406 0.0170441
23 0.461035 0.488379 0.30293 0.33418 0.0136337
14 0.46084 0.495313 0.30332 0.35 0.00763702
10 0.461035 0.488379 0.30293 0.33418 0.00698471
2 0.463672 0.495996 0.299219 0.351758 0.00629044
17 0.467187 0.489844 0.307031 0.351562 0.00426483
12 0.461816 0.501465 0.304492 0.350195 0.00379562
0 0.461035 0.488379 0.30293 0.33418 0.00131512
3 0.461035 0.488379 0.30293 0.33418 0.00118828
15 0.467187 0.489844 0.307031 0.351562 0.00116539
25 0.456641 0.499219 0.284375 0.340625 0.990234
13 0.457129 0.500391 0.27793 0.335156 0.0492249
17 0.457031 0.483984 0.294531 0.360156 0.0218658
10 0.458691 0.500879 0.287305 0.343555 0.0104523
23 0.460156 0.502734 0.279687 0.328125 0.00534439
12 0.457129 0.500391 0.27793 0.335156 0.00365067
15 0.466016 0.490234 0.323438 0.374219 0.00351143
3 0.45459 0.509277 0.275195 0.317383 0.00219917
1 0.457031 0.483984 0.294531 0.360156 0.00191212
2 0.457031 0.483984 0.294531 0.360156 0.00151253
14 0.456934 0.489453 0.292383 0.3625 0.00137234
25 0.461035 0.503516 0.287305 0.333594 0.953125
13 0.462598 0.506641 0.288867 0.33125 0.0381775
15 0.463281 0.486328 0.291406 0.347656 0.0145569
3 0.462598 0.506641 0.288867 0.33125 0.00941467
10 0.463281 0.498828 0.285156 0.332813 0.00857544
17 0.463281 0.486328 0.291406 0.347656 0.00796509
12 0.462598 0.506641 0.288867 0.33125 0.00299263
23 0.464746 0.508594 0.28457 0.325 0.00282288
20 0.462598 0.506641 0.288867 0.33125 0.00239754
12 0.67168 0.447656 0.656641 0.895312 0.00133038
25 0.457129 0.505859 0.316992 0.363281 0.978027
17 0.457031 0.489844 0.31875 0.375 0.0318604
10 0.457031 0.498437 0.319531 0.370313 0.0177765
13 0.455469 0.507031 0.321875 0.364063 0.0160217
23 0.456641 0.49834 0.317969 0.364258 0.00416565
15 0.462109 0.489453 0.317188 0.382031 0.00283432
14 0.457031 0.498437 0.319531 0.370313 0.00160408
1 0.457031 0.489844 0.31875 0.375 0.0014782
3 0.457715 0.497266 0.317383 0.373437 0.00133038
2 0.457031 0.489844 0.31875 0.375 0.00106049
25 0.4625 0.501465 0.3 0.339258 0.90918
13 0.458984 0.511035 0.307813 0.338867 0.0139008
12 0.458984 0.511035 0.307813 0.338867 0.00446701
23 0.462402 0.496875 0.301758 0.342187 0.00436401
14 0.462402 0.496875 0.301758 0.342187 0.00324821
10 0.4625 0.498047 0.289844 0.324219 0.00288963
15 0.465625 0.491016 0.310156 0.350781 0.00239754
17 0.465625 0.491016 0.310156 0.350781 0.00214958
12 0.747656 0.447656 0.504687 0.895312 0.00132465
25 0.46416 0.49375 0.306055 0.36875 0.970703
10 0.463672 0.490527 0.300781 0.35957 0.0430298
13 0.463379 0.498437 0.306055 0.364063 0.0209656
23 0.46416 0.496191 0.30918 0.37168 0.00479126
17 0.463672 0.489844 0.308594 0.380469 0.00385475
3 0.463672 0.490527 0.300781 0.35957 0.00383949
15 0.463672 0.489844 0.308594 0.380469 0.00237846
12 0.463379 0.498437 0.306055 0.364063 0.0018177
19 0.463672 0.490527 0.300781 0.35957 0.00143814
14 0.46416 0.496191 0.30918 0.37168 0.00130463
8 0.463672 0.490527 0.300781 0.35957 0.0012064
25 0.463281 0.501172 0.309375 0.357031 0.957031
10 0.462598 0.489844 0.306055 0.357812 0.0181274
13 0.461719 0.502344 0.307813 0.348438 0.0110321
23 0.463672 0.489746 0.311719 0.354883 0.00769424
2 0.464941 0.483203 0.31543 0.355469 0.00443268
3 0.462598 0.489844 0.306055 0.357812 0.00216484
6 0.464941 0.483203 0.31543 0.355469 0.0020752
15 0.464941 0.483203 0.31543 0.355469 0.00200272
17 0.464941 0.483203 0.31543 0.355469 0.00194168
14 0.4625 0.489746 0.310156 0.35332 0.00175476
19 0.462598 0.489844 0.306055 0.357812 0.00109482
12 0.461719 0.502344 0.307813 0.348438 0.00107288
25 0.466797 0.482715 0.308594 0.368945 0.967773
10 0.467187 0.481934 0.296875 0.35957 0.0107803
17 0.467187 0.481934 0.296875 0.35957 0.0042305
3 0.467187 0.481934 0.296875 0.35957 0.0039444
19 0.467187 0.481934 0.296875 0.35957 0.00390053
15 0.469531 0.477734 0.307813 0.369531 0.00150108
14 0.465527 0.486621 0.295508 0.361133 0.00109482
25 0.464941 0.487109 0.299805 0.352344 0.959473
10 0.468359 0.485156 0.298438 0.345313 0.0064888
3 0.468359 0.485156 0.298438 0.345313 0.00318527
17 0.462598 0.483203 0.310742 0.363281 0.00186062
15 0.462598 0.483203 0.310742 0.363281 0.0018177
23 0.462598 0.483203 0.310742 0.363281 0.00119686
25 0.464063 0.495215 0.301563 0.336133 0.918945
23 0.467871 0.489453 0.301758 0.320312 0.0115509
10 0.467871 0.489453 0.301758 0.320312 0.00905609
3 0.467871 0.489453 0.301758 0.320312 0.00274658
15 0.464063 0.481348 0.304688 0.348242 0.002388
25 0.464063 0.488672 0.329688 0.370313 0.949707
10 0.465527 0.490625 0.317383 0.375 0.00664139
17 0.465527 0.490625 0.317383 0.375 0.00201988
3 0.465527 0.490625 0.317383 0.375 0.00190449
23 0.465527 0.490625 0.317383 0.375 0.00152493
15 0.464063 0.4875 0.321875 0.375781 0.00105286
25 0.463281 0.483691 0.328125 0.382617 0.968262
10 0.46416 0.482422 0.326367 0.378906 0.0069046
3 0.46416 0.482422 0.326367 0.378906 0.00351143
13 0.462598 0.491406 0.335742 0.377344 0.00288963
15 0.464453 0.480469 0.329688 0.378125 0.0024929
19 0.46416 0.482422 0.326367 0.378906 0.0024147
17 0.464453 0.480469 0.329688 0.378125 0.0016613
23 0.462109 0.485156 0.325781 0.375781 0.00156116
25 0.466309 0.485547 0.31582 0.357031 0.938477
10 0.464063 0.474609 0.311719 0.33125 0.011467
25 0.466016 0.432031 0.313281 0.246094 0.00496292
15 0.466309 0.485547 0.31582 0.357031 0.00313568
13 0.469531 0.484473 0.309375 0.354492 0.00257111
23 0.463672 0.484473 0.3125 0.356055 0.00163555
3 0.465625 0.486035 0.316406 0.357617 0.00150108
25 0.463281 0.486328 0.296875 0.357031 0.969727
10 0.466797 0.468848 0.297656 0.323242 0.0119171
3 0.466797 0.468848 0.297656 0.323242 0.00284576
17 0.458984 0.473535 0.300781 0.349805 0.00221634
14 0.458984 0.481641 0.302344 0.360156 0.00201988
23 0.461035 0.480859 0.30293 0.351562 0.0015974
15 0.461035 0.480859 0.30293 0.351562 0.00118828
25 0.464844 0.488379 0.316406 0.376367 0.950684
10 0.462891 0.486621 0.310156 0.362695 0.00471878
14 0.464844 0.488379 0.316406 0.376367 0.00109863
25 0.456641 0.484375 0.305469 0.371875 0.952148
10 0.459766 0.484375 0.303906 0.360938 0.0068512
17 0.458984 0.478906 0.311719 0.35625 0.00336266
3 0.459766 0.484375 0.303906 0.360938 0.00214958
15 0.458496 0.484766 0.306445 0.371094 0.00175476
25 0.462891 0.486719 0.29375 0.34375 0.92627
25 0.4625 0.441016 0.283594 0.249219 0.0288696
10 0.462402 0.479004 0.287695 0.318555 0.014061
3 0.464063 0.487109 0.285938 0.335156 0.00231361
23 0.462598 0.478516 0.295117 0.340625 0.0017004
12 0.758984 0.456641 0.482031 0.913281 0.00119209
15 0.462598 0.478516 0.295117 0.340625 0.00108147
17 0.464063 0.480371 0.299219 0.343945 0.00107765
25 0.460938 0.484766 0.29375 0.357031 0.938477
10 0.460938 0.482031 0.290625 0.338281 0.0174408
13 0.463281 0.489941 0.292969 0.343555 0.00126934
3 0.460938 0.482031 0.290625 0.338281 0.00112438
25 0.462598 0.486719 0.293555 0.357031 0.98291
10 0.463281 0.480078 0.29375 0.346094 0.0178528
15 0.462402 0.484766 0.29707 0.355469 0.0017004
13 0.465625 0.486328 0.286719 0.35 0.00160408
25 0.461035 0.486719 0.301367 0.359375 0.916016
10 0.463281 0.485938 0.300781 0.353125 0.00760651
25 0.461328 0.486621 0.291406 0.35957 0.931152
10 0.460938 0.484473 0.289062 0.34668 0.00636292
15 0.460059 0.486816 0.292383 0.357617 0.0016489
13 0.465625 0.4875 0.285938 0.340625 0.00157356
25 0.4625 0.487891 0.284375 0.350781 0.918945
13 0.466406 0.484766 0.280469 0.346875 0.00359344
15 0.462109 0.487891 0.2875 0.355469 0.00197983
17 0.460938 0.483984 0.290625 0.358594 0.00134087
10 0.463281 0.483984 0.28125 0.344531 0.00124454
25 0.46416 0.491504 0.288867 0.348242 0.936035
15 0.462109 0.490625 0.289062 0.345313 0.00288963
10 0.461719 0.4875 0.2875 0.339063 0.00166798
13 0.466797 0.487402 0.282031 0.343945 0.00130463
25 0.458203 0.488379 0.291406 0.354492 0.942383
13 0.461719 0.487598 0.282813 0.34043 0.00228691
10 0.458203 0.485547 0.286719 0.335938 0.00165462
14 0.458203 0.488379 0.291406 0.354492 0.00132465
25 0.462109 0.483496 0.282031 0.356445 0.921387
10 0.460156 0.481641 0.28125 0.341406 0.0149002
17 0.460156 0.481641 0.28125 0.341406 0.00305176
13 0.4625 0.488281 0.279687 0.344531 0.00276756
20 0.462598 0.484375 0.27793 0.348438 0.00219154
3 0.459766 0.483691 0.278125 0.34668 0.00144386
15 0.461816 0.482422 0.282617 0.352344 0.00104046
25 0.461621 0.484766 0.276758 0.348438 0.948242
13 0.461719 0.486719 0.265625 0.335938 0.00867462
10 0.460156 0.483203 0.279687 0.330469 0.0026722
15 0.462402 0.486719 0.275195 0.336719 0.00261116
17 0.459766 0.482812 0.279687 0.339063 0.0011692
20 0.461328 0.487598 0.272656 0.34043 0.00109005
25 0.461719 0.480469 0.278906 0.34375 0.938965
13 0.462891 0.483594 0.267969 0.335938 0.00355148
10 0.458691 0.479688 0.27793 0.327344 0.00332451
20 0.461816 0.483203 0.274805 0.336719 0.0017271
15 0.459375 0.483203 0.280469 0.333594 0.00142097
3 0.458691 0.479688 0.27793 0.327344 0.00103664
17 0.458691 0.479688 0.27793 0.327344 0.00102806
25 0.458594 0.483594 0.288281 0.345313 0.958984
10 0.45625 0.484375 0.284375 0.330469 0.0121002
13 0.463672 0.486719 0.279687 0.336719 0.00181007
17 0.45625 0.484375 0.284375 0.330469 0.00107288
25 0.457422 0.489941 0.278906 0.335742 0.953125
10 0.455859 0.485547 0.278906 0.328906 0.0116882
17 0.455859 0.485547 0.278906 0.328906 0.00231361
25 0.459277 0.490625 0.28457 0.34375 0.955566
10 0.457422 0.48584 0.285156 0.336133 0.00930023
17 0.457422 0.48584 0.285156 0.336133 0.00256157
13 0.462598 0.490527 0.27793 0.34082 0.00191879
25 0.461816 0.488672 0.29043 0.347656 0.945312
10 0.461035 0.486621 0.288867 0.337695 0.0111618
17 0.461035 0.486621 0.288867 0.337695 0.00259018
13 0.461719 0.490234 0.2875 0.349219 0.00123978
3 0.461035 0.486621 0.288867 0.337695 0.00113392
25 0.464063 0.488379 0.290625 0.34043 0.937988
10 0.461719 0.485938 0.292188 0.338281 0.0147858
17 0.464063 0.487402 0.297656 0.342383 0.00214005
3 0.461719 0.485938 0.292188 0.338281 0.00181007
13 0.466797 0.488281 0.285938 0.340625 0.00103188
25 0.461621 0.489844 0.283008 0.3375 0.930176
10 0.461719 0.4875 0.282813 0.329688 0.00898743
13 0.463281 0.489063 0.275781 0.335938 0.00199509
17 0.461035 0.489844 0.288867 0.335938 0.00178909
3 0.461719 0.4875 0.282813 0.329688 0.0014267
15 0.462402 0.489453 0.27832 0.338281 0.00108624
25 0.461328 0.490625 0.279687 0.335938 0.955078
10 0.458594 0.488379 0.284375 0.329492 0.00582123
13 0.4625 0.490234 0.272656 0.333594 0.00195694
15 0.468359 0.484375 0.283594 0.341406 0.00141048
25 0.462891 0.492285 0.285938 0.337305 0.946777
10 0.464063 0.490234 0.283594 0.327344 0.00376511
13 0.464844 0.492285 0.279687 0.33418 0.00191879
25 0.465625 0.489941 0.278125 0.33418 0.939453
10 0.462402 0.4875 0.283008 0.330469 0.00477219
13 0.467578 0.490527 0.275 0.333008 0.00273705
17 0.462402 0.4875 0.283008 0.330469 0.00115108
25 0.461816 0.489063 0.282617 0.340625 0.939453
10 0.459766 0.485547 0.283594 0.339063 0.00453949
13 0.464063 0.487598 0.271094 0.34043 0.00450516
17 0.459766 0.485547 0.283594 0.339063 0.00197983
25 0.463184 0.490527 0.27832 0.33457 0.94873
10 0.460254 0.486816 0.281055 0.329492 0.00679779
13 0.464453 0.489453 0.269531 0.334375 0.00453949
15 0.463281 0.489746 0.273438 0.337695 0.00102806
25 0.461719 0.490234 0.285156 0.338281 0.946777
10 0.459766 0.486621 0.285156 0.336133 0.00503922
13 0.46416 0.489453 0.27793 0.335938 0.00192642
17 0.459766 0.486621 0.285156 0.336133 0.00112057
25 0.4625 0.490625 0.2875 0.339844 0.95459
10 0.460938 0.486719 0.2875 0.340625 0.00703812
13 0.465234 0.489453 0.282031 0.338281 0.00158501
17 0.460938 0.486719 0.2875 0.340625 0.00124931
25 0.463965 0.489941 0.279883 0.338867 0.950684
10 0.46084 0.485156 0.281445 0.3375 0.00527954
13 0.466016 0.489063 0.275 0.3375 0.00259018
17 0.46084 0.485156 0.281445 0.3375 0.00168133
25 0.461719 0.488672 0.285156 0.344531 0.941895
10 0.460059 0.486719 0.286133 0.335156 0.00288963
13 0.464844 0.490723 0.279687 0.33418 0.00150108
25 0.461035 0.489844 0.28418 0.333594 0.944824
10 0.46084 0.487598 0.28457 0.331055 0.00362206
13 0.464453 0.490625 0.278125 0.332031 0.00182438
25 0.461719 0.485938 0.28125 0.34375 0.951172
10 0.459375 0.485547 0.282813 0.335156 0.00482941
13 0.463281 0.490234 0.273438 0.333594 0.00235939
17 0.459375 0.485547 0.282813 0.335156 0.0017271
25 0.461621 0.4875 0.286133 0.347656 0.954102
10 0.460254 0.485547 0.287305 0.339063 0.00484848
13 0.465527 0.489453 0.279883 0.336719 0.00204277
25 0.460938 0.488184 0.286719 0.345508 0.950195
10 0.460547 0.486816 0.286719 0.335742 0.00496292
13 0.464063 0.490625 0.280469 0.334375 0.00186729
25 0.461621 0.486816 0.286133 0.348242 0.946289
10 0.460938 0.486328 0.2875 0.336719 0.00498199
13 0.464844 0.489844 0.28125 0.335156 0.00175476
25 0.461719 0.486816 0.285156 0.348242 0.944824
10 0.460547 0.485938 0.285938 0.338281 0.0041008
13 0.464941 0.489746 0.279492 0.336133 0.00179577
17 0.460547 0.485938 0.285938 0.338281 0.00118828
25 0.461719 0.487402 0.284375 0.348633 0.952148
10 0.460254 0.486719 0.285742 0.3375 0.0039444
13 0.464746 0.489941 0.276758 0.335742 0.00163555
17 0.460254 0.486719 0.285742 0.3375 0.0012207
25 0.461621 0.487402 0.283008 0.34707 0.955566
10 0.459766 0.486035 0.285156 0.337305 0.00370789
13 0.464453 0.489453 0.275 0.335156 0.00182438
17 0.459766 0.486035 0.285156 0.337305 0.00109863
25 0.461719 0.486816 0.286719 0.349805 0.952148
10 0.460156 0.485938 0.2875 0.339063 0.00319672
13 0.464453 0.488672 0.280469 0.3375 0.00168133
25 0.461816 0.486816 0.28418 0.348242 0.947754
10 0.460547 0.485547 0.285156 0.338281 0.00313568
13 0.463672 0.488184 0.275781 0.337695 0.00201988
25 0.461328 0.486816 0.284375 0.348242 0.949707
10 0.460156 0.485547 0.285938 0.336719 0.00391388
13 0.462891 0.488184 0.276563 0.336133 0.00173378
25 0.461328 0.486719 0.285156 0.349219 0.94873
10 0.460547 0.485547 0.286719 0.338281 0.00439835
13 0.463281 0.488184 0.277344 0.336133 0.00161648
25 0.461816 0.487109 0.28418 0.347656 0.947266
10 0.460156 0.486035 0.285156 0.335742 0.00542831
13 0.463184 0.489063 0.275195 0.334375 0.00177479
25 0.461328 0.487109 0.285156 0.348438 0.944336
10 0.460156 0.485938 0.285938 0.335938 0.00530243
13 0.463184 0.489453 0.276758 0.335156 0.00175476
25 0.461328 0.486816 0.283594 0.348242 0.941895
10 0.460156 0.485938 0.284375 0.335938 0.0055542
13 0.462891 0.489063 0.275 0.335156 0.00168705
25 0.461328 0.486719 0.283594 0.346875 0.942871
10 0.460156 0.48584 0.284375 0.33457 0.00557709
13 0.463379 0.489063 0.274805 0.334375 0.00170708
25 0.461816 0.486816 0.282617 0.34668 0.941406
10 0.460059 0.485938 0.283008 0.335156 0.00572968
13 0.463281 0.489063 0.273438 0.334375 0.00178242
17 0.460059 0.485938 0.283008 0.335156 0.00108147
25 0.461719 0.486816 0.282031 0.34668 0.943848
10 0.460547 0.485938 0.282813 0.335156 0.00582123
13 0.463281 0.489063 0.273438 0.334375 0.00188255
17 0.460547 0.485938 0.282813 0.335156 0.00116062
25 0.461816 0.487109 0.282617 0.346094 0.944824
10 0.460547 0.48584 0.282813 0.33457 0.00605011
13 0.463281 0.489063 0.273438 0.334375 0.00186062
17 0.460547 0.48584 0.282813 0.33457 0.00119686
25 0.461328 0.487109 0.283594 0.347656 0.941406
10 0.460254 0.485938 0.28418 0.335938 0.00548935
13 0.463281 0.488965 0.275 0.33457 0.00177479
17 0.460254 0.485938 0.28418 0.335938 0.00115108
25 0.461328 0.486816 0.283594 0.348242 0.941895
10 0.460156 0.485938 0.284375 0.335938 0.00553513
13 0.462891 0.489063 0.275 0.335156 0.00168133
