19 0.464844 0.302295 0.290625 0.259473 0.0265503
19 0.445996 0.323633 0.308008 0.442578 0.0228882
11 0.445312 0.37168 0.342187 0.369141 0.00643921
19 0.420215 0.365234 0.301758 0.322656 0.00605011
14 0.435254 0.370313 0.345117 0.355469 0.00534439
11 0.584277 0.358936 0.658008 0.369629 0.00415039
3 0.445703 0.371289 0.341406 0.355859 0.00390053
11 0.630957 0.282813 0.738086 0.565625 0.00263214
20 0.445312 0.37168 0.342187 0.369141 0.0024147
0 0.445703 0.371289 0.341406 0.355859 0.00225258
5 0.426172 0.361719 0.386719 0.364844 0.00219154
11 0.537402 0.417871 0.66582 0.664258 0.00200272
2 0.445703 0.371289 0.341406 0.355859 0.0019722
3 0.593848 0.361133 0.663867 0.377734 0.00192642
11 0.407031 0.333008 0.429688 0.440234 0.0017271
17 0.445703 0.371289 0.341406 0.355859 0.0016613
9 0.445312 0.37168 0.342187 0.369141 0.00162315
21 0.463379 0.322266 0.29668 0.340625 0.0014782
14 0.537402 0.417871 0.66582 0.664258 0.00146675
4 0.445312 0.37168 0.342187 0.369141 0.00142097
9 0.584277 0.358936 0.658008 0.369629 0.00137806
3 0.537402 0.417871 0.66582 0.664258 0.00129414
8 0.435254 0.370313 0.345117 0.355469 0.0012846
14 0.584277 0.358936 0.658008 0.369629 0.00124454
5 0.584277 0.358936 0.658008 0.369629 0.00117397
11 0.585156 0.436719 0.829688 0.873438 0.00115108
12 0.436719 0.369727 0.348438 0.363672 0.00112057
10 0.435254 0.370313 0.345117 0.355469 0.00109005
4 0.539453 0.354297 0.713281 0.389062 0.00102043
9 0.571875 0.392578 0.81875 0.569531 0.00101185
14 0.630957 0.282813 0.738086 0.565625 0.00100803
22 0.472656 0.485156 0.771875 0.742188 0.977539
17 0.615234 0.555859 0.769531 0.888281 0.961426
22 0.377441 0.472559 0.49668 0.55332 0.946289
22 0.615234 0.555859 0.769531 0.888281 0.936523
17 0.472656 0.485156 0.771875 0.742188 0.92041
17 0.377441 0.472559 0.49668 0.55332 0.915527
22 0.547266 0.491406 0.722656 0.623438 0.890137
17 0.547266 0.491406 0.722656 0.623438 0.834473
17 0.688672 0.554297 0.622656 0.891406 0.831055
17 0.382031 0.441016 0.764063 0.882031 0.792969
20 0.472656 0.485156 0.771875 0.742188 0.78418
17 0.641016 0.446875 0.717969 0.89375 0.747559
22 0.688672 0.554297 0.622656 0.891406 0.728027
20 0.615234 0.555859 0.769531 0.888281 0.726562
22 0.382031 0.441016 0.764063 0.882031 0.723145
22 0.60625 0.41875 0.7875 0.8375 0.697754
17 0.500781 0.580469 0.825 0.839063 0.694336
17 0.419922 0.403809 0.389062 0.411133 0.65332
20 0.377441 0.472559 0.49668 0.55332 0.647949
22 0.666797 0.446875 0.666406 0.89375 0.600098
22 0.500781 0.580469 0.825 0.839063 0.544922
3 0.377441 0.472559 0.49668 0.55332 0.420654
3 0.418848 0.479785 0.75293 0.762305 0.411133
14 0.615234 0.555859 0.769531 0.888281 0.407227
17 0.64375 0.604688 0.7125 0.790625 0.403564
20 0.382031 0.441016 0.764063 0.882031 0.390381
17 0.594141 0.655273 0.811719 0.689453 0.362061
22 0.64375 0.604688 0.7125 0.790625 0.35498
22 0.419922 0.403809 0.389062 0.411133 0.34082
17 0.690039 0.394922 0.619922 0.789844 0.311523
20 0.547266 0.491406 0.722656 0.623438 0.303955
17 0.735156 0.534766 0.529688 0.883594 0.301514
20 0.667969 0.579688 0.664062 0.840625 0.29248
20 0.550781 0.605859 0.826563 0.788281 0.269043
3 0.615234 0.555859 0.769531 0.888281 0.263672
14 0.377441 0.472559 0.49668 0.55332 0.26123
17 0.384375 0.555859 0.76875 0.888281 0.260498
22 0.594141 0.655273 0.811719 0.689453 0.254639
14 0.472656 0.485156 0.771875 0.742188 0.244385
14 0.419922 0.403809 0.389062 0.411133 0.201782
20 0.641016 0.446875 0.717969 0.89375 0.201782
22 0.735156 0.534766 0.529688 0.883594 0.200562
3 0.547754 0.447656 0.793555 0.854688 0.196167
1 0.588281 0.580469 0.815625 0.839063 0.187744
14 0.382031 0.441016 0.764063 0.882031 0.172119
22 0.384375 0.555859 0.76875 0.888281 0.169922
3 0.547266 0.491406 0.722656 0.623438 0.168335
22 0.713281 0.396875 0.573438 0.79375 0.165649
14 0.547266 0.491406 0.722656 0.623438 0.15918
17 0.415234 0.629687 0.830469 0.740625 0.143188
25 0.377441 0.472559 0.49668 0.55332 0.125488
14 0.667969 0.579688 0.664062 0.840625 0.122131
17 0.668359 0.67832 0.663281 0.643359 0.118408
1 0.666699 0.554297 0.666602 0.891406 0.11676
3 0.688672 0.554297 0.622656 0.891406 0.112427
1 0.418848 0.479785 0.75293 0.762305 0.110474
14 0.641016 0.446875 0.717969 0.89375 0.106323
14 0.550781 0.605859 0.826563 0.788281 0.105957
11 0.472656 0.485156 0.771875 0.742188 0.104858
13 0.615234 0.580469 0.769531 0.839063 0.101562
22 0.668359 0.67832 0.663281 0.643359 0.0923462
22 0.415234 0.629687 0.830469 0.740625 0.0838623
20 0.419922 0.403809 0.389062 0.411133 0.0830078
25 0.419922 0.403809 0.389062 0.411133 0.0827026
3 0.641016 0.446875 0.717969 0.89375 0.0823975
20 0.40625 0.555078 0.8125 0.889844 0.081543
1 0.617969 0.483594 0.764063 0.928125 0.0812378
8 0.615234 0.580469 0.769531 0.839063 0.078064
20 0.617969 0.630078 0.764063 0.739844 0.078064
20 0.713281 0.528516 0.573438 0.927344 0.0758667
3 0.419922 0.403809 0.389062 0.411133 0.0755615
3 0.550781 0.605859 0.826563 0.788281 0.0742188
8 0.382031 0.441016 0.764063 0.882031 0.0718384
25 0.547266 0.491406 0.722656 0.623438 0.0661011
8 0.364648 0.485547 0.557422 0.575 0.0651245
17 0.733594 0.393359 0.532813 0.786719 0.064209
11 0.615234 0.580469 0.769531 0.839063 0.0639648
22 0.648438 0.369922 0.703125 0.739844 0.0603027
17 0.714844 0.338672 0.570312 0.677344 0.0594177
25 0.472656 0.485156 0.771875 0.742188 0.0594177
17 0.478906 0.679688 0.870313 0.640625 0.0589905
17 0.767578 0.518066 0.464844 0.657617 0.0548096
10 0.418848 0.479785 0.75293 0.762305 0.0544128
1 0.364648 0.485547 0.557422 0.575 0.0539856
17 0.348828 0.392969 0.697656 0.785937 0.0528259
10 0.364648 0.485547 0.557422 0.575 0.0528259
22 0.769531 0.489063 0.460938 0.69375 0.0503235
17 0.341016 0.475781 0.682031 0.93125 0.0499573
3 0.64375 0.604688 0.7125 0.790625 0.0469055
13 0.382031 0.441016 0.764063 0.882031 0.0455322
11 0.377441 0.472559 0.49668 0.55332 0.0450134
1 0.459375 0.605469 0.84375 0.789062 0.0438538
14 0.40625 0.555078 0.8125 0.889844 0.0433655
0 0.419922 0.403809 0.389062 0.411133 0.0430298
13 0.691406 0.579688 0.617188 0.840625 0.042572
1 0.666016 0.419922 0.667969 0.839844 0.0419312
20 0.690039 0.394922 0.619922 0.789844 0.0409851
11 0.382031 0.441016 0.764063 0.882031 0.0405273
1 0.690625 0.478125 0.61875 0.9375 0.0405273
14 0.713281 0.528516 0.573438 0.927344 0.0399475
1 0.593359 0.679883 0.813281 0.640234 0.0396423
22 0.733984 0.363477 0.532031 0.726953 0.0387573
22 0.478906 0.679688 0.870313 0.640625 0.036499
14 0.617969 0.630078 0.764063 0.739844 0.0358276
14 0.452344 0.369922 0.3125 0.344531 0.0350037
1 0.384375 0.555859 0.76875 0.888281 0.0343628
13 0.507422 0.605469 0.836719 0.789062 0.033844
20 0.737109 0.571094 0.525781 0.857813 0.032959
22 0.341016 0.475781 0.682031 0.93125 0.0327148
20 0.472266 0.653906 0.861719 0.692187 0.0325928
22 0.348828 0.392969 0.697656 0.785937 0.0323486
8 0.472656 0.485156 0.771875 0.742188 0.0314941
25 0.640625 0.555469 0.71875 0.889063 0.03125
13 0.547754 0.447656 0.793555 0.854688 0.0304413
8 0.688672 0.554297 0.622656 0.891406 0.0303345
0 0.364648 0.485547 0.557422 0.575 0.0298767
14 0.690039 0.394922 0.619922 0.789844 0.0290833
10 0.398828 0.419922 0.438281 0.442969 0.028656
3 0.380664 0.41875 0.761328 0.8375 0.0285492
11 0.547266 0.491406 0.722656 0.623438 0.0272675
10 0.588281 0.580469 0.815625 0.839063 0.0270691
20 0.668359 0.67832 0.663281 0.643359 0.0266571
3 0.690039 0.394922 0.619922 0.789844 0.0265503
3 0.409375 0.579688 0.81875 0.840625 0.0261536
11 0.59375 0.488672 0.8125 0.916406 0.0256653
13 0.364648 0.485547 0.557422 0.575 0.0252686
20 0.59375 0.704688 0.8125 0.590625 0.0246124
22 0.71875 0.306836 0.5625 0.613672 0.0245209
9 0.418848 0.479785 0.75293 0.762305 0.024231
0 0.547266 0.491406 0.722656 0.623438 0.0240479
8 0.641016 0.479688 0.717969 0.934375 0.0238647
13 0.547266 0.491406 0.722656 0.623438 0.0237732
1 0.717188 0.581641 0.565625 0.836719 0.0237274
13 0.641016 0.479688 0.717969 0.934375 0.0236053
8 0.398828 0.419922 0.438281 0.442969 0.0234222
8 0.507422 0.605469 0.836719 0.789062 0.0213623
1 0.668262 0.655078 0.663477 0.689844 0.0207977
1 0.380664 0.41875 0.761328 0.8375 0.0203705
3 0.593359 0.679883 0.813281 0.640234 0.0202484
3 0.735156 0.534766 0.529688 0.883594 0.0201721
11 0.667188 0.527344 0.665625 0.935938 0.0197906
24 0.547754 0.447656 0.793555 0.854688 0.0196381
14 0.472266 0.653906 0.861719 0.692187 0.0189819
11 0.691406 0.579688 0.617188 0.840625 0.0189056
20 0.387109 0.630078 0.774219 0.739844 0.018692
13 0.444922 0.554688 0.828906 0.890625 0.0182953
8 0.542578 0.530469 0.814844 0.920313 0.0180511
25 0.60625 0.41875 0.7875 0.8375 0.0178528
22 0.452344 0.369922 0.3125 0.344531 0.0177155
17 0.602344 0.371484 0.795313 0.742969 0.0177155
1 0.735156 0.534766 0.529688 0.883594 0.0172424
17 0.452344 0.369922 0.3125 0.344531 0.0167236
25 0.542578 0.530469 0.814844 0.920313 0.0166626
1 0.39375 0.653516 0.7875 0.692969 0.0164642
21 0.575 0.605078 0.323438 0.382031 0.0164032
20 0.341016 0.475781 0.682031 0.93125 0.0160217
1 0.341016 0.475781 0.682031 0.93125 0.0158997
2 0.377441 0.472559 0.49668 0.55332 0.0157776
14 0.668359 0.67832 0.663281 0.643359 0.0156708
13 0.617578 0.680078 0.764844 0.639844 0.0154266
14 0.59375 0.704688 0.8125 0.590625 0.0153046
14 0.737109 0.571094 0.525781 0.857813 0.0151291
17 0.565234 0.734375 0.857031 0.53125 0.0150146
1 0.547266 0.491406 0.722656 0.623438 0.0148392
10 0.666699 0.554297 0.666602 0.891406 0.0147858
0 0.640625 0.555469 0.71875 0.889063 0.0146179
0 0.367969 0.438281 0.735938 0.7625 0.0145035
11 0.507422 0.605469 0.836719 0.789062 0.0143356
14 0.387109 0.630078 0.774219 0.739844 0.014061
14 0.341016 0.475781 0.682031 0.93125 0.0136871
1 0.485938 0.708594 0.88125 0.582812 0.0136871
19 0.575 0.605078 0.323438 0.382031 0.013588
25 0.452344 0.369922 0.3125 0.344531 0.0134811
8 0.40625 0.555078 0.8125 0.889844 0.0133743
22 0.591797 0.732813 0.816406 0.534375 0.0133743
0 0.608203 0.391406 0.783594 0.782813 0.012825
11 0.642969 0.421094 0.714063 0.842188 0.012825
10 0.624219 0.422656 0.751563 0.845313 0.0126266
13 0.535156 0.706445 0.871875 0.587109 0.0124283
17 0.750391 0.28457 0.499219 0.569141 0.0120544
1 0.692187 0.340234 0.615625 0.680469 0.0119629
3 0.365234 0.529688 0.730469 0.929688 0.011734
13 0.382227 0.605469 0.764453 0.789062 0.0115967
14 0.624609 0.373828 0.750781 0.747656 0.0115051
17 0.748828 0.723633 0.502344 0.552734 0.0113754
3 0.472266 0.653906 0.861719 0.692187 0.0113297
8 0.547266 0.491406 0.722656 0.623438 0.0111618
13 0.690625 0.421875 0.61875 0.84375 0.0111618
16 0.667969 0.579688 0.664062 0.840625 0.0111618
3 0.691797 0.679297 0.616406 0.641406 0.011116
13 0.365234 0.529688 0.730469 0.929688 0.0108185
17 0.347656 0.605859 0.695312 0.788281 0.0106506
13 0.625391 0.397266 0.749219 0.794531 0.0104904
13 0.421094 0.653711 0.842188 0.692578 0.0104904
17 0.373437 0.678125 0.746875 0.64375 0.0104523
25 0.382031 0.441016 0.764063 0.882031 0.0102081
14 0.348828 0.392969 0.697656 0.785937 0.0101318
5 0.382031 0.441016 0.764063 0.882031 0.0101318
8 0.617578 0.680078 0.764844 0.639844 0.0101318
17 0.695312 0.285547 0.609375 0.571094 0.00971222
9 0.364648 0.485547 0.557422 0.575 0.00971222
19 0.45 0.3125 0.289062 0.420312 0.00955963
11 0.40625 0.555078 0.8125 0.889844 0.00948334
13 0.737109 0.571094 0.525781 0.857813 0.00941467
1 0.398828 0.419922 0.438281 0.442969 0.00933838
1 0.691797 0.703906 0.616406 0.592188 0.00912476
25 0.666797 0.446875 0.666406 0.89375 0.00898743
22 0.742188 0.720508 0.515625 0.558984 0.00898743
20 0.348828 0.392969 0.697656 0.785937 0.00894928
1 0.347656 0.605859 0.695312 0.788281 0.00894928
22 0.347656 0.605859 0.695312 0.788281 0.00891876
10 0.380664 0.41875 0.761328 0.8375 0.00888062
0 0.452344 0.369922 0.3125 0.344531 0.00878143
2 0.419922 0.403809 0.389062 0.411133 0.00867462
1 0.767578 0.518066 0.464844 0.657617 0.00857544
20 0.733984 0.421094 0.532031 0.842188 0.00854492
3 0.767578 0.518066 0.464844 0.657617 0.008255
2 0.472656 0.485156 0.771875 0.742188 0.00821686
1 0.733594 0.393359 0.532813 0.786719 0.00812531
8 0.60625 0.41875 0.7875 0.8375 0.00812531
19 0.630469 0.625391 0.426563 0.372656 0.00800323
16 0.377441 0.472559 0.49668 0.55332 0.00800323
3 0.733594 0.393359 0.532813 0.786719 0.00796509
20 0.624609 0.373828 0.750781 0.747656 0.00787354
25 0.713281 0.528516 0.573438 0.927344 0.00784302
11 0.642969 0.629687 0.714063 0.740625 0.00751877
13 0.445703 0.44541 0.425 0.516992 0.00748825
20 0.767578 0.518066 0.464844 0.657617 0.00746155
0 0.541016 0.580859 0.810156 0.838281 0.00746155
5 0.618359 0.605469 0.763281 0.789062 0.00746155
1 0.617188 0.733398 0.765625 0.533203 0.00737381
3 0.714844 0.338672 0.570312 0.677344 0.00734711
13 0.691797 0.703906 0.616406 0.592188 0.00734711
21 0.580469 0.739844 0.317188 0.364063 0.00720596
8 0.690625 0.421875 0.61875 0.84375 0.00720596
22 0.770898 0.245703 0.458203 0.491406 0.00706482
0 0.472656 0.485156 0.771875 0.742188 0.00706482
13 0.340234 0.419531 0.680469 0.839063 0.00703812
21 0.630469 0.625391 0.426563 0.372656 0.00698471
2 0.547266 0.491406 0.722656 0.623438 0.00695801
21 0.45 0.3125 0.289062 0.420312 0.0069046
22 0.373437 0.678125 0.746875 0.64375 0.0069046
24 0.547266 0.491406 0.722656 0.623438 0.0068779
21 0.856445 0.547266 0.287109 0.378906 0.00658798
10 0.546484 0.495703 0.813281 0.886719 0.00653839
2 0.640625 0.555469 0.71875 0.889063 0.00634003
24 0.418848 0.479785 0.75293 0.762305 0.00619125
10 0.519531 0.630078 0.854688 0.739844 0.00600433
11 0.445703 0.44541 0.425 0.516992 0.00595856
5 0.478516 0.496875 0.799219 0.8625 0.00570679
1 0.315625 0.3875 0.63125 0.775 0.00559998
1 0.3 0.558984 0.6 0.882031 0.00559998
14 0.694336 0.313281 0.611328 0.626563 0.0055542
16 0.547266 0.491406 0.722656 0.623438 0.0055542
10 0.690625 0.478125 0.61875 0.9375 0.00547028
0 0.713281 0.528516 0.573438 0.927344 0.00544739
16 0.588281 0.580469 0.815625 0.839063 0.00542831
1 0.724609 0.273047 0.550781 0.546094 0.00534439
17 0.3 0.558984 0.6 0.882031 0.00534439
0 0.6 0.446094 0.8 0.892188 0.00530243
24 0.618359 0.605469 0.763281 0.789062 0.00530243
1 0.354297 0.703516 0.708594 0.592969 0.00530243
19 0.742578 0.760938 0.436719 0.371875 0.00526047
11 0.593359 0.679883 0.813281 0.640234 0.00526047
14 0.733984 0.421094 0.532031 0.842188 0.0051384
25 0.617578 0.654883 0.764844 0.690234 0.0051384
13 0.771484 0.521875 0.457031 0.6 0.00511932
19 0.604688 0.760938 0.373437 0.351562 0.00508118
10 0.593359 0.679883 0.813281 0.640234 0.0050621
8 0.535156 0.706445 0.871875 0.587109 0.00502014
9 0.617969 0.630078 0.764063 0.739844 0.00500107
13 0.671094 0.340625 0.657813 0.68125 0.00498199
16 0.367969 0.438281 0.735938 0.7625 0.00498199
21 0.832227 0.795508 0.335547 0.408984 0.00492477
1 0.742188 0.720508 0.515625 0.558984 0.0049057
19 0.854297 0.566016 0.291406 0.360156 0.00486755
10 0.409375 0.579688 0.81875 0.840625 0.00484848
0 0.666797 0.446875 0.666406 0.89375 0.00482941
17 0.741211 0.620313 0.517578 0.759375 0.00479126
13 0.378906 0.703906 0.757812 0.592188 0.00479126
14 0.767578 0.518066 0.464844 0.657617 0.00469971
11 0.713867 0.45 0.572266 0.9 0.00468063
25 0.453906 0.579688 0.839063 0.840625 0.00462723
16 0.472656 0.485156 0.771875 0.742188 0.0045929
21 0.547266 0.491406 0.722656 0.623438 0.00453949
21 0.377441 0.472559 0.49668 0.55332 0.00448608
5 0.364648 0.485547 0.557422 0.575 0.00446701
20 0.32168 0.58125 0.643359 0.8375 0.00446701
13 0.32168 0.58125 0.643359 0.8375 0.00443268
20 0.719531 0.608203 0.560938 0.783594 0.00443268
20 0.694336 0.313281 0.611328 0.626563 0.00439835
14 0.483594 0.738281 0.879687 0.523438 0.00429916
13 0.321484 0.361328 0.642969 0.722656 0.0042305
1 0.602344 0.371484 0.795313 0.742969 0.0042305
10 0.547266 0.491406 0.722656 0.623438 0.0042305
8 0.421094 0.653711 0.842188 0.692578 0.0042305
9 0.583594 0.556641 0.80625 0.886719 0.00421524
11 0.737109 0.571094 0.525781 0.857813 0.00419998
14 0.32168 0.58125 0.643359 0.8375 0.00419998
4 0.367969 0.438281 0.735938 0.7625 0.00416565
16 0.648438 0.7625 0.426563 0.359375 0.0164642
19 0.6125 0.742578 0.38125 0.383594 0.00985718
19 0.45459 0.30625 0.370508 0.426563 0.00945282
11 0.697266 0.65791 0.605469 0.629492 0.00460815
19 0.484766 0.347852 0.35 0.391797 0.00388527
12 0.699219 0.655371 0.601562 0.614258 0.00379562
19 0.682031 0.751563 0.390625 0.395313 0.00370789
12 0.381152 0.284766 0.698633 0.569531 0.00337601
12 0.370508 0.360986 0.486328 0.391309 0.00324821
1 0.709766 0.691406 0.580469 0.579688 0.00319672
16 0.697266 0.65791 0.605469 0.629492 0.003088
16 0.599219 0.760156 0.297656 0.314063 0.00304031
16 0.480469 0.369922 0.30625 0.344531 0.00273705
21 0.475 0.32793 0.375781 0.438672 0.00269318
4 0.697266 0.65791 0.605469 0.629492 0.00253105
12 0.667188 0.669141 0.46875 0.580469 0.00248146
19 0.477441 0.284961 0.285742 0.303516 0.00224304
11 0.381152 0.284766 0.698633 0.569531 0.00221634
1 0.350195 0.297266 0.582422 0.535156 0.00216484
16 0.370508 0.360986 0.486328 0.391309 0.00209999
22 0.709766 0.691406 0.580469 0.579688 0.00206757
2 0.700391 0.695703 0.599219 0.608594 0.00199509
4 0.381152 0.284766 0.698633 0.569531 0.00195694
17 0.709766 0.691406 0.580469 0.579688 0.00187492
13 0.697266 0.65791 0.605469 0.629492 0.00186062
16 0.381152 0.284766 0.698633 0.569531 0.00183868
1 0.374609 0.373828 0.452344 0.364844 0.00183105
4 0.370508 0.360986 0.486328 0.391309 0.00183105
20 0.697266 0.65791 0.605469 0.629492 0.00181007
0 0.700391 0.695703 0.599219 0.608594 0.00179577
2 0.374609 0.373828 0.452344 0.364844 0.00178242
1 0.617188 0.682031 0.36875 0.58125 0.00176144
12 0.350195 0.297266 0.582422 0.535156 0.00175476
19 0.599219 0.760156 0.297656 0.314063 0.00173378
14 0.697266 0.65791 0.605469 0.629492 0.00172043
17 0.374609 0.373828 0.452344 0.364844 0.00169373
13 0.381152 0.284766 0.698633 0.569531 0.00169373
11 0.167187 0.726172 0.334375 0.475781 0.00167465
2 0.350195 0.297266 0.582422 0.535156 0.00165462
1 0.381152 0.284766 0.698633 0.569531 0.00159168
13 0.370508 0.360986 0.486328 0.391309 0.00150681
11 0.370508 0.360986 0.486328 0.391309 0.00146675
14 0.381152 0.284766 0.698633 0.569531 0.00141048
16 0.7375 0.767188 0.392188 0.378125 0.00139904
7 0.687891 0.65791 0.624219 0.670117 0.00136662
14 0.350195 0.297266 0.582422 0.535156 0.00132465
15 0.167187 0.726172 0.334375 0.475781 0.00131512
13 0.667188 0.669141 0.46875 0.580469 0.00131512
0 0.374609 0.373828 0.452344 0.364844 0.00129414
1 0.689063 0.678125 0.621875 0.64375 0.00127411
24 0.697266 0.65791 0.605469 0.629492 0.00126457
3 0.700391 0.695703 0.599219 0.608594 0.00124454
4 0.350195 0.297266 0.582422 0.535156 0.00123978
16 0.458203 0.293359 0.354688 0.383594 0.00121593
0 0.350195 0.297266 0.582422 0.535156 0.00119686
11 0.707031 0.844922 0.585938 0.310156 0.00119686
12 0.256641 0.309766 0.464844 0.619531 0.00119209
13 0.475 0.32793 0.375781 0.438672 0.00118828
6 0.687891 0.65791 0.624219 0.670117 0.00118828
16 0.327148 0.358008 0.337891 0.313672 0.00118351
2 0.705859 0.935156 0.588281 0.129688 0.00116062
2 0.701172 0.75918 0.597656 0.481641 0.00115108
2 0.381152 0.284766 0.698633 0.569531 0.00114727
16 0.692969 0.8 0.495313 0.367188 0.00113773
12 0.289062 0.320703 0.578125 0.641406 0.00113773
17 0.350195 0.297266 0.582422 0.535156 0.00112915
12 0.416406 0.366016 0.598437 0.660156 0.00110722
11 0.701172 0.75918 0.597656 0.481641 0.00109863
2 0.30332 0.926562 0.480859 0.146875 0.00108624
17 0.381152 0.284766 0.698633 0.569531 0.00107288
14 0.370508 0.360986 0.486328 0.391309 0.00106525
4 0.167187 0.726172 0.334375 0.475781 0.00106525
9 0.697266 0.65791 0.605469 0.629492 0.00104809
11 0.705859 0.935156 0.588281 0.129688 0.00104809
12 0.571094 0.692578 0.35625 0.614844 0.00102806
11 0.350195 0.297266 0.582422 0.535156 0.00101185
20 0.381152 0.284766 0.698633 0.569531 0.00100803
24 0.442188 0.386719 0.4 0.317188 0.0541992
16 0.464453 0.384277 0.388281 0.329883 0.0346069
13 0.463281 0.38584 0.396094 0.329883 0.0250854
19 0.456348 0.341064 0.298242 0.399121 0.0174408
11 0.464453 0.384277 0.388281 0.329883 0.0153656
18 0.463281 0.38584 0.396094 0.329883 0.0146713
9 0.463281 0.38584 0.396094 0.329883 0.0112457
6 0.442188 0.386719 0.4 0.317188 0.0102921
19 0.463281 0.38584 0.396094 0.329883 0.00993347
1 0.492578 0.393652 0.352344 0.34707 0.00974274
20 0.463281 0.38584 0.396094 0.329883 0.00912476
5 0.464453 0.384277 0.388281 0.329883 0.00901794
19 0.463281 0.268408 0.285938 0.363184 0.00723267
4 0.461719 0.394434 0.344531 0.337695 0.0069046
12 0.461719 0.394434 0.344531 0.337695 0.0068779
21 0.453809 0.324023 0.304883 0.439453 0.00653839
1 0.499219 0.379297 0.455469 0.4 0.00612259
3 0.461719 0.394434 0.344531 0.337695 0.00551224
14 0.461719 0.394434 0.344531 0.337695 0.00551224
13 0.499219 0.379297 0.455469 0.4 0.00518036
9 0.408984 0.398047 0.344531 0.307031 0.00481033
16 0.408984 0.398047 0.344531 0.307031 0.00475693
7 0.439746 0.385938 0.417383 0.317969 0.0042305
8 0.492578 0.393652 0.352344 0.34707 0.00416565
21 0.442188 0.386719 0.4 0.317188 0.0041008
11 0.499219 0.379297 0.455469 0.4 0.00376511
23 0.439746 0.385938 0.417383 0.317969 0.00370789
18 0.499219 0.379297 0.455469 0.4 0.00338936
0 0.461719 0.394434 0.344531 0.337695 0.00331116
4 0.499219 0.379297 0.455469 0.4 0.00325966
12 0.499219 0.379297 0.455469 0.4 0.00312424
22 0.464453 0.384277 0.388281 0.329883 0.00305176
14 0.499219 0.379297 0.455469 0.4 0.00304031
1 0.842969 0.293359 0.314063 0.497656 0.00283432
11 0.57041 0.41084 0.731055 0.49082 0.00283432
17 0.464453 0.384277 0.388281 0.329883 0.00275803
16 0.499219 0.379297 0.455469 0.4 0.0027256
2 0.464453 0.384277 0.388281 0.329883 0.00254059
12 0.442188 0.378223 0.460938 0.351367 0.00237846
15 0.439746 0.385938 0.417383 0.317969 0.00234222
15 0.499219 0.379297 0.455469 0.4 0.00223351
1 0.772852 0.291016 0.454297 0.505469 0.00219917
19 0.863867 0.158789 0.272266 0.317578 0.00219154
11 0.749219 0.294922 0.501563 0.524219 0.00214958
16 0.57041 0.41084 0.731055 0.49082 0.00211525
4 0.408984 0.398047 0.344531 0.307031 0.00206757
12 0.611719 0.709375 0.4375 0.490625 0.00198746
1 0.604297 0.691016 0.430469 0.522656 0.00197983
13 0.457422 0.297656 0.485156 0.595313 0.00194168
20 0.499219 0.379297 0.455469 0.4 0.00194168
12 0.457422 0.297656 0.485156 0.595313 0.00183105
16 0.613672 0.844141 0.407031 0.311719 0.00182438
22 0.842969 0.293359 0.314063 0.497656 0.00176811
0 0.499219 0.379297 0.455469 0.4 0.00175476
0 0.589746 0.366992 0.767383 0.439453 0.00173378
19 0.566406 0.552734 0.304688 0.402344 0.0017271
5 0.408984 0.398047 0.344531 0.307031 0.0017271
12 0.399902 0.339063 0.486133 0.459375 0.00171375
3 0.499219 0.379297 0.455469 0.4 0.00170708
13 0.453809 0.324023 0.304883 0.439453 0.00165462
6 0.57041 0.41084 0.731055 0.49082 0.00161648
25 0.442188 0.386719 0.4 0.317188 0.00159168
1 0.80625 0.360156 0.3875 0.61875 0.00159168
19 0.673438 0.258984 0.295312 0.378125 0.00156116
8 0.499219 0.379297 0.455469 0.4 0.00154877
1 0.457422 0.297656 0.485156 0.595313 0.00153065
24 0.57041 0.41084 0.731055 0.49082 0.00151253
6 0.609375 0.872852 0.403125 0.254297 0.00143242
12 0.528906 0.307031 0.529688 0.614062 0.00141048
4 0.57041 0.41084 0.731055 0.49082 0.00141048
17 0.842969 0.293359 0.314063 0.497656 0.00136185
1 0.589746 0.366992 0.767383 0.439453 0.00134087
0 0.641406 0.845898 0.457813 0.308203 0.00134087
14 0.749219 0.294922 0.501563 0.524219 0.00133514
13 0.589746 0.366992 0.767383 0.439453 0.00133514
12 0.724609 0.360547 0.550781 0.627344 0.00133038
22 0.772852 0.291016 0.454297 0.505469 0.00132465
11 0.457422 0.297656 0.485156 0.595313 0.00129414
12 0.589746 0.366992 0.767383 0.439453 0.00125504
12 0.607031 0.309375 0.785937 0.61875 0.00123501
0 0.749219 0.294922 0.501563 0.524219 0.00123501
12 0.832617 0.327734 0.334766 0.536719 0.00122547
11 0.611719 0.709375 0.4375 0.490625 0.00118828
13 0.611719 0.709375 0.4375 0.490625 0.00118828
19 0.645312 0.387109 0.298438 0.386719 0.00117874
6 0.494922 0.408203 0.540625 0.428906 0.00117397
17 0.604297 0.691016 0.430469 0.522656 0.00115108
2 0.408984 0.398047 0.344531 0.307031 0.00114727
19 0.471191 0.281689 0.260742 0.256934 0.0011425
12 0.683203 0.440527 0.633594 0.600195 0.0011425
17 0.772852 0.291016 0.454297 0.505469 0.00113773
20 0.408984 0.398047 0.344531 0.307031 0.00113773
11 0.831055 0.251953 0.337891 0.474219 0.00113392
13 0.750586 0.323438 0.498828 0.546875 0.00113392
5 0.499219 0.379297 0.455469 0.4 0.00109005
14 0.589746 0.366992 0.767383 0.439453 0.00108147
12 0.842578 0.444531 0.314844 0.55 0.00107288
14 0.457422 0.297656 0.485156 0.595313 0.00106907
2 0.613672 0.844141 0.407031 0.311719 0.00106907
13 0.528906 0.307031 0.529688 0.614062 0.00106525
11 0.584766 0.312109 0.647656 0.528125 0.00106049
2 0.589746 0.366992 0.767383 0.439453 0.00105667
12 0.684375 0.636719 0.63125 0.642188 0.00105286
22 0.604297 0.691016 0.430469 0.522656 0.00105286
12 0.580078 0.484473 0.592969 0.570117 0.00104427
19 0.414844 0.364648 0.301563 0.344141 0.00104046
22 0.80625 0.360156 0.3875 0.61875 0.00104046
1 0.623047 0.436328 0.547656 0.514844 0.00103664
7 0.499219 0.379297 0.455469 0.4 0.00102043
17 0.80625 0.360156 0.3875 0.61875 0.00102043
1 0.842578 0.444531 0.314844 0.55 0.00101662
12 0.596875 0.55791 0.479688 0.529492 0.00100803
16 0.630078 0.866406 0.436719 0.267188 0.00100422
24 0.398438 0.366406 0.532031 0.375 0.0953369
19 0.466797 0.258398 0.246094 0.328516 0.0574951
12 0.367578 0.386719 0.608594 0.34375 0.0531921
24 0.430859 0.408984 0.385156 0.257031 0.0435181
12 0.411719 0.396777 0.44375 0.320508 0.0417786
6 0.398438 0.366406 0.532031 0.375 0.035675
7 0.398438 0.366406 0.532031 0.375 0.0332031
13 0.400391 0.359961 0.664062 0.403516 0.0296478
11 0.367578 0.386719 0.608594 0.34375 0.02034
6 0.430859 0.408984 0.385156 0.257031 0.0181274
12 0.396484 0.33125 0.667188 0.509375 0.0146179
13 0.411719 0.396777 0.44375 0.320508 0.0142822
16 0.398438 0.366406 0.532031 0.375 0.0129242
11 0.411719 0.396777 0.44375 0.320508 0.0114212
19 0.449609 0.271289 0.23125 0.257422 0.00963593
9 0.430859 0.408984 0.385156 0.257031 0.00948334
9 0.398438 0.366406 0.532031 0.375 0.00941467
19 0.398438 0.366406 0.532031 0.375 0.00656509
1 0.403027 0.391504 0.44082 0.370117 0.00572968
4 0.367578 0.386719 0.608594 0.34375 0.00538635
15 0.367578 0.386719 0.608594 0.34375 0.00519943
4 0.411719 0.396777 0.44375 0.320508 0.00502014
13 0.372266 0.301953 0.663281 0.567187 0.00500107
14 0.367578 0.386719 0.608594 0.34375 0.00500107
18 0.398438 0.366406 0.532031 0.375 0.00460815
17 0.403027 0.391504 0.44082 0.370117 0.00457382
16 0.430859 0.408984 0.385156 0.257031 0.00448608
23 0.398438 0.366406 0.532031 0.375 0.00443268
7 0.430859 0.408984 0.385156 0.257031 0.00441742
14 0.403027 0.391504 0.44082 0.370117 0.00426483
12 0.458496 0.306641 0.61582 0.613281 0.0039444
6 0.374609 0.394531 0.354688 0.264062 0.00370789
11 0.396484 0.33125 0.667188 0.509375 0.00353813
21 0.464063 0.27832 0.235156 0.248828 0.00323486
23 0.430859 0.408984 0.385156 0.257031 0.00322342
15 0.411719 0.396777 0.44375 0.320508 0.00279999
24 0.374609 0.394531 0.354688 0.264062 0.00276756
2 0.403027 0.391504 0.44082 0.370117 0.00260162
3 0.403027 0.391504 0.44082 0.370117 0.00258064
25 0.403027 0.391504 0.44082 0.370117 0.00240517
17 0.367578 0.386719 0.608594 0.34375 0.00235939
20 0.367578 0.386719 0.608594 0.34375 0.00228691
16 0.374609 0.394531 0.354688 0.264062 0.00219154
19 0.464746 0.291406 0.25332 0.194531 0.00215721
5 0.367578 0.386719 0.608594 0.34375 0.00214005
14 0.396484 0.33125 0.667188 0.509375 0.00211525
12 0.692187 0.658203 0.615625 0.683594 0.00208282
1 0.396484 0.33125 0.667188 0.509375 0.0020504
2 0.430859 0.408984 0.385156 0.257031 0.00198746
20 0.403027 0.391504 0.44082 0.370117 0.0019722
12 0.701953 0.682031 0.596094 0.635938 0.00192642
11 0.693359 0.742188 0.613281 0.515625 0.00186062
16 0.396484 0.33125 0.667188 0.509375 0.00179577
3 0.400391 0.359961 0.664062 0.403516 0.00179577
18 0.430859 0.408984 0.385156 0.257031 0.0017271
9 0.374609 0.394531 0.354688 0.264062 0.00171375
11 0.430859 0.408984 0.385156 0.257031 0.00171375
0 0.403027 0.391504 0.44082 0.370117 0.0017004
5 0.411719 0.396777 0.44375 0.320508 0.0017004
1 0.585547 0.696094 0.320312 0.510938 0.0016489
12 0.585547 0.696094 0.320312 0.510938 0.00157356
19 0.483984 0.355469 0.275 0.35625 0.00155449
15 0.396484 0.33125 0.667188 0.509375 0.0015192
15 0.430859 0.408984 0.385156 0.257031 0.00144958
13 0.458496 0.306641 0.61582 0.613281 0.00143814
1 0.367578 0.386719 0.608594 0.34375 0.00138855
17 0.396484 0.33125 0.667188 0.509375 0.00136185
13 0.69375 0.676953 0.5625 0.646094 0.00132465
11 0.458496 0.306641 0.61582 0.613281 0.00128937
6 0.386816 0.360547 0.374805 0.354688 0.00123501
2 0.400391 0.359961 0.664062 0.403516 0.00121593
12 0.688281 0.732422 0.535937 0.535156 0.00119686
13 0.585547 0.696094 0.320312 0.510938 0.00117397
22 0.403027 0.391504 0.44082 0.370117 0.00115108
22 0.585547 0.696094 0.320312 0.510938 0.00115108
9 0.386816 0.360547 0.374805 0.354688 0.00113773
19 0.430859 0.408984 0.385156 0.257031 0.00109863
20 0.430859 0.408984 0.385156 0.257031 0.00108624
4 0.396484 0.33125 0.667188 0.509375 0.00107765
0 0.430859 0.408984 0.385156 0.257031 0.00106525
8 0.403027 0.391504 0.44082 0.370117 0.00105667
13 0.693359 0.742188 0.613281 0.515625 0.00103664
1 0.69375 0.676953 0.5625 0.646094 0.00102806
21 0.403027 0.391504 0.44082 0.370117 0.00102425
12 0.572656 0.339258 0.854688 0.678516 0.00101662
24 0.445703 0.368359 0.564844 0.353906 0.0526123
24 0.46709 0.320312 0.63457 0.475 0.0366211
24 0.435156 0.409473 0.442969 0.263867 0.0253754
19 0.465625 0.27832 0.275781 0.369141 0.024231
7 0.445703 0.368359 0.564844 0.353906 0.0216217
19 0.463281 0.293945 0.246094 0.258203 0.0167236
6 0.445703 0.368359 0.564844 0.353906 0.0165253
7 0.435156 0.409473 0.442969 0.263867 0.0153046
4 0.403906 0.338672 0.628125 0.440625 0.0149536
7 0.46709 0.320312 0.63457 0.475 0.014061
6 0.46709 0.320312 0.63457 0.475 0.0134277
14 0.37959 0.371484 0.470508 0.369531 0.0133743
12 0.37959 0.371484 0.470508 0.369531 0.0128708
4 0.37959 0.371484 0.470508 0.369531 0.012825
6 0.435156 0.409473 0.442969 0.263867 0.0112457
11 0.403906 0.338672 0.628125 0.440625 0.0103302
14 0.403906 0.338672 0.628125 0.440625 0.00919342
11 0.43916 0.367969 0.520117 0.361719 0.00905609
9 0.445703 0.368359 0.564844 0.353906 0.00898743
13 0.43916 0.367969 0.520117 0.361719 0.00891876
24 0.499219 0.291602 0.695312 0.583203 0.00888062
12 0.403906 0.338672 0.628125 0.440625 0.0078125
9 0.46709 0.320312 0.63457 0.475 0.00746155
13 0.403906 0.338672 0.628125 0.440625 0.00612259
2 0.378516 0.374609 0.457031 0.377344 0.00595856
18 0.445703 0.368359 0.564844 0.353906 0.00588989
23 0.435156 0.409473 0.442969 0.263867 0.00547028
11 0.435156 0.409473 0.442969 0.263867 0.0049057
15 0.43916 0.367969 0.520117 0.361719 0.00486755
4 0.435156 0.409473 0.442969 0.263867 0.00486755
23 0.445703 0.368359 0.564844 0.353906 0.00486755
0 0.378516 0.374609 0.457031 0.377344 0.00468063
15 0.403906 0.338672 0.628125 0.440625 0.00457382
9 0.435156 0.409473 0.442969 0.263867 0.00443268
18 0.435156 0.409473 0.442969 0.263867 0.00443268
6 0.499219 0.291602 0.695312 0.583203 0.00403976
7 0.499219 0.291602 0.695312 0.583203 0.00397491
15 0.435156 0.409473 0.442969 0.263867 0.00395966
18 0.46709 0.320312 0.63457 0.475 0.00356483
17 0.378516 0.374609 0.457031 0.377344 0.00342941
25 0.378516 0.374609 0.457031 0.377344 0.00342941
7 0.6625 0.915625 0.465625 0.16875 0.00288963
12 0.40625 0.287891 0.521875 0.575781 0.00284576
21 0.582812 0.828906 0.307813 0.342187 0.00269318
3 0.37959 0.371484 0.470508 0.369531 0.00269318
18 0.6625 0.915625 0.465625 0.16875 0.0026722
7 0.673438 0.899219 0.496875 0.201563 0.00257111
23 0.46709 0.320312 0.63457 0.475 0.00255013
24 0.6625 0.915625 0.465625 0.16875 0.00252151
11 0.562891 0.305859 0.786719 0.611719 0.00239754
19 0.582812 0.828906 0.307813 0.342187 0.002388
1 0.378516 0.374609 0.457031 0.377344 0.00236893
16 0.43916 0.367969 0.520117 0.361719 0.00224304
19 0.445703 0.368359 0.564844 0.353906 0.00211525
6 0.6625 0.915625 0.465625 0.16875 0.00211525
19 0.435156 0.409473 0.442969 0.263867 0.00209045
2 0.403906 0.338672 0.628125 0.440625 0.00206757
4 0.499219 0.291602 0.695312 0.583203 0.00206757
16 0.435156 0.409473 0.442969 0.263867 0.00202751
16 0.6625 0.915625 0.465625 0.16875 0.00197983
9 0.499219 0.291602 0.695312 0.583203 0.00192642
2 0.6625 0.915625 0.465625 0.16875 0.00192642
8 0.378516 0.374609 0.457031 0.377344 0.00189686
5 0.46709 0.320312 0.63457 0.475 0.00185299
6 0.673438 0.899219 0.496875 0.201563 0.00179577
21 0.463281 0.293945 0.246094 0.258203 0.00157356
19 0.46709 0.320312 0.63457 0.475 0.00152493
13 0.40625 0.287891 0.521875 0.575781 0.00150108
5 0.445703 0.368359 0.564844 0.353906 0.00150108
0 0.6625 0.915625 0.465625 0.16875 0.00148964
18 0.400879 0.370898 0.399805 0.349609 0.00141048
7 0.400879 0.370898 0.399805 0.349609 0.00139904
16 0.403906 0.338672 0.628125 0.440625 0.00139904
18 0.673438 0.899219 0.496875 0.201563 0.00139904
15 0.499219 0.291602 0.695312 0.583203 0.00134563
6 0.389062 0.362305 0.475 0.425391 0.00130463
0 0.435156 0.409473 0.442969 0.263867 0.00130463
14 0.499219 0.291602 0.695312 0.583203 0.00130463
19 0.546094 0.838672 0.245312 0.322656 0.00126457
21 0.465625 0.27832 0.275781 0.369141 0.0012598
2 0.435156 0.409473 0.442969 0.263867 0.00117397
12 0.575879 0.295703 0.798242 0.591406 0.00109005
14 0.435156 0.409473 0.442969 0.263867 0.00107288
6 0.400879 0.370898 0.399805 0.349609 0.00106907
24 0.673438 0.899219 0.496875 0.201563 0.00102806
23 0.6625 0.915625 0.465625 0.16875 0.00102806
12 0.41084 0.401465 0.39082 0.281445 0.00102425
12 0.452734 0.364063 0.317188 0.340625 0.104126
13 0.452734 0.364063 0.317188 0.340625 0.0900879
23 0.453027 0.390625 0.331445 0.29375 0.083313
6 0.450879 0.405469 0.335742 0.232031 0.0803833
25 0.452734 0.362891 0.326562 0.333594 0.0661011
16 0.453027 0.390625 0.331445 0.29375 0.0419312
14 0.454004 0.361914 0.295117 0.313672 0.0379028
6 0.468359 0.372656 0.360938 0.328125 0.0352783
9 0.452734 0.362891 0.326562 0.333594 0.0322266
17 0.452344 0.35957 0.300781 0.316016 0.0309143
19 0.45625 0.268799 0.260938 0.320215 0.0285492
4 0.452734 0.362891 0.326562 0.333594 0.0281677
15 0.452734 0.362891 0.326562 0.333594 0.0264587
12 0.433984 0.335938 0.417969 0.407813 0.0254669
2 0.452734 0.362891 0.326562 0.333594 0.0245209
3 0.454004 0.361914 0.295117 0.313672 0.02034
0 0.469141 0.35957 0.325781 0.318359 0.0187683
13 0.433984 0.335938 0.417969 0.407813 0.0165863
7 0.453027 0.390625 0.331445 0.29375 0.0150146
24 0.450879 0.405469 0.335742 0.232031 0.011467
8 0.452344 0.35957 0.300781 0.316016 0.0103302
9 0.450879 0.405469 0.335742 0.232031 0.00974274
0 0.450879 0.405469 0.335742 0.232031 0.00933838
5 0.452734 0.364063 0.317188 0.340625 0.00854492
1 0.436328 0.35957 0.308594 0.316797 0.00834656
11 0.453027 0.390625 0.331445 0.29375 0.00831604
19 0.453027 0.390625 0.331445 0.29375 0.00714874
4 0.450879 0.405469 0.335742 0.232031 0.00651169
10 0.453125 0.375391 0.3375 0.325781 0.00568771
24 0.452734 0.362891 0.326562 0.333594 0.00534439
20 0.454004 0.361914 0.295117 0.313672 0.00511932
2 0.450879 0.405469 0.335742 0.232031 0.0041008
18 0.453027 0.390625 0.331445 0.29375 0.00403976
11 0.490234 0.355469 0.391406 0.325781 0.00365067
20 0.450879 0.405469 0.335742 0.232031 0.00322342
15 0.450879 0.405469 0.335742 0.232031 0.00282288
12 0.428809 0.303516 0.539258 0.540625 0.00266266
14 0.492871 0.351562 0.40957 0.345313 0.00255013
19 0.460059 0.301367 0.24707 0.201953 0.00243378
19 0.443066 0.30918 0.313867 0.437891 0.00237846
25 0.450879 0.405469 0.335742 0.232031 0.00230598
1 0.433984 0.335938 0.417969 0.407813 0.00218201
17 0.433984 0.335938 0.417969 0.407813 0.00209999
3 0.450879 0.405469 0.335742 0.232031 0.00198746
16 0.433984 0.335938 0.417969 0.407813 0.00168133
5 0.450879 0.405469 0.335742 0.232031 0.0016613
15 0.433984 0.335938 0.417969 0.407813 0.00154877
11 0.433984 0.335938 0.417969 0.407813 0.00153637
12 0.499609 0.351172 0.510156 0.460156 0.00142097
22 0.457422 0.367383 0.322656 0.337109 0.00142097
16 0.45625 0.268799 0.260938 0.320215 0.00123978
14 0.433984 0.335938 0.417969 0.407813 0.00119686
14 0.450879 0.405469 0.335742 0.232031 0.00112438
4 0.433984 0.335938 0.417969 0.407813 0.00104427
12 0.440234 0.335889 0.327344 0.386035 0.266602
12 0.416797 0.282422 0.385156 0.496094 0.259766
25 0.468359 0.353516 0.264844 0.360156 0.164551
13 0.440234 0.335889 0.327344 0.386035 0.092041
13 0.416797 0.282422 0.385156 0.496094 0.0766602
14 0.468359 0.353516 0.264844 0.360156 0.0611877
4 0.45625 0.353125 0.285938 0.335938 0.044342
17 0.466504 0.353906 0.266992 0.335938 0.0343628
0 0.468359 0.353516 0.264844 0.360156 0.0328369
2 0.468359 0.353516 0.264844 0.360156 0.0298767
15 0.45625 0.353125 0.285938 0.335938 0.0220337
4 0.44209 0.321094 0.34082 0.40625 0.0209656
25 0.44209 0.321094 0.34082 0.40625 0.0185394
15 0.416797 0.282422 0.385156 0.496094 0.0172424
9 0.461719 0.353906 0.2875 0.339063 0.0164032
23 0.45625 0.353125 0.285938 0.335938 0.0154877
3 0.466504 0.353906 0.266992 0.335938 0.0137405
17 0.416797 0.282422 0.385156 0.496094 0.013588
14 0.44209 0.321094 0.34082 0.40625 0.00948334
16 0.440234 0.335889 0.327344 0.386035 0.00926971
23 0.44209 0.321094 0.34082 0.40625 0.00818634
12 0.422754 0.407422 0.313867 0.259375 0.00803375
16 0.416797 0.282422 0.385156 0.496094 0.00769424
20 0.466504 0.353906 0.266992 0.335938 0.00743103
6 0.422754 0.407422 0.313867 0.259375 0.00682449
6 0.461719 0.353906 0.2875 0.339063 0.00677109
0 0.627246 0.292969 0.745508 0.585938 0.00609589
1 0.466504 0.353906 0.266992 0.335938 0.006073
12 0.627246 0.292969 0.745508 0.585938 0.00582123
8 0.468359 0.353516 0.264844 0.360156 0.00577545
4 0.422754 0.407422 0.313867 0.259375 0.00577545
6 0.444922 0.42334 0.239844 0.264258 0.00572968
13 0.422754 0.407422 0.313867 0.259375 0.00557709
4 0.627246 0.292969 0.745508 0.585938 0.0055542
5 0.45625 0.353125 0.285938 0.335938 0.00551224
1 0.453906 0.398047 0.290625 0.276563 0.00551224
22 0.466406 0.355469 0.278125 0.335156 0.00547028
12 0.641406 0.501563 0.717188 0.753125 0.0053215
17 0.453906 0.398047 0.290625 0.276563 0.00498199
2 0.627246 0.292969 0.745508 0.585938 0.00494385
3 0.44209 0.321094 0.34082 0.40625 0.00494385
14 0.627246 0.292969 0.745508 0.585938 0.00469971
12 0.683594 0.536621 0.559375 0.608008 0.00466537
6 0.416797 0.282422 0.385156 0.496094 0.00460815
0 0.44209 0.321094 0.34082 0.40625 0.00457382
15 0.422754 0.407422 0.313867 0.259375 0.00448608
8 0.460156 0.43125 0.251563 0.248438 0.00434875
1 0.460156 0.43125 0.251563 0.248438 0.00432968
4 0.414453 0.290039 0.417969 0.479297 0.0039444
2 0.44209 0.321094 0.34082 0.40625 0.00391388
1 0.416797 0.282422 0.385156 0.496094 0.00383949
19 0.467187 0.303516 0.270313 0.246094 0.00370789
25 0.453906 0.398047 0.290625 0.276563 0.00365067
14 0.414453 0.290039 0.417969 0.479297 0.00362206
16 0.404687 0.403125 0.334375 0.261719 0.00348282
10 0.468359 0.353516 0.264844 0.360156 0.00342941
23 0.399609 0.275 0.416406 0.507031 0.00342941
25 0.399609 0.275 0.416406 0.507031 0.00335121
16 0.444922 0.42334 0.239844 0.264258 0.00335121
4 0.444922 0.42334 0.239844 0.264258 0.00331116
5 0.44209 0.321094 0.34082 0.40625 0.00324821
0 0.404687 0.403125 0.334375 0.261719 0.00322342
9 0.416797 0.282422 0.385156 0.496094 0.00317192
9 0.422754 0.407422 0.313867 0.259375 0.00314713
8 0.453906 0.398047 0.290625 0.276563 0.00302696
0 0.444922 0.42334 0.239844 0.264258 0.00301552
11 0.416797 0.282422 0.385156 0.496094 0.00298119
23 0.404687 0.403125 0.334375 0.261719 0.00286674
17 0.404687 0.403125 0.334375 0.261719 0.0028553
12 0.696875 0.614062 0.60625 0.771875 0.00277901
15 0.583594 0.276563 0.589063 0.553125 0.00275803
0 0.414453 0.290039 0.417969 0.479297 0.0026722
3 0.422754 0.407422 0.313867 0.259375 0.00261116
1 0.404687 0.403125 0.334375 0.261719 0.00253105
11 0.583594 0.276563 0.589063 0.553125 0.00232315
14 0.453906 0.398047 0.290625 0.276563 0.00230598
1 0.641406 0.501563 0.717188 0.753125 0.00226974
18 0.461816 0.357617 0.28418 0.362891 0.00223351
9 0.444922 0.42334 0.239844 0.264258 0.00218201
18 0.44209 0.321094 0.34082 0.40625 0.00214958
2 0.453906 0.398047 0.290625 0.276563 0.00211525
5 0.444922 0.42334 0.239844 0.264258 0.00205803
11 0.45625 0.353125 0.285938 0.335938 0.0020504
2 0.414453 0.290039 0.417969 0.479297 0.00198746
0 0.453906 0.398047 0.290625 0.276563 0.00198746
25 0.627246 0.292969 0.745508 0.585938 0.00194931
19 0.467187 0.296484 0.29375 0.408594 0.00188923
13 0.641406 0.501563 0.717188 0.753125 0.00183868
16 0.453906 0.398047 0.290625 0.276563 0.00181007
20 0.416797 0.282422 0.385156 0.496094 0.00179577
20 0.444922 0.42334 0.239844 0.264258 0.00175476
8 0.418066 0.417578 0.263867 0.278125 0.0017271
12 0.630469 0.698047 0.4375 0.521094 0.00172043
2 0.404687 0.403125 0.334375 0.261719 0.00168133
20 0.453906 0.398047 0.290625 0.276563 0.00162888
3 0.444922 0.42334 0.239844 0.264258 0.0015974
22 0.460156 0.43125 0.251563 0.248438 0.00156116
13 0.683594 0.536621 0.559375 0.608008 0.00153065
3 0.414453 0.290039 0.417969 0.479297 0.00152493
5 0.422754 0.407422 0.313867 0.259375 0.00141621
24 0.466406 0.355469 0.278125 0.335156 0.00140476
13 0.466406 0.388281 0.272656 0.295312 0.00140476
21 0.460156 0.43125 0.251563 0.248438 0.00140476
24 0.416797 0.282422 0.385156 0.496094 0.00132465
1 0.627246 0.292969 0.745508 0.585938 0.00131512
5 0.399609 0.275 0.416406 0.507031 0.00130463
25 0.404687 0.403125 0.334375 0.261719 0.00129414
17 0.460156 0.43125 0.251563 0.248438 0.0012846
24 0.444922 0.42334 0.239844 0.264258 0.00127411
6 0.627246 0.292969 0.745508 0.585938 0.00126934
13 0.583594 0.276563 0.589063 0.553125 0.0012598
2 0.444922 0.42334 0.239844 0.264258 0.0012598
10 0.453906 0.398047 0.290625 0.276563 0.00123501
8 0.44209 0.321094 0.34082 0.40625 0.00122547
23 0.444922 0.42334 0.239844 0.264258 0.00121593
21 0.466406 0.355469 0.278125 0.335156 0.00118351
14 0.404687 0.403125 0.334375 0.261719 0.00110722
19 0.416797 0.282422 0.385156 0.496094 0.0011034
12 0.507715 0.29043 0.470508 0.500391 0.00109863
7 0.399609 0.275 0.416406 0.507031 0.00109005
10 0.416797 0.282422 0.385156 0.496094 0.00109005
22 0.591504 0.501563 0.788867 0.770312 0.00108147
16 0.627246 0.292969 0.745508 0.585938 0.00105667
22 0.416797 0.282422 0.385156 0.496094 0.00105667
7 0.404687 0.403125 0.334375 0.261719 0.00102425
11 0.404687 0.403125 0.334375 0.261719 0.00102425
18 0.414453 0.290039 0.417969 0.479297 0.00101662
12 0.355078 0.384766 0.317969 0.28125 0.00101185
12 0.461328 0.359961 0.272656 0.342578 0.42334
12 0.46084 0.26875 0.356445 0.5375 0.293457
13 0.447754 0.346875 0.326367 0.377344 0.196167
13 0.46084 0.26875 0.356445 0.5375 0.121704
12 0.419531 0.276172 0.498437 0.552344 0.0566406
17 0.464844 0.365039 0.250781 0.326953 0.0348816
13 0.464844 0.365039 0.250781 0.326953 0.0344849
25 0.464844 0.365039 0.250781 0.326953 0.0333252
13 0.419531 0.276172 0.498437 0.552344 0.0249939
12 0.511328 0.302148 0.441406 0.520703 0.0207214
15 0.461328 0.359961 0.272656 0.342578 0.008255
1 0.464844 0.365039 0.250781 0.326953 0.00734711
14 0.467187 0.362891 0.260156 0.344531 0.00723267
13 0.511328 0.302148 0.441406 0.520703 0.00591278
15 0.46084 0.26875 0.356445 0.5375 0.00588989
17 0.447754 0.346875 0.326367 0.377344 0.00488663
4 0.464844 0.365039 0.250781 0.326953 0.0045929
3 0.464844 0.365039 0.250781 0.326953 0.00329781
2 0.467187 0.362891 0.260156 0.344531 0.00314713
12 0.63291 0.302539 0.73418 0.605078 0.00282288
12 0.540625 0.283594 0.55625 0.567187 0.00245285
20 0.464844 0.365039 0.250781 0.326953 0.00230598
23 0.461328 0.359961 0.272656 0.342578 0.00223351
5 0.461328 0.359961 0.272656 0.342578 0.00221634
25 0.447754 0.346875 0.326367 0.377344 0.00196457
12 0.685938 0.660547 0.628125 0.678906 0.00195694
0 0.467187 0.362891 0.260156 0.344531 0.00190449
17 0.46084 0.26875 0.356445 0.5375 0.00190449
22 0.467187 0.362891 0.260156 0.344531 0.00186729
11 0.46084 0.26875 0.356445 0.5375 0.00186062
16 0.461035 0.361719 0.279492 0.340625 0.00177479
8 0.464844 0.365039 0.250781 0.326953 0.00174141
15 0.419531 0.276172 0.498437 0.552344 0.00171375
14 0.46084 0.26875 0.356445 0.5375 0.00171375
12 0.424121 0.366797 0.386133 0.340625 0.00149536
15 0.424121 0.366797 0.386133 0.340625 0.00138855
15 0.511328 0.302148 0.441406 0.520703 0.00134563
25 0.46084 0.26875 0.356445 0.5375 0.00133514
11 0.419531 0.276172 0.498437 0.552344 0.00132465
21 0.467187 0.362891 0.260156 0.344531 0.00122547
11 0.447754 0.346875 0.326367 0.377344 0.00119686
1 0.511328 0.302148 0.441406 0.520703 0.00115585
12 0.661328 0.699219 0.507031 0.585938 0.00112438
10 0.464844 0.365039 0.250781 0.326953 0.0011158
6 0.439453 0.379688 0.317188 0.319531 0.00111198
13 0.450781 0.371289 0.270313 0.340234 0.436768
12 0.450781 0.371289 0.270313 0.340234 0.345215
25 0.466406 0.369922 0.246094 0.336719 0.115967
17 0.466406 0.369922 0.246094 0.336719 0.0690308
14 0.467285 0.366406 0.245117 0.330469 0.0255585
12 0.412891 0.317578 0.419531 0.469531 0.012825
8 0.466406 0.369922 0.246094 0.336719 0.0112915
2 0.467285 0.366406 0.245117 0.330469 0.0109024
23 0.457422 0.370703 0.265625 0.338281 0.0106964
1 0.466406 0.369922 0.246094 0.336719 0.00669098
13 0.418359 0.341406 0.41875 0.434375 0.00643921
3 0.466406 0.369922 0.246094 0.336719 0.00530243
4 0.466406 0.369922 0.246094 0.336719 0.00516129
5 0.457422 0.370703 0.265625 0.338281 0.00471878
0 0.467285 0.366406 0.245117 0.330469 0.0039444
20 0.466406 0.369922 0.246094 0.336719 0.00338936
16 0.462598 0.36875 0.256055 0.332813 0.00298119
22 0.466406 0.369922 0.246094 0.336719 0.00284576
21 0.467285 0.366406 0.245117 0.330469 0.00218201
12 0.345898 0.824219 0.347266 0.315625 0.00217438
15 0.457422 0.370703 0.265625 0.338281 0.00188255
12 0.644531 0.327344 0.710938 0.654688 0.0016613
9 0.466406 0.369922 0.246094 0.336719 0.00149536
10 0.466406 0.369922 0.246094 0.336719 0.00145531
16 0.446191 0.410156 0.266992 0.282031 0.00119686
12 0.310547 0.782422 0.450781 0.435156 0.00110722
12 0.687891 0.549219 0.624219 0.695312 0.00102425
12 0.446875 0.362891 0.321875 0.346875 0.567871
13 0.446875 0.362891 0.321875 0.346875 0.269775
15 0.446875 0.362891 0.321875 0.346875 0.0710449
12 0.430469 0.285156 0.48125 0.570312 0.0499573
23 0.446875 0.362891 0.321875 0.346875 0.0344849
25 0.461621 0.370703 0.281445 0.349219 0.024231
13 0.430469 0.285156 0.48125 0.570312 0.02211
17 0.461621 0.370703 0.281445 0.349219 0.0170441
12 0.450098 0.357812 0.420117 0.4375 0.0162201
9 0.460156 0.361719 0.264844 0.335938 0.0107346
4 0.460938 0.366602 0.265625 0.336328 0.00891876
4 0.446875 0.396777 0.342187 0.295508 0.00878143
14 0.461621 0.370703 0.281445 0.349219 0.00769424
9 0.446875 0.396777 0.342187 0.295508 0.00751877
13 0.450098 0.357812 0.420117 0.4375 0.00695801
2 0.460938 0.366602 0.265625 0.336328 0.006073
15 0.430469 0.285156 0.48125 0.570312 0.00577545
6 0.444141 0.422559 0.324219 0.225195 0.00526047
0 0.446875 0.396777 0.342187 0.295508 0.00439835
6 0.461328 0.387891 0.275781 0.305469 0.00411606
15 0.476953 0.403516 0.242969 0.269531 0.00348282
1 0.461621 0.370703 0.281445 0.349219 0.00296974
24 0.446875 0.362891 0.321875 0.346875 0.00293541
13 0.476953 0.403516 0.242969 0.269531 0.0028553
0 0.460938 0.366602 0.265625 0.336328 0.00269318
4 0.463672 0.414844 0.270313 0.209375 0.00243378
17 0.476953 0.403516 0.242969 0.269531 0.00200272
0 0.463672 0.414844 0.270313 0.209375 0.00195694
5 0.453906 0.366797 0.29375 0.342187 0.00187492
6 0.43125 0.364648 0.36875 0.360547 0.0017271
3 0.460938 0.366602 0.265625 0.336328 0.0017004
8 0.460938 0.366602 0.265625 0.336328 0.00165462
12 0.476953 0.403516 0.242969 0.269531 0.00157928
15 0.444141 0.422559 0.324219 0.225195 0.00156689
3 0.444141 0.422559 0.324219 0.225195 0.00124931
16 0.460156 0.361719 0.264844 0.335938 0.00120163
8 0.476953 0.403516 0.242969 0.269531 0.00118828
25 0.432813 0.335156 0.36875 0.420312 0.00118351
9 0.476953 0.403516 0.242969 0.269531 0.00116539
4 0.432813 0.335156 0.36875 0.420312 0.00112057
16 0.444141 0.422559 0.324219 0.225195 0.00106907
9 0.432813 0.335156 0.36875 0.420312 0.00104809
15 0.450098 0.357812 0.420117 0.4375 0.00104046
5 0.432813 0.335156 0.36875 0.420312 0.00104046
17 0.432813 0.335156 0.36875 0.420312 0.00103664
10 0.461328 0.387891 0.275781 0.305469 0.00101662
12 0.442871 0.355859 0.301758 0.364844 0.894043
13 0.442871 0.355859 0.301758 0.364844 0.666992
12 0.417969 0.315234 0.463281 0.489844 0.0803833
13 0.417969 0.315234 0.463281 0.489844 0.0503235
15 0.442871 0.355859 0.301758 0.364844 0.0479431
23 0.442871 0.355859 0.301758 0.364844 0.0280151
25 0.468359 0.362109 0.249219 0.328125 0.0274811
17 0.468359 0.362109 0.249219 0.328125 0.0179138
13 0.472656 0.381152 0.267969 0.306445 0.01297
14 0.468359 0.362109 0.249219 0.328125 0.00666809
4 0.464453 0.361328 0.261719 0.349219 0.00481033
15 0.417969 0.315234 0.463281 0.489844 0.00466537
2 0.468359 0.362109 0.249219 0.328125 0.00387001
6 0.41709 0.39375 0.358008 0.3125 0.00276756
12 0.472656 0.381152 0.267969 0.306445 0.00257111
1 0.468359 0.362109 0.249219 0.328125 0.00189686
4 0.41709 0.39375 0.358008 0.3125 0.00186062
0 0.468359 0.362109 0.249219 0.328125 0.00178242
9 0.411719 0.36875 0.363281 0.344531 0.00175476
0 0.41709 0.39375 0.358008 0.3125 0.00166798
17 0.411719 0.36875 0.363281 0.344531 0.00157356
15 0.472656 0.381152 0.267969 0.306445 0.00153637
14 0.44375 0.354297 0.325 0.373437 0.00152493
12 0.424609 0.319531 0.626563 0.639063 0.00150681
8 0.468359 0.362109 0.249219 0.328125 0.00143242
5 0.442871 0.355859 0.301758 0.364844 0.00143242
0 0.4125 0.391406 0.573438 0.461719 0.00142097
25 0.421191 0.349805 0.356055 0.386328 0.00138855
12 0.655078 0.570312 0.689844 0.859375 0.00132465
9 0.466797 0.356445 0.253906 0.350391 0.00129414
3 0.437891 0.370117 0.323438 0.334766 0.00121593
15 0.41709 0.39375 0.358008 0.3125 0.00121593
2 0.44375 0.354297 0.325 0.373437 0.00117397
4 0.4125 0.391406 0.573438 0.461719 0.0011425
16 0.41709 0.39375 0.358008 0.3125 0.00108147
12 0.544922 0.315234 0.538281 0.575781 0.00105286
19 0.46875 0.285547 0.257031 0.250781 0.00100422
12 0.446484 0.359961 0.307813 0.351953 0.987793
13 0.446484 0.359961 0.307813 0.351953 0.808105
25 0.457031 0.360547 0.285156 0.350781 0.352295
15 0.446484 0.359961 0.307813 0.351953 0.313232
12 0.408496 0.326367 0.443945 0.462891 0.0872803
23 0.446484 0.359961 0.307813 0.351953 0.0820923
19 0.459473 0.290234 0.263867 0.358594 0.0420837
13 0.408496 0.326367 0.443945 0.462891 0.0405273
17 0.457031 0.357812 0.280469 0.345313 0.035675
4 0.450781 0.361719 0.298438 0.35 0.0289307
14 0.450781 0.361719 0.298438 0.35 0.0241394
19 0.467285 0.296289 0.256055 0.255078 0.0179138
15 0.408496 0.326367 0.443945 0.462891 0.0174408
9 0.449316 0.358008 0.304492 0.351172 0.0164642
5 0.446484 0.359961 0.307813 0.351953 0.00941467
2 0.446484 0.359961 0.307813 0.351953 0.00926971
1 0.447656 0.363672 0.301563 0.357031 0.00534439
6 0.440234 0.369531 0.339063 0.339844 0.00445175
0 0.457031 0.357812 0.280469 0.345313 0.00432968
8 0.457031 0.357812 0.280469 0.345313 0.00349617
12 0.642969 0.475391 0.714063 0.803906 0.00293541
15 0.642969 0.475391 0.714063 0.803906 0.0024147
17 0.441309 0.348486 0.362695 0.384277 0.00184631
16 0.440234 0.369531 0.339063 0.339844 0.00184631
0 0.42959 0.384277 0.454883 0.376758 0.00144958
16 0.459473 0.290234 0.263867 0.358594 0.00131512
20 0.449316 0.358008 0.304492 0.351172 0.00131512
11 0.642969 0.475391 0.714063 0.803906 0.00130939
12 0.619531 0.307422 0.760938 0.614844 0.00130463
3 0.440234 0.369531 0.339063 0.339844 0.00122547
12 0.383203 0.315625 0.542188 0.551562 0.00116539
19 0.457031 0.360547 0.285156 0.350781 0.00115108
22 0.446973 0.354883 0.298242 0.366797 0.00109005
12 0.4375 0.364453 0.317188 0.380469 0.89502
13 0.435547 0.358594 0.344531 0.398438 0.516602
15 0.4375 0.364453 0.317188 0.380469 0.0609741
12 0.440625 0.348047 0.457813 0.444531 0.0145035
25 0.437109 0.363477 0.316406 0.377734 0.014061
13 0.440625 0.348047 0.457813 0.444531 0.0136871
17 0.442969 0.364844 0.301563 0.360156 0.00526047
1 0.443359 0.365625 0.301563 0.360938 0.00382423
23 0.4375 0.364453 0.317188 0.380469 0.00325966
15 0.440625 0.348047 0.457813 0.444531 0.00259018
14 0.443359 0.365625 0.301563 0.360938 0.00221634
4 0.443359 0.365625 0.301563 0.360938 0.00216484
2 0.442969 0.364844 0.301563 0.360156 0.00157356
12 0.669238 0.613281 0.661523 0.773438 0.00109005
12 0.451172 0.358789 0.282031 0.364453 0.934082
13 0.451172 0.358789 0.282031 0.364453 0.616211
25 0.462402 0.364063 0.268945 0.345313 0.0572815
13 0.435547 0.338086 0.469531 0.439453 0.0381775
15 0.451172 0.358789 0.282031 0.364453 0.0281067
12 0.435547 0.338086 0.469531 0.439453 0.02034
17 0.459277 0.369531 0.28457 0.360938 0.0112
23 0.451172 0.358789 0.282031 0.364453 0.00669098
4 0.455371 0.364453 0.270508 0.347656 0.00439835
14 0.459277 0.369531 0.28457 0.360938 0.0042305
12 0.478516 0.360742 0.349219 0.423828 0.00337601
1 0.459277 0.369531 0.28457 0.360938 0.00337601
2 0.463379 0.364258 0.273242 0.344922 0.00279999
15 0.435547 0.338086 0.469531 0.439453 0.00201988
19 0.462402 0.364063 0.268945 0.345313 0.00115585
9 0.462402 0.364063 0.268945 0.345313 0.0011158
12 0.632812 0.308984 0.734375 0.617969 0.00111198
8 0.459277 0.369531 0.28457 0.360938 0.00107765
12 0.458594 0.354736 0.296875 0.363965 0.976074
13 0.458594 0.354736 0.296875 0.363965 0.630859
25 0.463379 0.358984 0.274805 0.35 0.157715
13 0.451172 0.325586 0.374219 0.446484 0.0856934
12 0.451172 0.325586 0.374219 0.446484 0.0720825
23 0.458594 0.354736 0.296875 0.363965 0.0391846
15 0.458594 0.354736 0.296875 0.363965 0.0137405
14 0.457813 0.360352 0.288281 0.347266 0.00985718
13 0.460938 0.295117 0.471094 0.528516 0.00679779
2 0.465723 0.363086 0.274805 0.344922 0.00614548
17 0.459277 0.36582 0.292383 0.351172 0.00471878
11 0.554297 0.7 0.891406 0.6 0.00429916
4 0.457813 0.360352 0.288281 0.347266 0.00419998
15 0.451172 0.325586 0.374219 0.446484 0.00309944
12 0.460938 0.295117 0.471094 0.528516 0.00290108
1 0.459277 0.36582 0.292383 0.351172 0.00264168
11 0.512109 0.807031 0.807031 0.385938 0.00221634
9 0.460254 0.353711 0.287305 0.362891 0.00192642
2 0.554297 0.7 0.891406 0.6 0.00157356
6 0.512109 0.807031 0.807031 0.385938 0.00143814
0 0.554297 0.7 0.891406 0.6 0.00105286
23 0.451172 0.325586 0.374219 0.446484 0.00104046
12 0.636328 0.347461 0.727344 0.479297 0.00102043
12 0.457129 0.356641 0.341992 0.38125 0.827637
13 0.461816 0.35918 0.306055 0.367578 0.429199
13 0.434766 0.344531 0.392969 0.416406 0.226074
15 0.457129 0.356641 0.341992 0.38125 0.0438538
13 0.420312 0.319922 0.504687 0.5 0.0380249
12 0.420312 0.319922 0.504687 0.5 0.0337219
25 0.460547 0.364453 0.290625 0.352344 0.0271759
0 0.443359 0.43916 0.350781 0.229492 0.0151901
23 0.458691 0.364648 0.306055 0.358984 0.0109482
11 0.176953 0.807422 0.353906 0.385156 0.00857544
13 0.467578 0.373047 0.230469 0.321094 0.00712204
15 0.420312 0.319922 0.504687 0.5 0.00588989
17 0.460547 0.364453 0.290625 0.352344 0.00575256
4 0.455371 0.365625 0.311133 0.366406 0.00527954
14 0.460547 0.364453 0.290625 0.352344 0.0041008
7 0.6875 0.940625 0.542188 0.11875 0.00403976
0 0.460547 0.364453 0.290625 0.352344 0.00318527
2 0.460547 0.364453 0.290625 0.352344 0.0026722
23 0.463184 0.355664 0.395508 0.402734 0.00235939
15 0.458203 0.423535 0.385156 0.282617 0.00213242
4 0.139063 0.149023 0.210156 0.155078 0.00182438
4 0.443359 0.43916 0.350781 0.229492 0.00163555
9 0.458203 0.365234 0.289062 0.355469 0.00162315
0 0.446484 0.407129 0.425781 0.32168 0.00148392
24 0.458203 0.423535 0.385156 0.282617 0.00132465
25 0.434766 0.344531 0.392969 0.416406 0.00126934
11 0.197266 0.819141 0.394531 0.361719 0.00117874
6 0.443359 0.43916 0.350781 0.229492 0.00106525
7 0.602344 0.920313 0.609375 0.159375 0.00104046
4 0.309375 0.964844 0.173438 0.0703125 0.00102043
13 0.454297 0.349609 0.290625 0.41875 0.936523
12 0.446875 0.347461 0.3125 0.385547 0.763672
13 0.448535 0.328906 0.379492 0.4375 0.0830078
25 0.458203 0.367969 0.273438 0.346875 0.0293121
13 0.466406 0.371484 0.241406 0.325781 0.0200195
13 0.440234 0.316406 0.480469 0.495313 0.0104523
19 0.460547 0.267773 0.245312 0.287891 0.00878143
12 0.440234 0.316406 0.480469 0.495313 0.00857544
7 0.689063 0.928125 0.553125 0.14375 0.00828552
15 0.450781 0.366992 0.2875 0.355078 0.00757599
19 0.466797 0.284766 0.249219 0.196094 0.00731659
23 0.454688 0.365625 0.278125 0.353125 0.00595856
15 0.445215 0.335938 0.350195 0.414062 0.00494385
12 0.77207 0.426953 0.455859 0.661719 0.00457382
12 0.730859 0.422656 0.538281 0.71875 0.00397491
7 0.691406 0.857227 0.578125 0.285547 0.00351143
2 0.458203 0.367969 0.273438 0.346875 0.00259018
14 0.458203 0.367969 0.273438 0.346875 0.00222588
4 0.450781 0.366992 0.2875 0.355078 0.00209999
17 0.458203 0.367969 0.273438 0.346875 0.00169373
11 0.690234 0.786719 0.619531 0.426563 0.00148964
18 0.689063 0.928125 0.553125 0.14375 0.00142097
23 0.445215 0.335938 0.350195 0.414062 0.00137806
6 0.672266 0.817969 0.535156 0.364063 0.00129414
12 0.634766 0.30293 0.730469 0.605859 0.00128937
1 0.450781 0.349023 0.291406 0.380078 0.00113773
12 0.644531 0.488281 0.710938 0.889063 0.00106525
12 0.444531 0.366211 0.307813 0.361328 0.974121
13 0.444434 0.354883 0.30957 0.383984 0.570801
15 0.444531 0.366211 0.307813 0.361328 0.104858
25 0.448535 0.367773 0.293555 0.350391 0.0844727
23 0.444531 0.366211 0.307813 0.361328 0.0268555
12 0.442188 0.327344 0.404687 0.467969 0.0051384
17 0.453027 0.362109 0.295508 0.366406 0.00462723
1 0.453027 0.362109 0.295508 0.366406 0.00288963
14 0.447266 0.367578 0.296094 0.35625 0.00218201
4 0.447266 0.367578 0.296094 0.35625 0.00183868
2 0.445215 0.366406 0.30332 0.35625 0.00138855
9 0.447266 0.367578 0.296094 0.35625 0.0011692
19 0.468359 0.266748 0.271094 0.298535 0.00104427
12 0.440234 0.362695 0.339844 0.390234 0.913086
13 0.435937 0.35293 0.3625 0.413672 0.703125
15 0.431348 0.353906 0.376367 0.414062 0.0710449
25 0.45625 0.359717 0.326562 0.392285 0.0129242
23 0.440234 0.362695 0.339844 0.390234 0.0127258
19 0.471777 0.262939 0.267383 0.324902 0.00345612
4 0.446875 0.364404 0.315625 0.389941 0.0028553
19 0.476562 0.297656 0.269531 0.189844 0.00176144
12 0.439844 0.323047 0.414844 0.500781 0.00156689
14 0.446875 0.364404 0.315625 0.389941 0.00153065
1 0.446875 0.364404 0.315625 0.389941 0.00118351
17 0.454297 0.367188 0.296094 0.376563 0.00109005
12 0.444922 0.366406 0.307813 0.386719 0.95166
13 0.442871 0.350195 0.336133 0.419141 0.611328
15 0.451562 0.354883 0.339063 0.412891 0.167236
23 0.451562 0.354883 0.339063 0.412891 0.0142288
25 0.451562 0.354883 0.339063 0.412891 0.00340271
13 0.511035 0.291602 0.616992 0.583203 0.0020504
4 0.451465 0.364844 0.293945 0.376563 0.00187492
12 0.704297 0.432031 0.591406 0.864062 0.00172043
19 0.4625 0.298828 0.257812 0.207031 0.0015974
12 0.511035 0.291602 0.616992 0.583203 0.00113773
12 0.440625 0.363867 0.320312 0.363672 0.859863
13 0.440625 0.358398 0.339063 0.386328 0.776855
15 0.440625 0.363867 0.320312 0.363672 0.38208
23 0.440625 0.363867 0.320312 0.363672 0.0307922
12 0.431348 0.336719 0.40918 0.420312 0.0301056
15 0.431348 0.336719 0.40918 0.420312 0.0176392
25 0.441406 0.3625 0.315625 0.3625 0.0175781
17 0.45166 0.366016 0.29668 0.358594 0.00282288
13 0.475098 0.314453 0.35918 0.486719 0.00125504
12 0.44834 0.361328 0.273633 0.352344 0.978027
13 0.455469 0.362695 0.279687 0.368359 0.805664
15 0.44834 0.361328 0.273633 0.352344 0.342529
23 0.444922 0.363281 0.291406 0.369531 0.105957
25 0.457715 0.366602 0.258008 0.345703 0.0827026
12 0.434766 0.348633 0.353906 0.391797 0.0166626
15 0.434766 0.348633 0.353906 0.391797 0.0125275
13 0.46875 0.297656 0.369531 0.517188 0.00912476
12 0.46875 0.297656 0.369531 0.517188 0.00787354
17 0.441797 0.364453 0.3 0.370313 0.00460815
8 0.439844 0.364893 0.332031 0.386621 0.0041008
15 0.46875 0.297656 0.369531 0.517188 0.00400543
12 0.643262 0.304883 0.713477 0.609766 0.00340271
3 0.442969 0.360547 0.33125 0.394531 0.00198746
13 0.643262 0.304883 0.713477 0.609766 0.00165462
15 0.643262 0.304883 0.713477 0.609766 0.00143814
2 0.455469 0.362695 0.279687 0.368359 0.0012846
12 0.452734 0.348633 0.289062 0.383984 0.95752
13 0.452734 0.348633 0.289062 0.383984 0.431152
25 0.457813 0.361914 0.277344 0.358984 0.131592
23 0.452734 0.348633 0.289062 0.383984 0.121277
15 0.444922 0.342187 0.314063 0.413281 0.069519
12 0.430078 0.337109 0.371875 0.432031 0.0526123
13 0.430078 0.337109 0.371875 0.432031 0.0274811
2 0.458984 0.344531 0.26875 0.373437 0.00919342
17 0.453516 0.356836 0.284375 0.380078 0.00351143
23 0.448828 0.395313 0.339844 0.309375 0.00314713
12 0.313477 0.28125 0.626953 0.5625 0.00226974
1 0.458984 0.344531 0.26875 0.373437 0.00214958
6 0.453516 0.356836 0.284375 0.380078 0.0020752
3 0.458984 0.344531 0.26875 0.373437 0.00195694
3 0.440234 0.393359 0.319531 0.317969 0.00184631
19 0.46084 0.282422 0.283008 0.371094 0.00172043
12 0.486719 0.299414 0.377344 0.521484 0.00153637
9 0.45459 0.347852 0.273633 0.379297 0.0015192
13 0.486719 0.299414 0.377344 0.521484 0.00138283
16 0.458984 0.344531 0.26875 0.373437 0.00117874
9 0.440234 0.393359 0.319531 0.317969 0.00116539
13 0.448828 0.395313 0.339844 0.309375 0.0011158
12 0.451953 0.333984 0.286719 0.435156 0.873047
25 0.454297 0.352686 0.288281 0.394629 0.29248
13 0.449219 0.340039 0.286719 0.413672 0.286133
15 0.449219 0.340039 0.286719 0.413672 0.0160217
23 0.442969 0.353711 0.288281 0.386328 0.0125275
1 0.452734 0.339844 0.282031 0.423438 0.00679779
4 0.451953 0.333984 0.286719 0.435156 0.00348282
12 0.440723 0.392969 0.295117 0.311719 0.00300407
17 0.452734 0.339844 0.282031 0.423438 0.00219917
19 0.454297 0.352686 0.288281 0.394629 0.0019722
14 0.458203 0.346484 0.267188 0.400781 0.00145531
12 0.450781 0.366797 0.276563 0.351562 0.796875
13 0.450391 0.362891 0.28125 0.35 0.128906
15 0.449609 0.363281 0.296094 0.348438 0.0579224
23 0.449609 0.363281 0.296094 0.348438 0.0549927
25 0.457031 0.361719 0.275781 0.360938 0.0131683
12 0.701563 0.502344 0.596875 0.970313 0.0064888
13 0.450391 0.399219 0.336719 0.298438 0.00527954
2 0.457031 0.361719 0.275781 0.360938 0.00353813
17 0.460938 0.37207 0.284375 0.331641 0.00198746
1 0.701563 0.502344 0.596875 0.970313 0.00122547
4 0.443359 0.36543 0.303125 0.354297 0.00120163
11 0.4875 0.725781 0.940625 0.548438 0.00117397
12 0.449219 0.338477 0.279687 0.404297 0.993164
15 0.446094 0.340039 0.282813 0.408984 0.20813
13 0.446094 0.340039 0.282813 0.408984 0.162964
23 0.446094 0.340039 0.282813 0.408984 0.115967
25 0.453027 0.342578 0.273633 0.396094 0.11554
4 0.452246 0.334766 0.275195 0.408594 0.0142822
2 0.450781 0.333984 0.276563 0.410938 0.00919342
19 0.466016 0.275 0.266406 0.30625 0.00605011
1 0.448535 0.34292 0.28418 0.396191 0.00584412
14 0.452246 0.334766 0.275195 0.408594 0.00479126
17 0.448535 0.34292 0.28418 0.396191 0.00157928
9 0.452246 0.334766 0.275195 0.408594 0.00107765
19 0.454297 0.308789 0.285938 0.409766 0.00100803
12 0.454297 0.350586 0.277344 0.393359 0.963379
13 0.453809 0.344727 0.286133 0.401172 0.171021
15 0.454297 0.350586 0.277344 0.393359 0.105225
23 0.454297 0.350586 0.277344 0.393359 0.0778198
25 0.457715 0.366797 0.27207 0.361719 0.0317383
19 0.467871 0.255664 0.258008 0.328516 0.00557709
2 0.453906 0.348096 0.272656 0.395215 0.00397491
12 0.437598 0.360205 0.29668 0.38584 0.994141
13 0.43125 0.360889 0.298438 0.387598 0.143188
15 0.434766 0.362305 0.296094 0.384766 0.140869
23 0.434766 0.362305 0.296094 0.384766 0.0755615
2 0.437598 0.360205 0.29668 0.38584 0.00978088
25 0.436719 0.359424 0.301563 0.382715 0.005867
1 0.437598 0.352539 0.30293 0.402734 0.00407028
19 0.454297 0.285498 0.267969 0.386816 0.00304031
4 0.434766 0.362305 0.296094 0.384766 0.00201035
12 0.449121 0.367969 0.283008 0.358594 0.918457
13 0.45 0.373633 0.296094 0.341016 0.272705
15 0.449121 0.367969 0.283008 0.358594 0.235107
25 0.453516 0.375391 0.280469 0.336719 0.088501
23 0.446094 0.369531 0.294531 0.352344 0.0509033
2 0.453516 0.375391 0.280469 0.336719 0.00790405
17 0.454004 0.367969 0.28418 0.35 0.00460815
19 0.457813 0.282373 0.271875 0.371973 0.00210762
1 0.454004 0.367969 0.28418 0.35 0.00142097
14 0.453516 0.375391 0.280469 0.336719 0.00126934
12 0.449316 0.355273 0.279492 0.375391 0.905273
13 0.449316 0.355273 0.279492 0.375391 0.309814
15 0.444922 0.348438 0.282031 0.39375 0.144653
25 0.456934 0.363281 0.262695 0.35 0.0520325
23 0.449316 0.355273 0.279492 0.375391 0.0375977
17 0.452246 0.355859 0.273633 0.369531 0.00255013
8 0.441797 0.354102 0.292969 0.379297 0.00227928
2 0.452246 0.355859 0.273633 0.369531 0.0019722
1 0.452246 0.355859 0.273633 0.369531 0.00108147
12 0.444531 0.348633 0.2875 0.396484 0.523438
13 0.442188 0.341797 0.302344 0.413281 0.469727
25 0.447266 0.363477 0.288281 0.358984 0.0422363
23 0.442188 0.341797 0.302344 0.413281 0.0220337
15 0.441016 0.341406 0.298438 0.415625 0.0119629
12 0.444531 0.340625 0.307031 0.426563 0.875
13 0.444531 0.340625 0.307031 0.426563 0.152588
23 0.445312 0.347461 0.315625 0.411328 0.150513
25 0.451562 0.349609 0.289844 0.396094 0.053009
15 0.444531 0.340625 0.307031 0.426563 0.026062
2 0.448047 0.349219 0.3 0.401563 0.00766754
17 0.447559 0.35542 0.30957 0.38916 0.00331116
8 0.446094 0.346094 0.320312 0.417969 0.00115585
12 0.450391 0.335938 0.317969 0.432031 0.823242
13 0.451953 0.334766 0.315625 0.432031 0.123352
15 0.446875 0.345508 0.314063 0.417578 0.0417786
23 0.450391 0.335938 0.317969 0.432031 0.0375977
25 0.459766 0.347266 0.291406 0.407031 0.0298767
2 0.458984 0.333789 0.302344 0.432422 0.00421524
17 0.458984 0.333789 0.302344 0.432422 0.00395966
1 0.458984 0.333789 0.302344 0.432422 0.00282288
19 0.469141 0.271289 0.259375 0.311328 0.00119686
12 0.444922 0.34375 0.329688 0.434375 0.979492
13 0.445703 0.351953 0.317188 0.415625 0.0750122
23 0.444922 0.351172 0.333594 0.417969 0.049408
15 0.444922 0.351172 0.333594 0.417969 0.0229797
25 0.445996 0.34668 0.323633 0.422266 0.0112915
4 0.444922 0.34375 0.329688 0.434375 0.0078125
1 0.445703 0.347656 0.310156 0.424219 0.00471878
2 0.444922 0.34375 0.329688 0.434375 0.00385475
14 0.44375 0.350391 0.328125 0.421094 0.00176144
12 0.444922 0.367969 0.319531 0.382812 0.896484
15 0.444922 0.367969 0.319531 0.382812 0.076416
13 0.444922 0.364648 0.332813 0.388672 0.0481262
23 0.44375 0.366406 0.320312 0.379688 0.0205688
25 0.445215 0.368359 0.312695 0.360156 0.0195007
17 0.445215 0.368359 0.312695 0.360156 0.00225258
1 0.447266 0.364258 0.321094 0.384766 0.00221634
4 0.444922 0.367969 0.319531 0.382812 0.00214958
14 0.445215 0.368359 0.312695 0.360156 0.00101185
12 0.445312 0.335938 0.304688 0.423438 0.890137
13 0.447754 0.341016 0.312305 0.409375 0.433105
25 0.445703 0.347656 0.291406 0.379688 0.0838623
23 0.447754 0.341016 0.312305 0.409375 0.0197144
13 0.486328 0.307617 0.363281 0.483984 0.0086441
15 0.446094 0.341406 0.311719 0.413281 0.0068512
8 0.44834 0.342187 0.331445 0.4125 0.00353813
12 0.486328 0.307617 0.363281 0.483984 0.00192642
1 0.445312 0.334766 0.313281 0.425 0.00110722
12 0.449219 0.335156 0.311719 0.441406 0.99707
13 0.447656 0.347266 0.314844 0.428906 0.0806274
23 0.447656 0.347266 0.314844 0.428906 0.0347595
1 0.44834 0.333984 0.31582 0.447656 0.0175781
15 0.449219 0.335156 0.311719 0.441406 0.0157776
25 0.446191 0.34082 0.312305 0.420703 0.00867462
4 0.447656 0.33457 0.311719 0.441797 0.00325966
2 0.44834 0.333984 0.31582 0.447656 0.00223351
17 0.475 0.32207 0.351562 0.482422 0.00113392
12 0.446875 0.338867 0.327344 0.422266 0.993164
13 0.446094 0.340625 0.333594 0.416406 0.0705566
15 0.446875 0.338867 0.327344 0.422266 0.0554199
23 0.446094 0.340625 0.333594 0.416406 0.0492249
25 0.450879 0.348438 0.306055 0.396875 0.00701141
4 0.448047 0.337109 0.325781 0.425781 0.00132465
12 0.445996 0.341992 0.287695 0.409766 0.944824
13 0.446875 0.344141 0.290625 0.407813 0.0483093
23 0.446875 0.344141 0.290625 0.407813 0.0276947
25 0.451562 0.342187 0.294531 0.409375 0.00952148
15 0.444629 0.343359 0.288867 0.411719 0.0078125
4 0.449121 0.344531 0.286133 0.403125 0.0064888
1 0.445996 0.341992 0.287695 0.409766 0.00240517
9 0.449316 0.351562 0.285742 0.385938 0.00203514
12 0.443359 0.349609 0.303125 0.402344 0.897461
13 0.442578 0.348877 0.307031 0.397559 0.0368958
23 0.442578 0.348877 0.307031 0.397559 0.0125275
1 0.443359 0.349609 0.303125 0.402344 0.0103683
25 0.444922 0.346436 0.294531 0.399316 0.0100937
15 0.442969 0.349023 0.3125 0.403516 0.0026722
4 0.444434 0.348779 0.301758 0.396191 0.00246239
2 0.444922 0.346436 0.294531 0.399316 0.00186062
14 0.444922 0.346436 0.294531 0.399316 0.00129414
12 0.438965 0.351562 0.342383 0.411719 0.812988
4 0.439941 0.347266 0.337305 0.410156 0.0134277
23 0.436816 0.35 0.33418 0.410938 0.0125275
1 0.439941 0.347266 0.337305 0.410156 0.0108566
25 0.440723 0.354883 0.332617 0.393359 0.0069046
13 0.435156 0.346484 0.346875 0.414844 0.00559998
14 0.436816 0.35 0.33418 0.410938 0.00391388
15 0.435059 0.350977 0.351758 0.415234 0.00385475
9 0.441406 0.352734 0.3375 0.400781 0.00161076
12 0.444434 0.343359 0.298633 0.411719 0.936523
4 0.442969 0.339844 0.3 0.41875 0.0205688
23 0.439063 0.344531 0.314844 0.414844 0.0146179
13 0.444434 0.343359 0.298633 0.411719 0.00757599
15 0.436621 0.361914 0.331445 0.395703 0.00453949
14 0.439063 0.344531 0.314844 0.414844 0.00388527
1 0.444531 0.338281 0.302344 0.419531 0.00302696
25 0.449902 0.34668 0.28457 0.395703 0.00167465
12 0.445703 0.337891 0.314844 0.419531 0.959961
23 0.442188 0.340234 0.325 0.415625 0.0164642
13 0.445703 0.337891 0.314844 0.419531 0.0114212
15 0.445996 0.339063 0.325195 0.420312 0.00526047
4 0.442188 0.340234 0.325 0.415625 0.00174141
25 0.446191 0.341211 0.320117 0.412109 0.00115108
12 0.448828 0.338281 0.326562 0.424219 0.963379
15 0.448828 0.338281 0.326562 0.424219 0.0477905
23 0.448535 0.337109 0.324805 0.422656 0.0288696
13 0.450781 0.331641 0.307813 0.424219 0.0187683
12 0.439844 0.398438 0.30625 0.280469 0.00273705
25 0.451172 0.335938 0.307031 0.414844 0.00182438
4 0.446094 0.329297 0.309375 0.435156 0.0011158
12 0.451953 0.339404 0.285156 0.38916 0.592773
23 0.449219 0.340674 0.292969 0.391309 0.0235138
13 0.449219 0.340674 0.292969 0.391309 0.0210419
15 0.448047 0.342187 0.301563 0.392969 0.0165863
25 0.455469 0.338867 0.279687 0.369922 0.00674438
4 0.45166 0.341846 0.282617 0.380371 0.00325966
12 0.450391 0.333398 0.271875 0.401172 0.911621
13 0.447266 0.337451 0.271094 0.393066 0.100891
23 0.447266 0.337451 0.271094 0.393066 0.0159607
15 0.446484 0.338672 0.275781 0.398438 0.0124283
25 0.454688 0.336279 0.263281 0.37041 0.00790405
2 0.667969 0.247266 0.664062 0.494531 0.0041008
2 0.451465 0.334814 0.275195 0.380371 0.00245285
1 0.451465 0.334814 0.275195 0.380371 0.00183868
8 0.447266 0.337451 0.271094 0.393066 0.00121593
12 0.44834 0.315625 0.295508 0.438281 0.762207
23 0.445215 0.319531 0.311133 0.430469 0.0453491
13 0.451172 0.313281 0.288281 0.423438 0.0322266
15 0.447656 0.321484 0.315625 0.432813 0.0172424
25 0.45166 0.312109 0.285742 0.432031 0.00429916
12 0.443359 0.342383 0.326562 0.402734 0.872559
23 0.444531 0.337109 0.348438 0.416406 0.024231
13 0.443359 0.329688 0.327344 0.425 0.00837708
15 0.447266 0.346289 0.317188 0.390234 0.00214958
4 0.447656 0.333008 0.33125 0.426953 0.00161648
25 0.447266 0.346289 0.317188 0.390234 0.00158501
8 0.444531 0.337109 0.348438 0.416406 0.00141621
1 0.443359 0.329688 0.327344 0.425 0.00113392
12 0.449902 0.329297 0.301758 0.414844 0.891113
13 0.452344 0.336328 0.321094 0.408594 0.0216217
23 0.449902 0.329297 0.301758 0.414844 0.0137939
15 0.451172 0.335938 0.319531 0.414062 0.00479126
25 0.454688 0.331836 0.307031 0.401953 0.0046463
2 0.454688 0.331836 0.307031 0.401953 0.00259018
12 0.449902 0.335938 0.289258 0.391406 0.926758
13 0.449219 0.338623 0.286719 0.388379 0.0966797
23 0.449902 0.335938 0.289258 0.391406 0.0178528
15 0.447656 0.3375 0.29375 0.396875 0.00379562
25 0.453516 0.342627 0.283594 0.355371 0.00309944
12 0.442285 0.334375 0.307617 0.415625 0.834473
23 0.443848 0.338086 0.31543 0.408203 0.021286
13 0.443848 0.338086 0.31543 0.408203 0.0187988
15 0.447559 0.339453 0.320508 0.410938 0.00634003
12 0.43916 0.342578 0.312305 0.4 0.945801
13 0.438672 0.342383 0.303906 0.393359 0.0639648
23 0.438379 0.343359 0.320117 0.401563 0.0189819
15 0.439844 0.34375 0.317188 0.403906 0.014389
25 0.440234 0.341748 0.314063 0.39541 0.00379562
12 0.445312 0.33125 0.294531 0.411719 0.806641
13 0.442578 0.334766 0.301563 0.403906 0.0272675
23 0.442578 0.334766 0.301563 0.403906 0.00854492
1 0.444922 0.325781 0.292188 0.407813 0.00800323
25 0.447754 0.331836 0.287305 0.401953 0.00584412
2 0.444922 0.325781 0.292188 0.407813 0.00419998
15 0.441016 0.336328 0.299219 0.407813 0.00312424
4 0.444531 0.327734 0.296094 0.411719 0.00101662
12 0.445312 0.339258 0.285938 0.384766 0.675781
13 0.447266 0.3375 0.2875 0.382812 0.19812
25 0.451562 0.347656 0.275 0.353125 0.00669098
23 0.447266 0.3375 0.2875 0.382812 0.00335121
13 0.441016 0.346143 0.297656 0.367871 0.475586
12 0.445703 0.344141 0.292188 0.379688 0.39502
25 0.442188 0.346875 0.290625 0.360156 0.00651169
23 0.441406 0.341797 0.300781 0.382812 0.00244331
15 0.445703 0.344141 0.292188 0.379688 0.0019722
12 0.44375 0.341406 0.292969 0.39375 0.971191
13 0.438379 0.340283 0.29668 0.395996 0.0299835
23 0.438379 0.340283 0.29668 0.395996 0.0146179
15 0.439453 0.341748 0.296875 0.396973 0.00831604
25 0.440234 0.342773 0.295312 0.380859 0.00314713
2 0.440234 0.342773 0.295312 0.380859 0.00142097
12 0.437109 0.335205 0.311719 0.399902 0.924316
13 0.436719 0.339014 0.313281 0.398535 0.0195007
23 0.436719 0.339014 0.313281 0.398535 0.0085144
15 0.436719 0.339014 0.313281 0.398535 0.00450516
12 0.444141 0.344531 0.284375 0.375 0.837402
13 0.444141 0.344531 0.284375 0.375 0.0592041
25 0.448438 0.342383 0.274219 0.357422 0.00754929
23 0.444141 0.344531 0.284375 0.375 0.00658798
15 0.442285 0.344727 0.282617 0.380859 0.00254059
12 0.454004 0.337549 0.266992 0.378027 0.838867
13 0.453125 0.336377 0.271875 0.377246 0.107788
25 0.453809 0.338867 0.268945 0.374609 0.00294685
23 0.448828 0.337451 0.275 0.386035 0.00146675
15 0.447754 0.336914 0.276367 0.391016 0.00102043
12 0.446094 0.341992 0.279687 0.383984 0.766113
13 0.447266 0.345361 0.267969 0.371777 0.0803833
23 0.446094 0.341992 0.279687 0.383984 0.00416565
15 0.450684 0.34375 0.27207 0.382812 0.00263214
25 0.450879 0.347607 0.268555 0.367285 0.00141048
12 0.445996 0.343555 0.275195 0.380078 0.901855
13 0.445996 0.343555 0.275195 0.380078 0.0143356
1 0.445996 0.34082 0.273633 0.380078 0.00314713
25 0.44834 0.337109 0.270508 0.367188 0.00281143
23 0.445996 0.343555 0.275195 0.380078 0.00227928
15 0.443359 0.343164 0.277344 0.385547 0.00161648
4 0.448438 0.341406 0.271094 0.377344 0.0014782
12 0.45166 0.338623 0.270117 0.377441 0.841797
13 0.452441 0.339844 0.27168 0.371875 0.0309143
25 0.45459 0.338867 0.267383 0.364453 0.0131683
1 0.453516 0.339063 0.270313 0.376563 0.00919342
23 0.452441 0.339844 0.27168 0.371875 0.0015974
4 0.453809 0.338867 0.270508 0.373828 0.00117874
12 0.446094 0.337939 0.265625 0.366309 0.849121
13 0.448828 0.342578 0.2625 0.351562 0.139404
25 0.451172 0.34375 0.264844 0.348438 0.00471878
1 0.449316 0.341357 0.262305 0.36416 0.00178242
23 0.447266 0.338672 0.264844 0.361719 0.00154877
12 0.444434 0.343701 0.261133 0.354785 0.633301
13 0.448438 0.349219 0.257031 0.328906 0.428223
25 0.452344 0.349023 0.254688 0.330078 0.00171375
12 0.442969 0.337695 0.267188 0.369922 0.90918
13 0.443652 0.338086 0.264258 0.364453 0.0161591
23 0.443652 0.338086 0.264258 0.364453 0.00462723
25 0.447266 0.346094 0.260156 0.3375 0.00245285
4 0.445996 0.341211 0.264258 0.359766 0.00204277
9 0.44834 0.34082 0.262695 0.348828 0.00185299
1 0.445703 0.338867 0.265625 0.366016 0.00137806
2 0.444629 0.345508 0.25918 0.342578 0.00118828
15 0.442969 0.337695 0.267188 0.369922 0.00113773
12 0.442578 0.353516 0.260156 0.342969 0.880859
13 0.438379 0.348438 0.260742 0.35625 0.0272675
23 0.438379 0.348438 0.260742 0.35625 0.00521851
25 0.439453 0.355469 0.260156 0.33125 0.00186062
1 0.439844 0.351758 0.260156 0.343359 0.00174141
15 0.437891 0.349561 0.264844 0.358691 0.00161648
12 0.441406 0.345703 0.267188 0.371875 0.930176
13 0.438184 0.34292 0.267383 0.373535 0.0673218
23 0.438184 0.34292 0.267383 0.373535 0.00317192
1 0.441504 0.345117 0.266992 0.368359 0.00279999
25 0.441016 0.34707 0.264844 0.357422 0.00136662
15 0.435937 0.342969 0.271875 0.378125 0.00123501
12 0.446191 0.338867 0.279492 0.387891 0.933105
13 0.445703 0.341992 0.278906 0.371484 0.0359497
23 0.442578 0.339453 0.28125 0.382031 0.00273705
12 0.715234 0.500781 0.569531 0.998438 0.00132465
12 0.447754 0.340625 0.285742 0.378906 0.94043
13 0.444141 0.341748 0.283594 0.375098 0.0161591
23 0.444141 0.341748 0.283594 0.375098 0.00428009
25 0.44541 0.343359 0.281055 0.364063 0.00201988
1 0.44541 0.343359 0.281055 0.364063 0.00153637
2 0.44541 0.343359 0.281055 0.364063 0.00135612
15 0.442285 0.341016 0.285742 0.383594 0.00110722
12 0.444531 0.340625 0.290625 0.384375 0.933105
13 0.442871 0.348438 0.286133 0.361719 0.0263519
23 0.440625 0.339502 0.289844 0.381152 0.00930023
15 0.439746 0.339502 0.293945 0.388184 0.00332451
2 0.442871 0.348438 0.286133 0.361719 0.00146675
25 0.442871 0.348438 0.286133 0.361719 0.00143814
1 0.442871 0.348438 0.286133 0.361719 0.00131989
12 0.445703 0.342578 0.274219 0.372656 0.939941
13 0.444922 0.349414 0.26875 0.351172 0.021698
23 0.442871 0.341211 0.268945 0.367578 0.00524139
25 0.444922 0.349414 0.26875 0.351172 0.00275803
15 0.441797 0.341016 0.272656 0.375781 0.00179577
1 0.445703 0.343555 0.269531 0.366797 0.00143242
12 0.448828 0.340234 0.269531 0.377344 0.947754
13 0.445703 0.342236 0.267188 0.362402 0.0232391
23 0.44375 0.339258 0.271094 0.376953 0.00479126
15 0.442578 0.339404 0.275 0.383691 0.00145531
25 0.445703 0.342236 0.267188 0.362402 0.00142097
1 0.445215 0.340234 0.275195 0.380469 0.00102425
12 0.447266 0.343359 0.277344 0.377344 0.929199
13 0.449219 0.345508 0.26875 0.360547 0.0495911
23 0.445703 0.341846 0.274219 0.375684 0.00679779
15 0.444531 0.342383 0.276563 0.382422 0.00291252
1 0.448828 0.342383 0.272656 0.372266 0.00107765
12 0.445312 0.34043 0.275 0.380078 0.935059
13 0.446484 0.339795 0.271875 0.372754 0.0350037
23 0.443359 0.338672 0.273438 0.38125 0.00450516
15 0.442188 0.339063 0.275781 0.3875 0.00118828
12 0.444434 0.344336 0.275195 0.372266 0.947266
13 0.44375 0.345703 0.273438 0.360156 0.0417786
23 0.44209 0.34082 0.273633 0.374609 0.00446701
15 0.441797 0.341406 0.276563 0.380469 0.00109482
12 0.44375 0.342773 0.282813 0.369922 0.955078
13 0.443359 0.347217 0.278906 0.353223 0.0105667
23 0.441504 0.340625 0.281055 0.375 0.00432968
1 0.443359 0.347217 0.278906 0.353223 0.00123978
25 0.443359 0.347217 0.278906 0.353223 0.0011692
2 0.443359 0.347217 0.278906 0.353223 0.00102425
12 0.444531 0.341748 0.279687 0.375879 0.973145
13 0.442969 0.343408 0.278125 0.363965 0.00930023
23 0.441797 0.339258 0.277344 0.377734 0.00298119
25 0.445703 0.343945 0.275 0.366016 0.00133514
12 0.445215 0.344336 0.27832 0.377734 0.973633
13 0.444141 0.347852 0.275781 0.363672 0.0153046
23 0.442578 0.343408 0.276563 0.377246 0.00340271
1 0.444141 0.347852 0.275781 0.363672 0.0011158
12 0.444922 0.342627 0.282031 0.378809 0.978027
13 0.444531 0.344531 0.278906 0.365625 0.0146179
23 0.442969 0.341064 0.282031 0.378809 0.00340271
1 0.444531 0.344531 0.278906 0.365625 0.00130939
12 0.446777 0.341846 0.276758 0.37334 0.97168
13 0.445703 0.34707 0.275 0.355859 0.0304413
23 0.444141 0.340576 0.277344 0.373535 0.00329781
1 0.44541 0.342529 0.276367 0.366504 0.00144958
15 0.444141 0.34082 0.278906 0.379297 0.00100422
12 0.447266 0.342578 0.272656 0.372656 0.966309
13 0.447266 0.347998 0.267969 0.356348 0.0257568
23 0.446191 0.340576 0.27168 0.372754 0.00268364
1 0.447266 0.347998 0.267969 0.356348 0.00135136
15 0.447266 0.347998 0.267969 0.356348 0.00126457
12 0.446875 0.341016 0.275 0.375 0.963379
13 0.447656 0.34458 0.271875 0.36084 0.0199432
23 0.445703 0.339453 0.274219 0.376563 0.00283432
1 0.447656 0.34458 0.271875 0.36084 0.00124454
12 0.444629 0.344092 0.273242 0.368848 0.956543
13 0.444531 0.349414 0.271875 0.350391 0.0253754
23 0.442969 0.341992 0.274219 0.370703 0.00279999
1 0.444629 0.345898 0.274805 0.360547 0.00118828
25 0.444531 0.349414 0.271875 0.350391 0.00102425
12 0.445312 0.343945 0.276563 0.369922 0.95752
13 0.444629 0.350586 0.274805 0.348828 0.0198669
23 0.443359 0.342773 0.275781 0.369141 0.00400543
25 0.444629 0.350586 0.274805 0.348828 0.00171375
1 0.444629 0.345117 0.27793 0.368359 0.00131512
15 0.444629 0.350586 0.274805 0.348828 0.00125504
12 0.446875 0.343359 0.274219 0.372656 0.960449
13 0.446875 0.349805 0.272656 0.350391 0.0201721
23 0.445312 0.342578 0.275 0.370313 0.00325966
1 0.446875 0.349805 0.272656 0.350391 0.00137234
25 0.446875 0.349805 0.272656 0.350391 0.00125504
12 0.447266 0.342139 0.275781 0.375098 0.95752
13 0.446875 0.34707 0.273438 0.356641 0.0180969
23 0.445312 0.341357 0.275 0.373535 0.00307465
1 0.446875 0.34707 0.273438 0.356641 0.00127888
15 0.446875 0.34707 0.273438 0.356641 0.00101185
12 0.447656 0.342139 0.275 0.375098 0.959473
13 0.447266 0.345508 0.271875 0.358984 0.0154266
23 0.445312 0.341602 0.272656 0.374609 0.00263214
1 0.447266 0.345508 0.271875 0.358984 0.00138855
12 0.447656 0.342187 0.277344 0.375781 0.958008
13 0.445703 0.345264 0.273438 0.361035 0.0220337
23 0.444434 0.341406 0.275195 0.375 0.00277901
1 0.445703 0.345264 0.273438 0.361035 0.00105667
12 0.447559 0.342236 0.273633 0.374902 0.961426
13 0.446094 0.346143 0.270313 0.358496 0.0131226
23 0.445312 0.341797 0.271875 0.373437 0.00218201
1 0.445996 0.342969 0.275195 0.375 0.00139427
12 0.447266 0.342139 0.271094 0.372754 0.961426
13 0.445703 0.34668 0.269531 0.355078 0.012146
23 0.444629 0.341016 0.270117 0.372656 0.00219917
1 0.445312 0.34292 0.273438 0.372754 0.00157356
25 0.445703 0.34668 0.269531 0.355078 0.00110722
12 0.448047 0.341748 0.273438 0.375098 0.962402
13 0.446777 0.34668 0.270508 0.355859 0.0134811
23 0.445312 0.340967 0.271875 0.373535 0.0026207
1 0.446777 0.34668 0.270508 0.355859 0.00191879
25 0.446777 0.34668 0.270508 0.355859 0.00126457
12 0.447656 0.341797 0.271875 0.372656 0.964355
13 0.446484 0.347266 0.270313 0.353125 0.0178528
23 0.444922 0.340967 0.270313 0.371191 0.00251198
1 0.446484 0.347266 0.270313 0.353125 0.00173378
25 0.446484 0.347266 0.270313 0.353125 0.00119686
12 0.446875 0.342383 0.273438 0.373047 0.967285
13 0.44541 0.348438 0.27168 0.352344 0.0187988
23 0.444531 0.341748 0.271875 0.371191 0.00276756
1 0.44541 0.348438 0.27168 0.352344 0.00161076
25 0.44541 0.348438 0.27168 0.352344 0.00108147
12 0.446777 0.342236 0.27207 0.372559 0.96582
13 0.445703 0.347852 0.270313 0.352734 0.0173035
23 0.444629 0.341406 0.27168 0.370313 0.00263214
1 0.445703 0.347852 0.270313 0.352734 0.00183105
25 0.445703 0.347852 0.270313 0.352734 0.00123978
12 0.447266 0.341992 0.271875 0.372266 0.965332
13 0.446191 0.347705 0.270117 0.353027 0.0185394
23 0.44541 0.341211 0.27168 0.370703 0.0024929
1 0.446191 0.347705 0.270117 0.353027 0.00189686
25 0.446191 0.347705 0.270117 0.353027 0.00129414
12 0.447656 0.341992 0.271094 0.371484 0.964355
13 0.446777 0.347656 0.268945 0.353125 0.0198669
23 0.445312 0.34082 0.270313 0.369922 0.00234222
1 0.446777 0.347656 0.268945 0.353125 0.00179577
25 0.446777 0.347656 0.268945 0.353125 0.00124454
12 0.448047 0.341797 0.271094 0.372656 0.966797
13 0.446875 0.34707 0.26875 0.354297 0.0200195
23 0.445703 0.340674 0.270313 0.370996 0.00235939
1 0.446875 0.34707 0.26875 0.354297 0.00188255
25 0.446875 0.34707 0.26875 0.354297 0.00126457
12 0.447559 0.341602 0.270508 0.373047 0.966797
13 0.446777 0.347266 0.268945 0.354688 0.0200958
23 0.445312 0.340674 0.270313 0.370996 0.0024147
1 0.446777 0.347266 0.268945 0.354688 0.00186062
25 0.446777 0.347266 0.268945 0.354688 0.00125504
12 0.448047 0.341748 0.271094 0.372754 0.967285
13 0.446973 0.347461 0.270117 0.354297 0.0195007
23 0.445215 0.34082 0.270508 0.370703 0.00234222
1 0.446973 0.347461 0.270117 0.354297 0.00192642
25 0.446973 0.347461 0.270117 0.354297 0.0012846
12 0.446777 0.342236 0.27207 0.372559 0.96582
13 0.445215 0.347705 0.270508 0.353027 0.0171814
23 0.444629 0.341406 0.27168 0.370313 0.00265312
1 0.445215 0.347705 0.270508 0.353027 0.00183868
25 0.445215 0.347705 0.270508 0.353027 0.00123978
