19 0.499316 0.438184 0.307617 0.298633 0.0181274
19 0.498047 0.463281 0.319531 0.432813 0.00818634
19 0.516797 0.450684 0.284375 0.217383 0.00553513
11 0.486328 0.499219 0.341406 0.379688 0.00445175
3 0.489063 0.511328 0.340625 0.342969 0.00290108
11 0.654297 0.361328 0.691406 0.660156 0.00260162
11 0.475781 0.526563 0.427344 0.454688 0.00259018
14 0.479297 0.508203 0.352344 0.358594 0.00259018
11 0.461621 0.459766 0.412695 0.45 0.00221634
11 0.567187 0.674609 0.865625 0.650781 0.00208282
20 0.489063 0.508203 0.339063 0.359375 0.00188923
2 0.489063 0.508203 0.339063 0.359375 0.00183868
14 0.475781 0.526563 0.427344 0.454688 0.00178909
11 0.464063 0.108203 0.473438 0.216406 0.0015974
11 0.457422 0.701172 0.869531 0.597656 0.00153065
9 0.472266 0.505469 0.374219 0.364844 0.00143242
0 0.489063 0.511328 0.340625 0.342969 0.00141621
3 0.475781 0.526563 0.427344 0.454688 0.00141048
5 0.461621 0.459766 0.412695 0.45 0.00141048
11 0.518652 0.588281 0.481445 0.526563 0.00140476
3 0.654297 0.349219 0.691406 0.691406 0.00135136
5 0.475781 0.526563 0.427344 0.454688 0.00133514
4 0.479297 0.508203 0.352344 0.358594 0.00133514
11 0.475 0.672266 0.95 0.655469 0.0012598
11 0.5 0.617188 1 0.765625 0.00121117
11 0.457422 0.517188 0.914844 0.965625 0.00119209
21 0.499316 0.438184 0.307617 0.298633 0.0011692
5 0.438281 0.110547 0.548438 0.221094 0.0011692
14 0.461621 0.459766 0.412695 0.45 0.00115108
5 0.517969 0.478125 0.653125 0.714063 0.00115108
19 0.473828 0.498047 0.307031 0.335156 0.00109863
11 0.726953 0.176563 0.546094 0.353125 0.00106907
19 0.117383 0.189063 0.234766 0.334375 0.00105286
7 0.438281 0.110547 0.548438 0.221094 0.00104427
11 0.596484 0.601953 0.807031 0.796094 0.00104427
17 0.489063 0.511328 0.340625 0.342969 0.00104046
11 0.517969 0.478125 0.653125 0.714063 0.00102425
9 0.538281 0.678125 0.804688 0.64375 0.00102425
4 0.509375 0.701953 0.860938 0.596094 0.00102043
1 0.472266 0.505469 0.374219 0.364844 0.00101185
22 0.477441 0.581348 0.488867 0.51543 0.94043
22 0.4625 0.623047 0.613281 0.680469 0.908691
17 0.429785 0.607422 0.557617 0.566406 0.81543
17 0.467578 0.548438 0.40625 0.44375 0.744629
17 0.405469 0.532813 0.732813 0.865625 0.737305
20 0.429785 0.607422 0.557617 0.566406 0.72168
22 0.411816 0.587109 0.762305 0.825781 0.720215
17 0.434277 0.642578 0.68457 0.713281 0.71875
22 0.485254 0.532422 0.362305 0.416406 0.554688
3 0.429785 0.607422 0.557617 0.566406 0.437744
20 0.434277 0.642578 0.68457 0.713281 0.40918
20 0.467578 0.548438 0.40625 0.44375 0.332764
17 0.516016 0.58125 0.442188 0.534375 0.320068
20 0.405469 0.532813 0.732813 0.865625 0.317383
22 0.120313 0.229297 0.240625 0.458594 0.2854
17 0.408594 0.617188 0.779688 0.765625 0.235107
14 0.467578 0.548438 0.40625 0.44375 0.225464
17 0.109961 0.219922 0.219922 0.439844 0.178345
3 0.434277 0.642578 0.68457 0.713281 0.174438
22 0.381641 0.642578 0.638281 0.714844 0.174438
3 0.405469 0.532813 0.732813 0.865625 0.171021
22 0.109668 0.244727 0.219336 0.489453 0.163452
3 0.485254 0.532422 0.362305 0.416406 0.149536
25 0.485254 0.532422 0.362305 0.416406 0.14563
22 0.525391 0.572559 0.477344 0.718945 0.143677
22 0.479688 0.668945 0.717188 0.662109 0.140869
14 0.405469 0.532813 0.732813 0.865625 0.138916
14 0.429785 0.607422 0.557617 0.566406 0.133911
17 0.473438 0.686914 0.807813 0.626172 0.129883
17 0.740234 0.419531 0.519531 0.839063 0.128052
20 0.516016 0.58125 0.442188 0.534375 0.122131
25 0.477441 0.581348 0.488867 0.51543 0.113586
17 0.383594 0.544629 0.59375 0.538867 0.104492
11 0.429785 0.607422 0.557617 0.566406 0.0943604
17 0.356641 0.438281 0.713281 0.876563 0.0897827
14 0.4875 0.514063 0.345313 0.3625 0.0823975
8 0.405469 0.532813 0.732813 0.865625 0.0794678
22 0.367578 0.470313 0.735156 0.91875 0.0783691
22 0.759766 0.403125 0.480469 0.80625 0.0778198
17 0.768555 0.364844 0.462891 0.729688 0.076416
14 0.434277 0.642578 0.68457 0.713281 0.0755615
11 0.434277 0.642578 0.68457 0.713281 0.0745239
1 0.429785 0.607422 0.557617 0.566406 0.0646362
17 0.4875 0.514063 0.345313 0.3625 0.0616455
10 0.429785 0.607422 0.557617 0.566406 0.0598755
3 0.516016 0.58125 0.442188 0.534375 0.0560303
17 0.115234 0.305273 0.230469 0.610547 0.0558167
10 0.467578 0.548438 0.40625 0.44375 0.0558167
22 0.808398 0.310156 0.383203 0.620313 0.0518494
10 0.405469 0.532813 0.732813 0.865625 0.0514526
9 0.429785 0.607422 0.557617 0.566406 0.0467224
1 0.411816 0.587109 0.762305 0.825781 0.0467224
11 0.405469 0.532813 0.732813 0.865625 0.0451965
8 0.429785 0.607422 0.557617 0.566406 0.041626
17 0.528516 0.732813 0.786719 0.534375 0.0411377
22 0.561621 0.711719 0.773633 0.576563 0.0405273
0 0.485254 0.532422 0.362305 0.416406 0.0389099
13 0.411816 0.587109 0.762305 0.825781 0.0386047
17 0.525391 0.572559 0.477344 0.718945 0.0372009
8 0.467578 0.548438 0.40625 0.44375 0.0368958
22 0.383594 0.544629 0.59375 0.538867 0.0359497
20 0.408594 0.617188 0.779688 0.765625 0.0347595
20 0.109668 0.244727 0.219336 0.489453 0.0343628
17 0.370313 0.655469 0.740625 0.689063 0.0339661
22 0.149512 0.298633 0.299023 0.597266 0.0319824
22 0.884766 0.264062 0.230469 0.528125 0.0311432
17 0.884766 0.264062 0.230469 0.528125 0.0289764
13 0.429785 0.607422 0.557617 0.566406 0.0281067
22 0.532031 0.451465 0.449219 0.729883 0.0280151
1 0.109668 0.244727 0.219336 0.489453 0.0275269
25 0.4625 0.623047 0.613281 0.680469 0.0272675
9 0.434277 0.642578 0.68457 0.713281 0.0262604
20 0.473438 0.686914 0.807813 0.626172 0.0261536
19 0.491797 0.436328 0.299219 0.43125 0.026062
8 0.434277 0.642578 0.68457 0.713281 0.026062
3 0.109668 0.244727 0.219336 0.489453 0.0258636
2 0.467578 0.548438 0.40625 0.44375 0.0257568
20 0.383594 0.544629 0.59375 0.538867 0.0249939
14 0.383594 0.544629 0.59375 0.538867 0.024704
17 0.514844 0.683789 0.570312 0.632422 0.0243378
1 0.473438 0.686914 0.807813 0.626172 0.0239563
17 0.44209 0.267773 0.776758 0.535547 0.0224609
22 0.736328 0.482422 0.527344 0.914844 0.02211
10 0.434277 0.642578 0.68457 0.713281 0.0219421
22 0.669141 0.423438 0.661719 0.846875 0.0213623
22 0.120508 0.349609 0.241016 0.699219 0.0210419
1 0.392871 0.270313 0.762695 0.540625 0.0204926
17 0.119043 0.205664 0.238086 0.411328 0.0204926
13 0.383594 0.544629 0.59375 0.538867 0.0199432
22 0.370313 0.655469 0.740625 0.689063 0.0199432
3 0.383594 0.544629 0.59375 0.538867 0.0198669
3 0.408594 0.617188 0.779688 0.765625 0.0197144
3 0.120313 0.229297 0.240625 0.458594 0.0189056
16 0.485254 0.532422 0.362305 0.416406 0.0189056
14 0.408594 0.617188 0.779688 0.765625 0.0189056
11 0.485254 0.532422 0.362305 0.416406 0.0185394
14 0.516016 0.58125 0.442188 0.534375 0.0183411
22 0.501172 0.665625 0.550781 0.66875 0.0178528
21 0.491797 0.436328 0.299219 0.43125 0.0177155
17 0.666016 0.394531 0.667969 0.789062 0.0176392
20 0.356641 0.438281 0.713281 0.876563 0.0175781
22 0.348047 0.389062 0.696094 0.778125 0.0171051
19 0.907031 0.18667 0.185938 0.344629 0.016922
22 0.90625 0.240234 0.1875 0.480469 0.016922
24 0.4625 0.623047 0.613281 0.680469 0.0166626
22 0.44209 0.267773 0.776758 0.535547 0.0165863
0 0.386621 0.519141 0.662695 0.732031 0.0165253
17 0.600879 0.711328 0.623242 0.577344 0.0164032
17 0.532031 0.451465 0.449219 0.729883 0.0159607
1 0.467578 0.548438 0.40625 0.44375 0.0156708
22 0.722852 0.37168 0.554297 0.743359 0.0156021
11 0.516016 0.58125 0.442188 0.534375 0.0156021
1 0.738672 0.442969 0.522656 0.885938 0.0155411
1 0.381641 0.642578 0.638281 0.714844 0.0153656
13 0.361719 0.435156 0.723437 0.870313 0.0151291
16 0.477441 0.581348 0.488867 0.51543 0.0150146
14 0.473438 0.686914 0.807813 0.626172 0.0149536
1 0.357422 0.474219 0.714844 0.903125 0.0147324
21 0.901563 0.245117 0.196875 0.409766 0.0146179
22 0.574609 0.517188 0.564844 0.871875 0.0145035
3 0.473438 0.686914 0.807813 0.626172 0.014389
14 0.44209 0.267773 0.776758 0.535547 0.014061
13 0.467578 0.548438 0.40625 0.44375 0.0135345
1 0.392969 0.656836 0.785937 0.686328 0.0135345
14 0.356641 0.438281 0.713281 0.876563 0.0134811
17 0.149512 0.298633 0.299023 0.597266 0.0133743
19 0.238086 0.792969 0.335547 0.367188 0.0132751
3 0.768555 0.364844 0.462891 0.729688 0.0131226
22 0.600879 0.711328 0.623242 0.577344 0.0130234
2 0.429785 0.607422 0.557617 0.566406 0.01297
1 0.120508 0.349609 0.241016 0.699219 0.012291
25 0.405469 0.532813 0.732813 0.865625 0.0121002
5 0.434277 0.642578 0.68457 0.713281 0.0121002
21 0.117969 0.203125 0.235938 0.35625 0.0120544
16 0.386621 0.519141 0.662695 0.732031 0.0117798
9 0.405469 0.532813 0.732813 0.865625 0.0116882
17 0.7125 0.531641 0.575 0.927344 0.0115051
17 0.428125 0.182617 0.607813 0.365234 0.011467
20 0.740234 0.419531 0.519531 0.839063 0.0114212
5 0.429785 0.607422 0.557617 0.566406 0.0112915
22 0.598047 0.338672 0.803906 0.677344 0.0112457
1 0.768555 0.364844 0.462891 0.729688 0.0111618
17 0.598047 0.338672 0.803906 0.677344 0.0109863
13 0.44209 0.267773 0.776758 0.535547 0.0109024
0 0.429785 0.607422 0.557617 0.566406 0.0107346
21 0.90625 0.189844 0.1875 0.379688 0.0106964
20 0.392871 0.270313 0.762695 0.540625 0.0106506
1 0.593359 0.720313 0.742969 0.559375 0.0106506
17 0.90625 0.240234 0.1875 0.480469 0.0103683
16 0.383594 0.544629 0.59375 0.538867 0.0103302
24 0.477441 0.581348 0.488867 0.51543 0.0102463
5 0.405469 0.532813 0.732813 0.865625 0.0102081
3 0.740234 0.419531 0.519531 0.839063 0.00971222
2 0.386621 0.519141 0.662695 0.732031 0.00967407
14 0.740234 0.419531 0.519531 0.839063 0.00955963
20 0.370313 0.655469 0.740625 0.689063 0.00948334
20 0.4875 0.514063 0.345313 0.3625 0.00937653
8 0.408594 0.617188 0.779688 0.765625 0.00933838
13 0.528125 0.707422 0.79375 0.585156 0.00926971
22 0.416406 0.70625 0.832812 0.5875 0.00908661
20 0.768555 0.364844 0.462891 0.729688 0.00898743
17 0.489063 0.394531 0.81875 0.789062 0.00881195
3 0.356641 0.438281 0.713281 0.876563 0.00878143
13 0.516016 0.58125 0.442188 0.534375 0.00878143
13 0.342578 0.679883 0.685156 0.640234 0.00874329
11 0.109668 0.244727 0.219336 0.489453 0.00844574
17 0.4625 0.435937 0.628125 0.871875 0.00844574
20 0.528516 0.732813 0.786719 0.534375 0.00844574
20 0.120313 0.229297 0.240625 0.458594 0.00841522
14 0.109668 0.244727 0.219336 0.489453 0.00837708
21 0.485254 0.532422 0.362305 0.416406 0.00837708
17 0.496094 0.294922 0.560938 0.589844 0.00831604
14 0.370313 0.655469 0.740625 0.689063 0.00818634
17 0.337695 0.390625 0.675391 0.78125 0.00812531
1 0.692578 0.395313 0.614844 0.790625 0.00812531
14 0.532031 0.451465 0.449219 0.729883 0.00800323
22 0.381348 0.438281 0.607617 0.876563 0.00793457
17 0.4 0.331836 0.8 0.663672 0.00790405
19 0.117969 0.203125 0.235938 0.35625 0.00787354
3 0.884766 0.264062 0.230469 0.528125 0.00784302
17 0.574609 0.517188 0.564844 0.871875 0.0078125
20 0.525391 0.572559 0.477344 0.718945 0.0078125
19 0.901563 0.245117 0.196875 0.409766 0.00772476
22 0.496094 0.294922 0.560938 0.589844 0.00766754
11 0.408594 0.617188 0.779688 0.765625 0.00763702
14 0.528516 0.732813 0.786719 0.534375 0.00763702
1 0.381348 0.438281 0.607617 0.876563 0.00751877
0 0.109961 0.219922 0.219922 0.439844 0.00748825
22 0.449219 0.385938 0.840625 0.771875 0.00748825
13 0.738672 0.442969 0.522656 0.885938 0.00743103
3 0.120508 0.349609 0.241016 0.699219 0.00740433
1 0.315625 0.680078 0.63125 0.639844 0.00740433
13 0.398438 0.658594 0.796875 0.682813 0.00737381
3 0.44209 0.267773 0.776758 0.535547 0.00728989
17 0.725391 0.345703 0.549219 0.691406 0.00728989
20 0.120508 0.349609 0.241016 0.699219 0.00712204
17 0.3375 0.520312 0.675 0.910937 0.00669098
14 0.428125 0.182617 0.607813 0.365234 0.00664139
1 0.383594 0.544629 0.59375 0.538867 0.00664139
25 0.121094 0.212891 0.242188 0.425781 0.00658798
10 0.115234 0.305273 0.230469 0.610547 0.00658798
8 0.109668 0.244727 0.219336 0.489453 0.00658798
22 0.653125 0.530078 0.69375 0.921094 0.00658798
20 0.532031 0.451465 0.449219 0.729883 0.0064621
1 0.373047 0.389844 0.746094 0.779688 0.00643921
17 0.548438 0.642188 0.498437 0.715625 0.00638962
11 0.120508 0.349609 0.241016 0.699219 0.00629044
1 0.553906 0.391016 0.84375 0.782031 0.00629044
11 0.37207 0.410938 0.646484 0.821875 0.00629044
13 0.4875 0.514063 0.345313 0.3625 0.00624084
1 0.884766 0.264062 0.230469 0.528125 0.00619125
13 0.50459 0.598437 0.539258 0.717188 0.00619125
17 0.6375 0.475781 0.725 0.904688 0.00614548
1 0.689453 0.530469 0.621094 0.921875 0.00612259
17 0.743359 0.654688 0.513281 0.690625 0.00612259
0 0.532031 0.451465 0.449219 0.729883 0.00605011
3 0.593359 0.720313 0.742969 0.559375 0.00602722
4 0.405469 0.532813 0.732813 0.865625 0.00595856
1 0.503125 0.759375 0.815625 0.48125 0.00591278
14 0.120508 0.349609 0.241016 0.699219 0.005867
16 0.710547 0.816406 0.574219 0.367188 0.00577545
3 0.525391 0.572559 0.477344 0.718945 0.00570679
13 0.120508 0.349609 0.241016 0.699219 0.00564194
1 0.342187 0.607031 0.684375 0.785937 0.00564194
22 0.4 0.331836 0.8 0.663672 0.00559998
5 0.4875 0.514063 0.345313 0.3625 0.00559998
2 0.516016 0.58125 0.442188 0.534375 0.00559998
13 0.371875 0.607422 0.74375 0.785156 0.0055542
1 0.514844 0.683789 0.570312 0.632422 0.0055542
8 0.383594 0.544629 0.59375 0.538867 0.00547028
21 0.899219 0.317969 0.201563 0.420312 0.00536346
22 0.503125 0.759375 0.815625 0.48125 0.00536346
1 0.630469 0.446484 0.739062 0.892969 0.00534439
17 0.717383 0.610938 0.565234 0.778125 0.00527954
17 0.396094 0.708984 0.792188 0.582031 0.0051384
19 0.417188 0.103906 0.35 0.207813 0.00508118
0 0.440625 0.210156 0.739062 0.420312 0.00508118
2 0.109668 0.244727 0.219336 0.489453 0.0050621
1 0.422266 0.348242 0.844531 0.696484 0.0050621
3 0.532031 0.451465 0.449219 0.729883 0.0050621
22 0.573047 0.425781 0.699219 0.851562 0.00502014
16 0.748438 0.9125 0.485938 0.175 0.00498199
10 0.408594 0.617188 0.779688 0.765625 0.00492477
1 0.120313 0.229297 0.240625 0.458594 0.0049057
25 0.383594 0.544629 0.59375 0.538867 0.0049057
11 0.768555 0.364844 0.462891 0.729688 0.00486755
11 0.456934 0.25625 0.67832 0.5125 0.00482941
11 0.593359 0.720313 0.742969 0.559375 0.00482941
19 0.493359 0.450391 0.290625 0.278906 0.00479126
3 0.149512 0.298633 0.299023 0.597266 0.00479126
22 0.743359 0.654688 0.513281 0.690625 0.00479126
1 0.527441 0.427344 0.479492 0.854688 0.00475693
21 0.238086 0.792969 0.335547 0.367188 0.00466537
16 0.4625 0.623047 0.613281 0.680469 0.0046463
11 0.473438 0.686914 0.807813 0.626172 0.0046463
14 0.111133 0.206836 0.222266 0.413672 0.00460815
22 0.428125 0.182617 0.607813 0.365234 0.0045929
8 0.44209 0.267773 0.776758 0.535547 0.00457382
10 0.740234 0.419531 0.519531 0.839063 0.00457382
14 0.760547 0.912109 0.469531 0.175781 0.00453949
19 0.478906 0.495313 0.28125 0.379688 0.00450516
0 0.392578 0.46875 0.780469 0.915625 0.00448608
13 0.651953 0.760938 0.696094 0.478125 0.00446701
2 0.4875 0.514063 0.345313 0.3625 0.00445175
13 0.3375 0.520312 0.675 0.910937 0.00441742
14 0.768555 0.364844 0.462891 0.729688 0.00439835
2 0.434277 0.642578 0.68457 0.713281 0.00439835
10 0.768555 0.364844 0.462891 0.729688 0.00438309
13 0.745898 0.365039 0.508203 0.730078 0.00436401
17 0.285547 0.658594 0.571094 0.682813 0.00432968
3 0.370313 0.655469 0.740625 0.689063 0.00432968
13 0.532031 0.451465 0.449219 0.729883 0.00431442
11 0.383594 0.544629 0.59375 0.538867 0.00429916
22 0.339258 0.555859 0.678516 0.888281 0.00429916
13 0.109668 0.244727 0.219336 0.489453 0.00428009
11 0.532031 0.451465 0.449219 0.729883 0.00426483
22 0.713086 0.589063 0.573828 0.821875 0.0042305
21 0.478906 0.495313 0.28125 0.379688 0.00421524
1 0.73125 0.570312 0.5375 0.859375 0.00419998
13 0.630469 0.446484 0.739062 0.892969 0.00416565
3 0.514844 0.683789 0.570312 0.632422 0.00416565
11 0.760547 0.912109 0.469531 0.175781 0.00416565
1 0.749219 0.686328 0.501563 0.627344 0.00415039
0 0.115234 0.305273 0.230469 0.610547 0.00413513
1 0.496094 0.294922 0.560938 0.589844 0.00411606
10 0.383594 0.544629 0.59375 0.538867 0.0041008
16 0.456934 0.25625 0.67832 0.5125 0.00407028
8 0.740234 0.419531 0.519531 0.839063 0.00403976
21 0.516016 0.58125 0.442188 0.534375 0.00400543
22 0.838672 0.774609 0.322656 0.450781 0.00400543
20 0.884766 0.264062 0.230469 0.528125 0.00399017
1 0.644531 0.340039 0.710938 0.680078 0.0039444
14 0.710547 0.816406 0.574219 0.367188 0.0039444
8 0.430469 0.683789 0.809375 0.632422 0.00391388
5 0.467578 0.548438 0.40625 0.44375 0.00385475
24 0.485254 0.532422 0.362305 0.416406 0.00379562
16 0.392578 0.46875 0.780469 0.915625 0.00378036
14 0.3375 0.520312 0.675 0.910937 0.00376511
1 0.428125 0.182617 0.607813 0.365234 0.0037365
17 0.137109 0.392188 0.274219 0.784375 0.0037365
19 0.511035 0.408594 0.35293 0.38125 0.0492249
21 0.113086 0.203125 0.226172 0.372656 0.0263519
19 0.117969 0.229687 0.235938 0.346875 0.0109482
16 0.511035 0.408594 0.35293 0.38125 0.00878143
19 0.528125 0.502246 0.349219 0.343945 0.0068512
19 0.5 0.479688 0.373437 0.440625 0.00379562
21 0.511719 0.402441 0.355469 0.368555 0.00352478
21 0.521191 0.501172 0.373242 0.384375 0.00346947
16 0.499316 0.492188 0.368555 0.36875 0.00332451
12 0.410059 0.438379 0.679883 0.760742 0.00294685
19 0.120703 0.289893 0.241406 0.369434 0.00270462
16 0.524902 0.528125 0.312695 0.317969 0.00248146
12 0.414062 0.5 0.490625 0.423438 0.00245285
1 0.106445 0.224609 0.212891 0.441406 0.00236893
13 0.113086 0.203125 0.226172 0.372656 0.00219154
1 0.414062 0.5 0.490625 0.423438 0.00211525
17 0.111523 0.210742 0.223047 0.404297 0.00193405
12 0.476562 0.517188 0.825 0.845313 0.00190449
1 0.396094 0.39375 0.607031 0.74375 0.00188923
22 0.115625 0.258203 0.23125 0.480469 0.00188255
21 0.120703 0.289893 0.241406 0.369434 0.0018177
16 0.527441 0.0880859 0.451367 0.176172 0.00166798
12 0.305469 0.68252 0.610938 0.634961 0.00162315
1 0.117676 0.275 0.235352 0.476562 0.00154877
17 0.414062 0.5 0.490625 0.423438 0.00152493
12 0.137305 0.286719 0.274609 0.573438 0.00150108
19 0.109766 0.185156 0.219531 0.3375 0.00144386
13 0.410059 0.438379 0.679883 0.760742 0.00132465
1 0.295508 0.678516 0.591016 0.642969 0.00129986
12 0.106445 0.224609 0.212891 0.441406 0.0012846
17 0.117676 0.275 0.235352 0.476562 0.0012846
11 0.305469 0.68252 0.610938 0.634961 0.00127888
13 0.414062 0.5 0.490625 0.423438 0.00127411
12 0.395313 0.425 0.555469 0.597656 0.00123501
1 0.430078 0.476953 0.825781 0.861719 0.0012064
12 0.397754 0.604688 0.743555 0.790625 0.00118351
12 0.103906 0.212695 0.207813 0.425391 0.00117874
16 0.414062 0.5 0.490625 0.423438 0.00113773
12 0.357031 0.667969 0.714063 0.664062 0.0011158
13 0.476562 0.517188 0.825 0.845313 0.00111198
16 0.567969 0.0724121 0.426563 0.144824 0.00110722
19 0.100586 0.121875 0.201172 0.24375 0.0011034
13 0.521191 0.501172 0.373242 0.384375 0.0011034
22 0.102148 0.208203 0.204297 0.416406 0.00108624
13 0.122461 0.253906 0.244922 0.321875 0.00108147
12 0.278906 0.617188 0.50625 0.765625 0.00107288
13 0.305469 0.68252 0.610938 0.634961 0.00106525
1 0.118359 0.19375 0.236719 0.3875 0.00105286
11 0.410059 0.438379 0.679883 0.760742 0.00104046
4 0.414062 0.5 0.490625 0.423438 0.00101662
12 0.456641 0.505469 0.560938 0.678125 0.00101185
12 0.273242 0.360352 0.546484 0.720703 0.00100803
12 0.252539 0.697266 0.505078 0.605469 0.00100422
19 0.506934 0.403125 0.30332 0.43125 0.081543
16 0.533203 0.53125 0.396875 0.328125 0.0775146
19 0.63125 0.781445 0.290625 0.387109 0.0305634
13 0.530566 0.526172 0.379492 0.335938 0.0205688
24 0.516504 0.529004 0.401367 0.331055 0.0184784
20 0.533203 0.53125 0.396875 0.328125 0.0163422
19 0.49209 0.473828 0.308008 0.428906 0.0154877
11 0.531152 0.528516 0.370508 0.334375 0.0149536
6 0.516504 0.529004 0.401367 0.331055 0.0148392
19 0.470313 0.680859 0.285938 0.382031 0.0146179
9 0.533203 0.53125 0.396875 0.328125 0.0119629
21 0.63125 0.781445 0.290625 0.387109 0.0119171
12 0.529004 0.529688 0.366992 0.329688 0.0115051
5 0.533203 0.53125 0.396875 0.328125 0.0106506
1 0.529004 0.529688 0.366992 0.329688 0.0100937
3 0.529004 0.529688 0.366992 0.329688 0.00937653
14 0.529004 0.529688 0.366992 0.329688 0.0088501
18 0.530566 0.526172 0.379492 0.335938 0.00874329
4 0.529004 0.529688 0.366992 0.329688 0.00828552
0 0.523438 0.528223 0.342969 0.33418 0.00812531
19 0.530566 0.526172 0.379492 0.335938 0.0077858
19 0.444629 0.752734 0.29668 0.397656 0.00757599
21 0.506934 0.403125 0.30332 0.43125 0.00737381
25 0.531152 0.528516 0.370508 0.334375 0.00671768
23 0.516504 0.529004 0.401367 0.331055 0.00643921
17 0.533203 0.53125 0.396875 0.328125 0.00605011
22 0.533203 0.53125 0.396875 0.328125 0.00577545
2 0.523438 0.528223 0.342969 0.33418 0.00564194
21 0.470313 0.680859 0.285938 0.382031 0.00530243
1 0.557715 0.455566 0.46582 0.491992 0.00508118
13 0.557715 0.455566 0.46582 0.491992 0.00508118
21 0.494922 0.476562 0.315625 0.44375 0.00471878
0 0.546777 0.504687 0.411133 0.407813 0.00462723
21 0.516504 0.529004 0.401367 0.331055 0.00457382
11 0.533691 0.526953 0.420117 0.422656 0.00453949
8 0.536816 0.522266 0.373242 0.339844 0.00443268
19 0.103516 0.161133 0.207031 0.322266 0.00376511
13 0.63125 0.781445 0.290625 0.387109 0.00342941
12 0.557715 0.455566 0.46582 0.491992 0.00327301
11 0.557715 0.455566 0.46582 0.491992 0.00324821
16 0.557715 0.455566 0.46582 0.491992 0.00304031
7 0.516504 0.529004 0.401367 0.331055 0.00298119
19 0.113184 0.186523 0.226367 0.373047 0.00294685
2 0.546777 0.504687 0.411133 0.407813 0.00293541
19 0.530469 0.503027 0.292188 0.361133 0.00288963
21 0.112402 0.181836 0.224805 0.363672 0.00266266
13 0.506934 0.403125 0.30332 0.43125 0.00257111
19 0.641406 0.735156 0.235938 0.340625 0.0024929
4 0.557715 0.455566 0.46582 0.491992 0.0024929
15 0.531152 0.528516 0.370508 0.334375 0.00245285
4 0.533691 0.526953 0.420117 0.422656 0.00244331
18 0.557715 0.455566 0.46582 0.491992 0.0024147
12 0.512402 0.38125 0.545508 0.710938 0.00226974
13 0.530469 0.503027 0.292188 0.361133 0.00203514
14 0.557715 0.455566 0.46582 0.491992 0.00201988
16 0.4625 0.53125 0.378906 0.34375 0.00192642
19 0.617969 0.825977 0.3 0.348047 0.00191212
12 0.49541 0.502344 0.48418 0.386719 0.00185299
10 0.529004 0.529688 0.366992 0.329688 0.00176811
21 0.444629 0.752734 0.29668 0.397656 0.00176144
0 0.668262 0.407031 0.663477 0.622656 0.00173378
1 0.567578 0.371484 0.502344 0.742969 0.00172043
25 0.533691 0.526953 0.420117 0.422656 0.00169373
12 0.607031 0.698047 0.717188 0.603906 0.00168133
13 0.567578 0.371484 0.502344 0.742969 0.00167465
13 0.494922 0.476562 0.315625 0.44375 0.0016613
6 0.503906 0.600391 0.479688 0.528906 0.00165462
13 0.49541 0.502344 0.48418 0.386719 0.00161648
12 0.507812 0.707422 0.571875 0.585156 0.00161076
12 0.668262 0.407031 0.663477 0.622656 0.00153065
15 0.533691 0.526953 0.420117 0.422656 0.00148964
14 0.533691 0.526953 0.420117 0.422656 0.00146675
3 0.557715 0.455566 0.46582 0.491992 0.00142097
1 0.621484 0.781445 0.289062 0.412109 0.00141621
15 0.557715 0.455566 0.46582 0.491992 0.00141048
12 0.573047 0.748047 0.438281 0.503906 0.00140476
11 0.668262 0.407031 0.663477 0.622656 0.00138855
1 0.453223 0.723047 0.337305 0.466406 0.00138855
20 0.557715 0.455566 0.46582 0.491992 0.00138283
12 0.438379 0.730469 0.33418 0.459375 0.00137234
12 0.472656 0.408203 0.810938 0.816406 0.00135136
13 0.573047 0.748047 0.438281 0.503906 0.00131512
8 0.557715 0.455566 0.46582 0.491992 0.00130463
13 0.507812 0.707422 0.571875 0.585156 0.00127888
16 0.524219 0.551172 0.430469 0.445312 0.00127411
6 0.447559 0.53125 0.331445 0.322656 0.0012598
12 0.604688 0.736719 0.325781 0.440625 0.00125504
12 0.477734 0.651172 0.430469 0.561719 0.00123978
2 0.668262 0.407031 0.663477 0.622656 0.00123501
1 0.442578 0.645312 0.346094 0.504687 0.00121117
14 0.668262 0.407031 0.663477 0.622656 0.0012064
9 0.4625 0.53125 0.378906 0.34375 0.00119686
12 0.46709 0.765625 0.41582 0.46875 0.00118351
21 0.642969 0.714844 0.264062 0.360938 0.00117874
4 0.4625 0.53125 0.378906 0.34375 0.00117397
1 0.507812 0.707422 0.571875 0.585156 0.0011425
13 0.457813 0.726562 0.303125 0.415625 0.00112057
15 0.668262 0.407031 0.663477 0.622656 0.00112057
12 0.450684 0.462402 0.501758 0.476758 0.0011158
1 0.668262 0.407031 0.663477 0.622656 0.00111198
13 0.668262 0.407031 0.663477 0.622656 0.00100803
19 0.108984 0.197998 0.217969 0.350879 0.0720825
21 0.10918 0.173633 0.218359 0.347266 0.0637207
24 0.413672 0.444531 0.649219 0.522656 0.0469055
24 0.481641 0.109668 0.466406 0.219336 0.0380249
12 0.126855 0.204297 0.253711 0.408594 0.0362244
7 0.481641 0.109668 0.466406 0.219336 0.0327148
12 0.411035 0.492578 0.649805 0.435156 0.024704
1 0.109766 0.205664 0.219531 0.370703 0.0232391
19 0.104883 0.157715 0.209766 0.31543 0.0223694
12 0.109766 0.205664 0.219531 0.370703 0.0213623
6 0.413672 0.444531 0.649219 0.522656 0.0210419
13 0.126855 0.204297 0.253711 0.408594 0.0204926
19 0.510156 0.444629 0.275 0.220117 0.0173798
17 0.108301 0.194922 0.216602 0.389844 0.0172424
13 0.434766 0.478906 0.708594 0.475 0.0171814
6 0.481641 0.109668 0.466406 0.219336 0.0166626
13 0.109766 0.205664 0.219531 0.370703 0.0151901
7 0.413672 0.444531 0.649219 0.522656 0.0149536
18 0.481641 0.109668 0.466406 0.219336 0.0145569
24 0.476953 0.540625 0.453906 0.314063 0.0136871
11 0.469531 0.11123 0.482031 0.222461 0.0131683
22 0.108301 0.194922 0.216602 0.389844 0.0109863
11 0.411035 0.492578 0.649805 0.435156 0.0105667
16 0.447266 0.428027 0.585938 0.550195 0.01017
12 0.16582 0.249805 0.331641 0.499609 0.00993347
24 0.515234 0.560938 0.398438 0.257812 0.00912476
14 0.469531 0.11123 0.482031 0.222461 0.00706482
1 0.126855 0.204297 0.253711 0.408594 0.00679779
23 0.481641 0.109668 0.466406 0.219336 0.00674438
11 0.447266 0.428027 0.585938 0.550195 0.00671768
6 0.476953 0.540625 0.453906 0.314063 0.00626373
3 0.108301 0.194922 0.216602 0.389844 0.00575256
16 0.115918 0.201611 0.231836 0.384277 0.00575256
9 0.478516 0.100391 0.441406 0.200781 0.00572968
16 0.411035 0.492578 0.649805 0.435156 0.00559998
24 0.418359 0.516406 0.600781 0.376563 0.00519943
6 0.515234 0.560938 0.398438 0.257812 0.00516129
9 0.413672 0.444531 0.649219 0.522656 0.00511932
19 0.513281 0.391016 0.299219 0.357812 0.00510025
20 0.109766 0.205664 0.219531 0.370703 0.00477219
9 0.476953 0.540625 0.453906 0.314063 0.00473785
15 0.481641 0.109668 0.466406 0.219336 0.00455475
13 0.489063 0.484375 0.485938 0.449219 0.00445175
4 0.126855 0.204297 0.253711 0.408594 0.00443268
11 0.126855 0.204297 0.253711 0.408594 0.00439835
13 0.447266 0.428027 0.585938 0.550195 0.00431442
13 0.485156 0.113867 0.521875 0.227734 0.00416565
15 0.411035 0.492578 0.649805 0.435156 0.00416565
2 0.469531 0.11123 0.482031 0.222461 0.00397491
16 0.126367 0.203711 0.252734 0.407422 0.00382423
8 0.108301 0.194922 0.216602 0.389844 0.00378036
16 0.515234 0.560938 0.398438 0.257812 0.00374985
19 0.411035 0.492578 0.649805 0.435156 0.00366402
25 0.10791 0.196484 0.21582 0.392969 0.00358009
12 0.364844 0.435059 0.729688 0.64707 0.00351143
16 0.481641 0.109668 0.466406 0.219336 0.00340271
4 0.411035 0.492578 0.649805 0.435156 0.00340271
21 0.0987305 0.120898 0.197461 0.241797 0.00331116
12 0.499609 0.504297 0.458594 0.436719 0.00321007
1 0.448047 0.5125 0.574219 0.432813 0.00319672
16 0.476953 0.540625 0.453906 0.314063 0.00317192
4 0.481641 0.109668 0.466406 0.219336 0.00309944
12 0.447266 0.428027 0.585938 0.550195 0.0030632
9 0.515234 0.560938 0.398438 0.257812 0.00302696
0 0.469531 0.11123 0.482031 0.222461 0.00300407
17 0.120703 0.200781 0.241406 0.401563 0.00300407
6 0.418359 0.516406 0.600781 0.376563 0.00300407
23 0.413672 0.444531 0.649219 0.522656 0.00300407
11 0.115918 0.201611 0.231836 0.384277 0.00292397
5 0.126855 0.204297 0.253711 0.408594 0.00288963
5 0.109766 0.205664 0.219531 0.370703 0.0027256
4 0.109766 0.205664 0.219531 0.370703 0.0026722
14 0.423438 0.52041 0.610938 0.42168 0.00261116
19 0.476172 0.113867 0.490625 0.227734 0.00253105
17 0.448047 0.5125 0.574219 0.432813 0.00253105
13 0.418359 0.516406 0.600781 0.376563 0.00253105
12 0.154492 0.228516 0.308984 0.457031 0.0024929
12 0.578906 0.235156 0.840625 0.470313 0.00243378
12 0.594434 0.197852 0.69082 0.395703 0.00242424
2 0.108301 0.194922 0.216602 0.389844 0.00239754
19 0.447266 0.428027 0.585938 0.550195 0.00239754
18 0.413672 0.444531 0.649219 0.522656 0.00234222
19 0.126855 0.204297 0.253711 0.408594 0.00223351
16 0.107715 0.239258 0.21543 0.294922 0.00219154
9 0.109766 0.205664 0.219531 0.370703 0.00218201
19 0.493359 0.488672 0.302344 0.404687 0.00214958
19 0.473535 0.432422 0.22793 0.219531 0.00214005
13 0.16582 0.249805 0.331641 0.499609 0.00213242
7 0.418359 0.516406 0.600781 0.376563 0.00213242
10 0.108301 0.194922 0.216602 0.389844 0.00206757
22 0.120703 0.200781 0.241406 0.401563 0.00196457
6 0.109766 0.205664 0.219531 0.370703 0.00191212
3 0.126855 0.204297 0.253711 0.408594 0.00188255
14 0.108301 0.194922 0.216602 0.389844 0.00183868
15 0.447266 0.428027 0.585938 0.550195 0.00181007
6 0.489063 0.484375 0.485938 0.449219 0.0018034
0 0.10791 0.190625 0.21582 0.38125 0.00178909
12 0.315234 0.31875 0.630469 0.6375 0.0017271
13 0.594434 0.197852 0.69082 0.395703 0.00167465
5 0.411035 0.492578 0.649805 0.435156 0.00162315
20 0.413672 0.444531 0.649219 0.522656 0.00161076
2 0.448047 0.5125 0.574219 0.432813 0.00158501
12 0.485156 0.113867 0.521875 0.227734 0.00157928
17 0.107715 0.239258 0.21543 0.294922 0.00156689
13 0.364844 0.435059 0.729688 0.64707 0.0015192
14 0.120703 0.200781 0.241406 0.401563 0.00148392
7 0.476953 0.540625 0.453906 0.314063 0.00145531
3 0.423438 0.52041 0.610938 0.42168 0.00138855
1 0.469531 0.11123 0.482031 0.222461 0.00135612
2 0.413672 0.444531 0.649219 0.522656 0.00135612
11 0.107715 0.239258 0.21543 0.294922 0.00134087
20 0.448047 0.5125 0.574219 0.432813 0.00132465
5 0.481641 0.109668 0.466406 0.219336 0.00129414
20 0.126855 0.204297 0.253711 0.408594 0.00128937
20 0.469531 0.11123 0.482031 0.222461 0.0012846
2 0.476953 0.540625 0.453906 0.314063 0.00127888
1 0.52666 0.472656 0.49043 0.45625 0.00126934
8 0.120703 0.200781 0.241406 0.401563 0.00126457
12 0.226562 0.257422 0.453125 0.514844 0.0012598
12 0.574121 0.191797 0.551758 0.383594 0.00124931
0 0.507031 0.169531 0.453125 0.339063 0.00123501
12 0.588672 0.527344 0.822656 0.940625 0.00122547
22 0.107715 0.239258 0.21543 0.294922 0.00121593
19 0.528906 0.513281 0.278125 0.349219 0.00119209
19 0.575781 0.528516 0.295312 0.332031 0.0011692
25 0.448047 0.5125 0.574219 0.432813 0.00116539
23 0.115918 0.201611 0.231836 0.384277 0.00116062
24 0.126367 0.203711 0.252734 0.407422 0.00115585
23 0.476953 0.540625 0.453906 0.314063 0.00115108
7 0.515234 0.560938 0.398438 0.257812 0.00115108
16 0.499609 0.504297 0.458594 0.436719 0.00114727
17 0.52666 0.472656 0.49043 0.45625 0.00113773
13 0.578906 0.235156 0.840625 0.470313 0.00113392
5 0.447266 0.428027 0.585938 0.550195 0.00110722
21 0.107324 0.214648 0.214648 0.350391 0.00109863
14 0.489063 0.484375 0.485938 0.449219 0.00109863
4 0.447266 0.428027 0.585938 0.550195 0.00109863
11 0.515234 0.560938 0.398438 0.257812 0.00109005
12 0.117871 0.198242 0.235742 0.396484 0.00105286
24 0.115918 0.201611 0.231836 0.384277 0.00104809
2 0.515234 0.560938 0.398438 0.257812 0.00104427
3 0.469531 0.11123 0.482031 0.222461 0.00101662
16 0.507031 0.169531 0.453125 0.339063 0.00101662
15 0.476953 0.540625 0.453906 0.314063 0.00101662
24 0.460938 0.492871 0.560938 0.406445 0.0225372
4 0.408594 0.513672 0.496875 0.375 0.0210114
14 0.391016 0.503027 0.555469 0.387695 0.0183411
4 0.429297 0.419531 0.647656 0.56875 0.016983
21 0.105078 0.156836 0.210156 0.313672 0.0158997
12 0.391016 0.503027 0.555469 0.387695 0.0155411
24 0.46709 0.550391 0.44707 0.285156 0.0147858
19 0.105078 0.156836 0.210156 0.313672 0.0131226
0 0.419434 0.512109 0.467383 0.349219 0.0129242
7 0.460938 0.492871 0.560938 0.406445 0.0103302
6 0.460938 0.492871 0.560938 0.406445 0.01017
24 0.429297 0.419531 0.647656 0.56875 0.00997162
9 0.429297 0.419531 0.647656 0.56875 0.00993347
2 0.408594 0.513672 0.496875 0.375 0.00891876
7 0.46709 0.550391 0.44707 0.285156 0.00891876
9 0.418848 0.492969 0.54043 0.432813 0.00871277
6 0.429297 0.419531 0.647656 0.56875 0.0086441
11 0.429297 0.419531 0.647656 0.56875 0.00861359
14 0.429297 0.419531 0.647656 0.56875 0.00857544
7 0.429297 0.419531 0.647656 0.56875 0.0078125
11 0.418848 0.492969 0.54043 0.432813 0.0078125
6 0.46709 0.550391 0.44707 0.285156 0.00725937
19 0.513379 0.41416 0.304492 0.360742 0.00703812
12 0.425 0.382422 0.496875 0.627344 0.00658798
25 0.419434 0.512109 0.467383 0.349219 0.00653839
13 0.459766 0.430078 0.592969 0.534375 0.00614548
17 0.0998047 0.217773 0.199609 0.373828 0.00516129
15 0.459766 0.430078 0.592969 0.534375 0.00510025
15 0.391016 0.503027 0.555469 0.387695 0.0049057
12 0.429297 0.419531 0.647656 0.56875 0.00453949
18 0.429297 0.419531 0.647656 0.56875 0.00446701
17 0.419434 0.512109 0.467383 0.349219 0.0042305
21 0.111719 0.200049 0.223438 0.359277 0.00421524
23 0.459766 0.430078 0.592969 0.534375 0.00419998
23 0.46709 0.550391 0.44707 0.285156 0.00385475
11 0.46709 0.550391 0.44707 0.285156 0.0037365
19 0.111719 0.200049 0.223438 0.359277 0.0036068
18 0.460938 0.492871 0.560938 0.406445 0.00358009
11 0.425 0.382422 0.496875 0.627344 0.00348282
23 0.408594 0.513672 0.496875 0.375 0.00348282
1 0.0998047 0.217773 0.199609 0.373828 0.00327301
7 0.4125 0.44375 0.510156 0.497656 0.00317192
18 0.4125 0.44375 0.510156 0.497656 0.003088
4 0.46709 0.550391 0.44707 0.285156 0.00299263
9 0.46709 0.550391 0.44707 0.285156 0.00277901
15 0.46709 0.550391 0.44707 0.285156 0.0026722
18 0.46709 0.550391 0.44707 0.285156 0.0026722
13 0.391016 0.503027 0.555469 0.387695 0.00255013
3 0.396484 0.512109 0.521094 0.354688 0.00247192
19 0.513672 0.438672 0.283594 0.217188 0.00243378
5 0.418848 0.492969 0.54043 0.432813 0.00240517
19 0.459766 0.430078 0.592969 0.534375 0.00232315
5 0.429297 0.419531 0.647656 0.56875 0.00232315
4 0.0998047 0.217773 0.199609 0.373828 0.00226021
2 0.429297 0.419531 0.647656 0.56875 0.00219917
13 0.415527 0.397754 0.592383 0.668555 0.00214958
8 0.0998047 0.217773 0.199609 0.373828 0.00206757
8 0.419434 0.512109 0.467383 0.349219 0.00206757
16 0.429297 0.401953 0.502344 0.597656 0.0020504
11 0.419434 0.512109 0.467383 0.349219 0.00203514
16 0.46709 0.550391 0.44707 0.285156 0.00203514
19 0.493359 0.480078 0.330469 0.439844 0.00190449
6 0.4125 0.44375 0.510156 0.497656 0.00189686
14 0.425 0.382422 0.496875 0.627344 0.00186062
1 0.4125 0.44375 0.510156 0.497656 0.00185299
6 0.396484 0.512109 0.521094 0.354688 0.00176811
3 0.4125 0.44375 0.510156 0.497656 0.00176811
0 0.4125 0.44375 0.510156 0.497656 0.00176144
21 0.493359 0.480078 0.330469 0.439844 0.00172043
16 0.460938 0.492871 0.560938 0.406445 0.00161648
1 0.396875 0.507031 0.501563 0.364063 0.00160408
7 0.396484 0.512109 0.521094 0.354688 0.00159168
25 0.418848 0.492969 0.54043 0.432813 0.00157356
4 0.453516 0.485547 0.516406 0.463281 0.0015192
18 0.396484 0.512109 0.521094 0.354688 0.00151253
2 0.0998047 0.217773 0.199609 0.373828 0.00148964
12 0.0998047 0.217773 0.199609 0.373828 0.00148964
24 0.499316 0.567578 0.35293 0.263281 0.00145531
0 0.46709 0.550391 0.44707 0.285156 0.00142097
19 0.46709 0.550391 0.44707 0.285156 0.00141048
17 0.4125 0.44375 0.510156 0.497656 0.00135612
4 0.425 0.382422 0.496875 0.627344 0.00130939
14 0.0998047 0.217773 0.199609 0.373828 0.00126457
12 0.4625 0.476953 0.525781 0.504687 0.0011692
25 0.429297 0.419531 0.647656 0.56875 0.00115108
21 0.915625 0.25083 0.16875 0.374121 0.00112438
22 0.0998047 0.217773 0.199609 0.373828 0.0011158
2 0.425 0.382422 0.496875 0.627344 0.00110722
16 0.396484 0.512109 0.521094 0.354688 0.00108624
6 0.499316 0.567578 0.35293 0.263281 0.00108624
20 0.408594 0.513672 0.496875 0.375 0.00105667
3 0.0998047 0.217773 0.199609 0.373828 0.00104427
11 0.0987305 0.237061 0.197461 0.329004 0.00103188
19 0.418848 0.492969 0.54043 0.432813 0.00100803
12 0.506934 0.499609 0.314258 0.321094 0.108582
25 0.49541 0.505371 0.343555 0.339258 0.0997925
23 0.499219 0.504004 0.335938 0.348242 0.0690308
13 0.485938 0.503125 0.33125 0.344531 0.0673218
9 0.49541 0.505371 0.343555 0.339258 0.0577087
6 0.497754 0.517578 0.343555 0.328125 0.0510864
14 0.499609 0.500098 0.310156 0.323242 0.0413208
6 0.495215 0.55 0.336133 0.232813 0.0389099
16 0.499219 0.504004 0.335938 0.348242 0.0305634
4 0.49541 0.505371 0.343555 0.339258 0.0299835
15 0.499219 0.504004 0.335938 0.348242 0.0294189
17 0.506934 0.499609 0.314258 0.321094 0.028656
12 0.529785 0.468652 0.506055 0.398633 0.0276947
2 0.49541 0.505371 0.343555 0.339258 0.0261536
0 0.516406 0.502734 0.336719 0.321094 0.0233765
3 0.506934 0.499609 0.314258 0.321094 0.0189056
19 0.505078 0.406152 0.307813 0.39707 0.0143356
13 0.529785 0.468652 0.506055 0.398633 0.0116425
5 0.49541 0.505371 0.343555 0.339258 0.0107346
0 0.486719 0.541406 0.324219 0.270313 0.0102463
7 0.496875 0.528906 0.3375 0.301563 0.00978088
8 0.510547 0.507422 0.333594 0.340625 0.0088501
1 0.486328 0.500879 0.315625 0.316992 0.0086441
19 0.503223 0.443066 0.288867 0.206055 0.00818634
20 0.499609 0.500098 0.310156 0.323242 0.00743103
24 0.495215 0.55 0.336133 0.232813 0.00701141
16 0.495215 0.55 0.336133 0.232813 0.00679779
9 0.495215 0.55 0.336133 0.232813 0.00629044
10 0.49541 0.505371 0.343555 0.339258 0.00568771
24 0.49541 0.505371 0.343555 0.339258 0.0055542
11 0.497754 0.517578 0.343555 0.328125 0.00521851
23 0.495215 0.55 0.336133 0.232813 0.00518036
4 0.495215 0.55 0.336133 0.232813 0.00469971
19 0.485938 0.503125 0.33125 0.344531 0.00448608
1 0.110645 0.193164 0.221289 0.357422 0.00441742
12 0.577246 0.457813 0.593945 0.525 0.00431442
3 0.486719 0.541406 0.324219 0.270313 0.00413513
18 0.499219 0.504004 0.335938 0.348242 0.00397491
12 0.466406 0.457813 0.503125 0.474219 0.0039444
12 0.486719 0.541406 0.324219 0.270313 0.00387001
17 0.473047 0.481641 0.3875 0.389844 0.00374985
1 0.529785 0.468652 0.506055 0.398633 0.00313568
2 0.495215 0.55 0.336133 0.232813 0.00283432
17 0.486719 0.541406 0.324219 0.270313 0.00261116
12 0.896484 0.786133 0.207031 0.393359 0.00253105
20 0.495215 0.55 0.336133 0.232813 0.00247192
13 0.896484 0.786133 0.207031 0.393359 0.00225258
17 0.116016 0.189893 0.232031 0.331934 0.00221634
19 0.101562 0.212695 0.203125 0.294922 0.00201035
14 0.526172 0.495313 0.40625 0.35625 0.0019722
15 0.495215 0.55 0.336133 0.232813 0.00174141
0 0.519922 0.492188 0.400781 0.4 0.00164223
5 0.495215 0.55 0.336133 0.232813 0.00161076
14 0.529785 0.468652 0.506055 0.398633 0.0015192
25 0.495215 0.55 0.336133 0.232813 0.00149536
8 0.486719 0.541406 0.324219 0.270313 0.00144386
3 0.473047 0.481641 0.3875 0.389844 0.00138855
10 0.495215 0.55 0.336133 0.232813 0.00135136
15 0.529785 0.468652 0.506055 0.398633 0.00129986
18 0.495215 0.55 0.336133 0.232813 0.00129986
13 0.466406 0.457813 0.503125 0.474219 0.00127411
12 0.526172 0.495313 0.40625 0.35625 0.00127411
22 0.110645 0.193164 0.221289 0.357422 0.00125504
11 0.118555 0.2 0.237109 0.382812 0.00115585
13 0.577246 0.457813 0.593945 0.525 0.00114727
12 0.116016 0.189893 0.232031 0.331934 0.00113392
11 0.529785 0.468652 0.506055 0.398633 0.00113392
11 0.495215 0.55 0.336133 0.232813 0.00108147
16 0.505078 0.406152 0.307813 0.39707 0.00105286
8 0.113867 0.201953 0.227734 0.363281 0.00104046
12 0.909766 0.854688 0.180469 0.259375 0.00104046
21 0.516406 0.502734 0.336719 0.321094 0.00101662
16 0.529785 0.468652 0.506055 0.398633 0.00100803
14 0.495215 0.55 0.336133 0.232813 0.00100803
25 0.507031 0.496191 0.282031 0.373242 0.329346
12 0.496484 0.493848 0.297656 0.345117 0.32251
12 0.481641 0.439844 0.35 0.459375 0.297363
12 0.455566 0.401953 0.432617 0.550781 0.132568
13 0.466016 0.421484 0.388281 0.507812 0.0913696
14 0.496973 0.499219 0.299805 0.374219 0.0789185
13 0.486328 0.480078 0.328125 0.384375 0.0734253
4 0.496973 0.499219 0.299805 0.374219 0.0372009
17 0.505859 0.494434 0.283594 0.343945 0.035553
0 0.507031 0.496191 0.282031 0.373242 0.0301056
2 0.507031 0.496191 0.282031 0.373242 0.0283356
4 0.481641 0.439844 0.35 0.459375 0.0242767
19 0.10459 0.15918 0.20918 0.318359 0.0235138
25 0.481641 0.439844 0.35 0.459375 0.0230713
15 0.496484 0.493848 0.297656 0.345117 0.0214539
15 0.481641 0.439844 0.35 0.459375 0.0189056
3 0.507031 0.496191 0.282031 0.373242 0.0182648
23 0.507031 0.496191 0.282031 0.373242 0.0180511
21 0.10459 0.15918 0.20918 0.318359 0.0142288
9 0.505859 0.494434 0.283594 0.343945 0.0141754
17 0.466016 0.421484 0.388281 0.507812 0.0128708
20 0.505859 0.494434 0.283594 0.343945 0.0125732
15 0.455566 0.401953 0.432617 0.550781 0.0107346
14 0.481641 0.439844 0.35 0.459375 0.00933838
21 0.107227 0.197705 0.214453 0.358496 0.00894928
22 0.505859 0.494434 0.283594 0.343945 0.00857544
1 0.496484 0.493848 0.297656 0.345117 0.00841522
1 0.103906 0.196875 0.207813 0.31875 0.00828552
17 0.102539 0.196289 0.205078 0.335547 0.00812531
19 0.107227 0.197705 0.214453 0.358496 0.00809479
8 0.510156 0.498047 0.277344 0.342969 0.00800323
23 0.481641 0.439844 0.35 0.459375 0.00784302
5 0.496484 0.493848 0.297656 0.345117 0.0078125
16 0.496484 0.493848 0.297656 0.345117 0.00763702
16 0.481641 0.439844 0.35 0.459375 0.00701141
6 0.486328 0.480078 0.328125 0.384375 0.0064621
19 0.509277 0.415625 0.304883 0.388281 0.00643921
10 0.496973 0.499219 0.299805 0.374219 0.00605011
6 0.464844 0.550781 0.314844 0.258594 0.00605011
19 0.507422 0.438965 0.29375 0.243945 0.00584412
1 0.481641 0.439844 0.35 0.459375 0.00584412
4 0.455566 0.401953 0.432617 0.550781 0.00559998
22 0.103906 0.196875 0.207813 0.31875 0.00547028
3 0.481641 0.439844 0.35 0.459375 0.00547028
25 0.455566 0.401953 0.432617 0.550781 0.00473785
11 0.481641 0.439844 0.35 0.459375 0.00462723
5 0.481641 0.439844 0.35 0.459375 0.00453949
12 0.464844 0.550781 0.314844 0.258594 0.00450516
6 0.466016 0.421484 0.388281 0.507812 0.00441742
11 0.455566 0.401953 0.432617 0.550781 0.00413513
2 0.481641 0.439844 0.35 0.459375 0.00402451
4 0.447266 0.554297 0.326562 0.249219 0.00395966
14 0.455566 0.401953 0.432617 0.550781 0.00382423
25 0.103027 0.198828 0.206055 0.311719 0.00379562
13 0.464844 0.550781 0.314844 0.258594 0.00379562
16 0.455859 0.566016 0.257812 0.280469 0.00362206
13 0.453125 0.403516 0.507812 0.588281 0.00346947
1 0.464844 0.550781 0.314844 0.258594 0.00342941
0 0.481641 0.439844 0.35 0.459375 0.00329781
17 0.464844 0.550781 0.314844 0.258594 0.00323486
8 0.467578 0.567969 0.2625 0.275 0.00317192
15 0.464844 0.550781 0.314844 0.258594 0.00304031
6 0.509766 0.47666 0.271094 0.306055 0.00291252
0 0.447266 0.554297 0.326562 0.249219 0.0028553
16 0.425391 0.551172 0.342187 0.250781 0.00264168
9 0.466016 0.421484 0.388281 0.507812 0.00263214
18 0.498047 0.493359 0.308594 0.3875 0.00261116
0 0.455566 0.401953 0.432617 0.550781 0.0024929
20 0.481641 0.439844 0.35 0.459375 0.00245285
16 0.455566 0.401953 0.432617 0.550781 0.00240517
1 0.455566 0.401953 0.432617 0.550781 0.00237846
8 0.103027 0.198828 0.206055 0.311719 0.00232315
21 0.509473 0.502344 0.29043 0.328125 0.00220871
23 0.447266 0.554297 0.326562 0.249219 0.00212479
7 0.501953 0.486328 0.290625 0.335938 0.00206757
9 0.455859 0.566016 0.257812 0.280469 0.00206757
3 0.464844 0.550781 0.314844 0.258594 0.00198746
2 0.455566 0.401953 0.432617 0.550781 0.00192642
3 0.103027 0.198828 0.206055 0.311719 0.00189686
3 0.455566 0.401953 0.432617 0.550781 0.00181007
5 0.467578 0.567969 0.2625 0.275 0.00179577
23 0.455566 0.401953 0.432617 0.550781 0.00178909
18 0.509766 0.47666 0.271094 0.306055 0.00176811
10 0.103027 0.198828 0.206055 0.311719 0.00174141
2 0.102539 0.196289 0.205078 0.335547 0.00172043
12 0.102539 0.196289 0.205078 0.335547 0.00168705
25 0.464844 0.550781 0.314844 0.258594 0.00168705
14 0.102539 0.196289 0.205078 0.335547 0.0016613
20 0.103906 0.196875 0.207813 0.31875 0.00165462
0 0.10127 0.195312 0.202539 0.336719 0.0016489
20 0.467578 0.567969 0.2625 0.275 0.0016489
10 0.481641 0.439844 0.35 0.459375 0.00161076
11 0.496484 0.493848 0.297656 0.345117 0.00161076
18 0.481641 0.439844 0.35 0.459375 0.0015974
24 0.447754 0.417285 0.426367 0.518555 0.00156116
24 0.496484 0.493848 0.297656 0.345117 0.00154305
5 0.455566 0.401953 0.432617 0.550781 0.00150108
4 0.102539 0.196289 0.205078 0.335547 0.00148392
12 0.487891 0.453125 0.599219 0.557031 0.00148392
2 0.447266 0.554297 0.326562 0.249219 0.00144386
14 0.464844 0.550781 0.314844 0.258594 0.00143242
1 0.107031 0.249951 0.214062 0.321973 0.00140476
22 0.481641 0.439844 0.35 0.459375 0.00138855
19 0.496484 0.493848 0.297656 0.345117 0.00134563
6 0.103027 0.198828 0.206055 0.311719 0.00133038
13 0.103027 0.198828 0.206055 0.311719 0.00123501
9 0.425391 0.551172 0.342187 0.250781 0.00122547
21 0.11543 0.305859 0.230859 0.385156 0.0012064
0 0.496094 0.569531 0.272656 0.273438 0.0012064
7 0.447754 0.417285 0.426367 0.518555 0.00119686
24 0.455859 0.566016 0.257812 0.280469 0.0011692
5 0.103906 0.196875 0.207813 0.31875 0.00113392
12 0.398828 0.540625 0.325781 0.26875 0.00112438
8 0.481641 0.439844 0.35 0.459375 0.00110722
19 0.466016 0.421484 0.388281 0.507812 0.00108147
21 0.467578 0.567969 0.2625 0.275 0.00108147
7 0.447266 0.554297 0.326562 0.249219 0.00102806
22 0.467578 0.567969 0.2625 0.275 0.00102806
4 0.496094 0.569531 0.272656 0.273438 0.00100803
12 0.471875 0.368164 0.465625 0.627734 0.172729
12 0.498828 0.49834 0.292188 0.350195 0.161377
13 0.471875 0.368164 0.465625 0.627734 0.0836182
13 0.498828 0.49834 0.292188 0.350195 0.0637207
17 0.507812 0.505566 0.270313 0.348242 0.00891876
25 0.507812 0.505566 0.270313 0.348242 0.00821686
19 0.102148 0.158008 0.204297 0.316016 0.00656509
12 0.404687 0.361133 0.742188 0.722266 0.00536346
15 0.498828 0.49834 0.292188 0.350195 0.00419998
12 0.515723 0.464746 0.33418 0.443945 0.0039444
15 0.471875 0.368164 0.465625 0.627734 0.00378036
14 0.507812 0.505566 0.270313 0.348242 0.00317192
1 0.507812 0.505566 0.270313 0.348242 0.00302696
12 0.101465 0.17793 0.20293 0.341016 0.00265312
12 0.216992 0.759766 0.433984 0.480469 0.00221634
14 0.649121 0.182422 0.701758 0.364844 0.00194931
13 0.515723 0.464746 0.33418 0.443945 0.00193405
11 0.649121 0.182422 0.701758 0.364844 0.00188923
21 0.102148 0.158008 0.204297 0.316016 0.00182438
17 0.100586 0.181641 0.201172 0.340234 0.00182438
13 0.404687 0.361133 0.742188 0.722266 0.00181007
4 0.505371 0.5 0.300195 0.364063 0.0015974
17 0.471875 0.368164 0.465625 0.627734 0.00157356
2 0.507812 0.505566 0.270313 0.348242 0.00156116
11 0.471875 0.368164 0.465625 0.627734 0.00156116
14 0.660156 0.167969 0.653125 0.335938 0.00151253
13 0.101465 0.17793 0.20293 0.341016 0.00144386
0 0.507812 0.505566 0.270313 0.348242 0.00138283
17 0.515723 0.464746 0.33418 0.443945 0.00136662
17 0.478125 0.487891 0.357812 0.374219 0.00134563
15 0.649121 0.182422 0.701758 0.364844 0.00130463
15 0.660156 0.167969 0.653125 0.335938 0.00124454
11 0.660156 0.167969 0.653125 0.335938 0.00123024
1 0.10625 0.178223 0.2125 0.356445 0.00121593
12 0.497559 0.505469 0.283008 0.352344 0.311523
13 0.497559 0.505469 0.283008 0.352344 0.19873
25 0.510156 0.503125 0.25625 0.342969 0.0549927
17 0.510156 0.503125 0.25625 0.342969 0.0266571
12 0.479004 0.356641 0.488867 0.713281 0.0205688
14 0.510156 0.503125 0.25625 0.342969 0.0123367
13 0.479004 0.356641 0.488867 0.713281 0.00841522
2 0.510156 0.503125 0.25625 0.342969 0.0064888
23 0.505469 0.503125 0.260938 0.346094 0.0050621
17 0.0990234 0.195264 0.198047 0.369629 0.00457382
4 0.510156 0.503125 0.25625 0.342969 0.00327301
8 0.510156 0.503125 0.25625 0.342969 0.00302696
1 0.510156 0.503125 0.25625 0.342969 0.00288963
16 0.505469 0.503125 0.260938 0.346094 0.00221634
12 0.652344 0.380078 0.659375 0.738281 0.00220871
15 0.497559 0.505469 0.283008 0.352344 0.0019722
3 0.510156 0.503125 0.25625 0.342969 0.00188255
0 0.510156 0.503125 0.25625 0.342969 0.00165462
20 0.505469 0.503125 0.260938 0.346094 0.00144386
14 0.58125 0.228125 0.8375 0.45625 0.00133514
14 0.625684 0.185547 0.72832 0.371094 0.00129986
1 0.0976562 0.196289 0.195312 0.374609 0.00127411
22 0.0976562 0.196289 0.195312 0.374609 0.00125504
22 0.510156 0.503125 0.25625 0.342969 0.00116062
19 0.101562 0.212695 0.203125 0.326172 0.00112438
5 0.510156 0.503125 0.25625 0.342969 0.00112438
12 0.495215 0.504297 0.329883 0.353906 0.782715
13 0.481152 0.502246 0.381445 0.368945 0.368408
12 0.476953 0.454688 0.389844 0.464063 0.325928
12 0.475684 0.414453 0.511133 0.572656 0.196777
25 0.508984 0.513281 0.295312 0.348438 0.158203
13 0.504785 0.502344 0.27793 0.342187 0.121704
13 0.475684 0.414453 0.511133 0.572656 0.111267
15 0.490723 0.496973 0.343555 0.36543 0.109314
15 0.476953 0.454688 0.389844 0.464063 0.0775146
23 0.495215 0.504297 0.329883 0.353906 0.069519
9 0.504785 0.502344 0.27793 0.342187 0.033844
17 0.508984 0.513281 0.295312 0.348438 0.0283356
14 0.508984 0.513281 0.295312 0.348438 0.0256653
12 0.426563 0.390723 0.676562 0.688867 0.0229797
15 0.480469 0.559766 0.328906 0.253906 0.0208893
23 0.476953 0.454688 0.389844 0.464063 0.0195618
4 0.507422 0.505078 0.284375 0.346094 0.0177155
2 0.508984 0.513281 0.295312 0.348438 0.0166626
4 0.480469 0.559766 0.328906 0.253906 0.0147858
15 0.476953 0.420312 0.486719 0.559375 0.012291
13 0.426563 0.390723 0.676562 0.688867 0.0109863
0 0.508984 0.513281 0.295312 0.348438 0.00894928
9 0.480469 0.559766 0.328906 0.253906 0.00793457
8 0.516406 0.505859 0.28125 0.344531 0.00737381
0 0.481348 0.5625 0.287305 0.21875 0.00643921
6 0.504785 0.559375 0.266992 0.248438 0.00605011
24 0.476953 0.454688 0.389844 0.464063 0.00570679
23 0.504785 0.559375 0.266992 0.248438 0.00530243
4 0.510156 0.557031 0.238281 0.207031 0.00496292
24 0.490723 0.496973 0.343555 0.36543 0.00473785
6 0.504785 0.502344 0.27793 0.342187 0.00453949
0 0.477441 0.545313 0.37168 0.28125 0.00416565
8 0.481348 0.5625 0.287305 0.21875 0.0039444
6 0.477441 0.545313 0.37168 0.28125 0.00366402
17 0.504785 0.559375 0.266992 0.248438 0.00317192
3 0.481348 0.5625 0.287305 0.21875 0.00302696
9 0.476953 0.454688 0.389844 0.464063 0.00300407
3 0.516406 0.505859 0.28125 0.344531 0.00259018
5 0.495215 0.504297 0.329883 0.353906 0.00258064
4 0.476953 0.454688 0.389844 0.464063 0.00246239
14 0.496191 0.508496 0.42793 0.400195 0.00234985
24 0.477441 0.545313 0.37168 0.28125 0.00232315
8 0.525781 0.55 0.232813 0.2625 0.00218201
5 0.481348 0.5625 0.287305 0.21875 0.00217438
10 0.504785 0.502344 0.27793 0.342187 0.00204277
12 0.480469 0.559766 0.328906 0.253906 0.00196457
10 0.504785 0.559375 0.266992 0.248438 0.00195694
15 0.525781 0.55 0.232813 0.2625 0.00192642
25 0.496191 0.508496 0.42793 0.400195 0.00191879
1 0.478906 0.573828 0.299219 0.228125 0.00181007
13 0.525781 0.55 0.232813 0.2625 0.00170708
20 0.504785 0.502344 0.27793 0.342187 0.0016613
23 0.476953 0.420312 0.486719 0.559375 0.00158501
17 0.476953 0.454688 0.389844 0.464063 0.00156116
1 0.522656 0.503906 0.267188 0.336719 0.00156116
25 0.504785 0.559375 0.266992 0.248438 0.00154877
16 0.504785 0.502344 0.27793 0.342187 0.00151253
0 0.525781 0.55 0.232813 0.2625 0.00151253
5 0.476953 0.454688 0.389844 0.464063 0.00149536
2 0.496191 0.508496 0.42793 0.400195 0.00145531
18 0.508984 0.513281 0.295312 0.348438 0.00144386
12 0.525781 0.55 0.232813 0.2625 0.00141621
24 0.476953 0.420312 0.486719 0.559375 0.00137806
21 0.478906 0.573828 0.299219 0.228125 0.00137806
7 0.477441 0.545313 0.37168 0.28125 0.00124454
9 0.510156 0.557031 0.238281 0.207031 0.00121593
19 0.105176 0.206689 0.210352 0.316309 0.00119686
24 0.481348 0.5625 0.287305 0.21875 0.0011158
1 0.525781 0.55 0.232813 0.2625 0.00111198
19 0.490723 0.496973 0.343555 0.36543 0.00109863
14 0.504785 0.559375 0.266992 0.248438 0.00108147
0 0.476953 0.454688 0.389844 0.464063 0.00107288
22 0.478906 0.573828 0.299219 0.228125 0.00106525
16 0.481348 0.5625 0.287305 0.21875 0.00100803
20 0.481348 0.5625 0.287305 0.21875 0.00100803
12 0.500781 0.502734 0.292969 0.360156 0.799316
13 0.482812 0.492578 0.323438 0.384375 0.515625
12 0.462598 0.391406 0.50918 0.621875 0.0486755
12 0.484277 0.475391 0.370508 0.475781 0.0417786
13 0.474121 0.441797 0.481445 0.525 0.0396423
15 0.500781 0.502734 0.292969 0.360156 0.0379028
25 0.50791 0.508594 0.273242 0.339844 0.0281067
23 0.482812 0.492578 0.323438 0.384375 0.0216217
17 0.50791 0.508594 0.273242 0.339844 0.0136337
15 0.460547 0.525781 0.347656 0.319531 0.0088501
12 0.116797 0.198096 0.233594 0.370215 0.00803375
12 0.460547 0.525781 0.347656 0.319531 0.0068512
19 0.115039 0.160352 0.230078 0.320703 0.00570679
14 0.498535 0.511719 0.30918 0.35625 0.0049057
17 0.117578 0.190039 0.235156 0.35625 0.00475693
13 0.890234 0.766406 0.219531 0.428125 0.00434875
2 0.50791 0.508594 0.273242 0.339844 0.00312424
15 0.474121 0.441797 0.481445 0.525 0.00300407
6 0.463672 0.550781 0.338281 0.290625 0.00291252
12 0.890234 0.766406 0.219531 0.428125 0.00282288
4 0.463672 0.550781 0.338281 0.290625 0.00279045
12 0.400781 0.395703 0.665625 0.716406 0.00265312
0 0.463672 0.550781 0.338281 0.290625 0.00254059
13 0.524609 0.382422 0.413281 0.645312 0.00239754
13 0.119336 0.200586 0.238672 0.400391 0.002388
4 0.505078 0.504004 0.273438 0.35293 0.00236893
15 0.484277 0.475391 0.370508 0.475781 0.00223351
1 0.117773 0.195312 0.235547 0.375781 0.00198746
12 0.526953 0.428125 0.310156 0.332813 0.00187492
9 0.460547 0.525781 0.347656 0.319531 0.00186729
13 0.5125 0.465234 0.265625 0.280469 0.0017004
13 0.526953 0.428125 0.310156 0.332813 0.00168133
1 0.498535 0.511719 0.30918 0.35625 0.00167465
19 0.506348 0.420703 0.306055 0.383594 0.00163555
17 0.460547 0.525781 0.347656 0.319531 0.00145531
3 0.480078 0.527344 0.335938 0.314063 0.00144386
13 0.400781 0.395703 0.665625 0.716406 0.00126457
17 0.484766 0.485156 0.329688 0.403906 0.00124931
25 0.484766 0.485156 0.329688 0.403906 0.00123501
22 0.117773 0.195312 0.235547 0.375781 0.00121593
16 0.463672 0.550781 0.338281 0.290625 0.00112057
5 0.500781 0.502734 0.292969 0.360156 0.00109863
0 0.50791 0.508594 0.273242 0.339844 0.00107765
21 0.513672 0.666406 0.278125 0.382812 0.00102806
11 0.473047 0.478223 0.352344 0.420117 0.00102425
9 0.505078 0.504004 0.273438 0.35293 0.00100803
12 0.499316 0.494629 0.326367 0.37168 0.966309
13 0.499316 0.494629 0.326367 0.37168 0.851074
25 0.501563 0.500781 0.3125 0.365625 0.544922
15 0.499316 0.494629 0.326367 0.37168 0.293457
12 0.462109 0.460938 0.451562 0.477344 0.112
13 0.462109 0.460938 0.451562 0.477344 0.100159
23 0.499316 0.494629 0.326367 0.37168 0.0817871
17 0.500391 0.506641 0.313281 0.363281 0.0352783
4 0.501563 0.500781 0.3125 0.365625 0.0328369
14 0.496777 0.508496 0.317383 0.36582 0.0324707
15 0.462109 0.460938 0.451562 0.477344 0.0184021
9 0.501172 0.492188 0.328906 0.378125 0.0124817
12 0.530859 0.400391 0.435156 0.610156 0.00967407
2 0.499316 0.494629 0.326367 0.37168 0.00898743
13 0.530859 0.400391 0.435156 0.610156 0.00891876
19 0.503125 0.424902 0.305469 0.426758 0.00812531
5 0.499316 0.494629 0.326367 0.37168 0.00763702
19 0.489453 0.486719 0.309375 0.4375 0.00600433
0 0.500391 0.506641 0.313281 0.363281 0.00500107
6 0.491406 0.526172 0.365625 0.300781 0.00400543
15 0.530859 0.400391 0.435156 0.610156 0.00362206
1 0.496777 0.508496 0.317383 0.36582 0.00356483
19 0.504297 0.435059 0.302344 0.28457 0.00296974
8 0.50625 0.497266 0.326562 0.378906 0.00282288
21 0.489453 0.486719 0.309375 0.4375 0.00257111
16 0.491406 0.526172 0.365625 0.300781 0.00245285
12 0.51875 0.442285 0.308594 0.30918 0.00230598
20 0.501172 0.492188 0.328906 0.378125 0.00195694
0 0.451953 0.545313 0.508594 0.389062 0.00188923
13 0.51875 0.442285 0.308594 0.30918 0.00183868
17 0.492188 0.474219 0.382812 0.421094 0.00162315
6 0.499121 0.475781 0.370508 0.420312 0.00145531
24 0.500781 0.501563 0.311719 0.364063 0.00142097
0 0.479785 0.527734 0.395117 0.310937 0.00139904
10 0.512891 0.495313 0.364063 0.38125 0.00134087
12 0.424316 0.409766 0.574805 0.638281 0.00131512
21 0.513672 0.663672 0.297656 0.396094 0.00124454
3 0.501563 0.500781 0.3125 0.365625 0.00117397
4 0.451953 0.545313 0.508594 0.389062 0.00115108
22 0.512891 0.495313 0.364063 0.38125 0.00112438
4 0.479785 0.527734 0.395117 0.310937 0.00105667
12 0.497656 0.500684 0.365625 0.401758 0.753418
13 0.497656 0.500684 0.365625 0.401758 0.680664
15 0.497656 0.500684 0.365625 0.401758 0.0497742
13 0.509473 0.483984 0.49043 0.467187 0.0287628
12 0.509473 0.483984 0.49043 0.467187 0.0206451
25 0.500391 0.507031 0.352344 0.375 0.0116882
17 0.500391 0.507031 0.352344 0.375 0.0069313
15 0.509473 0.483984 0.49043 0.467187 0.00376511
23 0.497656 0.500684 0.365625 0.401758 0.00273705
2 0.501953 0.504687 0.342969 0.374219 0.00178242
4 0.500391 0.507031 0.352344 0.375 0.00168133
14 0.501953 0.504687 0.342969 0.374219 0.00146103
1 0.501953 0.504687 0.342969 0.374219 0.00129414
7 0.478516 0.114453 0.5 0.228906 0.00102806
12 0.50791 0.505469 0.291992 0.354688 0.949707
13 0.502344 0.497266 0.311719 0.38125 0.671387
25 0.51084 0.505859 0.281445 0.348438 0.583008
15 0.50791 0.505469 0.291992 0.354688 0.129395
13 0.470313 0.466016 0.48125 0.469531 0.122131
23 0.51084 0.505859 0.281445 0.348438 0.0583496
17 0.516406 0.503125 0.289844 0.352344 0.0299835
12 0.4875 0.415527 0.465625 0.570508 0.0297546
4 0.507031 0.508594 0.295312 0.35625 0.0150757
14 0.513184 0.505566 0.281445 0.349805 0.0123367
9 0.51084 0.505859 0.281445 0.348438 0.00989532
8 0.516406 0.503125 0.289844 0.352344 0.0069313
2 0.513184 0.505566 0.281445 0.349805 0.00521851
1 0.513281 0.50625 0.305469 0.359375 0.00516129
12 0.483984 0.478516 0.39375 0.428906 0.00428009
15 0.470313 0.466016 0.48125 0.469531 0.00388527
10 0.513281 0.50625 0.305469 0.359375 0.00324821
3 0.513281 0.50625 0.305469 0.359375 0.0029583
0 0.513184 0.505566 0.281445 0.349805 0.00281143
19 0.516406 0.503125 0.289844 0.352344 0.00221634
5 0.51084 0.505859 0.281445 0.348438 0.00212479
20 0.513281 0.50625 0.305469 0.359375 0.0019722
13 0.459375 0.434473 0.538281 0.601367 0.00178909
22 0.513281 0.50625 0.305469 0.359375 0.00177479
23 0.498437 0.489453 0.353125 0.401563 0.00131512
12 0.51416 0.487109 0.31543 0.389844 0.93457
13 0.51416 0.487109 0.31543 0.389844 0.714844
25 0.514063 0.499902 0.301563 0.36582 0.220703
13 0.488184 0.458203 0.44082 0.499219 0.0797729
12 0.488184 0.458203 0.44082 0.499219 0.0554199
23 0.51416 0.487109 0.31543 0.389844 0.0430298
15 0.510547 0.501563 0.305469 0.360938 0.0396423
17 0.514063 0.499316 0.316406 0.366992 0.011116
4 0.514063 0.499902 0.301563 0.36582 0.00309944
2 0.517188 0.503809 0.30625 0.367383 0.00287819
14 0.517188 0.503809 0.30625 0.367383 0.00251198
1 0.509375 0.505469 0.311719 0.364063 0.00236893
9 0.514063 0.499902 0.301563 0.36582 0.00234222
3 0.508984 0.492969 0.332031 0.371875 0.00209045
8 0.508984 0.492969 0.332031 0.371875 0.00200272
10 0.508984 0.492969 0.332031 0.371875 0.0016613
16 0.508984 0.492969 0.332031 0.371875 0.00134563
6 0.508984 0.492969 0.332031 0.371875 0.00117874
0 0.514063 0.499316 0.316406 0.366992 0.00112057
15 0.488184 0.458203 0.44082 0.499219 0.00103188
12 0.513281 0.503125 0.335938 0.364063 0.464844
12 0.482422 0.474902 0.417969 0.443945 0.395996
13 0.505078 0.493652 0.361719 0.393945 0.315674
13 0.509375 0.482812 0.261719 0.380469 0.104492
13 0.456934 0.465234 0.49082 0.492969 0.0753174
15 0.513281 0.503125 0.335938 0.364063 0.0670776
15 0.482422 0.474902 0.417969 0.443945 0.0223694
23 0.513281 0.503125 0.335938 0.364063 0.00766754
25 0.514453 0.505078 0.341406 0.384375 0.00638962
0 0.475879 0.585156 0.33418 0.228125 0.00450516
4 0.307227 0.428027 0.191797 0.148633 0.00436401
17 0.514941 0.503906 0.32168 0.360156 0.00395966
0 0.514941 0.503906 0.32168 0.360156 0.0030632
13 0.528809 0.431152 0.329883 0.287695 0.00233269
23 0.482422 0.474902 0.417969 0.443945 0.00188255
11 0.221875 0.786914 0.44375 0.426172 0.0016489
4 0.508984 0.504687 0.342969 0.3875 0.00125504
8 0.512891 0.504004 0.33125 0.360742 0.00112438
14 0.508984 0.504687 0.342969 0.3875 0.00103664
13 0.500684 0.4875 0.279883 0.375781 0.720215
12 0.505859 0.505859 0.316406 0.3625 0.274414
13 0.500098 0.478125 0.37168 0.41875 0.168335
15 0.509766 0.512109 0.324219 0.370313 0.0202484
25 0.509766 0.512109 0.324219 0.370313 0.0195007
13 0.485547 0.460156 0.454688 0.489063 0.0114212
12 0.485547 0.460156 0.454688 0.489063 0.00772476
23 0.508594 0.504785 0.314844 0.36543 0.00757599
13 0.520312 0.52666 0.205469 0.310742 0.00403976
19 0.130273 0.149414 0.260547 0.298828 0.00352478
12 0.470313 0.445703 0.5625 0.602344 0.00324821
11 0.862109 0.479785 0.275781 0.566992 0.00314713
17 0.505078 0.499902 0.317969 0.368945 0.00192642
11 0.873242 0.538672 0.253516 0.447656 0.00149536
6 0.873242 0.538672 0.253516 0.447656 0.00148964
13 0.470313 0.445703 0.5625 0.602344 0.0014782
8 0.502734 0.492871 0.319531 0.383008 0.0012598
12 0.272461 0.608203 0.544922 0.783594 0.0012064
3 0.502734 0.492871 0.319531 0.383008 0.00117397
1 0.862109 0.479785 0.275781 0.566992 0.00106049
2 0.862109 0.479785 0.275781 0.566992 0.00104046
12 0.495703 0.496777 0.326562 0.376758 0.874023
13 0.495703 0.496777 0.326562 0.376758 0.561035
25 0.499902 0.506152 0.300195 0.348633 0.118774
15 0.499609 0.504297 0.309375 0.357031 0.0753174
23 0.495703 0.496777 0.326562 0.376758 0.0246124
12 0.482129 0.449609 0.435742 0.514844 0.0145035
17 0.505078 0.506934 0.295312 0.348633 0.00390053
13 0.482129 0.449609 0.435742 0.514844 0.00312424
4 0.499609 0.504297 0.309375 0.357031 0.00169373
12 0.574316 0.419141 0.66543 0.652344 0.00164223
1 0.505859 0.496094 0.307031 0.375781 0.00161076
8 0.505859 0.496094 0.307031 0.375781 0.00123978
16 0.497656 0.483984 0.314063 0.385938 0.00115585
9 0.499609 0.504297 0.309375 0.357031 0.00114727
14 0.503809 0.505859 0.298633 0.357031 0.00109005
2 0.505859 0.496094 0.307031 0.375781 0.00108624
10 0.505859 0.496094 0.307031 0.375781 0.00101662
13 0.495996 0.497266 0.361133 0.407031 0.786133
12 0.49375 0.496484 0.349219 0.403906 0.764648
13 0.495215 0.480469 0.462695 0.454688 0.0250854
12 0.495215 0.480469 0.462695 0.454688 0.0207977
15 0.498437 0.499902 0.328125 0.398633 0.0205688
25 0.499316 0.504297 0.332617 0.400781 0.00679779
23 0.495996 0.497266 0.361133 0.407031 0.00614548
15 0.495215 0.480469 0.462695 0.454688 0.00294685
17 0.510059 0.503516 0.331445 0.399219 0.0020504
12 0.494141 0.497656 0.338281 0.397656 0.615234
13 0.49834 0.49834 0.339258 0.39082 0.577637
15 0.501563 0.501172 0.314063 0.386719 0.135254
13 0.521484 0.451562 0.366406 0.507812 0.0393372
12 0.521484 0.451562 0.366406 0.507812 0.0344849
15 0.483691 0.465625 0.387305 0.479688 0.013588
23 0.506348 0.496875 0.36543 0.411719 0.00426483
12 0.39375 0.420312 0.609375 0.591406 0.00359344
13 0.52041 0.392578 0.479492 0.65625 0.00266266
25 0.505078 0.49541 0.326562 0.399805 0.00219917
12 0.52041 0.392578 0.479492 0.65625 0.00191212
15 0.39375 0.420312 0.609375 0.591406 0.00178242
13 0.39375 0.420312 0.609375 0.591406 0.00149536
17 0.505078 0.49541 0.326562 0.399805 0.00134563
13 0.493359 0.504004 0.332031 0.370117 0.758301
12 0.493359 0.504004 0.332031 0.370117 0.618652
15 0.496973 0.509766 0.320117 0.364844 0.428223
25 0.508203 0.505859 0.327344 0.360156 0.185913
23 0.493359 0.504004 0.332031 0.370117 0.062561
3 0.508203 0.505859 0.327344 0.360156 0.01297
17 0.508203 0.505859 0.327344 0.360156 0.00981903
13 0.536719 0.433203 0.376563 0.4625 0.00905609
8 0.508203 0.505859 0.327344 0.360156 0.00701141
10 0.508203 0.505859 0.327344 0.360156 0.0049057
15 0.480469 0.487891 0.426563 0.410156 0.00273705
12 0.536719 0.433203 0.376563 0.4625 0.00217438
20 0.508203 0.505859 0.327344 0.360156 0.00158501
0 0.508203 0.505859 0.327344 0.360156 0.00129414
16 0.508203 0.505859 0.327344 0.360156 0.00122547
6 0.508203 0.505859 0.327344 0.360156 0.0012207
13 0.541016 0.416504 0.346875 0.30918 0.0012064
15 0.536719 0.433203 0.376563 0.4625 0.00105286
12 0.493359 0.496191 0.301563 0.37168 0.642578
13 0.500391 0.503906 0.286719 0.353125 0.624512
15 0.501172 0.510059 0.28125 0.358008 0.125488
25 0.516016 0.507422 0.274219 0.338281 0.113159
23 0.507129 0.509375 0.273242 0.3375 0.0456848
13 0.486328 0.479297 0.360156 0.422656 0.0396423
15 0.486328 0.479297 0.360156 0.422656 0.0173798
12 0.482129 0.417188 0.404492 0.584375 0.0107346
17 0.512891 0.510254 0.267969 0.34668 0.00959778
8 0.494434 0.510254 0.331445 0.373242 0.00547028
13 0.482129 0.417188 0.404492 0.584375 0.00418091
12 0.471484 0.496094 0.416406 0.399219 0.00416565
3 0.516016 0.507422 0.274219 0.338281 0.00367928
15 0.482129 0.417188 0.404492 0.584375 0.00356483
10 0.516016 0.507422 0.274219 0.338281 0.00186729
6 0.517188 0.523535 0.285156 0.335742 0.00143242
16 0.517188 0.523535 0.285156 0.335742 0.00138283
12 0.386621 0.457422 0.631445 0.663281 0.00135136
12 0.500098 0.479297 0.326367 0.415625 0.662109
13 0.500098 0.479297 0.326367 0.415625 0.484375
25 0.513281 0.490625 0.292969 0.3875 0.0381775
15 0.511328 0.494531 0.305469 0.382812 0.0368958
23 0.509375 0.482031 0.295312 0.4 0.0279083
12 0.391504 0.420312 0.566992 0.58125 0.0235138
3 0.510547 0.489746 0.296875 0.375195 0.0106506
15 0.477441 0.471094 0.379492 0.450781 0.00952148
13 0.391504 0.420312 0.566992 0.58125 0.00706482
6 0.508984 0.51875 0.295312 0.342187 0.0064888
15 0.391504 0.420312 0.566992 0.58125 0.00518036
12 0.507422 0.428223 0.403906 0.545117 0.0051384
13 0.507422 0.428223 0.403906 0.545117 0.0049057
17 0.510547 0.489746 0.296875 0.375195 0.00327301
16 0.510547 0.489746 0.296875 0.375195 0.00282288
19 0.510547 0.517578 0.222656 0.301563 0.00258064
12 0.336914 0.395313 0.673828 0.660937 0.00186729
20 0.510547 0.489746 0.296875 0.375195 0.00179577
2 0.496191 0.485547 0.318555 0.4125 0.00157356
9 0.496191 0.485547 0.318555 0.4125 0.00143242
1 0.510547 0.489746 0.296875 0.375195 0.00138283
12 0.494922 0.477734 0.297656 0.426563 0.638672
13 0.494922 0.477734 0.297656 0.426563 0.614258
25 0.503027 0.488379 0.298633 0.407617 0.169434
15 0.5 0.483496 0.288281 0.417383 0.0230713
23 0.500879 0.479297 0.30293 0.425 0.00634003
17 0.503516 0.501953 0.291406 0.371094 0.00443268
3 0.501465 0.501172 0.293945 0.371094 0.00111198
13 0.505469 0.498828 0.324219 0.363281 0.380371
12 0.501563 0.504687 0.326562 0.357812 0.371094
25 0.511621 0.507129 0.30332 0.357617 0.0665894
23 0.506934 0.507422 0.287695 0.353906 0.0178528
15 0.500684 0.511816 0.314258 0.35918 0.0124283
8 0.505469 0.498828 0.324219 0.363281 0.00226974
3 0.511621 0.507129 0.30332 0.357617 0.00151253
12 0.616406 0.437891 0.174219 0.194531 0.00125504
16 0.505859 0.529297 0.352344 0.325781 0.00113392
13 0.616406 0.437891 0.174219 0.194531 0.00103664
12 0.496484 0.476172 0.2875 0.40625 0.973633
13 0.496191 0.480469 0.295117 0.413281 0.439697
25 0.5 0.483496 0.276563 0.392383 0.204956
23 0.497754 0.476172 0.282617 0.405469 0.0761108
15 0.500684 0.48291 0.276758 0.395117 0.021286
1 0.496484 0.476172 0.2875 0.40625 0.00891876
19 0.5 0.414062 0.284375 0.379688 0.00540543
17 0.498437 0.483984 0.279687 0.392969 0.0027256
4 0.499609 0.484766 0.279687 0.396875 0.00151253
8 0.496484 0.476172 0.2875 0.40625 0.00131989
2 0.497266 0.480469 0.289062 0.401563 0.00126457
14 0.497266 0.480469 0.289062 0.401563 0.00105667
3 0.497266 0.480469 0.289062 0.401563 0.00104046
13 0.512598 0.4875 0.306055 0.4 0.682617
12 0.508594 0.489844 0.30625 0.389062 0.396973
25 0.507422 0.513281 0.302344 0.35625 0.0789185
15 0.511719 0.507031 0.294531 0.373437 0.078064
23 0.508984 0.483594 0.305469 0.408594 0.0226288
13 0.488184 0.523438 0.329883 0.317188 0.0142288
12 0.548828 0.494141 0.26875 0.272656 0.00593567
15 0.548828 0.494141 0.26875 0.272656 0.00559998
13 0.548828 0.494141 0.26875 0.272656 0.00436401
12 0.482812 0.499219 0.233594 0.307813 0.00411606
12 0.616406 0.419531 0.15625 0.14375 0.00227928
13 0.482812 0.499219 0.233594 0.307813 0.00214005
12 0.43916 0.516406 0.218555 0.316406 0.00174141
13 0.616406 0.419531 0.15625 0.14375 0.00158501
3 0.505566 0.491309 0.307617 0.387695 0.00148392
25 0.548828 0.494141 0.26875 0.272656 0.00134563
12 0.486035 0.495996 0.295117 0.392383 0.800781
13 0.486035 0.495996 0.295117 0.392383 0.565918
25 0.491504 0.496484 0.306055 0.392969 0.0154266
15 0.482422 0.491406 0.298438 0.403125 0.0140076
23 0.482422 0.491406 0.298438 0.403125 0.00638962
3 0.488672 0.497754 0.310156 0.388867 0.00216484
17 0.491504 0.496484 0.306055 0.392969 0.0017004
8 0.483594 0.49541 0.3 0.395117 0.00115585
13 0.502246 0.496191 0.30332 0.388867 0.71875
12 0.504297 0.505371 0.283594 0.370508 0.38501
15 0.504297 0.505371 0.283594 0.370508 0.108948
25 0.509277 0.50166 0.304883 0.376367 0.0568542
23 0.497754 0.491309 0.318555 0.395508 0.0103302
12 0.481934 0.479297 0.223633 0.277344 0.00291252
3 0.509277 0.50166 0.304883 0.376367 0.0027256
17 0.508203 0.504687 0.294531 0.370313 0.0026722
4 0.884375 0.553906 0.223438 0.157813 0.00255013
3 0.497266 0.553125 0.339844 0.284375 0.0011692
8 0.497754 0.491309 0.318555 0.395508 0.00100422
13 0.496777 0.491016 0.286133 0.389844 0.785156
12 0.492969 0.491797 0.288281 0.382031 0.255371
15 0.499609 0.497266 0.280469 0.371094 0.0397949
25 0.503223 0.500879 0.293555 0.373242 0.0156708
23 0.493359 0.492969 0.289844 0.389062 0.0091629
12 0.484766 0.474609 0.421094 0.447656 0.00841522
8 0.490527 0.486328 0.295508 0.401563 0.00319672
17 0.503223 0.500879 0.293555 0.373242 0.00313568
3 0.492578 0.487598 0.304688 0.401367 0.00243378
15 0.484766 0.474609 0.421094 0.447656 0.00137234
12 0.534375 0.434277 0.402344 0.587695 0.00125504
13 0.484766 0.474609 0.421094 0.447656 0.00123978
16 0.878125 0.688672 0.24375 0.241406 0.00116062
13 0.494531 0.495313 0.284375 0.374219 0.92041
12 0.488672 0.486816 0.295312 0.39668 0.0710449
25 0.497656 0.503027 0.284375 0.34707 0.0668335
13 0.483203 0.550781 0.299219 0.24375 0.0107346
12 0.482422 0.532813 0.297656 0.284375 0.00857544
15 0.497559 0.502441 0.273633 0.35918 0.00709534
8 0.488672 0.486816 0.295312 0.39668 0.00429916
23 0.488672 0.486816 0.295312 0.39668 0.00314713
3 0.490234 0.488965 0.294531 0.39082 0.00236893
13 0.459375 0.478516 0.25625 0.282031 0.00144958
3 0.480859 0.5625 0.3 0.254688 0.00142097
17 0.497656 0.503027 0.284375 0.34707 0.00128937
12 0.500391 0.485254 0.255469 0.299805 0.00114727
16 0.490234 0.488965 0.294531 0.39082 0.00106049
13 0.498437 0.475098 0.301563 0.429492 0.78418
12 0.494531 0.477246 0.302344 0.423633 0.246582
25 0.502734 0.488965 0.289062 0.398633 0.0278015
23 0.496973 0.482812 0.312305 0.416406 0.0210419
8 0.496973 0.482812 0.312305 0.416406 0.00331116
15 0.500684 0.486328 0.289258 0.417188 0.00307465
17 0.496973 0.482812 0.312305 0.416406 0.00218201
16 0.503027 0.507422 0.301758 0.359375 0.00204277
3 0.495215 0.558594 0.323633 0.278125 0.00144958
3 0.497656 0.486719 0.309375 0.404687 0.00131512
13 0.503516 0.482129 0.326562 0.423242 0.839844
12 0.49834 0.485156 0.314258 0.420312 0.0844727
25 0.517578 0.487109 0.321094 0.410938 0.0661011
15 0.51875 0.49541 0.310937 0.387305 0.0195007
23 0.51084 0.493848 0.314258 0.410742 0.00370789
12 0.49375 0.502441 0.251563 0.332617 0.00327301
3 0.517578 0.487109 0.321094 0.410938 0.00312424
13 0.49375 0.502441 0.251563 0.332617 0.00184631
8 0.517578 0.487109 0.321094 0.410938 0.00162888
17 0.520312 0.48916 0.314844 0.413867 0.00147247
12 0.535156 0.449316 0.328906 0.356055 0.00133514
10 0.517578 0.487109 0.321094 0.410938 0.00117397
13 0.495215 0.485938 0.33457 0.4375 0.672363
12 0.496484 0.482129 0.333594 0.445117 0.252441
25 0.499316 0.490723 0.312305 0.41543 0.01017
15 0.500879 0.483594 0.324805 0.44375 0.00327301
23 0.496777 0.484375 0.343945 0.438281 0.00250244
13 0.503027 0.503125 0.333008 0.385938 0.773438
12 0.498437 0.501563 0.321875 0.389062 0.185913
25 0.503516 0.504004 0.33125 0.37793 0.0731812
15 0.501953 0.505859 0.327344 0.380469 0.0317383
23 0.501953 0.505859 0.327344 0.380469 0.00669098
17 0.503125 0.504297 0.323438 0.375 0.0024147
8 0.503516 0.504004 0.33125 0.37793 0.00160408
10 0.503516 0.504004 0.33125 0.37793 0.00103188
13 0.501172 0.478125 0.30625 0.410938 0.992676
25 0.496777 0.484766 0.281445 0.3875 0.107422
13 0.571875 0.505859 0.220313 0.321094 0.0390625
12 0.503516 0.480078 0.296875 0.401563 0.0218658
13 0.598437 0.462402 0.171875 0.29707 0.0126266
15 0.498828 0.467969 0.282813 0.396875 0.00955963
8 0.498535 0.485938 0.332617 0.402344 0.0028553
13 0.619531 0.372656 0.153906 0.195312 0.00261116
12 0.571875 0.505859 0.220313 0.321094 0.00235939
16 0.507422 0.497656 0.286719 0.364063 0.00234222
12 0.598437 0.462402 0.171875 0.29707 0.00183105
12 0.619531 0.372656 0.153906 0.195312 0.00149536
3 0.507422 0.497656 0.286719 0.364063 0.00144386
13 0.585938 0.538281 0.210938 0.25 0.00116062
13 0.501953 0.475879 0.321875 0.443555 0.791016
12 0.504297 0.478906 0.314063 0.434375 0.473633
25 0.500879 0.483203 0.323242 0.428906 0.012291
15 0.500879 0.483203 0.323242 0.428906 0.00772476
17 0.500879 0.483203 0.323242 0.428906 0.00118351
23 0.499902 0.477734 0.314258 0.432031 0.00108147
8 0.499902 0.477734 0.314258 0.432031 0.00104809
13 0.500781 0.489453 0.308594 0.396094 0.914062
12 0.496777 0.485547 0.312695 0.404687 0.265869
15 0.499121 0.496973 0.29707 0.37793 0.00712204
25 0.503027 0.495215 0.29082 0.386133 0.00540543
8 0.492969 0.482422 0.325 0.401563 0.00208282
23 0.496777 0.485547 0.312695 0.404687 0.00161648
13 0.496875 0.486719 0.275781 0.394531 0.733398
12 0.501465 0.47959 0.27832 0.408008 0.265137
25 0.500391 0.496777 0.274219 0.375195 0.0200958
8 0.49375 0.483984 0.28125 0.405469 0.00723267
23 0.500391 0.496777 0.274219 0.375195 0.00355148
15 0.500391 0.496777 0.274219 0.375195 0.00327301
13 0.500781 0.487598 0.273438 0.391992 0.81543
12 0.502734 0.485156 0.275781 0.401563 0.058136
8 0.494141 0.485156 0.288281 0.4 0.00894928
25 0.505859 0.494531 0.261719 0.36875 0.00551224
16 0.496777 0.488965 0.275195 0.387695 0.00536346
3 0.496777 0.488965 0.275195 0.387695 0.00251198
13 0.485254 0.491797 0.34043 0.411719 0.644043
12 0.483691 0.490625 0.341992 0.410938 0.191284
25 0.495703 0.493359 0.30625 0.39375 0.0409851
8 0.485254 0.491797 0.34043 0.411719 0.00287819
23 0.485547 0.490234 0.325781 0.407031 0.00163555
15 0.4875 0.498047 0.314063 0.391406 0.00144386
17 0.496484 0.483984 0.285156 0.297656 0.00118828
13 0.48584 0.487109 0.33457 0.411719 0.437744
12 0.496191 0.487891 0.298242 0.407031 0.373047
15 0.48584 0.487109 0.33457 0.411719 0.0019722
8 0.48584 0.487109 0.33457 0.411719 0.00194931
25 0.499316 0.48916 0.29668 0.395117 0.0017271
23 0.489063 0.487109 0.33125 0.408594 0.00101662
13 0.498047 0.478906 0.326562 0.41875 0.663574
12 0.50625 0.48291 0.301563 0.395117 0.235107
6 0.592969 0.161816 0.814063 0.323633 0.00831604
25 0.504687 0.4875 0.311719 0.39375 0.00362206
8 0.497656 0.482129 0.330469 0.413867 0.00226974
11 0.592969 0.161816 0.814063 0.323633 0.00156689
15 0.496973 0.482129 0.324805 0.40918 0.00104427
13 0.496094 0.475879 0.316406 0.416992 0.5
12 0.496094 0.475879 0.316406 0.416992 0.238647
13 0.484766 0.553906 0.299219 0.236719 0.0131226
12 0.484766 0.553906 0.299219 0.236719 0.012825
15 0.494141 0.477344 0.327344 0.417188 0.00307465
8 0.494141 0.477344 0.327344 0.417188 0.00257111
12 0.508496 0.450781 0.286133 0.265625 0.0017004
25 0.504687 0.484473 0.298438 0.379492 0.00163555
23 0.49375 0.480078 0.324219 0.407031 0.00157356
13 0.504297 0.486719 0.283594 0.371094 0.284668
12 0.504297 0.486719 0.283594 0.371094 0.0637207
25 0.505078 0.488379 0.289062 0.363867 0.00548935
12 0.5 0.434766 0.246875 0.204688 0.00418091
15 0.5125 0.498047 0.289062 0.34375 0.0039444
13 0.475 0.538281 0.267188 0.251563 0.00271416
13 0.501465 0.484375 0.267383 0.378125 0.772461
12 0.502344 0.483691 0.266406 0.376367 0.119629
25 0.499219 0.489063 0.260156 0.348438 0.0211182
8 0.498047 0.484766 0.272656 0.379688 0.00837708
13 0.492285 0.532813 0.282617 0.267188 0.00403976
12 0.492285 0.532813 0.282617 0.267188 0.00224304
16 0.499121 0.485156 0.267383 0.375 0.00121593
15 0.505469 0.489941 0.259375 0.343555 0.00111198
13 0.494922 0.459277 0.292188 0.423633 0.793945
12 0.502344 0.478027 0.280469 0.383008 0.0375977
13 0.480078 0.538672 0.283594 0.255469 0.00695801
15 0.491016 0.470996 0.288281 0.39707 0.00186729
25 0.502344 0.478027 0.280469 0.383008 0.00147247
8 0.491797 0.461621 0.307031 0.420508 0.00129414
12 0.480078 0.538672 0.283594 0.255469 0.00113392
13 0.498437 0.481934 0.328125 0.412695 0.612305
12 0.501953 0.49375 0.307031 0.38125 0.233032
25 0.501953 0.49375 0.307031 0.38125 0.00419998
8 0.496484 0.480859 0.34375 0.417969 0.00216484
15 0.496777 0.49375 0.32207 0.385938 0.00130463
13 0.500098 0.480469 0.295117 0.39375 0.871094
12 0.502734 0.485156 0.284375 0.375 0.123779
25 0.5 0.486719 0.3 0.384375 0.0112457
15 0.502734 0.485156 0.284375 0.375 0.00166798
13 0.501563 0.481641 0.29375 0.377344 0.857422
12 0.505078 0.496484 0.283594 0.334375 0.0690308
25 0.505078 0.496484 0.283594 0.334375 0.00382423
12 0.507031 0.433984 0.273438 0.20625 0.00216484
13 0.494531 0.478906 0.310937 0.414062 0.791016
12 0.50166 0.485547 0.281055 0.392969 0.0562439
8 0.494531 0.478906 0.310937 0.414062 0.00482941
25 0.50166 0.485547 0.281055 0.392969 0.00253105
13 0.491309 0.489063 0.311133 0.39375 0.800293
12 0.493848 0.491406 0.306055 0.375 0.0451965
25 0.499609 0.49834 0.3125 0.362695 0.00257111
12 0.498047 0.448438 0.273438 0.235156 0.00219154
13 0.498047 0.448438 0.273438 0.235156 0.00130463
8 0.489453 0.486719 0.316406 0.404687 0.00123024
13 0.492188 0.470703 0.292188 0.414844 0.737793
12 0.496094 0.478906 0.284375 0.396875 0.15979
25 0.496094 0.478906 0.284375 0.396875 0.00436401
8 0.489746 0.478516 0.300195 0.411719 0.0011158
13 0.505371 0.487109 0.267383 0.370313 0.873535
12 0.507031 0.493359 0.260938 0.342969 0.0160217
13 0.447266 0.540234 0.195312 0.244531 0.00740433
25 0.507031 0.493359 0.260938 0.342969 0.00223351
8 0.499609 0.484766 0.283594 0.378125 0.00223351
13 0.497656 0.491309 0.289844 0.368945 0.950684
12 0.500391 0.490723 0.278125 0.362305 0.00460815
25 0.496875 0.494531 0.272656 0.359375 0.00324821
13 0.496875 0.4875 0.289062 0.385938 0.818359
12 0.501563 0.489746 0.272656 0.370508 0.0370483
25 0.496973 0.490625 0.279492 0.379688 0.00379562
8 0.493359 0.485547 0.305469 0.396875 0.00225258
13 0.490527 0.481152 0.318945 0.406445 0.769531
12 0.497559 0.483984 0.292383 0.394531 0.0470886
25 0.494922 0.485938 0.304688 0.396094 0.00253105
13 0.496875 0.494531 0.280469 0.357812 0.811035
12 0.496875 0.494531 0.280469 0.357812 0.0207214
25 0.495703 0.494434 0.272656 0.362695 0.00743103
8 0.490527 0.490234 0.298633 0.376563 0.00214958
12 0.496094 0.408984 0.240625 0.132031 0.00211525
13 0.482031 0.551953 0.289062 0.233594 0.00193405
13 0.486328 0.48916 0.279687 0.257617 0.00116062
15 0.501563 0.496875 0.267969 0.340625 0.00115108
13 0.501172 0.482812 0.2625 0.376563 0.912598
12 0.503906 0.488379 0.254688 0.366992 0.0423889
12 0.501563 0.432422 0.235938 0.203906 0.00191879
25 0.503906 0.488379 0.254688 0.366992 0.00154877
15 0.503906 0.488379 0.254688 0.366992 0.0011034
13 0.503125 0.484277 0.269531 0.389258 0.813477
12 0.503516 0.487402 0.263281 0.381445 0.0197144
25 0.503516 0.487402 0.263281 0.381445 0.00146675
13 0.499609 0.485547 0.261719 0.378125 0.82959
12 0.500391 0.485547 0.258594 0.372656 0.0318604
25 0.500391 0.485547 0.258594 0.372656 0.0027256
13 0.504004 0.48916 0.268555 0.370117 0.730469
12 0.506641 0.491797 0.264844 0.359375 0.0401001
25 0.506641 0.491797 0.264844 0.359375 0.00172043
12 0.507812 0.411719 0.25 0.18125 0.00169373
13 0.500781 0.494531 0.260938 0.357812 0.89502
12 0.502344 0.496875 0.254688 0.346875 0.0209656
25 0.501563 0.494629 0.25 0.348242 0.00215721
12 0.5 0.408203 0.234375 0.140625 0.00118828
13 0.501465 0.492188 0.254883 0.346875 0.848633
12 0.501953 0.495215 0.245312 0.336133 0.00948334
25 0.501953 0.495215 0.245312 0.336133 0.00194168
13 0.475098 0.530859 0.295117 0.270313 0.00184631
15 0.501953 0.495215 0.245312 0.336133 0.00105667
13 0.497656 0.494141 0.260938 0.347656 0.745605
12 0.499219 0.49834 0.252344 0.333008 0.0334778
13 0.479297 0.53125 0.290625 0.265625 0.0020504
25 0.499219 0.49834 0.252344 0.333008 0.00136662
13 0.496875 0.474902 0.235938 0.262695 0.00101662
13 0.494434 0.502246 0.25332 0.33457 0.748535
12 0.495215 0.503906 0.245508 0.330469 0.0142822
25 0.494531 0.503125 0.245312 0.328906 0.00450516
15 0.495215 0.503906 0.245508 0.330469 0.00157928
8 0.491406 0.504687 0.263281 0.335156 0.00141621
13 0.492188 0.496875 0.271094 0.359375 0.833008
12 0.495703 0.503516 0.261719 0.34375 0.0198669
12 0.494922 0.460156 0.242969 0.239844 0.00234222
13 0.494922 0.460156 0.242969 0.239844 0.00144958
13 0.499219 0.492969 0.271875 0.371094 0.833008
12 0.503027 0.500781 0.262695 0.353125 0.0237732
8 0.49209 0.490723 0.293945 0.37793 0.00234222
12 0.502344 0.452246 0.25 0.231445 0.00107288
25 0.503027 0.500781 0.262695 0.353125 0.00102425
13 0.501465 0.491406 0.27832 0.36875 0.84082
12 0.505469 0.498437 0.267969 0.35 0.0166626
8 0.494922 0.489453 0.299219 0.377344 0.00223351
25 0.502344 0.496094 0.271875 0.360938 0.00135612
13 0.503223 0.489453 0.282617 0.378125 0.845215
12 0.506348 0.495703 0.268555 0.361719 0.0173798
8 0.496484 0.487891 0.303906 0.383594 0.00186729
12 0.501563 0.457031 0.245312 0.248438 0.00113392
13 0.500098 0.489941 0.268555 0.370117 0.853516
12 0.500098 0.489941 0.268555 0.370117 0.0189819
8 0.495703 0.489844 0.271875 0.367188 0.00259018
25 0.5 0.494531 0.259375 0.3625 0.00179577
13 0.504297 0.489063 0.264062 0.373437 0.875977
12 0.504297 0.489063 0.264062 0.373437 0.0114212
25 0.502344 0.491406 0.261719 0.370313 0.00167465
8 0.495313 0.488672 0.277344 0.375781 0.00162888
13 0.501563 0.491016 0.271875 0.372656 0.834961
12 0.501563 0.491016 0.271875 0.372656 0.0112457
25 0.503223 0.491309 0.262305 0.36582 0.00158501
8 0.497754 0.491797 0.27793 0.371094 0.00157356
13 0.499219 0.487891 0.26875 0.372656 0.838379
12 0.499219 0.487891 0.26875 0.372656 0.0137405
8 0.496094 0.487109 0.272656 0.374219 0.00150681
25 0.500781 0.491016 0.260938 0.367969 0.00144386
13 0.501953 0.491504 0.267188 0.368555 0.86377
12 0.505859 0.494141 0.258594 0.355469 0.0131226
8 0.495313 0.488965 0.285156 0.373633 0.00226974
25 0.502441 0.494922 0.25918 0.358594 0.00135612
13 0.501563 0.489941 0.26875 0.36543 0.839355
12 0.501563 0.489941 0.26875 0.36543 0.0127258
25 0.502441 0.495313 0.262305 0.355469 0.00153065
12 0.501953 0.453516 0.241406 0.232031 0.00105286
13 0.498437 0.488184 0.274219 0.37207 0.800293
12 0.502734 0.49375 0.264844 0.361719 0.0303345
12 0.503906 0.460254 0.25 0.257617 0.0016489
8 0.496484 0.488184 0.278906 0.373633 0.00155449
13 0.49834 0.490625 0.276758 0.375 0.842285
12 0.495313 0.490625 0.279687 0.375 0.0214539
8 0.493359 0.489844 0.290625 0.378906 0.00340271
25 0.498437 0.494141 0.26875 0.366406 0.00106525
13 0.498828 0.489941 0.28125 0.376367 0.82959
12 0.498828 0.489941 0.28125 0.376367 0.014061
8 0.494141 0.489063 0.295312 0.379688 0.00134563
25 0.499219 0.49375 0.271875 0.364063 0.00104809
13 0.500879 0.488965 0.273242 0.370508 0.853516
12 0.500879 0.488965 0.273242 0.370508 0.0116882
8 0.495215 0.488672 0.289258 0.375781 0.00169373
25 0.499609 0.49541 0.264844 0.35918 0.00156689
13 0.499316 0.490527 0.268555 0.36582 0.852539
12 0.499316 0.490527 0.268555 0.36582 0.0113297
25 0.500391 0.495996 0.260156 0.351758 0.00219917
8 0.493359 0.488281 0.285156 0.373437 0.00136662
13 0.499121 0.488965 0.27207 0.370508 0.844238
12 0.499121 0.488965 0.27207 0.370508 0.0106506
25 0.5 0.494531 0.264844 0.358594 0.00138855
8 0.49375 0.4875 0.288281 0.378125 0.00123501
13 0.499316 0.490625 0.273242 0.366406 0.848633
12 0.503125 0.496191 0.260938 0.354492 0.00831604
25 0.498047 0.496875 0.265625 0.350781 0.00133514
8 0.49375 0.489453 0.289062 0.374219 0.00123978
13 0.499609 0.489746 0.273438 0.36582 0.860352
12 0.503027 0.49541 0.261133 0.356055 0.00881195
25 0.499219 0.495313 0.263281 0.354688 0.00139427
13 0.500781 0.491406 0.273438 0.367188 0.836914
12 0.504004 0.495996 0.262305 0.354883 0.0069046
13 0.501172 0.490625 0.272656 0.370313 0.833008
12 0.503809 0.495996 0.262695 0.358008 0.00712204
13 0.500781 0.490723 0.270313 0.368555 0.818359
12 0.503516 0.496191 0.260156 0.354492 0.00812531
13 0.501172 0.489746 0.274219 0.370508 0.825195
12 0.504004 0.496094 0.263867 0.354688 0.00793457
12 0.503125 0.458594 0.246875 0.244531 0.00100422
13 0.501563 0.489844 0.267188 0.369531 0.840332
12 0.501563 0.489844 0.267188 0.369531 0.00793457
8 0.496875 0.491406 0.274219 0.367188 0.00118828
13 0.500781 0.490234 0.267188 0.367969 0.834961
12 0.500781 0.490234 0.267188 0.367969 0.0085144
8 0.496777 0.491504 0.273633 0.366992 0.00131989
13 0.501172 0.489941 0.269531 0.370117 0.841309
12 0.501172 0.489941 0.269531 0.370117 0.00854492
8 0.497266 0.491309 0.275781 0.367383 0.00121117
13 0.500879 0.489746 0.268555 0.367383 0.842285
12 0.500879 0.489746 0.268555 0.367383 0.0078125
8 0.494531 0.489844 0.284375 0.371875 0.00118828
13 0.500684 0.490527 0.270508 0.368945 0.848633
12 0.500684 0.490527 0.270508 0.368945 0.00763702
8 0.494434 0.490234 0.286133 0.373437 0.0012846
13 0.5 0.490234 0.26875 0.367969 0.841309
12 0.5 0.490234 0.26875 0.367969 0.00806427
8 0.494141 0.490234 0.285156 0.371875 0.00136662
13 0.500781 0.489844 0.267188 0.367969 0.849609
12 0.500781 0.489844 0.267188 0.367969 0.00757599
8 0.494629 0.489844 0.28418 0.371875 0.00137806
13 0.501172 0.489844 0.265625 0.367188 0.84668
12 0.501172 0.489844 0.265625 0.367188 0.00766754
8 0.494629 0.489746 0.282617 0.370508 0.0014267
13 0.501953 0.489453 0.264844 0.367969 0.850586
12 0.501953 0.489453 0.264844 0.367969 0.00775528
8 0.495313 0.489844 0.282813 0.371875 0.00142097
13 0.501953 0.489453 0.264844 0.367969 0.847656
12 0.501953 0.489453 0.264844 0.367969 0.00766754
8 0.495313 0.489941 0.282813 0.37168 0.00139904
13 0.501953 0.489453 0.265625 0.36875 0.84668
12 0.501953 0.489453 0.265625 0.36875 0.00793457
8 0.494922 0.489746 0.283594 0.37207 0.00135136
13 0.5 0.490234 0.26875 0.367969 0.841309
12 0.5 0.490234 0.26875 0.367969 0.00809479
8 0.494141 0.490234 0.285156 0.371875 0.00136185
