14 0.428516 0.446094 0.347656 0.290625 0.0140076
3 0.428516 0.446094 0.347656 0.290625 0.0139542
11 0.431641 0.433984 0.341406 0.289844 0.0109863
5 0.424219 0.438184 0.35625 0.295508 0.00997162
19 0.437891 0.41416 0.345313 0.295117 0.00651169
10 0.432031 0.436621 0.336719 0.287695 0.00572968
23 0.432031 0.436621 0.336719 0.287695 0.00370789
20 0.433691 0.446191 0.34043 0.29043 0.00342941
4 0.432031 0.436621 0.336719 0.287695 0.00342941
11 0.619922 0.320898 0.760156 0.641797 0.00266266
5 0.486719 0.411719 0.589063 0.386719 0.00265312
9 0.428516 0.436719 0.344531 0.310937 0.00265312
0 0.432031 0.436621 0.336719 0.287695 0.00226974
11 0.503906 0.307813 0.635938 0.615625 0.00217438
8 0.428516 0.446094 0.347656 0.290625 0.00203514
7 0.419922 0.445703 0.364844 0.2875 0.00194931
2 0.419922 0.445703 0.364844 0.2875 0.0017004
7 0.503906 0.307813 0.635938 0.615625 0.00142097
5 0.503906 0.307813 0.635938 0.615625 0.00141621
3 0.619922 0.320898 0.760156 0.641797 0.00141048
18 0.419922 0.445703 0.364844 0.2875 0.0012846
17 0.428516 0.446094 0.347656 0.290625 0.0012064
11 0.486719 0.411719 0.589063 0.386719 0.00117397
14 0.619922 0.320898 0.760156 0.641797 0.00114727
11 0.502441 0.39375 0.662305 0.7875 0.00107288
2 0.503906 0.307813 0.635938 0.615625 0.00100422
17 0.360156 0.527344 0.720313 0.939063 0.44751
17 0.385254 0.532813 0.457617 0.466406 0.35498
17 0.321484 0.441016 0.608594 0.882031 0.341553
22 0.360156 0.527344 0.720313 0.939063 0.321777
17 0.376563 0.607813 0.753125 0.784375 0.27832
22 0.435937 0.573438 0.448438 0.721875 0.252441
17 0.315234 0.471094 0.630469 0.928125 0.248657
22 0.4125 0.535156 0.40625 0.471875 0.248657
17 0.395313 0.324219 0.790625 0.648438 0.220703
14 0.385254 0.532813 0.457617 0.466406 0.202393
22 0.376563 0.607813 0.753125 0.784375 0.193726
22 0.376172 0.595313 0.4875 0.63125 0.191284
22 0.321484 0.441016 0.608594 0.882031 0.186523
17 0.375 0.410156 0.75 0.820312 0.15918
22 0.395313 0.324219 0.790625 0.648438 0.150513
22 0.315234 0.471094 0.630469 0.928125 0.147583
22 0.436621 0.61875 0.604883 0.7625 0.147095
20 0.314844 0.492188 0.629687 0.879687 0.137939
14 0.321484 0.441016 0.608594 0.882031 0.135742
3 0.385254 0.532813 0.457617 0.466406 0.135742
17 0.376172 0.595313 0.4875 0.63125 0.134766
17 0.435937 0.573438 0.448438 0.721875 0.134766
20 0.372656 0.574121 0.495313 0.537695 0.130737
20 0.362109 0.576953 0.545313 0.717969 0.108215
17 0.436621 0.61875 0.604883 0.7625 0.107422
22 0.596094 0.533594 0.807813 0.9 0.107056
17 0.449219 0.267383 0.801562 0.534766 0.0991211
20 0.343164 0.525391 0.686328 0.936719 0.0950317
22 0.365234 0.403125 0.730469 0.80625 0.0910645
17 0.357422 0.62959 0.610156 0.74082 0.0878906
22 0.357422 0.62959 0.610156 0.74082 0.0823975
3 0.321484 0.441016 0.608594 0.882031 0.0812378
22 0.587891 0.611719 0.824219 0.776563 0.0758667
17 0.639844 0.420703 0.720313 0.841406 0.0753174
25 0.419531 0.493848 0.389844 0.385742 0.0750122
17 0.596094 0.533594 0.807813 0.9 0.0747681
17 0.587891 0.611719 0.824219 0.776563 0.0736694
17 0.317578 0.627344 0.635156 0.745313 0.0698242
17 0.49375 0.637891 0.8375 0.724219 0.0682983
17 0.417188 0.470703 0.389844 0.342187 0.0665894
14 0.371094 0.48125 0.742188 0.934375 0.0658569
20 0.357031 0.606641 0.714063 0.786719 0.0639648
22 0.49375 0.637891 0.8375 0.724219 0.0630493
17 0.664062 0.526563 0.671875 0.93125 0.0603027
13 0.321484 0.441016 0.608594 0.882031 0.0589905
22 0.663281 0.476562 0.673438 0.93125 0.058136
22 0.449219 0.267383 0.801562 0.534766 0.0524292
20 0.419531 0.493848 0.389844 0.385742 0.0518494
20 0.351172 0.428906 0.702344 0.857813 0.0497742
14 0.315234 0.471094 0.630469 0.928125 0.0463867
11 0.372656 0.574121 0.495313 0.537695 0.0463867
20 0.395313 0.324219 0.790625 0.648438 0.0451965
8 0.314844 0.492188 0.629687 0.879687 0.0445251
22 0.639844 0.392969 0.720313 0.785937 0.0437012
22 0.639844 0.583203 0.720313 0.833594 0.0437012
3 0.362109 0.576953 0.545313 0.717969 0.0430298
17 0.401953 0.682813 0.753906 0.634375 0.0409851
13 0.385254 0.532813 0.457617 0.466406 0.0401001
22 0.417188 0.470703 0.389844 0.342187 0.0387573
8 0.372656 0.574121 0.495313 0.537695 0.0381775
0 0.419531 0.493848 0.389844 0.385742 0.037323
22 0.317578 0.627344 0.635156 0.745313 0.0370483
17 0.325 0.375 0.65 0.75 0.0363464
1 0.316797 0.521875 0.633594 0.934375 0.0360718
16 0.4125 0.535156 0.40625 0.471875 0.035675
14 0.343945 0.553906 0.687891 0.892188 0.0352783
1 0.364258 0.555469 0.728516 0.889063 0.0349426
14 0.417188 0.470703 0.389844 0.342187 0.0348816
13 0.371094 0.48125 0.742188 0.934375 0.0347595
22 0.434375 0.417969 0.413281 0.835938 0.0344849
17 0.480469 0.359375 0.879687 0.71875 0.033844
1 0.351172 0.428906 0.702344 0.857813 0.032959
22 0.480469 0.359375 0.879687 0.71875 0.0328369
3 0.360156 0.527344 0.720313 0.939063 0.0316162
20 0.377344 0.495313 0.471875 0.45625 0.0305634
14 0.416797 0.297852 0.833594 0.595703 0.0293121
10 0.372656 0.574121 0.495313 0.537695 0.0293121
17 0.434375 0.417969 0.413281 0.835938 0.0287628
11 0.321484 0.441016 0.608594 0.882031 0.028656
1 0.395313 0.324219 0.790625 0.648438 0.0284424
10 0.314844 0.492188 0.629687 0.879687 0.0272675
1 0.379492 0.63125 0.758984 0.7375 0.0268555
14 0.362109 0.576953 0.545313 0.717969 0.0267639
22 0.401953 0.682813 0.753906 0.634375 0.0262604
3 0.417188 0.470703 0.389844 0.342187 0.0256653
20 0.282031 0.471094 0.564063 0.923438 0.0245209
22 0.565234 0.429297 0.869531 0.858594 0.0243378
14 0.371094 0.350586 0.742188 0.701172 0.0239563
20 0.405859 0.625 0.671094 0.75 0.0238647
17 0.663281 0.630078 0.673438 0.739844 0.0238647
16 0.321484 0.441016 0.608594 0.882031 0.0237732
1 0.377344 0.495313 0.471875 0.45625 0.023468
14 0.376563 0.607813 0.753125 0.784375 0.0226288
9 0.362109 0.576953 0.545313 0.717969 0.0225372
1 0.49375 0.637891 0.8375 0.724219 0.0223236
1 0.314844 0.492188 0.629687 0.879687 0.0200195
17 0.462598 0.214453 0.64043 0.428906 0.0195007
14 0.317578 0.627344 0.635156 0.745313 0.0194244
3 0.315234 0.471094 0.630469 0.928125 0.0190582
25 0.376172 0.595313 0.4875 0.63125 0.0188293
3 0.395313 0.324219 0.790625 0.648438 0.0187683
2 0.4125 0.535156 0.40625 0.471875 0.0185394
11 0.362109 0.576953 0.545313 0.717969 0.0184021
11 0.419531 0.493848 0.389844 0.385742 0.0181274
3 0.376563 0.607813 0.753125 0.784375 0.0181274
22 0.325 0.348828 0.65 0.697656 0.0179901
17 0.558594 0.301172 0.832812 0.602344 0.0178528
13 0.316797 0.521875 0.633594 0.934375 0.0178528
20 0.415625 0.630469 0.83125 0.739062 0.0176392
20 0.324219 0.651563 0.648438 0.696875 0.0176392
20 0.596094 0.533594 0.807813 0.9 0.016983
20 0.449219 0.267383 0.801562 0.534766 0.0166626
5 0.362109 0.576953 0.545313 0.717969 0.0166626
20 0.422656 0.625098 0.498437 0.749805 0.0165863
0 0.372656 0.574121 0.495313 0.537695 0.0161591
1 0.357422 0.62959 0.610156 0.74082 0.0161591
1 0.323633 0.399219 0.647266 0.798438 0.0160217
1 0.324219 0.651563 0.648438 0.696875 0.0154266
0 0.321484 0.441016 0.608594 0.882031 0.0152512
20 0.522266 0.619531 0.803906 0.760938 0.0147324
1 0.427344 0.393359 0.854688 0.786719 0.0146179
20 0.641016 0.446484 0.717969 0.892969 0.0142288
1 0.642578 0.479688 0.714844 0.93125 0.0142288
5 0.327734 0.534375 0.655469 0.896875 0.0140076
9 0.327734 0.534375 0.655469 0.896875 0.0137939
1 0.372656 0.574121 0.495313 0.537695 0.0137405
25 0.435547 0.507031 0.396875 0.517188 0.0136871
3 0.365234 0.403125 0.730469 0.80625 0.0136337
20 0.323633 0.399219 0.647266 0.798438 0.0135345
14 0.594141 0.477344 0.811719 0.915625 0.0135345
1 0.614453 0.633984 0.771094 0.732031 0.0132217
22 0.558594 0.301172 0.832812 0.602344 0.0131683
20 0.435547 0.507031 0.396875 0.517188 0.0129242
0 0.435547 0.507031 0.396875 0.517188 0.0127258
1 0.505469 0.301172 0.821875 0.602344 0.0125275
20 0.427344 0.393359 0.854688 0.786719 0.0125275
13 0.335156 0.629297 0.670313 0.741406 0.0125275
19 0.432422 0.407422 0.319531 0.340625 0.0124283
17 0.645312 0.330859 0.709375 0.661719 0.0122375
8 0.377344 0.495313 0.471875 0.45625 0.0121918
8 0.364258 0.555469 0.728516 0.889063 0.0121918
17 0.6875 0.364844 0.625 0.729688 0.0119629
13 0.371094 0.350586 0.742188 0.701172 0.0117798
3 0.522266 0.619531 0.803906 0.760938 0.0116882
17 0.544141 0.330273 0.588281 0.660547 0.0115051
8 0.419531 0.493848 0.389844 0.385742 0.0114212
13 0.358203 0.592188 0.716406 0.815625 0.0114212
13 0.415625 0.630469 0.83125 0.739062 0.0113297
1 0.401953 0.682813 0.753906 0.634375 0.0110321
1 0.619531 0.399219 0.760938 0.798438 0.0109863
13 0.465234 0.299219 0.838281 0.598437 0.0108185
13 0.362109 0.576953 0.545313 0.717969 0.0106506
22 0.687109 0.630859 0.625781 0.738281 0.0106506
3 0.449219 0.267383 0.801562 0.534766 0.0104065
8 0.362109 0.576953 0.545313 0.717969 0.0104065
13 0.346875 0.425781 0.69375 0.851562 0.0103683
20 0.639844 0.583203 0.720313 0.833594 0.0103683
3 0.422656 0.625098 0.498437 0.749805 0.0102921
14 0.434375 0.417969 0.413281 0.835938 0.0102081
11 0.343945 0.553906 0.687891 0.892188 0.0100937
21 0.147754 0.470313 0.295508 0.378906 0.00993347
3 0.434375 0.417969 0.413281 0.835938 0.00993347
1 0.664062 0.580469 0.671875 0.839063 0.00993347
13 0.417188 0.470703 0.389844 0.342187 0.00955963
25 0.321484 0.441016 0.608594 0.882031 0.00937653
17 0.571484 0.396484 0.857031 0.792969 0.00923157
25 0.435937 0.573438 0.448438 0.721875 0.00923157
14 0.639844 0.420703 0.720313 0.841406 0.00912476
5 0.372656 0.574121 0.495313 0.537695 0.00912476
14 0.522266 0.619531 0.803906 0.760938 0.00912476
14 0.422656 0.625098 0.498437 0.749805 0.00901794
22 0.544141 0.330273 0.588281 0.660547 0.00891876
11 0.377344 0.495313 0.471875 0.45625 0.00891876
14 0.43125 0.657813 0.809375 0.684375 0.00891876
17 0.499609 0.791602 0.616406 0.416797 0.0088501
11 0.371094 0.48125 0.742188 0.934375 0.00878143
1 0.436621 0.61875 0.604883 0.7625 0.00878143
17 0.494434 0.172949 0.56582 0.345898 0.00867462
21 0.130371 0.409277 0.260742 0.431445 0.0086441
22 0.690625 0.335156 0.61875 0.670313 0.0086441
14 0.642188 0.557031 0.715625 0.885938 0.0086441
3 0.596094 0.533594 0.807813 0.9 0.00861359
3 0.639844 0.420703 0.720313 0.841406 0.00857544
1 0.270117 0.448047 0.540234 0.896094 0.0085144
8 0.316797 0.521875 0.633594 0.934375 0.00844574
8 0.395313 0.324219 0.790625 0.648438 0.00834656
14 0.427344 0.393359 0.854688 0.786719 0.00831604
13 0.579688 0.443359 0.840625 0.886719 0.00812531
22 0.603516 0.660937 0.792969 0.678125 0.00806427
10 0.377344 0.495313 0.471875 0.45625 0.00790405
17 0.279883 0.557813 0.559766 0.884375 0.00787354
10 0.362109 0.576953 0.545313 0.717969 0.00772476
19 0.179102 0.477344 0.358203 0.379688 0.00760651
11 0.435547 0.507031 0.396875 0.517188 0.00757599
17 0.603516 0.660937 0.792969 0.678125 0.00757599
17 0.325391 0.291406 0.650781 0.582812 0.00743103
3 0.43125 0.657813 0.809375 0.684375 0.00743103
22 0.462598 0.214453 0.64043 0.428906 0.00740433
1 0.366797 0.428906 0.538281 0.857813 0.00740433
13 0.405078 0.706445 0.753906 0.587109 0.00740433
3 0.664062 0.526563 0.671875 0.93125 0.00723267
16 0.371094 0.48125 0.742188 0.934375 0.00712204
17 0.282422 0.679688 0.564844 0.640625 0.00701141
20 0.291016 0.577734 0.582031 0.844531 0.0069046
1 0.685156 0.41875 0.629687 0.8375 0.0068512
3 0.317578 0.627344 0.635156 0.745313 0.0068512
20 0.405078 0.706445 0.753906 0.587109 0.0068512
8 0.351172 0.428906 0.702344 0.857813 0.00682449
0 0.377344 0.495313 0.471875 0.45625 0.00674438
13 0.310742 0.677148 0.621484 0.645703 0.00656509
22 0.279883 0.557813 0.559766 0.884375 0.00651169
14 0.462598 0.214453 0.64043 0.428906 0.0064888
14 0.298633 0.399609 0.597266 0.799219 0.0064888
13 0.642188 0.557031 0.715625 0.885938 0.00629044
1 0.27832 0.608984 0.556641 0.782031 0.00626373
20 0.521094 0.32832 0.853125 0.656641 0.00624084
0 0.371094 0.48125 0.742188 0.934375 0.00624084
3 0.638281 0.607031 0.723437 0.785937 0.00624084
8 0.335156 0.629297 0.670313 0.741406 0.00614548
1 0.417188 0.470703 0.389844 0.342187 0.00609589
1 0.496875 0.245898 0.59375 0.491797 0.00600433
22 0.499609 0.791602 0.616406 0.416797 0.00591278
13 0.427344 0.393359 0.854688 0.786719 0.00582123
13 0.560156 0.664844 0.879687 0.670313 0.00577545
25 0.377344 0.495313 0.471875 0.45625 0.00572968
1 0.325391 0.291406 0.650781 0.582812 0.00568771
16 0.417188 0.470703 0.389844 0.342187 0.00557709
13 0.434375 0.417969 0.413281 0.835938 0.0055542
23 0.372656 0.574121 0.495313 0.537695 0.00548935
24 0.376172 0.595313 0.4875 0.63125 0.00548935
20 0.434375 0.417969 0.413281 0.835938 0.00547028
13 0.422656 0.625098 0.498437 0.749805 0.00547028
22 0.706641 0.415625 0.586719 0.83125 0.00542831
8 0.402344 0.607813 0.804688 0.784375 0.00538635
11 0.579688 0.443359 0.840625 0.886719 0.00530243
16 0.376172 0.595313 0.4875 0.63125 0.00521851
2 0.376172 0.595313 0.4875 0.63125 0.00518036
13 0.496875 0.245898 0.59375 0.491797 0.0050621
0 0.434375 0.417969 0.413281 0.835938 0.0050621
13 0.614453 0.633984 0.771094 0.732031 0.0050621
11 0.395313 0.324219 0.790625 0.648438 0.00502014
3 0.480469 0.359375 0.879687 0.71875 0.00502014
20 0.619531 0.369141 0.760938 0.738281 0.00500107
11 0.365234 0.403125 0.730469 0.80625 0.00498199
14 0.614453 0.633984 0.771094 0.732031 0.00494385
1 0.544141 0.330273 0.588281 0.660547 0.0049057
25 0.34375 0.477344 0.6875 0.9375 0.0049057
1 0.687305 0.655859 0.625391 0.688281 0.0049057
13 0.639844 0.392969 0.720313 0.785937 0.00486755
22 0.282422 0.679688 0.564844 0.640625 0.00482941
14 0.325391 0.291406 0.650781 0.582812 0.00479126
11 0.315234 0.471094 0.630469 0.928125 0.00473785
20 0.687305 0.527344 0.625391 0.926562 0.00471878
4 0.314844 0.492188 0.629687 0.879687 0.00466537
0 0.449219 0.267383 0.801562 0.534766 0.0046463
10 0.419531 0.493848 0.389844 0.385742 0.0046463
1 0.591406 0.576172 0.817187 0.847656 0.0045929
9 0.372656 0.574121 0.495313 0.537695 0.00450516
1 0.461621 0.729297 0.629883 0.541406 0.00450516
24 0.435937 0.573438 0.448438 0.721875 0.00446701
17 0.613281 0.9 0.334375 0.2 0.00439835
17 0.454004 0.765625 0.72168 0.46875 0.00439835
10 0.375781 0.591406 0.751563 0.817187 0.00438309
11 0.383594 0.602344 0.767188 0.795313 0.00438309
10 0.282031 0.471094 0.564063 0.923438 0.00432968
11 0.422656 0.625098 0.498437 0.749805 0.00432968
13 0.301367 0.375195 0.602734 0.750391 0.00431442
22 0.342187 0.264062 0.684375 0.528125 0.00429916
1 0.570312 0.353906 0.84375 0.707812 0.00429916
19 0.139258 0.463281 0.278516 0.425 0.00419998
14 0.685938 0.478125 0.628125 0.925 0.00416565
2 0.417188 0.470703 0.389844 0.342187 0.0041008
3 0.325 0.348828 0.65 0.697656 0.00408554
8 0.480469 0.266992 0.776563 0.533984 0.00407028
13 0.270117 0.448047 0.540234 0.896094 0.00403976
25 0.357422 0.62959 0.610156 0.74082 0.00399017
20 0.496875 0.245898 0.59375 0.491797 0.00397491
17 0.658984 0.307813 0.682031 0.615625 0.00397491
2 0.321484 0.441016 0.608594 0.882031 0.00397491
1 0.291016 0.705469 0.582031 0.589063 0.00392914
3 0.558594 0.301172 0.832812 0.602344 0.00385475
13 0.525781 0.360547 0.865625 0.721094 0.00385475
14 0.400781 0.730469 0.801562 0.539062 0.00385475
12 0.357617 0.45 0.715234 0.9 0.00379562
25 0.594141 0.477344 0.811719 0.915625 0.00379562
14 0.359766 0.67832 0.719531 0.643359 0.00378036
14 0.494434 0.172949 0.56582 0.345898 0.00376511
3 0.496875 0.245898 0.59375 0.491797 0.00376511
4 0.372656 0.574121 0.495313 0.537695 0.00376511
10 0.343164 0.525391 0.686328 0.936719 0.00370789
1 0.454004 0.765625 0.72168 0.46875 0.00370789
25 0.376563 0.607813 0.753125 0.784375 0.00367928
10 0.351172 0.428906 0.702344 0.857813 0.00362206
25 0.434375 0.417969 0.413281 0.835938 0.00362206
1 0.516406 0.151758 0.513281 0.303516 0.00359344
13 0.279297 0.582812 0.558594 0.834375 0.00359344
13 0.499609 0.791602 0.616406 0.416797 0.00359344
22 0.494434 0.172949 0.56582 0.345898 0.00353813
11 0.618359 0.5625 0.763281 0.875 0.00351143
0 0.462598 0.214453 0.64043 0.428906 0.00348282
19 0.432422 0.428125 0.372656 0.3125 0.0479431
16 0.432422 0.436328 0.369531 0.325 0.0175171
11 0.237305 0.6875 0.474609 0.625 0.00978088
4 0.237305 0.6875 0.474609 0.625 0.00891876
1 0.241406 0.627344 0.482812 0.745313 0.00871277
22 0.440625 0.521094 0.316406 0.434375 0.00857544
20 0.237305 0.6875 0.474609 0.625 0.008255
17 0.442188 0.539453 0.314844 0.467969 0.00740433
4 0.257812 0.786719 0.515625 0.417188 0.00664139
1 0.441309 0.527344 0.300195 0.439063 0.00624084
22 0.241406 0.627344 0.482812 0.745313 0.00616837
17 0.241406 0.627344 0.482812 0.745313 0.00591278
14 0.257812 0.786719 0.515625 0.417188 0.005867
11 0.257812 0.786719 0.515625 0.417188 0.00568771
14 0.233984 0.697656 0.467969 0.582812 0.00547028
1 0.445312 0.446484 0.299219 0.292969 0.0053215
4 0.44541 0.509766 0.299805 0.4125 0.00516129
16 0.237305 0.6875 0.474609 0.625 0.00482941
9 0.237305 0.6875 0.474609 0.625 0.00475693
16 0.625391 0.0854492 0.394531 0.170898 0.00466537
3 0.241406 0.627344 0.482812 0.745313 0.00460815
20 0.257812 0.786719 0.515625 0.417188 0.00460815
2 0.233984 0.697656 0.467969 0.582812 0.00436401
21 0.482031 0.676562 0.292188 0.35625 0.00424957
0 0.233984 0.697656 0.467969 0.582812 0.00413513
4 0.445312 0.446484 0.299219 0.292969 0.00411606
2 0.246484 0.790625 0.492969 0.407813 0.00405502
17 0.440527 0.451172 0.311133 0.300781 0.00391388
24 0.253711 0.675391 0.507422 0.649219 0.00388527
12 0.25 0.644824 0.5 0.710352 0.00382423
16 0.257812 0.786719 0.515625 0.417188 0.00379562
18 0.246484 0.790625 0.492969 0.407813 0.00362206
24 0.257812 0.786719 0.515625 0.417188 0.00362206
7 0.257812 0.786719 0.515625 0.417188 0.00359344
16 0.421484 0.424121 0.292969 0.286133 0.00356483
0 0.246484 0.790625 0.492969 0.407813 0.00345612
22 0.440527 0.451172 0.311133 0.300781 0.00337601
9 0.441309 0.527344 0.300195 0.439063 0.00332451
19 0.271875 0.513672 0.325781 0.317188 0.00324821
2 0.440625 0.521094 0.316406 0.434375 0.00314713
21 0.428125 0.437402 0.333594 0.267383 0.00301552
12 0.445312 0.446484 0.299219 0.292969 0.00300407
14 0.279297 0.691016 0.558594 0.617969 0.00298119
2 0.445312 0.446484 0.299219 0.292969 0.0029583
19 0.426465 0.415527 0.34082 0.236133 0.00290108
7 0.279297 0.691016 0.558594 0.617969 0.00279999
1 0.458984 0.583594 0.467969 0.728125 0.00277901
20 0.441309 0.527344 0.300195 0.439063 0.00276756
18 0.233984 0.697656 0.467969 0.582812 0.00265312
3 0.44541 0.509766 0.299805 0.4125 0.00263214
6 0.253711 0.675391 0.507422 0.649219 0.00256157
8 0.44541 0.509766 0.299805 0.4125 0.00247192
3 0.445312 0.446484 0.299219 0.292969 0.0024147
5 0.237305 0.6875 0.474609 0.625 0.00237846
12 0.257812 0.786719 0.515625 0.417188 0.00234222
0 0.440625 0.521094 0.316406 0.434375 0.00229645
12 0.44541 0.509766 0.299805 0.4125 0.00228691
13 0.237305 0.6875 0.474609 0.625 0.00226974
1 0.563672 0.66875 0.785156 0.6625 0.00222588
22 0.443848 0.573535 0.393555 0.54043 0.00218201
5 0.257812 0.786719 0.515625 0.417188 0.00218201
15 0.257812 0.786719 0.515625 0.417188 0.00216484
25 0.237305 0.6875 0.474609 0.625 0.00214005
12 0.392969 0.554297 0.539062 0.721094 0.00200272
6 0.257812 0.786719 0.515625 0.417188 0.00200272
12 0.38291 0.611328 0.70918 0.777344 0.00198746
1 0.443848 0.573535 0.393555 0.54043 0.00188923
0 0.440527 0.451172 0.311133 0.300781 0.00186729
10 0.233984 0.697656 0.467969 0.582812 0.00185299
19 0.624219 0.0766602 0.376563 0.15332 0.00183868
11 0.523535 0.125586 0.570117 0.251172 0.00183868
12 0.279297 0.691016 0.558594 0.617969 0.00183868
22 0.458984 0.583594 0.467969 0.728125 0.00179577
12 0.563672 0.66875 0.785156 0.6625 0.00178242
7 0.233984 0.697656 0.467969 0.582812 0.00177479
16 0.270508 0.533984 0.358984 0.325781 0.00176811
15 0.237305 0.6875 0.474609 0.625 0.00174141
17 0.443848 0.573535 0.393555 0.54043 0.0017004
12 0.420703 0.65 0.841406 0.7 0.00169373
3 0.257812 0.786719 0.515625 0.417188 0.00168705
13 0.428125 0.437402 0.333594 0.267383 0.00168133
8 0.241406 0.627344 0.482812 0.745313 0.00166798
8 0.445312 0.446484 0.299219 0.292969 0.0016489
12 0.335938 0.507422 0.671875 0.657031 0.00162315
13 0.257812 0.786719 0.515625 0.417188 0.00161648
11 0.438965 0.544141 0.333008 0.494531 0.0015974
9 0.257812 0.786719 0.515625 0.417188 0.00158501
12 0.441406 0.574219 0.335938 0.53125 0.00156116
25 0.440527 0.451172 0.311133 0.300781 0.00153637
1 0.38291 0.611328 0.70918 0.777344 0.00153637
11 0.600684 0.700781 0.79082 0.598437 0.00149536
19 0.480078 0.539844 0.324219 0.328125 0.00148392
17 0.563672 0.66875 0.785156 0.6625 0.00148392
19 0.476172 0.708594 0.307031 0.382812 0.00146675
12 0.332031 0.481641 0.588281 0.489844 0.00145531
22 0.563672 0.66875 0.785156 0.6625 0.00145531
17 0.458984 0.583594 0.467969 0.728125 0.00144958
14 0.435156 0.45 0.310937 0.2875 0.00140476
5 0.441309 0.527344 0.300195 0.439063 0.00139427
16 0.44541 0.509766 0.299805 0.4125 0.00138855
23 0.257812 0.786719 0.515625 0.417188 0.00138855
21 0.233984 0.697656 0.467969 0.582812 0.00137234
11 0.272852 0.703125 0.545703 0.59375 0.00137234
12 0.450781 0.638379 0.514063 0.723242 0.00136662
16 0.574609 0.115039 0.411719 0.230078 0.00134563
1 0.450391 0.65127 0.421875 0.697461 0.00134563
13 0.600684 0.700781 0.79082 0.598437 0.00134087
1 0.246484 0.790625 0.492969 0.407813 0.00133514
25 0.257812 0.786719 0.515625 0.417188 0.00133514
10 0.44541 0.509766 0.299805 0.4125 0.00133038
11 0.434473 0.449219 0.324805 0.3 0.00132465
17 0.257812 0.786719 0.515625 0.417188 0.00129414
19 0.253711 0.675391 0.507422 0.649219 0.0012846
23 0.237305 0.6875 0.474609 0.625 0.00127411
20 0.445312 0.446484 0.299219 0.292969 0.00126457
3 0.441406 0.574219 0.335938 0.53125 0.00125504
22 0.246484 0.790625 0.492969 0.407813 0.00124454
1 0.244922 0.672656 0.489844 0.654688 0.00124454
4 0.283203 0.699219 0.566406 0.601562 0.00123978
11 0.519531 0.124023 0.55 0.248047 0.0012064
13 0.4375 0.495703 0.317969 0.385156 0.00119686
10 0.257812 0.786719 0.515625 0.417188 0.00119686
6 0.523535 0.125586 0.570117 0.251172 0.00118351
21 0.257812 0.786719 0.515625 0.417188 0.00116062
4 0.523535 0.125586 0.570117 0.251172 0.00115108
13 0.283203 0.699219 0.566406 0.601562 0.00115108
13 0.392969 0.554297 0.539062 0.721094 0.0011425
16 0.523535 0.125586 0.570117 0.251172 0.00113773
4 0.441406 0.574219 0.335938 0.53125 0.00113773
2 0.523535 0.125586 0.570117 0.251172 0.00112438
19 0.584277 0.0967773 0.418945 0.193555 0.00110722
12 0.445703 0.616504 0.401563 0.724805 0.00109005
17 0.450391 0.65127 0.421875 0.697461 0.00108624
2 0.519531 0.124023 0.55 0.248047 0.00106525
1 0.519531 0.124023 0.55 0.248047 0.00104046
7 0.523535 0.125586 0.570117 0.251172 0.00103188
2 0.279297 0.691016 0.558594 0.617969 0.00103188
12 0.416797 0.426465 0.377344 0.393945 0.00101185
22 0.426953 0.514941 0.316406 0.393555 0.0343628
17 0.426563 0.484766 0.311719 0.344531 0.0223694
5 0.438672 0.509766 0.313281 0.396094 0.0218658
16 0.428906 0.468066 0.300781 0.306055 0.021698
20 0.438672 0.509766 0.313281 0.396094 0.0175781
25 0.426953 0.514941 0.316406 0.393555 0.0150146
4 0.425879 0.461719 0.306055 0.271875 0.0146179
6 0.438672 0.509766 0.313281 0.396094 0.0146179
9 0.438672 0.509766 0.313281 0.396094 0.0145035
3 0.428906 0.468066 0.300781 0.306055 0.014389
11 0.426953 0.514941 0.316406 0.393555 0.0136337
1 0.426563 0.484766 0.311719 0.344531 0.0121918
21 0.426953 0.514941 0.316406 0.393555 0.0118713
2 0.428906 0.468066 0.300781 0.306055 0.0114212
4 0.426953 0.514941 0.316406 0.393555 0.0113297
0 0.426563 0.484766 0.311719 0.344531 0.0100937
19 0.448047 0.532813 0.344531 0.446875 0.00945282
14 0.426953 0.514941 0.316406 0.393555 0.00919342
8 0.426563 0.484766 0.311719 0.344531 0.008255
12 0.425879 0.461719 0.306055 0.271875 0.00812531
23 0.428906 0.468066 0.300781 0.306055 0.00784302
19 0.427441 0.407031 0.316992 0.435156 0.00712204
1 0.448047 0.532813 0.344531 0.446875 0.00614548
22 0.430859 0.560156 0.403906 0.564063 0.00534439
18 0.43125 0.463281 0.317188 0.295312 0.0053215
24 0.438672 0.509766 0.313281 0.396094 0.00527954
10 0.438672 0.509766 0.313281 0.396094 0.00500107
22 0.427441 0.463281 0.30293 0.278906 0.00494385
13 0.43125 0.463281 0.317188 0.295312 0.00486755
14 0.427441 0.463281 0.30293 0.278906 0.00460815
17 0.436328 0.533984 0.360156 0.44375 0.00457382
11 0.43916 0.554688 0.39043 0.525 0.00400543
1 0.407813 0.562891 0.469531 0.592969 0.0037365
2 0.439746 0.513281 0.351758 0.403125 0.00372124
0 0.438379 0.520215 0.368555 0.425195 0.00365067
25 0.427441 0.463281 0.30293 0.278906 0.00359344
3 0.448047 0.532813 0.344531 0.446875 0.00328636
11 0.427441 0.463281 0.30293 0.278906 0.00317192
1 0.414941 0.335156 0.399805 0.660937 0.003088
16 0.439746 0.513281 0.351758 0.403125 0.00282288
12 0.321094 0.34707 0.642188 0.694141 0.00263214
13 0.436719 0.528125 0.361719 0.478125 0.00257111
19 0.475879 0.663281 0.298242 0.384375 0.00244331
13 0.321094 0.34707 0.642188 0.694141 0.00243378
12 0.414941 0.335156 0.399805 0.660937 0.00235939
5 0.425879 0.461719 0.306055 0.271875 0.00226974
12 0.426563 0.480371 0.353906 0.336133 0.00226021
1 0.488672 0.797266 0.45625 0.405469 0.00225258
13 0.414941 0.335156 0.399805 0.660937 0.00210762
22 0.539453 0.574902 0.607031 0.64707 0.00209999
22 0.488672 0.797266 0.45625 0.405469 0.00203514
6 0.427441 0.463281 0.30293 0.278906 0.00192642
13 0.407813 0.562891 0.469531 0.592969 0.00191212
11 0.460156 0.814063 0.509375 0.371875 0.00178909
12 0.414844 0.587109 0.640625 0.694531 0.00178242
12 0.407813 0.562891 0.469531 0.592969 0.00176144
12 0.510547 0.582031 0.504687 0.634375 0.00174141
15 0.425879 0.461719 0.306055 0.271875 0.00172043
22 0.220508 0.580469 0.441016 0.5125 0.00171375
12 0.339453 0.537109 0.678906 0.666406 0.0017004
1 0.220508 0.580469 0.441016 0.5125 0.00166798
1 0.50166 0.723047 0.40293 0.553906 0.00164223
19 0.43125 0.463281 0.317188 0.295312 0.00162888
1 0.539453 0.574902 0.607031 0.64707 0.00162315
24 0.43916 0.554688 0.39043 0.525 0.00161648
7 0.430566 0.461719 0.323242 0.277344 0.0015974
17 0.407813 0.562891 0.469531 0.592969 0.00156689
17 0.539453 0.574902 0.607031 0.64707 0.00153637
20 0.425879 0.461719 0.306055 0.271875 0.00148964
12 0.563672 0.639453 0.532031 0.558594 0.00148964
12 0.490625 0.436328 0.676562 0.730469 0.0014782
12 0.436719 0.528125 0.361719 0.478125 0.0014782
9 0.425879 0.461719 0.306055 0.271875 0.00147247
12 0.553516 0.336719 0.600781 0.61875 0.00143242
10 0.425879 0.461719 0.306055 0.271875 0.00142097
1 0.321094 0.34707 0.642188 0.694141 0.00140476
12 0.403906 0.614062 0.807813 0.771875 0.00135136
6 0.43916 0.554688 0.39043 0.525 0.00134563
12 0.351562 0.497266 0.603125 0.533594 0.00134087
13 0.339453 0.537109 0.678906 0.666406 0.00133038
13 0.414844 0.587109 0.640625 0.694531 0.00133038
12 0.229297 0.601953 0.458594 0.555469 0.00129414
12 0.45166 0.341797 0.693555 0.683594 0.0012846
13 0.351562 0.497266 0.603125 0.533594 0.00127888
12 0.617578 0.625391 0.764844 0.749219 0.00126457
15 0.439746 0.513281 0.351758 0.403125 0.00125504
12 0.188672 0.428125 0.377344 0.49375 0.00123501
11 0.414941 0.335156 0.399805 0.660937 0.00123024
8 0.448047 0.532813 0.344531 0.446875 0.00121593
25 0.43916 0.554688 0.39043 0.525 0.00121593
12 0.253516 0.447559 0.507031 0.533008 0.00119686
11 0.321094 0.34707 0.642188 0.694141 0.00119209
12 0.488672 0.797266 0.45625 0.405469 0.00118351
12 0.555078 0.520703 0.671094 0.660156 0.0011692
1 0.188672 0.428125 0.377344 0.49375 0.00116539
1 0.351562 0.497266 0.603125 0.533594 0.00112438
17 0.488672 0.797266 0.45625 0.405469 0.00112438
4 0.43916 0.554688 0.39043 0.525 0.00109863
14 0.43916 0.554688 0.39043 0.525 0.00109863
16 0.43916 0.554688 0.39043 0.525 0.00109005
1 0.414844 0.587109 0.640625 0.694531 0.00108147
17 0.220508 0.580469 0.441016 0.5125 0.00106525
12 0.613672 0.697656 0.641406 0.604688 0.00103664
1 0.339453 0.537109 0.678906 0.666406 0.00102806
12 0.429297 0.457422 0.31875 0.278906 0.0155411
12 0.349023 0.474609 0.553516 0.378906 0.0142822
6 0.433984 0.456641 0.298438 0.271875 0.00905609
24 0.441016 0.449902 0.3125 0.279883 0.0086441
1 0.43125 0.451562 0.295312 0.273438 0.00717545
13 0.429297 0.457422 0.31875 0.278906 0.00706482
16 0.431934 0.452734 0.304883 0.272656 0.0069046
7 0.481934 0.124609 0.593945 0.249219 0.00674438
24 0.481934 0.124609 0.593945 0.249219 0.0055542
12 0.312891 0.348047 0.625781 0.652344 0.00486755
14 0.43125 0.451562 0.295312 0.273438 0.0046463
19 0.40459 0.411328 0.268945 0.316406 0.00462723
12 0.332422 0.479004 0.664844 0.451367 0.00431442
6 0.481934 0.124609 0.593945 0.249219 0.0042305
13 0.349023 0.474609 0.553516 0.378906 0.00379562
11 0.43125 0.451562 0.295312 0.273438 0.00353813
4 0.43125 0.451562 0.295312 0.273438 0.00335121
3 0.43125 0.451562 0.295312 0.273438 0.00322342
15 0.480371 0.133594 0.689258 0.267188 0.00300407
7 0.433984 0.456641 0.298438 0.271875 0.00298119
17 0.431934 0.452734 0.304883 0.272656 0.0029583
19 0.422656 0.441016 0.34375 0.266406 0.00294685
11 0.477734 0.142676 0.642969 0.285352 0.00291252
7 0.460547 0.14668 0.749219 0.293359 0.00276756
14 0.477734 0.142676 0.642969 0.285352 0.0026722
18 0.481934 0.124609 0.593945 0.249219 0.0026722
15 0.429297 0.457422 0.31875 0.278906 0.00245285
11 0.844531 0.0658691 0.310937 0.131738 0.00225258
0 0.43125 0.451562 0.295312 0.273438 0.00219917
2 0.435937 0.44834 0.314063 0.275195 0.00219917
13 0.312891 0.348047 0.625781 0.652344 0.00215721
13 0.492871 0.13291 0.568945 0.26582 0.00210762
9 0.441016 0.449902 0.3125 0.279883 0.00208282
16 0.844531 0.0658691 0.310937 0.131738 0.00206757
24 0.460547 0.14668 0.749219 0.293359 0.00204277
12 0.425 0.620313 0.85 0.759375 0.0019722
20 0.433984 0.456641 0.298438 0.271875 0.00192642
12 0.241016 0.665625 0.482031 0.640625 0.00179577
11 0.523047 0.121289 0.491406 0.242578 0.00176811
1 0.355078 0.323242 0.605469 0.646484 0.00172043
12 0.413672 0.318945 0.578906 0.637891 0.00171375
18 0.429297 0.457422 0.31875 0.278906 0.00170708
12 0.492871 0.13291 0.568945 0.26582 0.00168705
22 0.431934 0.452734 0.304883 0.272656 0.00168133
11 0.688672 0.0900391 0.622656 0.180078 0.00165462
25 0.435937 0.44834 0.314063 0.275195 0.00162315
5 0.433984 0.456641 0.298438 0.271875 0.00157356
23 0.441016 0.449902 0.3125 0.279883 0.00153637
8 0.43125 0.451562 0.295312 0.273438 0.00152493
12 0.263672 0.436719 0.527344 0.490625 0.00143242
0 0.850391 0.0589355 0.299219 0.117871 0.00142097
6 0.460547 0.14668 0.749219 0.293359 0.00142097
16 0.481934 0.124609 0.593945 0.249219 0.00141621
6 0.848437 0.0621094 0.303125 0.124219 0.00140476
2 0.492871 0.13291 0.568945 0.26582 0.00137806
12 0.388672 0.599609 0.750781 0.800781 0.00137806
1 0.492871 0.13291 0.568945 0.26582 0.00135612
11 0.349023 0.474609 0.553516 0.378906 0.00135612
12 0.464063 0.758594 0.717188 0.482812 0.00134563
7 0.844531 0.0658691 0.310937 0.131738 0.00130463
9 0.473438 0.124707 0.589063 0.249414 0.00127888
13 0.475684 0.147363 0.739258 0.294727 0.00124931
13 0.332422 0.479004 0.664844 0.451367 0.00118351
24 0.573438 0.107031 0.392188 0.214062 0.00117397
14 0.523047 0.121289 0.491406 0.242578 0.00116062
12 0.321484 0.380078 0.642969 0.760156 0.00113773
17 0.355078 0.323242 0.605469 0.646484 0.00112057
23 0.481934 0.124609 0.593945 0.249219 0.0011034
15 0.527344 0.114355 0.485938 0.228711 0.00109005
19 0.466797 0.412109 0.261719 0.242188 0.00107765
12 0.432031 0.445312 0.6875 0.890625 0.00107765
4 0.480371 0.133594 0.689258 0.267188 0.00106049
19 0.481934 0.124609 0.593945 0.249219 0.00104809
2 0.848437 0.0621094 0.303125 0.124219 0.00104046
15 0.349023 0.474609 0.553516 0.378906 0.00103188
12 0.299219 0.631641 0.598437 0.736719 0.00103188
11 0.636621 0.15625 0.726758 0.3125 0.00100422
23 0.422754 0.449219 0.312305 0.282813 0.102295
4 0.422754 0.449219 0.312305 0.282813 0.0718384
14 0.422754 0.449219 0.312305 0.282813 0.0381775
6 0.423438 0.456348 0.289844 0.257617 0.0334778
12 0.422754 0.449219 0.312305 0.282813 0.032959
9 0.422559 0.449121 0.29707 0.267383 0.0238647
16 0.422559 0.449121 0.29707 0.267383 0.0201721
0 0.420703 0.455469 0.323438 0.301563 0.0154266
11 0.435547 0.450781 0.300781 0.270313 0.0154266
24 0.422559 0.449121 0.29707 0.267383 0.0146179
2 0.422754 0.449219 0.312305 0.282813 0.0115051
7 0.425391 0.451562 0.303125 0.265625 0.0108185
18 0.422559 0.449121 0.29707 0.267383 0.00997162
25 0.431641 0.446484 0.304688 0.286719 0.00748825
3 0.422754 0.449219 0.312305 0.282813 0.00695801
5 0.422559 0.449121 0.29707 0.267383 0.00619125
21 0.414062 0.514063 0.359375 0.435156 0.00508118
15 0.422754 0.449219 0.312305 0.282813 0.00498199
8 0.435547 0.450781 0.300781 0.270313 0.0039444
20 0.423438 0.456348 0.289844 0.257617 0.00370789
21 0.444141 0.463281 0.280469 0.345313 0.00358009
17 0.431641 0.446484 0.304688 0.286719 0.00345612
21 0.40791 0.438281 0.366992 0.325781 0.0030632
16 0.711719 0.864453 0.3875 0.271094 0.00266266
10 0.422754 0.449219 0.312305 0.282813 0.00223351
19 0.422559 0.449121 0.29707 0.267383 0.00163555
6 0.711719 0.864453 0.3875 0.271094 0.00134087
0 0.711719 0.864453 0.3875 0.271094 0.00127888
1 0.429297 0.450391 0.307813 0.300781 0.00119686
2 0.711719 0.864453 0.3875 0.271094 0.00119686
12 0.40459 0.418359 0.464258 0.374219 0.00106525
13 0.425391 0.451562 0.303125 0.265625 0.00102043
23 0.433594 0.450098 0.329688 0.268555 0.279785
6 0.438379 0.435937 0.331055 0.257812 0.193115
9 0.433594 0.450098 0.329688 0.268555 0.0913696
0 0.433984 0.449121 0.332031 0.264258 0.0789185
2 0.433984 0.449121 0.332031 0.264258 0.0718384
4 0.433594 0.450098 0.329688 0.268555 0.0663452
14 0.433984 0.449121 0.332031 0.264258 0.0634766
25 0.433984 0.449121 0.332031 0.264258 0.0623169
24 0.438379 0.435937 0.331055 0.257812 0.0583496
16 0.433594 0.450098 0.329688 0.268555 0.0526123
5 0.433594 0.450098 0.329688 0.268555 0.0281067
11 0.433984 0.449121 0.332031 0.264258 0.0240479
10 0.433984 0.449121 0.332031 0.264258 0.0235138
20 0.438379 0.435937 0.331055 0.257812 0.0217743
12 0.433984 0.444434 0.319531 0.268945 0.0182648
15 0.433984 0.444434 0.319531 0.268945 0.0182648
7 0.433984 0.444434 0.319531 0.268945 0.0147324
3 0.433984 0.444434 0.319531 0.268945 0.0139542
18 0.433594 0.450098 0.329688 0.268555 0.0127716
19 0.438379 0.435937 0.331055 0.257812 0.00834656
8 0.433984 0.449121 0.332031 0.264258 0.00803375
21 0.433984 0.449121 0.332031 0.264258 0.00769424
17 0.432031 0.442188 0.332031 0.260938 0.00728989
13 0.430078 0.451172 0.363281 0.275 0.00527954
1 0.430078 0.451172 0.363281 0.275 0.00266266
19 0.473828 0.692187 0.269531 0.346875 0.0018034
12 0.423828 0.438672 0.400781 0.376563 0.0014782
1 0.423828 0.438672 0.400781 0.376563 0.00137806
17 0.423828 0.438672 0.400781 0.376563 0.00127411
23 0.426465 0.427344 0.308008 0.253125 0.0872803
25 0.433594 0.433496 0.3125 0.262695 0.0522461
6 0.428516 0.433984 0.30625 0.264062 0.0507202
14 0.425879 0.429688 0.306055 0.239063 0.0417786
16 0.421973 0.428906 0.320117 0.247656 0.0374756
0 0.43291 0.425098 0.318555 0.24668 0.0354004
2 0.426465 0.427344 0.308008 0.253125 0.0311432
9 0.428516 0.433984 0.30625 0.264062 0.0279083
20 0.428516 0.433984 0.30625 0.264062 0.0225372
3 0.425879 0.429688 0.306055 0.239063 0.0202484
5 0.428516 0.433984 0.30625 0.264062 0.0171051
4 0.43291 0.425098 0.318555 0.24668 0.0159607
21 0.433594 0.433496 0.3125 0.262695 0.0131683
10 0.433594 0.433496 0.3125 0.262695 0.0102463
18 0.425879 0.429688 0.306055 0.239063 0.00919342
12 0.412109 0.37666 0.383594 0.348242 0.00871277
11 0.433594 0.433496 0.3125 0.262695 0.00714874
7 0.425879 0.429688 0.306055 0.239063 0.00709534
8 0.433594 0.433496 0.3125 0.262695 0.00616837
15 0.43291 0.425098 0.318555 0.24668 0.00568771
13 0.412109 0.37666 0.383594 0.348242 0.00557709
12 0.417188 0.333398 0.436719 0.628516 0.00510025
12 0.425879 0.429688 0.306055 0.239063 0.00482941
12 0.382031 0.359766 0.54375 0.719531 0.00477219
24 0.428516 0.433984 0.30625 0.264062 0.00452042
12 0.437598 0.391895 0.41543 0.456836 0.00367928
17 0.43291 0.425098 0.318555 0.24668 0.00355148
13 0.419434 0.428125 0.32207 0.230469 0.00352478
22 0.433984 0.451562 0.309375 0.291406 0.00336266
12 0.349609 0.386328 0.699219 0.772656 0.00316048
2 0.412109 0.37666 0.383594 0.348242 0.00288963
11 0.412109 0.37666 0.383594 0.348242 0.00282288
19 0.428516 0.433984 0.30625 0.264062 0.00277901
1 0.433984 0.451562 0.309375 0.291406 0.00277901
13 0.417188 0.333398 0.436719 0.628516 0.00271416
1 0.437598 0.391895 0.41543 0.456836 0.00258064
13 0.437598 0.391895 0.41543 0.456836 0.00257111
14 0.412109 0.37666 0.383594 0.348242 0.00257111
17 0.437598 0.391895 0.41543 0.456836 0.00245285
16 0.412109 0.37666 0.383594 0.348242 0.00225258
14 0.437598 0.391895 0.41543 0.456836 0.00208282
15 0.412109 0.37666 0.383594 0.348242 0.00200272
2 0.437598 0.391895 0.41543 0.456836 0.00198746
11 0.437598 0.391895 0.41543 0.456836 0.00195694
0 0.412109 0.37666 0.383594 0.348242 0.00195694
6 0.412109 0.37666 0.383594 0.348242 0.00191879
13 0.382031 0.359766 0.54375 0.719531 0.00183105
23 0.412109 0.37666 0.383594 0.348242 0.00182438
1 0.412109 0.37666 0.383594 0.348242 0.00163555
4 0.412109 0.37666 0.383594 0.348242 0.00162888
1 0.417188 0.333398 0.436719 0.628516 0.00162315
3 0.412109 0.37666 0.383594 0.348242 0.0015974
18 0.412109 0.37666 0.383594 0.348242 0.00143242
7 0.412109 0.37666 0.383594 0.348242 0.00142097
17 0.417188 0.333398 0.436719 0.628516 0.00137234
3 0.437598 0.391895 0.41543 0.456836 0.00127411
25 0.437598 0.391895 0.41543 0.456836 0.00124931
0 0.437598 0.391895 0.41543 0.456836 0.00124454
11 0.417188 0.333398 0.436719 0.628516 0.0011425
12 0.467578 0.788477 0.630469 0.423047 0.00112915
12 0.510547 0.802344 0.471094 0.395313 0.00109005
12 0.444141 0.389062 0.533594 0.598437 0.00103664
13 0.349609 0.386328 0.699219 0.772656 0.00102806
12 0.441797 0.769141 0.800781 0.461719 0.00102043
12 0.48916 0.610547 0.399805 0.610156 0.00101185
14 0.417188 0.333398 0.436719 0.628516 0.00100422
23 0.424902 0.444141 0.293945 0.260156 0.0628052
14 0.424902 0.444141 0.293945 0.260156 0.0409851
0 0.424902 0.444141 0.293945 0.260156 0.03125
4 0.424219 0.431348 0.289844 0.251367 0.0302734
2 0.424902 0.444141 0.293945 0.260156 0.024231
5 0.424219 0.431348 0.289844 0.251367 0.0234222
25 0.424902 0.444141 0.293945 0.260156 0.0232391
3 0.424902 0.444141 0.293945 0.260156 0.0209656
6 0.424219 0.431348 0.289844 0.251367 0.0209656
8 0.430566 0.433691 0.29668 0.251367 0.0204926
9 0.424219 0.431348 0.289844 0.251367 0.0197906
20 0.424219 0.431348 0.289844 0.251367 0.0180511
16 0.424219 0.431348 0.289844 0.251367 0.0130692
11 0.430566 0.433691 0.29668 0.251367 0.0110321
10 0.424902 0.444141 0.293945 0.260156 0.00967407
17 0.424609 0.438281 0.29375 0.253125 0.00800323
24 0.425684 0.428516 0.289258 0.255469 0.00471878
12 0.424902 0.444141 0.293945 0.260156 0.00407028
21 0.433984 0.429688 0.294531 0.253906 0.00356483
1 0.429688 0.434375 0.282813 0.264062 0.00351143
22 0.430566 0.433691 0.29668 0.251367 0.00312424
15 0.424902 0.444141 0.293945 0.260156 0.0030632
19 0.424219 0.431348 0.289844 0.251367 0.00284576
12 0.715625 0.495703 0.56875 0.689844 0.0024147
18 0.428516 0.440234 0.278125 0.251563 0.00237846
12 0.648047 0.543066 0.699219 0.649805 0.00181007
12 0.216992 0.79375 0.433984 0.370313 0.00178242
7 0.428516 0.440234 0.278125 0.251563 0.00175476
12 0.226562 0.661816 0.453125 0.649805 0.00168133
12 0.624609 0.571875 0.750781 0.820312 0.00159168
14 0.216992 0.79375 0.433984 0.370313 0.00136185
12 0.580469 0.32793 0.704688 0.655859 0.00124931
12 0.457031 0.338281 0.488281 0.607813 0.00113773
12 0.468359 0.734375 0.666406 0.53125 0.00113773
12 0.453906 0.428223 0.395313 0.331055 0.00104427
1 0.226562 0.661816 0.453125 0.649805 0.00101662
16 0.436719 0.431934 0.285938 0.256445 0.139893
23 0.430566 0.444434 0.281055 0.270508 0.0913696
8 0.431641 0.436035 0.288281 0.256055 0.0405273
6 0.430469 0.435254 0.279687 0.254492 0.0372009
20 0.436719 0.431934 0.285938 0.256445 0.0352783
14 0.43125 0.449609 0.283594 0.248438 0.0318604
3 0.430469 0.435254 0.279687 0.254492 0.0299835
9 0.426563 0.447656 0.273438 0.282031 0.0283356
4 0.430566 0.444434 0.281055 0.270508 0.0231018
0 0.430469 0.435254 0.279687 0.254492 0.0230713
24 0.436719 0.431934 0.285938 0.256445 0.0218658
11 0.431641 0.436035 0.288281 0.256055 0.0209656
25 0.43125 0.449609 0.283594 0.248438 0.0197144
17 0.432031 0.443066 0.29375 0.270117 0.0167847
5 0.426563 0.447656 0.273438 0.282031 0.0166626
19 0.436719 0.431934 0.285938 0.256445 0.0113297
2 0.430469 0.435254 0.279687 0.254492 0.0112457
12 0.43125 0.449609 0.283594 0.248438 0.00624084
15 0.430566 0.444434 0.281055 0.270508 0.0041008
18 0.438184 0.441797 0.292383 0.263281 0.00407028
13 0.432031 0.443066 0.29375 0.270117 0.00309944
1 0.431641 0.436035 0.288281 0.256055 0.00284576
10 0.430469 0.435254 0.279687 0.254492 0.00283432
21 0.431641 0.436035 0.288281 0.256055 0.00257111
22 0.431641 0.436035 0.288281 0.256055 0.00201988
7 0.436719 0.431934 0.285938 0.256445 0.00195694
14 0.410059 0.157031 0.751758 0.314063 0.00193405
12 0.431152 0.410938 0.406445 0.421094 0.00173378
12 0.36875 0.383203 0.501563 0.522656 0.00140476
11 0.410059 0.157031 0.751758 0.314063 0.00138855
14 0.455371 0.140625 0.645508 0.28125 0.0011692
12 0.218945 0.79375 0.437891 0.384375 0.00104427
12 0.478027 0.375684 0.473633 0.506445 0.00101662
4 0.428516 0.444922 0.300781 0.264844 0.124207
23 0.428516 0.444922 0.300781 0.264844 0.123779
0 0.428516 0.444922 0.300781 0.264844 0.0775146
14 0.428125 0.444531 0.301563 0.28125 0.0483093
9 0.430078 0.444141 0.297656 0.273438 0.0428772
8 0.42959 0.442188 0.304883 0.271094 0.0222015
6 0.427441 0.439063 0.288867 0.225 0.0204468
2 0.428125 0.444531 0.301563 0.28125 0.0190887
5 0.427441 0.439063 0.288867 0.225 0.0185394
15 0.428516 0.444922 0.300781 0.264844 0.0142288
3 0.430078 0.444141 0.297656 0.273438 0.0116425
25 0.428125 0.444531 0.301563 0.28125 0.0111618
20 0.427441 0.439063 0.288867 0.225 0.01017
24 0.427441 0.439063 0.288867 0.225 0.00993347
18 0.433496 0.445312 0.306445 0.255469 0.00861359
16 0.435547 0.443359 0.307813 0.264844 0.00669098
11 0.42959 0.442188 0.304883 0.271094 0.00638962
17 0.428125 0.444531 0.301563 0.28125 0.00403976
7 0.428125 0.444531 0.301563 0.28125 0.00367928
10 0.428516 0.444922 0.300781 0.264844 0.00367928
12 0.427344 0.451562 0.314063 0.257031 0.00335121
13 0.420996 0.445312 0.354883 0.292188 0.00226974
13 0.425098 0.505469 0.348242 0.417969 0.0016613
22 0.426563 0.439453 0.297656 0.236719 0.00133038
1 0.430859 0.444141 0.313281 0.2625 0.00119686
4 0.428906 0.444531 0.314844 0.265625 0.342529
0 0.428906 0.441406 0.314844 0.28125 0.122131
23 0.428906 0.444531 0.314844 0.265625 0.106689
11 0.438672 0.440527 0.305469 0.27832 0.0800781
14 0.433203 0.449316 0.317969 0.24668 0.0490417
9 0.428906 0.441406 0.314844 0.28125 0.0484924
3 0.428906 0.441406 0.314844 0.28125 0.0396423
8 0.438672 0.440527 0.305469 0.27832 0.0374756
15 0.428906 0.444531 0.314844 0.265625 0.0298767
25 0.439453 0.447266 0.305469 0.247656 0.0292053
6 0.428125 0.445703 0.308594 0.288281 0.0222931
24 0.428125 0.445703 0.308594 0.288281 0.0222931
5 0.428125 0.445703 0.308594 0.288281 0.0202484
2 0.433203 0.449316 0.317969 0.24668 0.0129242
20 0.428125 0.445703 0.308594 0.288281 0.0116425
17 0.438672 0.443359 0.307813 0.261719 0.0113754
10 0.428125 0.445703 0.308594 0.288281 0.00974274
12 0.428906 0.444531 0.314844 0.265625 0.0077858
18 0.428906 0.441406 0.314844 0.28125 0.00624084
1 0.4375 0.436621 0.323438 0.270508 0.00559998
16 0.424609 0.442285 0.314844 0.295117 0.00407028
22 0.4375 0.436621 0.323438 0.270508 0.00293541
21 0.4375 0.436621 0.323438 0.270508 0.0024147
13 0.428223 0.448047 0.323242 0.244531 0.00209999
19 0.438672 0.440527 0.305469 0.27832 0.00186062
12 0.363281 0.584766 0.726562 0.830469 0.0014267
12 0.359766 0.332031 0.602344 0.664062 0.00116062
4 0.378125 0.448438 0.213281 0.14375 0.0011034
13 0.363281 0.584766 0.726562 0.830469 0.00108624
4 0.436621 0.4375 0.301758 0.28125 0.473633
0 0.436621 0.4375 0.301758 0.28125 0.324219
9 0.438672 0.439063 0.303906 0.279687 0.301514
25 0.436621 0.438184 0.314258 0.28457 0.204346
14 0.436621 0.438184 0.314258 0.28457 0.141724
23 0.432715 0.436035 0.298633 0.273242 0.108948
5 0.435059 0.432813 0.301758 0.264062 0.0680542
24 0.435059 0.432813 0.301758 0.264062 0.0402527
20 0.435059 0.432813 0.301758 0.264062 0.0372009
15 0.432715 0.436035 0.298633 0.273242 0.0305634
8 0.436621 0.438184 0.314258 0.28457 0.0181885
6 0.432129 0.435547 0.30293 0.278906 0.0166626
17 0.441016 0.4375 0.307031 0.28125 0.0136337
3 0.432129 0.435547 0.30293 0.278906 0.0128708
2 0.441016 0.4375 0.307031 0.28125 0.00751877
22 0.433984 0.432031 0.313281 0.26875 0.00591278
16 0.430078 0.432813 0.307813 0.26875 0.00570679
12 0.431934 0.441797 0.300195 0.274219 0.00547028
18 0.432129 0.435547 0.30293 0.278906 0.00521851
10 0.432129 0.435547 0.30293 0.278906 0.00482941
11 0.435059 0.432813 0.301758 0.264062 0.00298119
12 0.383594 0.386816 0.478125 0.479492 0.0019722
21 0.433984 0.432031 0.313281 0.26875 0.00176811
7 0.437891 0.435059 0.328906 0.28457 0.00162315
1 0.433984 0.432031 0.313281 0.26875 0.00151253
13 0.383594 0.386816 0.478125 0.479492 0.00141048
12 0.432422 0.423438 0.380469 0.380469 0.00132465
21 0.449219 0.46709 0.275 0.35332 0.0012598
13 0.424219 0.441797 0.354688 0.282031 0.0012598
12 0.329297 0.328125 0.627344 0.65625 0.00121117
0 0.425391 0.445703 0.307031 0.285938 0.199341
4 0.425391 0.445703 0.307031 0.285938 0.152588
25 0.432813 0.440723 0.314844 0.27793 0.0930176
14 0.425391 0.445703 0.307031 0.285938 0.0568542
8 0.425391 0.445703 0.307031 0.285938 0.0271759
5 0.424316 0.451562 0.295117 0.272656 0.0271759
9 0.424316 0.451562 0.295117 0.272656 0.0191193
3 0.424219 0.445312 0.303906 0.28125 0.016983
20 0.424219 0.445312 0.303906 0.28125 0.0147858
6 0.424316 0.451562 0.295117 0.272656 0.0133286
23 0.425391 0.445703 0.307031 0.285938 0.0127258
17 0.432715 0.442871 0.314258 0.270508 0.0086441
11 0.424219 0.445312 0.303906 0.28125 0.00844574
2 0.432715 0.442871 0.314258 0.270508 0.005867
10 0.432813 0.440723 0.314844 0.27793 0.00582123
1 0.430859 0.446875 0.309375 0.284375 0.00551224
22 0.432813 0.440723 0.314844 0.27793 0.00538635
21 0.432813 0.440723 0.314844 0.27793 0.00475693
24 0.424316 0.451562 0.295117 0.272656 0.00302696
12 0.430859 0.446875 0.309375 0.284375 0.00221634
16 0.431152 0.45 0.304883 0.273438 0.00196457
19 0.432813 0.440723 0.314844 0.27793 0.00191212
15 0.428809 0.446094 0.308008 0.275 0.00152493
13 0.431152 0.45 0.304883 0.273438 0.00119686
4 0.43125 0.450391 0.307813 0.280469 0.0560303
0 0.43125 0.450391 0.307813 0.280469 0.0558167
5 0.437891 0.444922 0.307031 0.266406 0.0339661
14 0.437109 0.451562 0.314844 0.285938 0.021698
25 0.437109 0.451562 0.314844 0.285938 0.0195007
8 0.437109 0.451562 0.314844 0.285938 0.0188293
22 0.437109 0.451562 0.314844 0.285938 0.0188293
9 0.437109 0.451562 0.314844 0.285938 0.0143356
23 0.433594 0.449121 0.320312 0.283008 0.0118713
20 0.433594 0.450781 0.309375 0.285156 0.0110703
2 0.433594 0.449121 0.320312 0.283008 0.0108185
24 0.432813 0.446484 0.301563 0.26875 0.00695801
15 0.430469 0.450098 0.309375 0.282617 0.00536346
17 0.433594 0.449121 0.320312 0.283008 0.00530243
6 0.427734 0.448438 0.292969 0.275781 0.00518036
11 0.433594 0.450781 0.309375 0.285156 0.00486755
3 0.433594 0.450781 0.309375 0.285156 0.00428009
12 0.430469 0.450098 0.309375 0.282617 0.00388527
1 0.433594 0.450781 0.309375 0.285156 0.00314713
21 0.437891 0.444922 0.307031 0.266406 0.00124454
0 0.434766 0.446875 0.307813 0.279687 0.244385
4 0.434766 0.446875 0.307813 0.279687 0.150024
5 0.433984 0.444629 0.299219 0.28418 0.0739746
8 0.440625 0.44375 0.308594 0.286719 0.0391846
22 0.43916 0.443066 0.307617 0.28418 0.0335999
25 0.434766 0.446875 0.307813 0.279687 0.0153046
9 0.442188 0.444629 0.297656 0.281055 0.0144501
11 0.43916 0.443066 0.307617 0.28418 0.0142288
14 0.434766 0.446875 0.307813 0.279687 0.0141754
23 0.450391 0.44209 0.279687 0.27207 0.0118713
3 0.436035 0.446777 0.307617 0.29082 0.0078125
20 0.433984 0.444629 0.299219 0.28418 0.0068512
15 0.435156 0.44375 0.310937 0.272656 0.00519943
1 0.43916 0.443066 0.307617 0.28418 0.00479126
17 0.442188 0.444629 0.297656 0.281055 0.00468063
12 0.439453 0.450781 0.310937 0.283594 0.00411606
2 0.436719 0.446875 0.314844 0.278125 0.00385475
21 0.43916 0.443066 0.307617 0.28418 0.00342941
0 0.496094 0.435547 0.20625 0.264844 0.00203514
24 0.433984 0.444629 0.299219 0.28418 0.00201988
4 0.496094 0.435547 0.20625 0.264844 0.00195694
10 0.43916 0.443066 0.307617 0.28418 0.00187492
6 0.433984 0.444629 0.299219 0.28418 0.00101662
0 0.427246 0.447266 0.325195 0.282031 0.969727
4 0.427246 0.447266 0.325195 0.282031 0.366699
5 0.428223 0.446191 0.316992 0.274805 0.103027
20 0.428125 0.447656 0.322656 0.288281 0.100525
25 0.427246 0.447266 0.325195 0.282031 0.0891113
23 0.430371 0.449219 0.329883 0.282031 0.0869141
24 0.428223 0.446191 0.316992 0.274805 0.0534058
9 0.428223 0.446191 0.316992 0.274805 0.0393372
8 0.431641 0.447266 0.326562 0.2875 0.0303345
3 0.428125 0.447656 0.322656 0.288281 0.0151901
17 0.430078 0.445312 0.33125 0.279687 0.014389
15 0.430078 0.445312 0.33125 0.279687 0.0140076
14 0.430078 0.445312 0.33125 0.279687 0.0133286
22 0.432813 0.441797 0.321094 0.271094 0.0117798
10 0.430371 0.449219 0.329883 0.282031 0.0115509
11 0.432813 0.441797 0.321094 0.271094 0.00379562
6 0.431641 0.446094 0.317188 0.28125 0.00265312
12 0.430566 0.447559 0.324805 0.281445 0.00203514
2 0.439063 0.883789 0.541406 0.232422 0.00181007
2 0.426465 0.445703 0.329883 0.275781 0.00155449
4 0.465625 0.775781 0.154688 0.135937 0.00140476
7 0.44375 0.871875 0.582031 0.25625 0.00136662
2 0.473438 0.857813 0.603125 0.284375 0.00126934
4 0.0862305 0.640625 0.172461 0.157031 0.00116062
18 0.430078 0.445312 0.33125 0.279687 0.00107288
0 0.425781 0.448438 0.321094 0.276563 0.65918
4 0.426953 0.444922 0.321094 0.286719 0.178955
8 0.426953 0.444922 0.321094 0.286719 0.0488586
23 0.425781 0.448438 0.321094 0.276563 0.0219421
25 0.426953 0.444922 0.321094 0.286719 0.0146713
3 0.425781 0.444922 0.324219 0.282813 0.0115509
5 0.425684 0.451172 0.31582 0.276563 0.00905609
14 0.425781 0.448438 0.321094 0.276563 0.00763702
9 0.428516 0.449219 0.317969 0.28125 0.00482941
17 0.428516 0.449219 0.317969 0.28125 0.0046463
10 0.428516 0.449219 0.317969 0.28125 0.0041008
20 0.425098 0.450684 0.32168 0.276758 0.00370789
22 0.425684 0.451172 0.31582 0.276563 0.00365067
24 0.425098 0.450684 0.32168 0.276758 0.00261116
11 0.425684 0.451172 0.31582 0.276563 0.00239754
19 0.425781 0.448438 0.321094 0.276563 0.00148392
6 0.425098 0.450684 0.32168 0.276758 0.00139427
2 0.417969 0.446094 0.315625 0.264844 0.00115108
0 0.435254 0.44375 0.301367 0.270313 0.482422
8 0.439453 0.438281 0.310156 0.260156 0.0262604
4 0.435254 0.44375 0.301367 0.270313 0.0222931
23 0.435254 0.44375 0.301367 0.270313 0.0110703
4 0.366992 0.454688 0.216016 0.158594 0.0107346
17 0.437891 0.441016 0.308594 0.273438 0.00912476
20 0.439453 0.438281 0.310156 0.260156 0.00800323
9 0.435254 0.44375 0.301367 0.270313 0.00793457
3 0.435254 0.44375 0.301367 0.270313 0.00763702
6 0.43584 0.442969 0.289258 0.248438 0.00419998
10 0.435254 0.44375 0.301367 0.270313 0.00329781
11 0.42959 0.439453 0.317383 0.254688 0.00305176
2 0.437109 0.442578 0.311719 0.271094 0.00265312
14 0.435937 0.437598 0.309375 0.262305 0.00259018
25 0.436719 0.438281 0.296094 0.264062 0.00243378
24 0.43584 0.442969 0.289258 0.248438 0.00243378
16 0.438379 0.439844 0.307617 0.260938 0.0017004
5 0.438379 0.443848 0.306055 0.24668 0.0011692
22 0.42959 0.439453 0.317383 0.254688 0.00113773
1 0.42959 0.439453 0.317383 0.254688 0.00107765
0 0.429297 0.444531 0.327344 0.282813 0.331055
4 0.428809 0.444629 0.318945 0.276367 0.311523
14 0.42959 0.441309 0.320508 0.275195 0.0297546
5 0.42959 0.441309 0.320508 0.275195 0.0191956
9 0.428906 0.43916 0.322656 0.27168 0.0152512
25 0.430469 0.436621 0.31875 0.267383 0.0151291
23 0.429297 0.444531 0.327344 0.282813 0.0130692
17 0.434375 0.446094 0.320312 0.265625 0.0105667
8 0.431641 0.442969 0.323438 0.280469 0.00664139
22 0.42959 0.441309 0.320508 0.275195 0.00450516
15 0.431348 0.446094 0.313867 0.26875 0.00356483
24 0.42959 0.441309 0.320508 0.275195 0.00242424
2 0.434375 0.446094 0.320312 0.265625 0.00225258
20 0.423047 0.440234 0.322656 0.271875 0.00203514
6 0.423828 0.444141 0.321875 0.275 0.00194168
12 0.428906 0.43916 0.322656 0.27168 0.00157356
11 0.42959 0.441309 0.320508 0.275195 0.00109005
4 0.435937 0.453809 0.319531 0.304883 0.644043
0 0.434375 0.448535 0.310937 0.301367 0.0499573
14 0.435937 0.453809 0.319531 0.304883 0.0335999
5 0.434766 0.437598 0.31875 0.270117 0.0284424
9 0.433594 0.455859 0.324219 0.310156 0.0275879
23 0.435937 0.453809 0.319531 0.304883 0.0262604
20 0.430469 0.444531 0.305469 0.282813 0.00559998
22 0.434766 0.437598 0.31875 0.270117 0.0055542
11 0.430469 0.444531 0.305469 0.282813 0.00521851
6 0.439453 0.444531 0.310937 0.286719 0.0050621
24 0.430469 0.444531 0.305469 0.282813 0.0046463
8 0.43291 0.446777 0.310742 0.29707 0.00382423
25 0.434375 0.448535 0.310937 0.301367 0.0037365
3 0.434375 0.448535 0.310937 0.301367 0.00275803
15 0.434375 0.448535 0.310937 0.301367 0.00232315
12 0.719531 0.525 0.560938 0.95 0.00219154
1 0.434766 0.437598 0.31875 0.270117 0.00181007
1 0.719531 0.525 0.560938 0.95 0.0016613
2 0.432715 0.446875 0.320508 0.299219 0.00157356
6 0.800781 0.0836914 0.398438 0.167383 0.00127411
15 0.797461 0.0860352 0.405078 0.17207 0.00113773
12 0.434375 0.448535 0.310937 0.301367 0.00106049
0 0.433594 0.440723 0.310156 0.270117 0.427246
4 0.435156 0.438672 0.31875 0.270313 0.143677
23 0.441797 0.438281 0.321875 0.271094 0.0383301
8 0.433984 0.438184 0.321875 0.276758 0.0327148
5 0.439844 0.446875 0.310937 0.266406 0.0272675
20 0.441406 0.446094 0.309375 0.258594 0.0222015
9 0.433594 0.440723 0.310156 0.270117 0.0188293
3 0.443066 0.436816 0.31543 0.266992 0.0149536
24 0.439844 0.446875 0.310937 0.266406 0.0113754
17 0.433496 0.440625 0.312695 0.279687 0.0104065
6 0.441797 0.438281 0.321875 0.271094 0.00967407
11 0.435156 0.438672 0.31875 0.270313 0.00878143
15 0.433496 0.440625 0.312695 0.279687 0.00720596
25 0.443066 0.436816 0.31543 0.266992 0.00460815
14 0.425 0.433984 0.332031 0.272656 0.00436401
10 0.441797 0.438281 0.321875 0.271094 0.00426483
2 0.433496 0.441016 0.320508 0.278125 0.00353813
22 0.433203 0.444434 0.316406 0.268945 0.00246239
16 0.439844 0.446875 0.310937 0.266406 0.00136662
18 0.433496 0.440625 0.312695 0.279687 0.00109863
0 0.433691 0.451562 0.301367 0.289844 0.85791
8 0.433691 0.451562 0.301367 0.289844 0.334473
4 0.426953 0.452344 0.307813 0.290625 0.130737
23 0.426953 0.452344 0.307813 0.290625 0.0758667
20 0.431348 0.449609 0.29668 0.278125 0.0197144
5 0.430078 0.452441 0.296094 0.279492 0.0191956
25 0.426953 0.452344 0.307813 0.290625 0.0177155
3 0.43125 0.451172 0.3 0.290625 0.0110703
10 0.430469 0.446094 0.296875 0.290625 0.00878143
15 0.430859 0.444141 0.302344 0.295312 0.00643921
9 0.430469 0.446094 0.296875 0.290625 0.00638962
17 0.433691 0.451562 0.301367 0.289844 0.00591278
24 0.434766 0.453906 0.304688 0.286719 0.00317192
6 0.431348 0.449609 0.29668 0.278125 0.00236893
14 0.426953 0.452344 0.307813 0.290625 0.00225258
22 0.434766 0.453906 0.304688 0.286719 0.00135612
11 0.437891 0.460059 0.310937 0.308008 0.00129986
0 0.43125 0.449902 0.310156 0.281445 0.833496
8 0.434473 0.450391 0.310742 0.289062 0.383057
20 0.431934 0.448828 0.298633 0.261719 0.19812
5 0.431934 0.448828 0.298633 0.261719 0.176636
4 0.43125 0.449902 0.310156 0.281445 0.105591
23 0.432813 0.446094 0.314063 0.263281 0.0869141
3 0.43125 0.449902 0.310156 0.281445 0.042572
17 0.429688 0.445703 0.309375 0.272656 0.0171051
25 0.432813 0.446094 0.314063 0.263281 0.0151291
10 0.432129 0.448438 0.313867 0.267969 0.0134811
9 0.432129 0.448438 0.313867 0.267969 0.00948334
22 0.4375 0.451465 0.310937 0.279883 0.00695801
14 0.43125 0.449902 0.310156 0.281445 0.00579834
15 0.432129 0.448438 0.313867 0.267969 0.00415039
24 0.431934 0.448828 0.298633 0.261719 0.00376511
19 0.434473 0.450391 0.310742 0.289062 0.00291252
6 0.433691 0.44834 0.31543 0.273633 0.002388
11 0.429688 0.445703 0.309375 0.272656 0.00191212
21 0.4375 0.451465 0.310937 0.279883 0.00151253
1 0.4375 0.451465 0.310937 0.279883 0.00123978
0 0.431152 0.447656 0.314258 0.294531 0.911133
4 0.424609 0.445215 0.309375 0.292383 0.200562
8 0.428125 0.442969 0.311719 0.289844 0.035553
23 0.425 0.448438 0.317969 0.300781 0.00937653
25 0.424609 0.445215 0.309375 0.292383 0.00874329
5 0.432031 0.444531 0.310937 0.278906 0.00365067
20 0.432031 0.444531 0.310937 0.278906 0.00351143
22 0.432031 0.444531 0.310937 0.278906 0.00323486
14 0.424609 0.445215 0.309375 0.292383 0.00317192
17 0.43125 0.439844 0.315625 0.284375 0.0026207
6 0.81875 0.078125 0.3625 0.15625 0.00223351
15 0.813281 0.08125 0.373437 0.1625 0.00182438
9 0.425 0.448438 0.317969 0.300781 0.00158501
3 0.424609 0.445215 0.309375 0.292383 0.00157356
6 0.427734 0.443359 0.311719 0.275781 0.00136185
24 0.432031 0.444531 0.310937 0.278906 0.00117874
10 0.430469 0.444922 0.3125 0.296875 0.00113773
0 0.430469 0.442188 0.295312 0.276563 0.812988
8 0.430469 0.442188 0.295312 0.276563 0.226074
23 0.430469 0.441016 0.301563 0.270313 0.0703125
3 0.430469 0.441016 0.301563 0.270313 0.0621033
5 0.431152 0.449609 0.301758 0.282813 0.0549927
20 0.428516 0.449316 0.292969 0.282617 0.032959
4 0.431641 0.448047 0.289062 0.278906 0.0207977
10 0.431641 0.449609 0.297656 0.28125 0.0193481
25 0.428516 0.449316 0.292969 0.282617 0.0109482
19 0.430469 0.441016 0.301563 0.270313 0.00698471
9 0.431641 0.448047 0.289062 0.278906 0.00559998
24 0.431152 0.449609 0.301758 0.282813 0.00370789
17 0.428516 0.449316 0.292969 0.282617 0.00348282
18 0.431152 0.449609 0.301758 0.282813 0.00218201
14 0.431641 0.448047 0.289062 0.278906 0.00201988
15 0.431152 0.449609 0.301758 0.282813 0.00191879
16 0.431152 0.449609 0.301758 0.282813 0.00172043
22 0.430078 0.447266 0.307813 0.282813 0.00112438
15 0.806445 0.0740234 0.387109 0.148047 0.00106525
0 0.430859 0.444141 0.297656 0.283594 0.930664
4 0.433691 0.445703 0.301367 0.284375 0.16394
8 0.427734 0.442871 0.308594 0.281445 0.12085
23 0.433691 0.445703 0.301367 0.284375 0.105225
25 0.433691 0.445703 0.301367 0.284375 0.0330811
14 0.433691 0.445703 0.301367 0.284375 0.0117798
3 0.433984 0.444141 0.298438 0.276563 0.00831604
17 0.433496 0.446191 0.29707 0.281055 0.00468063
10 0.429688 0.445703 0.303125 0.278906 0.00411606
9 0.429688 0.445703 0.303125 0.278906 0.00365067
20 0.428809 0.449902 0.29707 0.28457 0.00332451
5 0.428809 0.449902 0.29707 0.28457 0.00277901
2 0.433496 0.446191 0.29707 0.281055 0.0018034
6 0.428906 0.445312 0.300781 0.278906 0.00147247
15 0.426953 0.448438 0.310937 0.288281 0.00144386
0 0.432813 0.448047 0.328906 0.286719 0.675781
23 0.432715 0.450879 0.320508 0.282617 0.0863037
4 0.441406 0.449219 0.328906 0.282813 0.0812378
8 0.431641 0.447656 0.324219 0.285938 0.029541
3 0.432813 0.448047 0.328906 0.286719 0.00837708
14 0.441406 0.449219 0.328906 0.282813 0.00769424
10 0.430566 0.449316 0.323242 0.282617 0.00658798
15 0.432715 0.450879 0.320508 0.282617 0.00551224
9 0.430566 0.449316 0.323242 0.282617 0.00418091
25 0.441406 0.449219 0.328906 0.282813 0.00395966
17 0.431641 0.447656 0.324219 0.285938 0.00378036
6 0.430566 0.449316 0.323242 0.282617 0.00312424
20 0.435937 0.447656 0.326562 0.278906 0.00299263
18 0.432715 0.450879 0.320508 0.282617 0.00155449
11 0.424121 0.443066 0.329883 0.279492 0.00106525
0 0.424121 0.44541 0.298633 0.285742 0.756836
8 0.421484 0.443848 0.30625 0.285742 0.210083
4 0.42666 0.44375 0.326367 0.285938 0.118774
5 0.42334 0.444141 0.306445 0.267188 0.0107346
3 0.424121 0.44541 0.298633 0.285742 0.00871277
14 0.424219 0.445215 0.291406 0.281445 0.00602722
23 0.424219 0.445215 0.291406 0.281445 0.0049057
20 0.42334 0.444141 0.306445 0.267188 0.00469971
17 0.425781 0.447559 0.307031 0.279883 0.00365067
22 0.42334 0.444141 0.306445 0.267188 0.00302696
13 0.455078 0.642969 0.332031 0.448438 0.00298119
25 0.424219 0.445215 0.291406 0.281445 0.00243378
11 0.430859 0.44541 0.321875 0.274805 0.0014782
9 0.423047 0.449219 0.300781 0.285938 0.00105667
0 0.438281 0.455566 0.309375 0.288867 0.57666
8 0.442969 0.452441 0.321875 0.288867 0.0630493
4 0.441016 0.450781 0.30625 0.286719 0.0269623
5 0.443848 0.452246 0.324805 0.279883 0.0123367
23 0.440625 0.453125 0.308594 0.282813 0.00502014
17 0.442871 0.454688 0.320508 0.289844 0.00488663
3 0.438281 0.453027 0.311719 0.28457 0.00265312
22 0.443848 0.452246 0.324805 0.279883 0.00264168
25 0.440625 0.453125 0.308594 0.282813 0.0020504
15 0.439746 0.452441 0.31582 0.279492 0.00178909
4 0.895312 0.955469 0.209375 0.0890625 0.00143814
11 0.438281 0.455566 0.309375 0.288867 0.00133514
14 0.440625 0.453125 0.308594 0.282813 0.00131989
4 0.0818359 0.64375 0.163672 0.164062 0.00128937
20 0.439746 0.453125 0.306445 0.276563 0.0011692
13 0.443848 0.452246 0.324805 0.279883 0.0011158
9 0.438281 0.455566 0.309375 0.288867 0.00103664
15 0.818359 0.075 0.363281 0.15 0.00103188
0 0.433203 0.451172 0.310156 0.292188 0.748535
8 0.43584 0.450684 0.317383 0.292383 0.147583
4 0.435156 0.452734 0.307813 0.292969 0.0772095
17 0.434766 0.454688 0.322656 0.29375 0.00443268
5 0.435937 0.449121 0.321094 0.286133 0.00286674
22 0.435937 0.449121 0.321094 0.286133 0.00219917
23 0.435156 0.452734 0.307813 0.292969 0.00203514
25 0.435937 0.449121 0.321094 0.286133 0.00158501
3 0.435156 0.452734 0.307813 0.292969 0.00127888
14 0.435156 0.452734 0.307813 0.292969 0.00114727
0 0.42959 0.443359 0.295508 0.271094 0.947754
8 0.42959 0.443359 0.295508 0.271094 0.215332
4 0.433594 0.442188 0.304688 0.273438 0.189575
23 0.429688 0.443066 0.29375 0.266992 0.00837708
20 0.431348 0.445996 0.285742 0.26582 0.00806427
3 0.429688 0.443066 0.29375 0.266992 0.00703812
14 0.429688 0.443066 0.29375 0.266992 0.00616837
5 0.431348 0.445996 0.285742 0.26582 0.0051384
25 0.430078 0.443359 0.303906 0.271094 0.00479126
17 0.430078 0.443359 0.303906 0.271094 0.00432968
6 0.431348 0.445996 0.285742 0.26582 0.00172043
0 0.431934 0.445703 0.300195 0.275781 0.775879
4 0.430469 0.449609 0.3125 0.2875 0.478516
8 0.430469 0.449609 0.3125 0.2875 0.306641
23 0.430469 0.449609 0.3125 0.2875 0.284668
25 0.430469 0.449609 0.3125 0.2875 0.0257568
14 0.427344 0.451953 0.298438 0.284375 0.00971222
3 0.432422 0.453125 0.315625 0.285938 0.00955963
10 0.436035 0.440625 0.307617 0.273438 0.00806427
17 0.432422 0.453125 0.315625 0.285938 0.00775528
9 0.430469 0.449609 0.3125 0.2875 0.00577545
5 0.430566 0.454785 0.299805 0.288867 0.0026722
20 0.430566 0.454785 0.299805 0.288867 0.00201988
11 0.436035 0.440625 0.307617 0.273438 0.00176811
15 0.432422 0.453125 0.315625 0.285938 0.00117397
0 0.435937 0.451953 0.326562 0.291406 0.892578
4 0.439453 0.452246 0.33125 0.295508 0.121277
8 0.438672 0.450879 0.328906 0.298242 0.100525
5 0.43916 0.449219 0.32168 0.290625 0.0105667
11 0.43916 0.449219 0.32168 0.290625 0.00450516
22 0.437891 0.444922 0.332031 0.275781 0.00431442
14 0.433594 0.45166 0.321875 0.29043 0.00328636
20 0.437891 0.444922 0.332031 0.275781 0.00219917
17 0.439453 0.452246 0.33125 0.295508 0.00209045
3 0.437891 0.444922 0.332031 0.275781 0.00119209
0 0.438184 0.448438 0.323633 0.292188 0.746094
4 0.438379 0.447754 0.331055 0.291992 0.107788
8 0.4375 0.449121 0.329688 0.287695 0.0204163
14 0.439453 0.453027 0.324219 0.293945 0.00806427
23 0.438379 0.447754 0.331055 0.291992 0.00769424
17 0.4375 0.449121 0.329688 0.287695 0.00259018
25 0.438379 0.447754 0.331055 0.291992 0.00211525
3 0.4375 0.449121 0.329688 0.287695 0.00106907
4 0.4375 0.448535 0.325781 0.279492 0.943359
0 0.438379 0.452246 0.331055 0.276758 0.583008
14 0.438672 0.446094 0.31875 0.286719 0.0147324
23 0.4375 0.448535 0.325781 0.279492 0.00812531
17 0.438281 0.448438 0.325 0.282813 0.00664139
8 0.437598 0.447266 0.32793 0.283594 0.00564194
1 0.443848 0.447559 0.332617 0.301758 0.00337601
5 0.438672 0.443359 0.335938 0.2875 0.00332451
25 0.43584 0.447559 0.336133 0.281445 0.00208282
9 0.4375 0.448535 0.325781 0.279492 0.00198746
2 0.438281 0.448438 0.325 0.282813 0.00120163
0 0.435059 0.445312 0.318945 0.275 0.794434
8 0.431641 0.445703 0.317188 0.278125 0.0859985
4 0.440625 0.444531 0.328125 0.275 0.0789185
17 0.436035 0.446191 0.316992 0.268555 0.00370789
23 0.440625 0.444531 0.328125 0.275 0.00282288
5 0.429688 0.451465 0.316406 0.304883 0.0017004
14 0.427441 0.441797 0.31543 0.276563 0.00119209
0 0.436328 0.45 0.324219 0.294531 0.916016
4 0.438672 0.451953 0.333594 0.302344 0.143677
8 0.4375 0.453125 0.321875 0.302344 0.0283356
23 0.438672 0.451953 0.333594 0.302344 0.0041008
22 0.438672 0.45 0.328125 0.307813 0.00287819
14 0.438672 0.451953 0.333594 0.302344 0.00153637
1 0.438672 0.45 0.328125 0.307813 0.0015192
17 0.436328 0.454004 0.325 0.29043 0.0014267
20 0.437402 0.448047 0.32832 0.295312 0.00130463
5 0.438672 0.45 0.328125 0.307813 0.00115108
25 0.438672 0.451953 0.333594 0.302344 0.00109005
0 0.430078 0.446484 0.321875 0.265625 0.910156
4 0.430469 0.447656 0.323438 0.257031 0.247314
8 0.430078 0.446484 0.321875 0.265625 0.00664139
24 0.428516 0.448828 0.321094 0.260938 0.00317192
11 0.430469 0.446094 0.307813 0.267969 0.0024147
9 0.430469 0.446094 0.307813 0.267969 0.0020504
15 0.428516 0.448828 0.321094 0.260938 0.00178909
25 0.428516 0.448828 0.321094 0.260938 0.00170708
23 0.430078 0.446484 0.321875 0.265625 0.00162315
14 0.428223 0.443652 0.299805 0.270508 0.00160408
10 0.430469 0.446094 0.307813 0.267969 0.00135612
0 0.436328 0.453027 0.317969 0.270508 0.76123
4 0.434766 0.450391 0.322656 0.290625 0.0486755
8 0.433594 0.451172 0.3125 0.280469 0.0173798
22 0.439453 0.446875 0.317188 0.294531 0.00302696
17 0.432422 0.449316 0.315625 0.281055 0.00154305
5 0.437891 0.446484 0.317188 0.292188 0.00152493
14 0.436328 0.453027 0.317969 0.270508 0.00134563
0 0.440234 0.444141 0.336719 0.275781 0.773926
4 0.440234 0.444141 0.336719 0.275781 0.0623169
8 0.432031 0.441504 0.327344 0.274805 0.0123825
11 0.430078 0.438184 0.319531 0.27832 0.00147247
17 0.436816 0.440527 0.312305 0.267383 0.00127411
23 0.440234 0.444141 0.336719 0.275781 0.00126934
14 0.440234 0.444141 0.336719 0.275781 0.00108624
20 0.432031 0.441504 0.327344 0.274805 0.00103188
0 0.427344 0.445312 0.327344 0.273438 0.816895
4 0.432813 0.43916 0.305469 0.273242 0.0703125
8 0.427734 0.444922 0.321094 0.275781 0.0503235
17 0.430566 0.443848 0.324805 0.268555 0.0134277
23 0.427344 0.445312 0.327344 0.273438 0.00787354
10 0.432813 0.43916 0.305469 0.273242 0.00208282
14 0.429297 0.44375 0.317188 0.267969 0.00202751
25 0.427441 0.444531 0.323242 0.290625 0.00198746
11 0.432813 0.43916 0.305469 0.273242 0.00128937
5 0.427441 0.444531 0.323242 0.290625 0.00117397
0 0.428906 0.440234 0.315625 0.270313 0.91748
4 0.429297 0.4375 0.310156 0.28125 0.1427
8 0.427734 0.4375 0.317969 0.275781 0.0142288
23 0.427734 0.440527 0.309375 0.273633 0.0069313
14 0.427734 0.440527 0.309375 0.273633 0.00298119
0 0.436719 0.433691 0.3125 0.263867 0.815918
4 0.436719 0.433691 0.3125 0.263867 0.0579224
23 0.436719 0.433691 0.3125 0.263867 0.0225372
8 0.430469 0.432031 0.305469 0.259375 0.012291
17 0.430859 0.432813 0.303125 0.260938 0.00844574
14 0.665234 0.414062 0.669531 0.828125 0.005867
14 0.436719 0.433691 0.3125 0.263867 0.00479126
2 0.665234 0.414062 0.669531 0.828125 0.00273705
25 0.430469 0.432031 0.305469 0.259375 0.00131989
11 0.433691 0.434375 0.30918 0.2625 0.00109005
0 0.433203 0.428125 0.328125 0.270313 0.842285
4 0.435059 0.424902 0.31582 0.264258 0.119202
23 0.433203 0.428125 0.328125 0.270313 0.0283356
8 0.429297 0.427344 0.324219 0.264062 0.00967407
17 0.428906 0.429688 0.322656 0.270313 0.00837708
14 0.433203 0.428125 0.328125 0.270313 0.00511932
3 0.428906 0.429688 0.322656 0.270313 0.00210762
15 0.428906 0.429688 0.322656 0.270313 0.00138855
11 0.435059 0.424902 0.31582 0.264258 0.00121593
6 0.432129 0.430469 0.324805 0.267969 0.0011034
0 0.431641 0.429785 0.305469 0.260742 0.709961
4 0.425 0.425684 0.30625 0.264258 0.151489
8 0.425684 0.427734 0.30332 0.261719 0.00564194
17 0.426953 0.429688 0.303125 0.257812 0.00322342
0 0.422559 0.427246 0.29082 0.248633 0.955566
4 0.425781 0.421875 0.296094 0.248438 0.154053
8 0.422559 0.427246 0.29082 0.248633 0.0189819
23 0.427344 0.430859 0.2875 0.246875 0.00167465
17 0.422656 0.426172 0.2875 0.247656 0.00144958
11 0.425781 0.421875 0.296094 0.248438 0.0014267
14 0.425781 0.421875 0.296094 0.248438 0.00134563
0 0.435547 0.43291 0.310156 0.25918 0.856445
4 0.428516 0.427344 0.313281 0.257031 0.110107
23 0.435547 0.43291 0.310156 0.25918 0.00664139
8 0.428906 0.430371 0.305469 0.25957 0.0042305
14 0.435547 0.43291 0.310156 0.25918 0.00218201
17 0.430859 0.433984 0.307031 0.252344 0.00179577
0 0.435254 0.431934 0.320117 0.256445 0.836914
4 0.429688 0.426563 0.314844 0.259375 0.0994873
8 0.434375 0.433203 0.321094 0.266406 0.013588
23 0.437891 0.433594 0.323438 0.259375 0.00416565
17 0.431641 0.428125 0.316406 0.25625 0.00148392
14 0.437891 0.433594 0.323438 0.259375 0.0011158
11 0.429688 0.426563 0.314844 0.259375 0.00105286
0 0.434277 0.438184 0.31582 0.25957 0.929199
4 0.438281 0.429297 0.307031 0.257812 0.119995
8 0.434766 0.434766 0.316406 0.265625 0.00888062
23 0.434277 0.438184 0.31582 0.25957 0.00666809
17 0.434473 0.433496 0.318555 0.25332 0.00551224
14 0.434277 0.438184 0.31582 0.25957 0.00105286
0 0.428809 0.434473 0.311133 0.245117 0.867676
4 0.428516 0.42959 0.296094 0.245508 0.0769653
8 0.428027 0.432813 0.30957 0.25 0.0104065
23 0.428516 0.42959 0.296094 0.245508 0.00614548
11 0.428516 0.42959 0.296094 0.245508 0.00407028
20 0.429688 0.43125 0.307813 0.254688 0.00378036
14 0.428809 0.434473 0.311133 0.245117 0.00253105
9 0.428516 0.42959 0.296094 0.245508 0.00156116
0 0.43125 0.436035 0.30625 0.256055 0.875977
4 0.435156 0.42959 0.307813 0.261133 0.0705566
8 0.429785 0.432031 0.304492 0.257812 0.0227966
23 0.430371 0.435547 0.300195 0.260156 0.00510025
14 0.43125 0.436035 0.30625 0.256055 0.00257111
3 0.430371 0.433984 0.300195 0.263281 0.0020752
20 0.430371 0.433984 0.300195 0.263281 0.00174141
14 0.673438 0.387109 0.653125 0.774219 0.00130463
17 0.430371 0.433984 0.300195 0.263281 0.00121593
11 0.435059 0.428125 0.30957 0.258594 0.00121117
0 0.43291 0.438672 0.30293 0.245312 0.721191
4 0.429297 0.43125 0.296875 0.251563 0.058136
8 0.428516 0.433594 0.304688 0.248438 0.00952148
14 0.43291 0.438672 0.30293 0.245312 0.00319672
23 0.43291 0.438672 0.30293 0.245312 0.00192642
17 0.428809 0.432031 0.301758 0.251563 0.00136662
0 0.431934 0.437598 0.304883 0.263867 0.904785
4 0.429297 0.432422 0.314844 0.269531 0.0609741
8 0.430469 0.435254 0.304688 0.266992 0.0322266
17 0.433984 0.438379 0.316406 0.266992 0.0125275
23 0.431934 0.437598 0.304883 0.263867 0.00534439
14 0.431934 0.437598 0.304883 0.263867 0.00251198
11 0.429297 0.432422 0.314844 0.269531 0.00243378
3 0.430469 0.435254 0.304688 0.266992 0.00194168
0 0.430078 0.436328 0.2875 0.240625 0.703125
4 0.430859 0.432031 0.296094 0.246875 0.224731
8 0.430469 0.434766 0.296875 0.24375 0.0131226
23 0.431348 0.439063 0.287305 0.2375 0.00224304
14 0.431348 0.439063 0.287305 0.2375 0.00178909
0 0.429785 0.440234 0.279492 0.2375 0.915039
4 0.423047 0.432129 0.279687 0.248242 0.078064
8 0.425391 0.435937 0.275781 0.241406 0.00701141
23 0.423047 0.432129 0.279687 0.248242 0.00301552
14 0.429785 0.440234 0.279492 0.2375 0.00255013
17 0.428516 0.438281 0.282813 0.236719 0.00192642
20 0.429297 0.437402 0.275 0.242383 0.00123501
0 0.432813 0.437598 0.282813 0.24043 0.838379
4 0.430078 0.432129 0.283594 0.248242 0.0866089
8 0.429297 0.433594 0.278906 0.246875 0.00695801
23 0.429297 0.436719 0.277344 0.254688 0.00240517
14 0.432813 0.437598 0.282813 0.24043 0.00159168
11 0.432422 0.432031 0.284375 0.246875 0.00153065
0 0.430371 0.442578 0.30332 0.260938 0.82959
4 0.429785 0.438184 0.298242 0.27207 0.0579224
8 0.428125 0.439844 0.310937 0.267969 0.00312424
11 0.429785 0.435059 0.298242 0.270508 0.0024147
14 0.430371 0.442578 0.30332 0.260938 0.00171375
23 0.430371 0.442578 0.30332 0.260938 0.00107288
0 0.43125 0.43584 0.282813 0.243945 0.873535
4 0.431348 0.430371 0.285742 0.248633 0.104858
8 0.43125 0.43584 0.282813 0.243945 0.00460815
11 0.431348 0.430371 0.285742 0.248633 0.00161648
23 0.431348 0.430371 0.285742 0.248633 0.00108147
0 0.430078 0.441504 0.278125 0.23418 0.82959
4 0.429785 0.433203 0.279492 0.235156 0.0566406
23 0.429785 0.433203 0.279492 0.235156 0.0041008
14 0.430078 0.441504 0.278125 0.23418 0.00399017
8 0.428906 0.436621 0.275781 0.236133 0.00293541
20 0.428125 0.438281 0.273438 0.235156 0.00144958
0 0.431152 0.444141 0.28457 0.242969 0.875977
4 0.425781 0.437402 0.279687 0.256445 0.0437012
8 0.429785 0.438965 0.279492 0.250195 0.00971222
23 0.425781 0.437402 0.279687 0.256445 0.00291252
14 0.431152 0.444141 0.28457 0.242969 0.00271416
11 0.425781 0.437402 0.279687 0.256445 0.00130463
20 0.428516 0.44541 0.278906 0.257617 0.00115108
3 0.431152 0.444141 0.28457 0.242969 0.00109005
0 0.431348 0.439453 0.279492 0.249219 0.854492
4 0.433496 0.4375 0.28457 0.251563 0.0794678
8 0.43125 0.446191 0.284375 0.248242 0.00429916
1 0.292188 0.532813 0.584375 0.934375 0.00252151
14 0.43125 0.446191 0.284375 0.248242 0.00148392
0 0.433594 0.439746 0.275 0.229883 0.780762
4 0.436035 0.433984 0.276367 0.236719 0.206909
8 0.435156 0.435547 0.273438 0.235156 0.00450516
14 0.433594 0.439746 0.275 0.229883 0.00172043
23 0.433984 0.436328 0.276563 0.235156 0.00103188
0 0.432031 0.435254 0.265625 0.23418 0.794922
4 0.432422 0.43291 0.26875 0.237305 0.153076
14 0.432422 0.43291 0.26875 0.237305 0.00418091
8 0.432129 0.435547 0.263867 0.232031 0.00369263
23 0.432031 0.432422 0.271875 0.235156 0.00353813
20 0.42959 0.438672 0.262695 0.23125 0.00144958
25 0.431152 0.440234 0.267383 0.227344 0.0012846
0 0.43125 0.436328 0.26875 0.233594 0.849609
4 0.430371 0.432813 0.273633 0.239063 0.0950317
8 0.431152 0.436719 0.267383 0.235156 0.00933838
14 0.430469 0.441016 0.271875 0.232031 0.00322342
23 0.432031 0.437402 0.275 0.233008 0.00186729
20 0.428906 0.438184 0.267188 0.236133 0.00144958
11 0.430371 0.432813 0.273633 0.239063 0.00132465
0 0.427344 0.442578 0.275781 0.225 0.669922
4 0.430859 0.436719 0.278125 0.228906 0.308105
14 0.427344 0.442578 0.275781 0.225 0.00399017
23 0.427344 0.442578 0.275781 0.225 0.00203514
8 0.427344 0.442578 0.275781 0.225 0.00195694
20 0.427734 0.439941 0.274219 0.226367 0.00122547
0 0.426563 0.441406 0.270313 0.235938 0.8125
4 0.426172 0.439063 0.275781 0.238281 0.19873
23 0.425879 0.445215 0.273242 0.239258 0.00413513
14 0.425879 0.445215 0.273242 0.239258 0.00359344
8 0.425879 0.445215 0.273242 0.239258 0.0030632
25 0.425879 0.445215 0.273242 0.239258 0.00115108
0 0.425781 0.440723 0.275 0.24668 0.794922
4 0.424609 0.438281 0.28125 0.246875 0.194946
8 0.423047 0.442578 0.280469 0.24375 0.00466537
14 0.423047 0.442578 0.280469 0.24375 0.00322342
23 0.423047 0.442578 0.280469 0.24375 0.00233269
0 0.430078 0.440234 0.285938 0.249219 0.835449
4 0.427734 0.43584 0.284375 0.248633 0.132568
8 0.430078 0.442871 0.288281 0.245508 0.0039444
23 0.430078 0.442871 0.288281 0.245508 0.00380898
14 0.430078 0.442871 0.288281 0.245508 0.00226974
0 0.434375 0.443066 0.29375 0.24668 0.755859
4 0.429688 0.435937 0.285938 0.249219 0.15918
8 0.434473 0.438672 0.288867 0.25 0.00568771
23 0.434375 0.443066 0.29375 0.24668 0.00551224
14 0.434375 0.443066 0.29375 0.24668 0.00399017
25 0.434375 0.443066 0.29375 0.24668 0.00102806
0 0.432813 0.442969 0.2875 0.234375 0.808105
4 0.428906 0.434766 0.284375 0.236719 0.13208
8 0.431152 0.438281 0.28457 0.2375 0.008255
23 0.430469 0.434766 0.283594 0.236719 0.0046463
14 0.432813 0.442969 0.2875 0.234375 0.00222588
9 0.433594 0.442188 0.288281 0.234375 0.00109005
0 0.432129 0.44375 0.279492 0.235938 0.795898
4 0.43125 0.43916 0.278125 0.241992 0.162964
23 0.428906 0.436719 0.277344 0.241406 0.00674438
8 0.429785 0.439453 0.276367 0.240625 0.00429916
14 0.432129 0.44375 0.279492 0.235938 0.00369263
0 0.431152 0.442969 0.279883 0.240625 0.85498
4 0.430859 0.441406 0.283594 0.242188 0.0974121
23 0.427344 0.439063 0.279687 0.247656 0.00658798
14 0.430859 0.446191 0.283594 0.24043 0.00542831
8 0.430078 0.442188 0.28125 0.244531 0.00475693
25 0.428906 0.442285 0.278906 0.243555 0.00112438
0 0.432715 0.442969 0.281445 0.234375 0.830078
4 0.429297 0.43584 0.280469 0.237695 0.134277
8 0.432715 0.442969 0.281445 0.234375 0.00312424
14 0.432715 0.442969 0.281445 0.234375 0.00211525
23 0.429297 0.43584 0.280469 0.237695 0.00168705
0 0.430859 0.442578 0.278125 0.230469 0.869629
4 0.431641 0.438379 0.278125 0.231055 0.0897827
8 0.430859 0.442578 0.278125 0.230469 0.00335121
23 0.428223 0.435547 0.281055 0.232813 0.00279999
14 0.430859 0.442578 0.278125 0.230469 0.00174809
0 0.430371 0.441797 0.275195 0.230469 0.837402
4 0.427344 0.434766 0.278125 0.233594 0.112427
23 0.428027 0.435059 0.27832 0.236133 0.00432968
8 0.429688 0.438184 0.273438 0.231445 0.00413513
14 0.430371 0.441797 0.275195 0.230469 0.00214958
0 0.429688 0.443848 0.284375 0.235742 0.847168
4 0.427734 0.436816 0.282031 0.24043 0.110107
8 0.429688 0.443848 0.284375 0.235742 0.00600433
23 0.429688 0.443848 0.284375 0.235742 0.0015974
14 0.431348 0.443359 0.28418 0.235938 0.0014782
0 0.430566 0.442578 0.281055 0.235156 0.842773
4 0.428906 0.436328 0.282031 0.239844 0.171021
8 0.430566 0.442578 0.281055 0.235156 0.00559998
23 0.430566 0.442578 0.281055 0.235156 0.00206757
14 0.430566 0.442578 0.281055 0.235156 0.00148392
0 0.432422 0.442188 0.284375 0.24375 0.831055
4 0.428223 0.436719 0.28418 0.248438 0.108582
8 0.432422 0.442188 0.284375 0.24375 0.00701141
14 0.432422 0.442188 0.284375 0.24375 0.00154877
23 0.432422 0.442188 0.284375 0.24375 0.00141621
0 0.432422 0.442188 0.284375 0.2375 0.852051
4 0.428125 0.437109 0.28125 0.239063 0.0984497
8 0.432422 0.442188 0.284375 0.2375 0.00793457
23 0.428125 0.437109 0.28125 0.239063 0.0016489
14 0.432422 0.442188 0.284375 0.2375 0.00150108
0 0.432129 0.442578 0.28418 0.236719 0.858887
4 0.428906 0.436719 0.282031 0.240625 0.078064
8 0.432129 0.442578 0.28418 0.236719 0.00559998
14 0.432813 0.441406 0.283594 0.235938 0.00139427
23 0.428906 0.436719 0.282031 0.240625 0.00132465
0 0.431348 0.443359 0.282617 0.236719 0.86084
4 0.427734 0.4375 0.280469 0.240625 0.12085
8 0.431348 0.443359 0.282617 0.236719 0.00426483
14 0.431348 0.443359 0.282617 0.236719 0.00151253
23 0.427734 0.4375 0.280469 0.240625 0.00145531
0 0.432031 0.443652 0.28125 0.236133 0.872559
4 0.428125 0.437402 0.28125 0.239258 0.139404
8 0.432031 0.443652 0.28125 0.236133 0.00407028
23 0.428125 0.437402 0.28125 0.239258 0.0017004
14 0.432031 0.443652 0.28125 0.236133 0.00148964
0 0.430859 0.442969 0.278906 0.234375 0.877441
4 0.427734 0.436621 0.279687 0.237695 0.185913
8 0.430859 0.442969 0.278906 0.234375 0.00351143
23 0.427734 0.436621 0.279687 0.237695 0.00227928
14 0.430859 0.442969 0.278906 0.234375 0.00185299
0 0.430859 0.443652 0.282813 0.237695 0.876465
4 0.426953 0.437598 0.282031 0.243555 0.135742
8 0.430859 0.443652 0.282813 0.237695 0.00399017
23 0.426953 0.437598 0.282031 0.243555 0.00181007
14 0.432715 0.442871 0.283008 0.236133 0.0015192
0 0.430859 0.443652 0.279687 0.237695 0.871582
4 0.428027 0.4375 0.279883 0.242188 0.143677
8 0.430859 0.443652 0.279687 0.237695 0.00494385
23 0.428027 0.4375 0.279883 0.242188 0.00171375
14 0.43291 0.443652 0.281055 0.236133 0.00139904
0 0.430469 0.44375 0.278906 0.235938 0.879883
4 0.427441 0.4375 0.279492 0.240625 0.131592
8 0.430469 0.44375 0.278906 0.235938 0.00564194
23 0.427441 0.4375 0.279492 0.240625 0.00167465
14 0.431934 0.443652 0.279883 0.23457 0.00144386
0 0.431348 0.444434 0.279492 0.236133 0.879883
4 0.428223 0.438281 0.279492 0.241406 0.138428
8 0.431348 0.444434 0.279492 0.236133 0.00653839
23 0.431348 0.444434 0.279492 0.236133 0.0020504
14 0.432813 0.444531 0.280469 0.233594 0.0014267
0 0.431641 0.443652 0.28125 0.236133 0.878418
4 0.428223 0.437891 0.279492 0.241406 0.130737
8 0.431641 0.443652 0.28125 0.236133 0.00538635
23 0.431641 0.443652 0.28125 0.236133 0.00195694
14 0.433203 0.44375 0.282031 0.234375 0.00141621
0 0.431152 0.444434 0.279883 0.237695 0.879883
4 0.427734 0.438281 0.278906 0.242188 0.127686
8 0.431152 0.444434 0.279883 0.237695 0.00526047
23 0.431152 0.444434 0.279883 0.237695 0.00198746
14 0.430859 0.440625 0.278906 0.238281 0.00142097
0 0.430371 0.444141 0.279883 0.238281 0.885742
4 0.427344 0.438281 0.279687 0.242969 0.134277
8 0.430371 0.444141 0.279883 0.238281 0.00475693
23 0.430371 0.444141 0.279883 0.238281 0.00204277
14 0.432129 0.444629 0.281055 0.235742 0.00136662
0 0.431152 0.444141 0.281445 0.239844 0.884766
4 0.427344 0.438379 0.280469 0.243555 0.112427
8 0.431152 0.444141 0.281445 0.239844 0.00591278
23 0.431152 0.444141 0.281445 0.239844 0.00209999
14 0.42959 0.440625 0.279883 0.239844 0.00142097
0 0.431152 0.443652 0.279883 0.236133 0.888184
4 0.427734 0.437598 0.279687 0.24043 0.11084
8 0.431152 0.443652 0.279883 0.236133 0.00559998
23 0.431152 0.443652 0.279883 0.236133 0.00192642
14 0.432422 0.444531 0.280469 0.234375 0.00137806
0 0.430566 0.444141 0.281055 0.238281 0.884277
4 0.427344 0.438184 0.280469 0.242383 0.112793
8 0.430566 0.444141 0.281055 0.238281 0.00572968
23 0.430566 0.444141 0.281055 0.238281 0.00203514
14 0.432031 0.444141 0.28125 0.236719 0.00136662
0 0.430469 0.44375 0.280469 0.2375 0.883301
4 0.427246 0.4375 0.279883 0.242188 0.106689
8 0.430469 0.44375 0.280469 0.2375 0.00582123
23 0.430469 0.44375 0.280469 0.2375 0.00198746
14 0.432031 0.443848 0.280469 0.237305 0.00141048
0 0.430469 0.44375 0.279687 0.2375 0.883301
4 0.427734 0.437598 0.279687 0.241992 0.101257
8 0.430469 0.44375 0.279687 0.2375 0.00572968
23 0.430469 0.44375 0.279687 0.2375 0.00199509
14 0.432031 0.444141 0.280469 0.236719 0.00138283
0 0.430469 0.44375 0.279687 0.2375 0.880859
4 0.427734 0.437598 0.279687 0.241992 0.10376
8 0.430469 0.44375 0.279687 0.2375 0.00600433
23 0.430469 0.44375 0.279687 0.2375 0.0020504
14 0.431934 0.444141 0.279883 0.235938 0.00139427
0 0.430859 0.443848 0.279687 0.237305 0.879883
4 0.427734 0.437598 0.279687 0.241992 0.102661
8 0.430859 0.443848 0.279687 0.237305 0.00600433
23 0.430859 0.443848 0.279687 0.237305 0.00208282
14 0.432031 0.444141 0.280469 0.235938 0.00142097
0 0.430371 0.443848 0.279883 0.237305 0.878906
4 0.427734 0.437598 0.279687 0.241992 0.101562
8 0.430371 0.443848 0.279883 0.237305 0.00575256
23 0.430371 0.443848 0.279883 0.237305 0.00200272
14 0.432031 0.444141 0.280469 0.235938 0.00144386
0 0.430566 0.44375 0.281055 0.2375 0.880859
4 0.427734 0.4375 0.280469 0.242188 0.100891
8 0.430566 0.44375 0.281055 0.2375 0.00551224
23 0.430566 0.44375 0.281055 0.2375 0.00186729
14 0.432031 0.444141 0.28125 0.236719 0.00143242
0 0.430469 0.443652 0.280469 0.237695 0.883301
4 0.427246 0.4375 0.279883 0.242188 0.105957
8 0.430469 0.443652 0.280469 0.237695 0.00584412
23 0.430469 0.443652 0.280469 0.237695 0.00197983
14 0.432031 0.443848 0.28125 0.237305 0.00141048
