14 0.475781 0.484766 0.48125 0.360156 0.0228882
11 0.475 0.499316 0.4875 0.406055 0.02034
5 0.549609 0.497559 0.633594 0.40332 0.0177155
20 0.475 0.499316 0.4875 0.406055 0.0131683
5 0.485547 0.514063 0.533594 0.478125 0.0127258
14 0.549609 0.497559 0.633594 0.40332 0.00945282
3 0.466016 0.487109 0.485938 0.357812 0.00800323
11 0.614453 0.534277 0.771094 0.558008 0.00766754
9 0.469141 0.516797 0.491406 0.475781 0.00540543
11 0.616797 0.498437 0.766406 0.746875 0.00538635
0 0.466016 0.487109 0.485938 0.357812 0.00460815
10 0.464063 0.5 0.488281 0.389062 0.00453949
5 0.596484 0.525391 0.807031 0.561719 0.00443268
18 0.475781 0.484766 0.48125 0.360156 0.00388527
4 0.464063 0.5 0.488281 0.389062 0.00380898
5 0.475781 0.484766 0.48125 0.360156 0.00366402
2 0.533984 0.485547 0.603906 0.375781 0.00348282
14 0.485547 0.514063 0.533594 0.478125 0.00336266
7 0.475 0.499316 0.4875 0.406055 0.00273705
3 0.485547 0.514063 0.533594 0.478125 0.00260162
9 0.596484 0.525391 0.807031 0.561719 0.00257111
3 0.549609 0.497559 0.633594 0.40332 0.00256157
23 0.464063 0.5 0.488281 0.389062 0.00255013
14 0.614453 0.534277 0.771094 0.558008 0.00250244
24 0.485547 0.514063 0.533594 0.478125 0.00226974
5 0.548535 0.512891 0.657617 0.700781 0.00219917
14 0.616797 0.498437 0.766406 0.746875 0.00188255
15 0.466016 0.487109 0.485938 0.357812 0.00163555
2 0.485156 0.468359 0.4625 0.31875 0.00158501
20 0.555859 0.499609 0.660156 0.490625 0.00153637
24 0.549609 0.497559 0.633594 0.40332 0.00150681
11 0.656641 0.612598 0.686719 0.676367 0.00148392
19 0.448535 0.460059 0.335742 0.304883 0.00144386
4 0.555859 0.499609 0.660156 0.490625 0.00139904
4 0.590625 0.563281 0.8 0.609375 0.00130463
25 0.466016 0.487109 0.485938 0.357812 0.00123501
11 0.580859 0.455469 0.838281 0.910937 0.00122547
11 0.564453 0.353906 0.749219 0.707812 0.0012064
9 0.616797 0.498437 0.766406 0.746875 0.00118351
7 0.555859 0.499609 0.660156 0.490625 0.00117874
9 0.549609 0.497559 0.633594 0.40332 0.0011692
19 0.485547 0.514063 0.533594 0.478125 0.0011692
24 0.596484 0.525391 0.807031 0.561719 0.00115108
14 0.580859 0.455469 0.838281 0.910937 0.00113392
10 0.614453 0.534277 0.771094 0.558008 0.00106525
7 0.566309 0.528906 0.69707 0.690625 0.00106049
8 0.466016 0.487109 0.485938 0.357812 0.00105667
4 0.485156 0.526953 0.482812 0.525781 0.00102806
17 0.574902 0.605859 0.776758 0.788281 0.825684
22 0.580078 0.600391 0.767969 0.799219 0.818848
17 0.334375 0.539844 0.66875 0.860938 0.81543
22 0.334375 0.539844 0.66875 0.860938 0.702637
22 0.489844 0.519922 0.767188 0.896094 0.649414
17 0.541797 0.523047 0.738281 0.896094 0.600098
17 0.510938 0.324805 0.834375 0.649609 0.588867
20 0.491016 0.462109 0.721094 0.899219 0.563965
17 0.283984 0.465625 0.567969 0.903125 0.480469
22 0.510938 0.324805 0.834375 0.649609 0.474609
17 0.392969 0.575781 0.785937 0.848437 0.470703
17 0.620313 0.324609 0.759375 0.649219 0.424316
14 0.456641 0.432031 0.680469 0.864062 0.413086
22 0.392969 0.575781 0.785937 0.848437 0.360352
17 0.388672 0.323828 0.777344 0.647656 0.355713
22 0.283984 0.465625 0.567969 0.903125 0.354004
17 0.474316 0.399609 0.685742 0.799219 0.353027
20 0.53916 0.573438 0.76543 0.853125 0.352295
22 0.619531 0.354883 0.760938 0.709766 0.337158
17 0.460547 0.630469 0.852344 0.739062 0.305664
17 0.476953 0.4875 0.539062 0.85625 0.29248
17 0.365039 0.592578 0.688672 0.592969 0.27832
17 0.635254 0.630078 0.729492 0.739844 0.27832
22 0.476953 0.4875 0.539062 0.85625 0.277588
22 0.388672 0.323828 0.777344 0.647656 0.259033
22 0.474316 0.399609 0.685742 0.799219 0.257568
20 0.312891 0.525 0.625781 0.889063 0.24939
17 0.643359 0.383594 0.713281 0.767188 0.204346
22 0.460547 0.630469 0.852344 0.739062 0.181274
11 0.456641 0.432031 0.680469 0.864062 0.166138
17 0.716602 0.347266 0.566797 0.694531 0.163452
20 0.458203 0.324219 0.830469 0.648438 0.156616
22 0.635254 0.630078 0.729492 0.739844 0.149048
17 0.699219 0.753906 0.601562 0.492188 0.147095
3 0.574902 0.605859 0.776758 0.788281 0.133423
20 0.391406 0.533594 0.759375 0.86875 0.132935
20 0.441504 0.410938 0.591992 0.821875 0.132568
20 0.563281 0.353125 0.848437 0.70625 0.128906
22 0.365039 0.592578 0.688672 0.592969 0.125977
14 0.53916 0.573438 0.76543 0.853125 0.125122
22 0.691406 0.377344 0.617188 0.754687 0.119202
22 0.636328 0.519922 0.539844 0.792969 0.117554
22 0.699219 0.753906 0.601562 0.492188 0.115967
20 0.609473 0.607031 0.781055 0.785937 0.11554
22 0.516016 0.560938 0.477344 0.6625 0.11438
17 0.567578 0.679297 0.864844 0.641406 0.110474
3 0.491016 0.462109 0.721094 0.899219 0.109314
20 0.456641 0.394141 0.771094 0.788281 0.108948
17 0.367969 0.605078 0.735938 0.789844 0.100525
17 0.737891 0.339844 0.524219 0.679688 0.0970459
17 0.636328 0.519922 0.539844 0.792969 0.0950317
17 0.75 0.773438 0.5 0.453125 0.093689
14 0.312891 0.525 0.625781 0.889063 0.0933228
1 0.574902 0.605859 0.776758 0.788281 0.0927124
3 0.312891 0.525 0.625781 0.889063 0.0913696
17 0.516016 0.560938 0.477344 0.6625 0.0910645
14 0.510938 0.324805 0.834375 0.649609 0.0853882
20 0.474219 0.57959 0.586719 0.592383 0.0838623
20 0.45625 0.604688 0.842188 0.790625 0.0838623
17 0.667969 0.597656 0.664062 0.804688 0.081543
20 0.358398 0.588672 0.716797 0.822656 0.0809326
13 0.435937 0.410938 0.710938 0.821875 0.0715942
1 0.312891 0.525 0.625781 0.889063 0.0698242
22 0.737891 0.339844 0.524219 0.679688 0.0692749
22 0.592285 0.268359 0.795117 0.536719 0.0685425
22 0.567578 0.679297 0.864844 0.641406 0.0648804
17 0.327344 0.395313 0.654688 0.790625 0.0646362
17 0.321094 0.291211 0.642188 0.582422 0.062561
22 0.327344 0.395313 0.654688 0.790625 0.0623169
22 0.75 0.773438 0.5 0.453125 0.0607605
3 0.510938 0.324805 0.834375 0.649609 0.0572815
14 0.609473 0.607031 0.781055 0.785937 0.0570679
22 0.377539 0.442578 0.755078 0.885156 0.055603
14 0.374219 0.600391 0.748438 0.799219 0.0554199
22 0.708594 0.594141 0.582812 0.811719 0.0552063
1 0.458984 0.350781 0.841406 0.701563 0.0545959
17 0.377539 0.442578 0.755078 0.885156 0.0535889
14 0.385352 0.295703 0.770703 0.591406 0.0534058
3 0.374219 0.600391 0.748438 0.799219 0.0524292
22 0.367969 0.605078 0.735938 0.789844 0.0520325
22 0.671777 0.294531 0.656445 0.589063 0.0514526
1 0.593359 0.354297 0.813281 0.708594 0.0514526
17 0.400781 0.678125 0.801562 0.64375 0.0505066
3 0.456641 0.394141 0.771094 0.788281 0.0501404
20 0.258203 0.469141 0.516406 0.914844 0.0490417
3 0.441504 0.410938 0.591992 0.821875 0.0479431
20 0.3625 0.295508 0.725 0.591016 0.0472412
1 0.258203 0.469141 0.516406 0.914844 0.0460205
20 0.616797 0.385156 0.766406 0.770312 0.0448608
14 0.45625 0.604688 0.842188 0.790625 0.0448608
1 0.443359 0.582422 0.822656 0.835156 0.0446777
17 0.378223 0.505078 0.579492 0.660156 0.0440063
20 0.392969 0.654492 0.785937 0.691016 0.0419312
22 0.321094 0.291211 0.642188 0.582422 0.0417786
1 0.358398 0.588672 0.716797 0.822656 0.0417786
1 0.441504 0.410938 0.591992 0.821875 0.041626
20 0.664453 0.661719 0.671094 0.676562 0.0406799
14 0.620313 0.324609 0.759375 0.649219 0.0405273
20 0.699219 0.753906 0.601562 0.492188 0.0405273
14 0.474219 0.57959 0.586719 0.592383 0.0383301
3 0.620313 0.324609 0.759375 0.649219 0.0363464
8 0.536328 0.589453 0.789844 0.821094 0.0352783
22 0.400781 0.678125 0.801562 0.64375 0.0335999
17 0.685938 0.428906 0.628125 0.857813 0.0333252
24 0.489844 0.519922 0.767188 0.896094 0.0330811
1 0.366602 0.323438 0.733203 0.646875 0.0327759
22 0.838867 0.799805 0.322266 0.400391 0.0327148
13 0.578809 0.604688 0.792383 0.790625 0.0322266
20 0.51875 0.679297 0.865625 0.641406 0.0322266
3 0.388672 0.323828 0.777344 0.647656 0.0318604
1 0.415625 0.654688 0.83125 0.690625 0.0317993
20 0.621875 0.296484 0.75625 0.592969 0.0317383
14 0.392969 0.654492 0.785937 0.691016 0.0317383
14 0.413281 0.387109 0.826563 0.774219 0.0310211
5 0.449609 0.446094 0.708594 0.892188 0.0310211
21 0.139746 0.467969 0.279492 0.407813 0.0309143
9 0.489844 0.519922 0.767188 0.896094 0.0307922
20 0.592578 0.61875 0.688281 0.703125 0.0307922
19 0.731641 0.432813 0.308594 0.376563 0.0305634
14 0.258203 0.469141 0.516406 0.914844 0.0305634
20 0.693945 0.349219 0.612109 0.698438 0.0288696
3 0.258203 0.469141 0.516406 0.914844 0.0281067
25 0.489844 0.519922 0.767188 0.896094 0.0276947
17 0.42666 0.233984 0.760742 0.467969 0.0272675
1 0.669141 0.379688 0.661719 0.759375 0.0266113
14 0.476953 0.4875 0.539062 0.85625 0.0263519
17 0.838867 0.799805 0.322266 0.400391 0.0262604
3 0.584375 0.4125 0.83125 0.825 0.0259552
14 0.584375 0.4125 0.83125 0.825 0.0258636
13 0.489844 0.519922 0.767188 0.896094 0.0257568
11 0.53916 0.573438 0.76543 0.853125 0.0252686
13 0.453223 0.435937 0.554492 0.871875 0.025177
13 0.458984 0.350781 0.841406 0.701563 0.024704
3 0.635254 0.630078 0.729492 0.739844 0.0245209
22 0.378223 0.505078 0.579492 0.660156 0.0233307
1 0.51875 0.679297 0.865625 0.641406 0.0231476
22 0.635156 0.444141 0.729688 0.888281 0.0229797
22 0.691797 0.71582 0.616406 0.568359 0.0228882
20 0.365039 0.592578 0.688672 0.592969 0.0224609
1 0.402344 0.421875 0.804688 0.84375 0.0224152
13 0.474219 0.57959 0.586719 0.592383 0.0222931
14 0.693945 0.349219 0.612109 0.698438 0.0222015
16 0.456641 0.432031 0.680469 0.864062 0.0222015
3 0.474219 0.57959 0.586719 0.592383 0.0219421
3 0.45625 0.604688 0.842188 0.790625 0.0219421
8 0.510938 0.351367 0.84375 0.702734 0.0218658
13 0.316406 0.561328 0.632812 0.877344 0.0218658
14 0.664453 0.661719 0.671094 0.676562 0.0218658
25 0.453223 0.435937 0.554492 0.871875 0.0216217
8 0.316406 0.561328 0.632812 0.877344 0.0216217
19 0.139746 0.467969 0.279492 0.407813 0.021286
14 0.51875 0.679297 0.865625 0.641406 0.0211182
11 0.341406 0.5875 0.682813 0.825 0.0210419
20 0.636328 0.519922 0.539844 0.792969 0.0204926
1 0.635254 0.630078 0.729492 0.739844 0.0200195
8 0.456641 0.432031 0.680469 0.864062 0.0194244
3 0.643359 0.383594 0.713281 0.767188 0.0193481
20 0.75 0.773438 0.5 0.453125 0.0189056
17 0.677246 0.44375 0.645508 0.8875 0.0184021
3 0.699219 0.753906 0.601562 0.492188 0.0184021
17 0.691797 0.71582 0.616406 0.568359 0.0183411
14 0.699219 0.753906 0.601562 0.492188 0.0181885
13 0.593359 0.354297 0.813281 0.708594 0.0180511
22 0.677246 0.44375 0.645508 0.8875 0.0179138
13 0.2625 0.521094 0.525 0.928125 0.0179138
14 0.323047 0.320312 0.646094 0.640625 0.0178528
20 0.667969 0.597656 0.664062 0.804688 0.0177765
13 0.387109 0.590625 0.774219 0.81875 0.0173035
0 0.456641 0.432031 0.680469 0.864062 0.0171814
14 0.365039 0.592578 0.688672 0.592969 0.0171814
20 0.326758 0.346484 0.653516 0.692969 0.0168457
8 0.387109 0.590625 0.774219 0.81875 0.0168457
13 0.415625 0.654688 0.83125 0.690625 0.0162811
8 0.613379 0.628125 0.773242 0.74375 0.0160217
20 0.369922 0.442188 0.739844 0.884375 0.0158997
3 0.716602 0.347266 0.566797 0.694531 0.0157166
17 0.536035 0.228711 0.679492 0.457422 0.0154266
13 0.366602 0.323438 0.733203 0.646875 0.0153046
3 0.636328 0.519922 0.539844 0.792969 0.0153046
1 0.667969 0.597656 0.664062 0.804688 0.0153046
3 0.365039 0.592578 0.688672 0.592969 0.0152512
11 0.609473 0.607031 0.781055 0.785937 0.0152512
1 0.328125 0.371484 0.65625 0.742969 0.0151901
1 0.541797 0.523047 0.738281 0.896094 0.0150757
1 0.476953 0.4875 0.539062 0.85625 0.0147324
11 0.510938 0.351367 0.84375 0.702734 0.0146179
8 0.388672 0.323828 0.777344 0.647656 0.014389
11 0.290625 0.515625 0.58125 0.9125 0.0143356
17 0.274219 0.558984 0.548438 0.882031 0.0140076
14 0.319922 0.416406 0.639844 0.832812 0.0136871
13 0.643359 0.383594 0.713281 0.767188 0.0136337
0 0.334375 0.539844 0.66875 0.860938 0.0136337
8 0.2625 0.521094 0.525 0.928125 0.013588
14 0.329883 0.629297 0.659766 0.741406 0.0132217
10 0.334375 0.539844 0.66875 0.860938 0.0130692
1 0.636328 0.519922 0.539844 0.792969 0.01297
25 0.580078 0.600391 0.767969 0.799219 0.0126724
1 0.294141 0.587891 0.588281 0.824219 0.0126266
1 0.400391 0.26875 0.799219 0.5375 0.0125275
14 0.592578 0.61875 0.688281 0.703125 0.0125275
8 0.589063 0.382031 0.821875 0.764063 0.0122375
1 0.646875 0.296289 0.70625 0.592578 0.012146
10 0.456641 0.432031 0.680469 0.864062 0.012146
3 0.51875 0.679297 0.865625 0.641406 0.0120544
14 0.75 0.773438 0.5 0.453125 0.0118713
14 0.639063 0.424219 0.721875 0.848437 0.0117798
25 0.334375 0.539844 0.66875 0.860938 0.0117798
21 0.132422 0.298047 0.264844 0.427344 0.0115967
3 0.667969 0.597656 0.664062 0.804688 0.0115967
13 0.51875 0.679297 0.865625 0.641406 0.0115967
3 0.767188 0.775 0.465625 0.45 0.0115967
1 0.667676 0.703125 0.664648 0.59375 0.0115967
13 0.639063 0.651563 0.721875 0.696875 0.0115509
1 0.291797 0.288281 0.583594 0.576563 0.0113297
1 0.737891 0.339844 0.524219 0.679688 0.0112915
22 0.274219 0.558984 0.548438 0.882031 0.0112457
1 0.545996 0.26875 0.795508 0.5375 0.0112
10 0.574902 0.605859 0.776758 0.788281 0.0110321
3 0.392969 0.654492 0.785937 0.691016 0.0110321
22 0.783984 0.257422 0.432031 0.514844 0.0109024
3 0.319922 0.416406 0.639844 0.832812 0.0109024
1 0.369922 0.442188 0.739844 0.884375 0.0109024
19 0.841406 0.810156 0.317188 0.379688 0.0107346
3 0.737891 0.339844 0.524219 0.679688 0.0106506
21 0.738281 0.421777 0.307813 0.392383 0.0106125
17 0.473438 0.73125 0.8625 0.5375 0.0104904
14 0.378223 0.505078 0.579492 0.660156 0.0104065
21 0.841406 0.810156 0.317188 0.379688 0.0103302
11 0.690234 0.714063 0.619531 0.571875 0.0103302
13 0.667676 0.703125 0.664648 0.59375 0.00985718
25 0.435937 0.410938 0.710938 0.821875 0.00981903
17 0.699609 0.260156 0.600781 0.520312 0.00978088
14 0.667969 0.597656 0.664062 0.804688 0.00971222
17 0.272266 0.327148 0.544531 0.654297 0.00963593
22 0.275391 0.358203 0.550781 0.716406 0.00963593
1 0.767188 0.775 0.465625 0.45 0.00963593
1 0.365039 0.592578 0.688672 0.592969 0.00955963
20 0.735938 0.372852 0.528125 0.745703 0.00952148
1 0.474219 0.57959 0.586719 0.592383 0.00937653
0 0.592578 0.61875 0.688281 0.703125 0.00933838
10 0.483984 0.557813 0.785156 0.884375 0.00933838
22 0.42666 0.233984 0.760742 0.467969 0.0091629
8 0.460547 0.630469 0.852344 0.739062 0.00905609
20 0.685938 0.428906 0.628125 0.857813 0.00894928
11 0.388672 0.323828 0.777344 0.647656 0.00891876
22 0.473438 0.73125 0.8625 0.5375 0.00888062
17 0.783984 0.257422 0.432031 0.514844 0.0088501
18 0.456641 0.432031 0.680469 0.864062 0.00878143
1 0.677246 0.44375 0.645508 0.8875 0.00874329
13 0.722656 0.743945 0.554688 0.512109 0.00854492
8 0.598047 0.296484 0.803906 0.592969 0.00837708
5 0.474219 0.57959 0.586719 0.592383 0.00837708
10 0.283984 0.465625 0.567969 0.903125 0.00818634
1 0.699219 0.753906 0.601562 0.492188 0.00818634
11 0.391406 0.533594 0.759375 0.86875 0.00806427
1 0.712695 0.427734 0.574609 0.855469 0.00793457
11 0.589063 0.382031 0.821875 0.764063 0.00775528
8 0.592578 0.61875 0.688281 0.703125 0.00766754
8 0.664746 0.677344 0.670508 0.645312 0.00763702
14 0.636328 0.519922 0.539844 0.792969 0.00748825
8 0.691406 0.377344 0.617188 0.754687 0.00740433
13 0.714063 0.403125 0.571875 0.80625 0.00740433
3 0.377539 0.442578 0.755078 0.885156 0.00740433
11 0.45625 0.604688 0.842188 0.790625 0.00725937
20 0.691797 0.71582 0.616406 0.568359 0.00714874
5 0.483984 0.557813 0.785156 0.884375 0.00712204
11 0.729688 0.758984 0.540625 0.482031 0.00706482
10 0.365039 0.592578 0.688672 0.592969 0.00695801
8 0.476953 0.4875 0.539062 0.85625 0.00695801
1 0.428125 0.732813 0.85625 0.534375 0.00695801
3 0.514746 0.438672 0.450195 0.847656 0.0069046
13 0.327734 0.653125 0.655469 0.69375 0.0069046
0 0.508203 0.29668 0.819531 0.593359 0.0068512
13 0.400391 0.26875 0.799219 0.5375 0.00679779
25 0.283984 0.465625 0.567969 0.903125 0.00679779
25 0.510938 0.324805 0.834375 0.649609 0.00674438
14 0.735938 0.372852 0.528125 0.745703 0.00674438
3 0.321094 0.291211 0.642188 0.582422 0.00671768
13 0.328125 0.371484 0.65625 0.742969 0.00658798
14 0.159766 0.646777 0.319531 0.706445 0.00658798
21 0.133203 0.386035 0.266406 0.441992 0.00656509
10 0.510938 0.324805 0.834375 0.649609 0.00653839
2 0.435937 0.410938 0.710938 0.821875 0.00643921
13 0.765039 0.760742 0.469922 0.478516 0.00643921
13 0.695312 0.32207 0.609375 0.644141 0.00624084
21 0.491016 0.462109 0.721094 0.899219 0.00624084
22 0.536035 0.228711 0.679492 0.457422 0.00619125
3 0.378223 0.505078 0.579492 0.660156 0.00619125
4 0.491016 0.462109 0.721094 0.899219 0.00619125
3 0.838867 0.799805 0.322266 0.400391 0.00619125
11 0.392969 0.654492 0.785937 0.691016 0.00616837
13 0.38418 0.703125 0.768359 0.59375 0.00616837
11 0.476953 0.4875 0.539062 0.85625 0.00600433
3 0.685938 0.428906 0.628125 0.857813 0.00598145
0 0.476953 0.4875 0.539062 0.85625 0.00595856
2 0.334375 0.539844 0.66875 0.860938 0.00595856
13 0.378223 0.505078 0.579492 0.660156 0.00582123
19 0.500684 0.40459 0.400195 0.37207 0.00579834
25 0.392969 0.575781 0.785937 0.848437 0.00579834
2 0.581348 0.536328 0.760742 0.877344 0.00559998
16 0.854492 0.833203 0.291016 0.333594 0.0157166
19 0.739062 0.43125 0.359375 0.399219 0.0154266
20 0.482129 0.51875 0.49668 0.428125 0.0115509
22 0.604297 0.578027 0.769531 0.600195 0.0111618
19 0.857031 0.813867 0.285938 0.372266 0.0107803
9 0.482129 0.51875 0.49668 0.428125 0.0106506
24 0.496875 0.508984 0.489844 0.414844 0.0103683
18 0.500391 0.488379 0.477344 0.387305 0.0102921
16 0.729688 0.472754 0.36875 0.374805 0.00923157
22 0.507031 0.564941 0.557813 0.52793 0.00908661
19 0.503027 0.48125 0.389258 0.408594 0.00881195
2 0.316406 0.808594 0.632812 0.382812 0.00881195
4 0.500391 0.488379 0.477344 0.387305 0.00857544
17 0.507031 0.564941 0.557813 0.52793 0.0085144
2 0.500391 0.488379 0.477344 0.387305 0.00831604
17 0.604297 0.578027 0.769531 0.600195 0.00728989
24 0.516797 0.549902 0.588281 0.514258 0.00712204
0 0.316406 0.808594 0.632812 0.382812 0.00638962
16 0.507031 0.494531 0.390625 0.386719 0.006073
7 0.500391 0.488379 0.477344 0.387305 0.00568771
19 0.282422 0.503223 0.369531 0.39043 0.00566483
20 0.51709 0.545313 0.636133 0.5125 0.00559998
4 0.516797 0.549902 0.588281 0.514258 0.00557709
16 0.610938 0.603125 0.4 0.360938 0.00553513
11 0.480078 0.464746 0.505469 0.331445 0.00551224
18 0.316406 0.808594 0.632812 0.382812 0.00551224
14 0.498437 0.464453 0.485938 0.330469 0.00547028
16 0.289453 0.514453 0.385156 0.366406 0.00542831
11 0.341211 0.801367 0.682422 0.397266 0.00524139
4 0.341211 0.801367 0.682422 0.397266 0.00518036
2 0.363672 0.809961 0.727344 0.380078 0.00518036
0 0.482715 0.49209 0.49707 0.392383 0.00510025
11 0.604297 0.578027 0.769531 0.600195 0.00510025
19 0.456934 0.411621 0.400195 0.34707 0.00488663
2 0.302539 0.747266 0.605078 0.446094 0.00486755
16 0.316406 0.808594 0.632812 0.382812 0.00471878
0 0.363672 0.809961 0.727344 0.380078 0.00469971
11 0.516797 0.549902 0.588281 0.514258 0.00445175
24 0.319531 0.779102 0.639063 0.441797 0.00443268
0 0.507031 0.564941 0.557813 0.52793 0.00438309
1 0.507031 0.564941 0.557813 0.52793 0.00419998
9 0.51709 0.545313 0.636133 0.5125 0.00416565
20 0.578906 0.508594 0.742188 0.664062 0.00416565
2 0.507031 0.564941 0.557813 0.52793 0.00407028
7 0.309766 0.8 0.619531 0.4 0.00400543
16 0.363672 0.809961 0.727344 0.380078 0.00391388
11 0.373437 0.724219 0.746875 0.551562 0.00391388
5 0.516797 0.549902 0.588281 0.514258 0.00382423
3 0.507031 0.564941 0.557813 0.52793 0.00382423
5 0.496875 0.508984 0.489844 0.414844 0.00376511
1 0.604297 0.578027 0.769531 0.600195 0.00376511
14 0.316406 0.808594 0.632812 0.382812 0.00376511
16 0.482129 0.51875 0.49668 0.428125 0.00365067
16 0.83457 0.796875 0.330859 0.390625 0.00362206
2 0.381641 0.707422 0.763281 0.585156 0.00362206
0 0.302539 0.747266 0.605078 0.446094 0.00355148
15 0.500391 0.488379 0.477344 0.387305 0.00351143
25 0.482129 0.51875 0.49668 0.428125 0.00349617
4 0.373437 0.724219 0.746875 0.551562 0.00341606
23 0.500391 0.488379 0.477344 0.387305 0.00335121
3 0.482715 0.49209 0.49707 0.392383 0.00328636
11 0.627734 0.556934 0.744531 0.798633 0.00317192
24 0.578906 0.508594 0.742188 0.664062 0.00314713
12 0.604297 0.578027 0.769531 0.600195 0.00298119
14 0.363672 0.809961 0.727344 0.380078 0.00298119
18 0.363672 0.809961 0.727344 0.380078 0.00298119
6 0.496875 0.508984 0.489844 0.414844 0.0029583
4 0.578906 0.508594 0.742188 0.664062 0.00292397
7 0.363672 0.809961 0.727344 0.380078 0.00291252
14 0.302539 0.747266 0.605078 0.446094 0.00286674
0 0.427344 0.716797 0.790625 0.566406 0.00282288
20 0.341211 0.801367 0.682422 0.397266 0.00279999
18 0.302539 0.747266 0.605078 0.446094 0.00279045
19 0.608984 0.6 0.402344 0.34375 0.00276756
3 0.604297 0.578027 0.769531 0.600195 0.00276756
1 0.674219 0.605371 0.651563 0.776758 0.00276756
6 0.319531 0.779102 0.639063 0.441797 0.00275803
16 0.558203 0.555566 0.404687 0.376367 0.00274658
11 0.302539 0.747266 0.605078 0.446094 0.00271416
23 0.309766 0.8 0.619531 0.4 0.00271416
14 0.519531 0.521484 0.529688 0.452344 0.00269318
21 0.748438 0.430469 0.364063 0.396875 0.00268364
5 0.578906 0.508594 0.742188 0.664062 0.00268364
2 0.499902 0.70625 0.731445 0.5875 0.0026722
16 0.456934 0.411621 0.400195 0.34707 0.00263214
16 0.604297 0.578027 0.769531 0.600195 0.0026207
22 0.627734 0.556934 0.744531 0.798633 0.00255013
12 0.516797 0.549902 0.588281 0.514258 0.00251198
12 0.523828 0.474902 0.764844 0.712695 0.00251198
10 0.500391 0.488379 0.477344 0.387305 0.0024929
16 0.660156 0.632812 0.401563 0.365625 0.00247192
9 0.578906 0.508594 0.742188 0.664062 0.00246239
4 0.282031 0.798828 0.564063 0.402344 0.00246239
15 0.341211 0.801367 0.682422 0.397266 0.00245285
14 0.578906 0.508594 0.742188 0.664062 0.00243378
16 0.427344 0.716797 0.790625 0.566406 0.00242424
24 0.373437 0.724219 0.746875 0.551562 0.002388
16 0.302539 0.747266 0.605078 0.446094 0.00235939
11 0.282031 0.798828 0.564063 0.402344 0.00230598
12 0.683203 0.665625 0.633594 0.66875 0.00227928
21 0.496875 0.508984 0.489844 0.414844 0.00226974
12 0.627734 0.556934 0.744531 0.798633 0.00226974
16 0.725391 0.467578 0.302344 0.301563 0.00226021
9 0.319531 0.779102 0.639063 0.441797 0.00223351
16 0.627734 0.556934 0.744531 0.798633 0.00221634
16 0.330859 0.548438 0.436719 0.340625 0.00220871
7 0.373437 0.724219 0.746875 0.551562 0.00220871
12 0.373828 0.573438 0.747656 0.6875 0.00219917
16 0.57041 0.696875 0.793555 0.60625 0.00219917
1 0.480078 0.464746 0.505469 0.331445 0.00218201
17 0.627734 0.556934 0.744531 0.798633 0.00218201
24 0.316406 0.808594 0.632812 0.382812 0.00215721
11 0.475 0.704102 0.807813 0.591797 0.00209999
2 0.604297 0.578027 0.769531 0.600195 0.00208282
6 0.373437 0.724219 0.746875 0.551562 0.00206757
2 0.330859 0.644629 0.661719 0.710742 0.00205803
14 0.381641 0.707422 0.763281 0.585156 0.00203514
16 0.51709 0.545313 0.636133 0.5125 0.00202751
1 0.689258 0.641406 0.621484 0.717188 0.00202751
4 0.627734 0.556934 0.744531 0.798633 0.00201988
23 0.363672 0.809961 0.727344 0.380078 0.00201988
25 0.363672 0.809961 0.727344 0.380078 0.00201988
25 0.316406 0.808594 0.632812 0.382812 0.00200272
12 0.482715 0.49209 0.49707 0.392383 0.00199509
13 0.578906 0.508594 0.742188 0.664062 0.00197983
11 0.612109 0.69375 0.775781 0.6125 0.0019722
4 0.302539 0.747266 0.605078 0.446094 0.00194168
1 0.201367 0.509375 0.402734 0.43125 0.00190449
19 0.831445 0.783008 0.337109 0.408984 0.00186062
6 0.51709 0.545313 0.636133 0.5125 0.00186062
12 0.209766 0.549219 0.419531 0.5125 0.00182438
18 0.427344 0.716797 0.790625 0.566406 0.00178242
14 0.499902 0.70625 0.731445 0.5875 0.00178242
14 0.348242 0.719336 0.696484 0.561328 0.00178242
0 0.632422 0.595313 0.735156 0.621875 0.00176811
14 0.291797 0.783008 0.583594 0.433984 0.00176144
22 0.496875 0.508984 0.489844 0.414844 0.00175476
12 0.632031 0.69375 0.735938 0.6125 0.00175476
1 0.473438 0.380078 0.551562 0.466406 0.00174141
16 0.724219 0.853906 0.4 0.292188 0.0017271
1 0.630859 0.665625 0.738281 0.66875 0.0017271
4 0.475 0.704102 0.807813 0.591797 0.0017271
20 0.632422 0.595313 0.735156 0.621875 0.00171375
13 0.627734 0.556934 0.744531 0.798633 0.00170708
13 0.51709 0.545313 0.636133 0.5125 0.00168705
8 0.507031 0.564941 0.557813 0.52793 0.00168133
19 0.433984 0.426465 0.399219 0.264258 0.00165462
13 0.496875 0.508984 0.489844 0.414844 0.00165462
21 0.516797 0.549902 0.588281 0.514258 0.0016489
5 0.319531 0.779102 0.639063 0.441797 0.0016489
14 0.627734 0.556934 0.744531 0.798633 0.00164223
19 0.660156 0.632812 0.401563 0.365625 0.00162315
15 0.373437 0.724219 0.746875 0.551562 0.00156689
7 0.291797 0.783008 0.583594 0.433984 0.00155449
16 0.182764 0.493359 0.359473 0.378906 0.00154305
0 0.330859 0.644629 0.661719 0.710742 0.00152493
0 0.56084 0.674121 0.754883 0.651758 0.00152493
17 0.693945 0.625 0.612109 0.75 0.00150681
22 0.201367 0.509375 0.402734 0.43125 0.00148964
1 0.56084 0.674121 0.754883 0.651758 0.00148964
16 0.291797 0.783008 0.583594 0.433984 0.00147247
19 0.173633 0.473828 0.347266 0.407031 0.00146103
17 0.500391 0.488379 0.477344 0.387305 0.00145531
20 0.282031 0.798828 0.564063 0.402344 0.00145531
14 0.610938 0.667969 0.778125 0.664062 0.00145531
16 0.348242 0.719336 0.696484 0.561328 0.00145531
9 0.373437 0.724219 0.746875 0.551562 0.00145531
1 0.671094 0.62959 0.4625 0.55957 0.00143814
17 0.201367 0.509375 0.402734 0.43125 0.00143242
19 0.516797 0.549902 0.588281 0.514258 0.00143242
12 0.641406 0.573828 0.578125 0.702344 0.0014267
7 0.475 0.704102 0.807813 0.591797 0.00139427
22 0.693945 0.625 0.612109 0.75 0.00138855
11 0.704688 0.668359 0.590625 0.663281 0.00138855
2 0.348242 0.719336 0.696484 0.561328 0.00137806
19 0.32832 0.540234 0.336328 0.322656 0.00135612
15 0.282031 0.798828 0.564063 0.402344 0.00135612
4 0.612109 0.69375 0.775781 0.6125 0.00135612
22 0.523828 0.474902 0.764844 0.712695 0.00135136
20 0.373437 0.724219 0.746875 0.551562 0.00134563
14 0.330859 0.644629 0.661719 0.710742 0.00134087
12 0.523438 0.714063 0.803125 0.571875 0.00134087
13 0.683203 0.665625 0.633594 0.66875 0.00132465
14 0.468359 0.381348 0.583594 0.474805 0.00131512
2 0.291797 0.783008 0.583594 0.433984 0.00130939
10 0.341211 0.801367 0.682422 0.397266 0.00130939
3 0.363672 0.809961 0.727344 0.380078 0.00129986
3 0.309766 0.8 0.619531 0.4 0.00129414
2 0.610938 0.667969 0.778125 0.664062 0.00129414
13 0.632031 0.69375 0.735938 0.6125 0.00129414
11 0.330859 0.644629 0.661719 0.710742 0.0012846
17 0.695312 0.633984 0.571875 0.730469 0.00126457
12 0.298047 0.701367 0.596094 0.597266 0.00126457
10 0.516797 0.549902 0.588281 0.514258 0.00123978
25 0.51709 0.545313 0.636133 0.5125 0.00123501
7 0.51709 0.545313 0.636133 0.5125 0.0012207
19 0.557129 0.532422 0.398242 0.379688 0.00121593
11 0.473438 0.380078 0.551562 0.466406 0.00121593
25 0.604297 0.578027 0.769531 0.600195 0.00121593
6 0.282031 0.798828 0.564063 0.402344 0.00121593
11 0.576563 0.721289 0.807813 0.557422 0.00121117
6 0.475 0.704102 0.807813 0.591797 0.00120163
12 0.216211 0.4375 0.432422 0.589063 0.00118828
11 0.523828 0.474902 0.764844 0.712695 0.00117874
0 0.473438 0.380078 0.551562 0.466406 0.00117397
7 0.305078 0.712109 0.610156 0.550781 0.00117397
12 0.618066 0.517969 0.568555 0.48125 0.0011692
11 0.670313 0.619922 0.659375 0.760156 0.0011692
13 0.319531 0.779102 0.639063 0.441797 0.0011692
2 0.473438 0.380078 0.551562 0.466406 0.00116539
20 0.674219 0.605371 0.651563 0.776758 0.00116062
1 0.373828 0.573438 0.747656 0.6875 0.00114727
0 0.291797 0.783008 0.583594 0.433984 0.0011425
4 0.473438 0.380078 0.551562 0.466406 0.00112438
0 0.348242 0.719336 0.696484 0.561328 0.00112438
16 0.330859 0.644629 0.661719 0.710742 0.0011158
1 0.216211 0.4375 0.432422 0.589063 0.00110722
3 0.627734 0.556934 0.744531 0.798633 0.00110722
22 0.695312 0.633984 0.571875 0.730469 0.0011034
5 0.373437 0.724219 0.746875 0.551562 0.0011034
2 0.241406 0.757422 0.482812 0.317969 0.00109482
4 0.576563 0.721289 0.807813 0.557422 0.00109482
25 0.302539 0.747266 0.605078 0.446094 0.00109005
12 0.341211 0.801367 0.682422 0.397266 0.00109005
2 0.627734 0.556934 0.744531 0.798633 0.00108147
9 0.627734 0.556934 0.744531 0.798633 0.00108147
15 0.475 0.704102 0.807813 0.591797 0.00107765
15 0.302539 0.747266 0.605078 0.446094 0.00106049
19 0.232617 0.477344 0.384766 0.41875 0.00105667
13 0.455469 0.526563 0.809375 0.796875 0.00105667
24 0.627734 0.556934 0.744531 0.798633 0.00105667
6 0.578906 0.508594 0.742188 0.664062 0.00105286
16 0.630859 0.665625 0.738281 0.66875 0.00104427
1 0.523828 0.474902 0.764844 0.712695 0.00104046
12 0.434375 0.587109 0.839063 0.825781 0.00104046
5 0.316406 0.808594 0.632812 0.382812 0.00104046
6 0.576563 0.721289 0.807813 0.557422 0.00103664
12 0.629004 0.414062 0.545117 0.548438 0.00102425
2 0.641406 0.573828 0.578125 0.702344 0.00101662
24 0.482031 0.489453 0.478125 0.357031 0.288574
9 0.482031 0.489453 0.478125 0.357031 0.0987549
20 0.482031 0.489453 0.478125 0.357031 0.0817871
18 0.479297 0.479297 0.475 0.340625 0.0708008
21 0.482031 0.489453 0.478125 0.357031 0.0552063
19 0.733984 0.427441 0.297656 0.410742 0.0544128
16 0.482031 0.489453 0.478125 0.357031 0.0379028
5 0.479297 0.479297 0.475 0.340625 0.0244293
11 0.480078 0.464941 0.483594 0.30918 0.0133286
6 0.482422 0.502344 0.482031 0.401563 0.0133286
14 0.479297 0.479297 0.475 0.340625 0.0110321
21 0.733984 0.427441 0.297656 0.410742 0.00989532
15 0.479297 0.479297 0.475 0.340625 0.00952148
23 0.482031 0.489453 0.478125 0.357031 0.00901794
4 0.480078 0.464941 0.483594 0.30918 0.00871277
2 0.482031 0.489453 0.478125 0.357031 0.00841522
19 0.482422 0.486719 0.465625 0.354688 0.00784302
25 0.482422 0.502344 0.482031 0.401563 0.00775528
13 0.480078 0.464941 0.483594 0.30918 0.00706482
7 0.480469 0.476465 0.471875 0.343945 0.00600433
11 0.467578 0.423047 0.541406 0.422656 0.00469971
1 0.482812 0.475391 0.501563 0.325781 0.00432968
22 0.210156 0.464941 0.420312 0.524805 0.00413513
16 0.551562 0.465527 0.334375 0.279883 0.00403976
22 0.482422 0.502344 0.482031 0.401563 0.00385475
12 0.482812 0.475391 0.501563 0.325781 0.00351143
12 0.479297 0.371289 0.580469 0.558984 0.00344276
19 0.454688 0.414453 0.323438 0.453125 0.00331116
14 0.467578 0.423047 0.541406 0.422656 0.00329781
1 0.479297 0.371289 0.580469 0.558984 0.00327301
0 0.478906 0.465234 0.479688 0.316406 0.00325966
3 0.482812 0.475391 0.501563 0.325781 0.00318527
1 0.210156 0.464941 0.420312 0.524805 0.00309944
13 0.729297 0.446094 0.302344 0.422656 0.00293541
19 0.711328 0.492871 0.311719 0.439258 0.00286674
1 0.343555 0.402734 0.687109 0.664062 0.00284576
4 0.467578 0.423047 0.541406 0.422656 0.00282288
10 0.480078 0.464941 0.483594 0.30918 0.00259018
13 0.467578 0.423047 0.541406 0.422656 0.00253105
17 0.210156 0.464941 0.420312 0.524805 0.00243378
6 0.551562 0.465527 0.334375 0.279883 0.00237846
11 0.485547 0.545313 0.478906 0.49375 0.00235939
16 0.640625 0.468848 0.49375 0.331055 0.00216484
6 0.700391 0.489746 0.363281 0.37207 0.00196457
12 0.210156 0.464941 0.420312 0.524805 0.00193405
11 0.210156 0.464941 0.420312 0.524805 0.00192642
18 0.467578 0.423047 0.541406 0.422656 0.00188255
16 0.575 0.449609 0.629687 0.403906 0.00188255
0 0.467578 0.423047 0.541406 0.422656 0.00184631
15 0.467578 0.423047 0.541406 0.422656 0.0018177
17 0.343555 0.402734 0.687109 0.664062 0.0018177
8 0.482812 0.475391 0.501563 0.325781 0.00175476
22 0.343555 0.402734 0.687109 0.664062 0.00175476
16 0.467578 0.423047 0.541406 0.422656 0.00174141
0 0.490625 0.524902 0.473438 0.42832 0.0017004
16 0.56875 0.472754 0.4375 0.306055 0.00169373
16 0.700391 0.489746 0.363281 0.37207 0.00163555
1 0.640625 0.468848 0.49375 0.331055 0.00161076
2 0.640625 0.468848 0.49375 0.331055 0.00161076
12 0.457422 0.303711 0.658594 0.607422 0.00159168
1 0.551562 0.465527 0.334375 0.279883 0.00157928
11 0.640625 0.468848 0.49375 0.331055 0.00153637
19 0.13457 0.262305 0.269141 0.372266 0.00152493
4 0.485547 0.545313 0.478906 0.49375 0.00152493
19 0.151758 0.484766 0.286328 0.383594 0.00148964
21 0.151758 0.484766 0.286328 0.383594 0.00147247
11 0.589453 0.558203 0.691406 0.544531 0.00145531
21 0.13457 0.262305 0.269141 0.372266 0.00144958
11 0.575 0.449609 0.629687 0.403906 0.00143814
12 0.373437 0.458984 0.746875 0.641406 0.00141621
4 0.551562 0.465527 0.334375 0.279883 0.00136662
5 0.551562 0.465527 0.334375 0.279883 0.00133514
6 0.640625 0.468848 0.49375 0.331055 0.00133038
17 0.482422 0.502344 0.482031 0.401563 0.00132465
0 0.640625 0.468848 0.49375 0.331055 0.00131512
6 0.585547 0.483203 0.608594 0.399219 0.00131512
1 0.606348 0.424609 0.570117 0.385156 0.0012846
13 0.485547 0.545313 0.478906 0.49375 0.00126934
16 0.589453 0.558203 0.691406 0.544531 0.00122547
1 0.700391 0.489746 0.363281 0.37207 0.0012207
12 0.178809 0.236328 0.357617 0.472656 0.00121593
12 0.606348 0.424609 0.570117 0.385156 0.00121593
2 0.700391 0.489746 0.363281 0.37207 0.00121117
22 0.305469 0.557813 0.610938 0.61875 0.00119686
12 0.686719 0.433203 0.392188 0.339844 0.00116539
13 0.210156 0.464941 0.420312 0.524805 0.00115585
1 0.178809 0.236328 0.357617 0.472656 0.00115108
2 0.551562 0.465527 0.334375 0.279883 0.00115108
3 0.467578 0.423047 0.541406 0.422656 0.0011425
13 0.575 0.449609 0.629687 0.403906 0.0011425
12 0.305469 0.557813 0.610938 0.61875 0.0011425
6 0.589453 0.558203 0.691406 0.544531 0.00113392
13 0.640625 0.468848 0.49375 0.331055 0.00112438
12 0.335742 0.269531 0.671484 0.539062 0.00110722
3 0.551562 0.465527 0.334375 0.279883 0.00110722
5 0.485547 0.545313 0.478906 0.49375 0.00110722
2 0.343555 0.402734 0.687109 0.664062 0.0011034
16 0.598828 0.514746 0.616406 0.425195 0.00109863
1 0.305469 0.557813 0.610938 0.61875 0.00109863
11 0.700391 0.489746 0.363281 0.37207 0.00109482
0 0.343555 0.402734 0.687109 0.664062 0.00108624
19 0.149219 0.324609 0.298438 0.417969 0.00108147
0 0.551562 0.465527 0.334375 0.279883 0.00108147
6 0.56875 0.472754 0.4375 0.306055 0.00108147
2 0.575 0.449609 0.629687 0.403906 0.00108147
4 0.640625 0.468848 0.49375 0.331055 0.00107288
12 0.388672 0.592188 0.777344 0.815625 0.00107288
15 0.485547 0.545313 0.478906 0.49375 0.00107288
1 0.3875 0.425391 0.775 0.836719 0.00105286
1 0.56875 0.472754 0.4375 0.306055 0.00103188
0 0.704688 0.465625 0.353125 0.316406 0.00103188
18 0.551562 0.465527 0.334375 0.279883 0.00102425
12 0.572656 0.25 0.59375 0.5 0.00102043
22 0.178809 0.236328 0.357617 0.472656 0.00101662
17 0.305469 0.557813 0.610938 0.61875 0.00100803
7 0.467578 0.423047 0.541406 0.422656 0.00100422
24 0.484375 0.483984 0.470313 0.382812 0.129395
20 0.484375 0.483984 0.470313 0.382812 0.0268555
24 0.490234 0.492188 0.546094 0.589063 0.0245209
6 0.484375 0.486621 0.467969 0.381445 0.0196838
16 0.484375 0.483984 0.470313 0.382812 0.0189056
11 0.485938 0.447266 0.465625 0.321094 0.0176392
9 0.484375 0.483984 0.470313 0.382812 0.0136337
7 0.484375 0.486621 0.467969 0.381445 0.013588
18 0.484375 0.486621 0.467969 0.381445 0.0135345
14 0.485938 0.445703 0.4625 0.321875 0.00787354
15 0.484375 0.486621 0.467969 0.381445 0.00746155
13 0.485938 0.445703 0.4625 0.321875 0.00674438
16 0.490234 0.492188 0.546094 0.589063 0.00674438
2 0.484375 0.483984 0.470313 0.382812 0.00669098
25 0.484375 0.483984 0.470313 0.382812 0.0051384
6 0.490234 0.492188 0.546094 0.589063 0.00500107
23 0.484375 0.483984 0.470313 0.382812 0.00498199
20 0.490234 0.492188 0.546094 0.589063 0.00496292
13 0.483984 0.489453 0.527344 0.452344 0.00494385
5 0.486328 0.488672 0.496094 0.382031 0.00469971
0 0.485938 0.447266 0.465625 0.321094 0.0046463
12 0.51875 0.540625 0.609375 0.748438 0.00436401
11 0.490234 0.492188 0.546094 0.589063 0.00432968
21 0.484375 0.483984 0.470313 0.382812 0.00431442
12 0.485938 0.445703 0.4625 0.321875 0.0041008
4 0.484375 0.486621 0.467969 0.381445 0.0041008
12 0.429297 0.437598 0.388281 0.276367 0.0039444
1 0.480078 0.446484 0.482031 0.338281 0.00388527
13 0.51875 0.540625 0.609375 0.748438 0.00385475
19 0.487109 0.491016 0.48125 0.374219 0.00348282
12 0.483984 0.489453 0.527344 0.452344 0.003088
12 0.467578 0.327344 0.566406 0.654688 0.00305176
15 0.490234 0.492188 0.546094 0.589063 0.00305176
9 0.490234 0.492188 0.546094 0.589063 0.00292397
12 0.604297 0.569531 0.791406 0.826563 0.00283432
25 0.490234 0.492188 0.546094 0.589063 0.00282288
16 0.570312 0.555078 0.71875 0.767969 0.00277901
3 0.485938 0.447266 0.465625 0.321094 0.00273705
13 0.463672 0.324805 0.561719 0.649609 0.00243378
13 0.604297 0.569531 0.791406 0.826563 0.00242424
11 0.463672 0.324805 0.561719 0.649609 0.00236893
22 0.483984 0.489453 0.527344 0.452344 0.00234985
4 0.490234 0.492188 0.546094 0.589063 0.00234222
11 0.570312 0.555078 0.71875 0.767969 0.0020752
21 0.490234 0.492188 0.546094 0.589063 0.00188923
10 0.484375 0.483984 0.470313 0.382812 0.00185299
5 0.490234 0.492188 0.546094 0.589063 0.00177479
14 0.490234 0.492188 0.546094 0.589063 0.0016613
13 0.429297 0.437598 0.388281 0.276367 0.00150681
17 0.490234 0.492188 0.546094 0.589063 0.00148964
14 0.463672 0.324805 0.561719 0.649609 0.00144958
1 0.463672 0.324805 0.561719 0.649609 0.00127888
2 0.490234 0.492188 0.546094 0.589063 0.0012598
12 0.470313 0.403809 0.505469 0.456445 0.00124454
13 0.470313 0.403809 0.505469 0.456445 0.00121117
1 0.453125 0.527246 0.529688 0.450195 0.00116062
24 0.570312 0.555078 0.71875 0.767969 0.00111198
12 0.442969 0.588184 0.692187 0.64707 0.00110722
16 0.469922 0.321875 0.546094 0.64375 0.00108147
6 0.570312 0.555078 0.71875 0.767969 0.00103664
17 0.484375 0.483984 0.470313 0.382812 0.00103188
0 0.490234 0.492188 0.546094 0.589063 0.00103188
15 0.463672 0.324805 0.561719 0.649609 0.00101185
24 0.483594 0.470996 0.421875 0.34707 0.604004
24 0.471875 0.519629 0.471875 0.468555 0.397949
18 0.480859 0.465527 0.436719 0.331445 0.157104
7 0.476953 0.457715 0.435156 0.325195 0.0637207
16 0.483594 0.470996 0.421875 0.34707 0.0600891
16 0.471875 0.519629 0.471875 0.468555 0.0560303
6 0.480859 0.465527 0.436719 0.331445 0.0476074
9 0.483594 0.470996 0.421875 0.34707 0.0467224
23 0.480859 0.465527 0.436719 0.331445 0.0441895
20 0.483594 0.470996 0.421875 0.34707 0.0441895
0 0.480859 0.465527 0.436719 0.331445 0.0408325
2 0.480859 0.465527 0.436719 0.331445 0.0316162
11 0.471875 0.519629 0.471875 0.468555 0.0285492
20 0.471875 0.519629 0.471875 0.468555 0.0259552
11 0.606641 0.567871 0.711719 0.55957 0.0245209
21 0.417188 0.458691 0.304688 0.304492 0.0244293
6 0.471875 0.519629 0.471875 0.468555 0.0217743
11 0.480859 0.465527 0.436719 0.331445 0.021286
9 0.471875 0.519629 0.471875 0.468555 0.0208893
14 0.476953 0.457715 0.435156 0.325195 0.0202484
0 0.471875 0.519629 0.471875 0.468555 0.0195007
18 0.471875 0.519629 0.471875 0.468555 0.016922
2 0.471875 0.519629 0.471875 0.468555 0.0167847
23 0.471875 0.519629 0.471875 0.468555 0.0151901
0 0.577734 0.542578 0.688281 0.508594 0.0149536
24 0.606641 0.567871 0.711719 0.55957 0.0145569
4 0.467285 0.472656 0.462305 0.352344 0.0123825
15 0.476953 0.457715 0.435156 0.325195 0.00971222
16 0.577734 0.542578 0.688281 0.508594 0.0091629
16 0.64375 0.589746 0.7125 0.623633 0.00669098
2 0.577734 0.542578 0.688281 0.508594 0.00664139
6 0.606641 0.567871 0.711719 0.55957 0.00664139
0 0.64375 0.589746 0.7125 0.623633 0.00638962
5 0.480859 0.465527 0.436719 0.331445 0.00609589
11 0.657031 0.601562 0.685938 0.690625 0.00568771
7 0.471875 0.519629 0.471875 0.468555 0.00566483
19 0.728125 0.458203 0.314063 0.384375 0.00453949
14 0.471875 0.519629 0.471875 0.468555 0.00446701
5 0.471875 0.519629 0.471875 0.468555 0.00388527
18 0.577734 0.542578 0.688281 0.508594 0.00335121
4 0.577734 0.542578 0.688281 0.508594 0.0030632
2 0.64375 0.589746 0.7125 0.623633 0.00296974
14 0.577734 0.542578 0.688281 0.508594 0.0029583
18 0.64375 0.589746 0.7125 0.623633 0.0028553
7 0.606641 0.567871 0.711719 0.55957 0.00283432
6 0.657031 0.601562 0.685938 0.690625 0.0027256
24 0.657031 0.601562 0.685938 0.690625 0.0026722
9 0.606641 0.567871 0.711719 0.55957 0.00255013
16 0.645996 0.675 0.620508 0.534375 0.00245285
21 0.471875 0.519629 0.471875 0.468555 0.00237846
21 0.736719 0.435156 0.3 0.404687 0.00227928
13 0.606641 0.567871 0.711719 0.55957 0.00226021
14 0.64375 0.589746 0.7125 0.623633 0.00221634
24 0.645996 0.675 0.620508 0.534375 0.00220871
19 0.417188 0.458691 0.304688 0.304492 0.0020752
4 0.64375 0.589746 0.7125 0.623633 0.00206757
19 0.488281 0.471875 0.459375 0.351562 0.00204277
20 0.577734 0.542578 0.688281 0.508594 0.0019722
23 0.606641 0.567871 0.711719 0.55957 0.00195694
5 0.606641 0.567871 0.711719 0.55957 0.00194168
7 0.657031 0.601562 0.685938 0.690625 0.00190449
11 0.683594 0.672656 0.63125 0.571875 0.00185299
21 0.577734 0.542578 0.688281 0.508594 0.00181007
10 0.480859 0.465527 0.436719 0.331445 0.00179577
13 0.488281 0.471875 0.459375 0.351562 0.0017271
6 0.645996 0.675 0.620508 0.534375 0.00172043
25 0.483594 0.470996 0.421875 0.34707 0.00171375
19 0.606641 0.567871 0.711719 0.55957 0.00171375
25 0.471875 0.519629 0.471875 0.468555 0.00169373
24 0.535156 0.558203 0.509375 0.508594 0.00167465
3 0.480859 0.465527 0.436719 0.331445 0.00161648
15 0.471875 0.519629 0.471875 0.468555 0.00161648
15 0.577734 0.542578 0.688281 0.508594 0.00144386
4 0.484375 0.54375 0.4875 0.496875 0.00143814
6 0.535156 0.558203 0.509375 0.508594 0.00139904
20 0.64375 0.589746 0.7125 0.623633 0.00139904
15 0.64375 0.589746 0.7125 0.623633 0.00134563
21 0.480859 0.465527 0.436719 0.331445 0.00129414
13 0.484375 0.54375 0.4875 0.496875 0.00124931
10 0.471875 0.519629 0.471875 0.468555 0.0012207
16 0.562891 0.580859 0.489844 0.464844 0.00119686
3 0.577734 0.542578 0.688281 0.508594 0.00119209
19 0.880273 0.833984 0.239453 0.332031 0.00117874
7 0.645996 0.675 0.620508 0.534375 0.00117874
19 0.753906 0.371484 0.271875 0.35 0.0011692
3 0.471875 0.519629 0.471875 0.468555 0.00116539
10 0.627734 0.576953 0.697656 0.589844 0.0011425
19 0.479785 0.429785 0.38418 0.351367 0.00112915
16 0.771289 0.82168 0.457422 0.356641 0.00102043
24 0.48291 0.479004 0.474805 0.362305 0.690918
18 0.484277 0.449609 0.473633 0.327344 0.282959
9 0.48291 0.479004 0.474805 0.362305 0.188354
7 0.484277 0.449609 0.473633 0.327344 0.0881958
20 0.48291 0.479004 0.474805 0.362305 0.0718384
6 0.484277 0.449609 0.473633 0.327344 0.0703125
0 0.48291 0.479004 0.474805 0.362305 0.0483093
4 0.485547 0.446875 0.471094 0.307813 0.0335999
2 0.472656 0.480078 0.489063 0.392969 0.0281067
14 0.485547 0.446875 0.471094 0.307813 0.0255585
15 0.484277 0.449609 0.473633 0.327344 0.0227966
23 0.48291 0.479004 0.474805 0.362305 0.0197906
5 0.48291 0.479004 0.474805 0.362305 0.0148392
16 0.48291 0.479004 0.474805 0.362305 0.0114212
0 0.557129 0.516797 0.629492 0.502344 0.00634003
4 0.485156 0.493359 0.491406 0.446094 0.00595856
11 0.476172 0.473828 0.483594 0.398438 0.00544739
14 0.485156 0.493359 0.491406 0.446094 0.00468063
6 0.557129 0.516797 0.629492 0.502344 0.00426483
25 0.48291 0.479004 0.474805 0.362305 0.00419998
24 0.557129 0.516797 0.629492 0.502344 0.0041008
4 0.557129 0.516797 0.629492 0.502344 0.00345612
10 0.476172 0.473828 0.483594 0.398438 0.00322342
2 0.557129 0.516797 0.629492 0.502344 0.00307465
11 0.557129 0.516797 0.629492 0.502344 0.00291252
19 0.438184 0.405469 0.354883 0.417188 0.00268364
16 0.557129 0.516797 0.629492 0.502344 0.0026722
21 0.476172 0.473828 0.483594 0.398438 0.00257111
14 0.557129 0.516797 0.629492 0.502344 0.00234222
1 0.442969 0.435937 0.415625 0.266406 0.00219154
3 0.493652 0.459473 0.506445 0.329492 0.00191212
1 0.491016 0.435059 0.502344 0.312695 0.00183868
0 0.482812 0.424121 0.50625 0.368945 0.0017271
9 0.557129 0.516797 0.629492 0.502344 0.0016489
15 0.557129 0.516797 0.629492 0.502344 0.00150681
13 0.494141 0.472656 0.488281 0.428906 0.00138855
20 0.557129 0.516797 0.629492 0.502344 0.00135612
12 0.485156 0.424902 0.489844 0.339258 0.00132465
21 0.557129 0.516797 0.629492 0.502344 0.00130939
19 0.476172 0.473828 0.483594 0.398438 0.00127888
17 0.442969 0.435937 0.415625 0.266406 0.00125504
13 0.585938 0.55791 0.689063 0.62168 0.00122547
7 0.557129 0.516797 0.629492 0.502344 0.0012064
8 0.442969 0.435937 0.415625 0.266406 0.00119209
18 0.557129 0.516797 0.629492 0.502344 0.00115108
2 0.442969 0.435937 0.415625 0.266406 0.0011158
2 0.390625 0.411621 0.3125 0.22832 0.0011034
1 0.390625 0.411621 0.3125 0.22832 0.00108624
10 0.557129 0.516797 0.629492 0.502344 0.00104809
24 0.48291 0.452344 0.462305 0.371875 0.930176
20 0.48291 0.452344 0.462305 0.371875 0.816406
18 0.479688 0.439063 0.453125 0.3125 0.363037
9 0.48291 0.452344 0.462305 0.371875 0.342529
16 0.476562 0.470313 0.480469 0.392188 0.267334
6 0.479688 0.439063 0.453125 0.3125 0.115967
7 0.480469 0.429297 0.473438 0.325781 0.0841675
5 0.48291 0.452344 0.462305 0.371875 0.0528259
0 0.476562 0.470313 0.480469 0.392188 0.0352783
11 0.476562 0.470313 0.480469 0.392188 0.0340881
14 0.480469 0.429297 0.473438 0.325781 0.0222015
0 0.52666 0.534473 0.448242 0.510742 0.0145035
16 0.469629 0.429688 0.495117 0.269531 0.0137405
11 0.644531 0.543652 0.710938 0.64707 0.0115051
2 0.478516 0.432129 0.48125 0.285742 0.0111618
21 0.485059 0.475781 0.481445 0.41875 0.0104904
4 0.480469 0.429297 0.473438 0.325781 0.0103302
24 0.51709 0.502246 0.511133 0.523633 0.0102921
15 0.480469 0.429297 0.473438 0.325781 0.01017
20 0.51709 0.502246 0.511133 0.523633 0.00974274
11 0.480859 0.398438 0.484375 0.360938 0.00926971
0 0.644531 0.543652 0.710938 0.64707 0.00905609
2 0.487109 0.442871 0.514844 0.383008 0.00784302
25 0.485059 0.475781 0.481445 0.41875 0.00757599
11 0.52666 0.534473 0.448242 0.510742 0.00728989
22 0.51709 0.502246 0.511133 0.523633 0.00717545
24 0.469629 0.429688 0.495117 0.269531 0.00669098
4 0.52666 0.534473 0.448242 0.510742 0.00653839
6 0.490234 0.459375 0.514844 0.433594 0.00619125
4 0.644531 0.543652 0.710938 0.64707 0.00572968
2 0.52666 0.534473 0.448242 0.510742 0.00559998
21 0.539844 0.464746 0.336719 0.24707 0.00526047
16 0.51709 0.502246 0.511133 0.523633 0.00526047
6 0.52666 0.534473 0.448242 0.510742 0.00494385
0 0.525098 0.440625 0.39668 0.264062 0.0049057
19 0.485059 0.475781 0.481445 0.41875 0.00475693
15 0.644531 0.543652 0.710938 0.64707 0.00466537
5 0.51709 0.502246 0.511133 0.523633 0.00460815
22 0.491309 0.462598 0.468945 0.39668 0.00446701
23 0.476562 0.470313 0.480469 0.392188 0.00432968
5 0.469629 0.429688 0.495117 0.269531 0.00426483
3 0.48291 0.452344 0.462305 0.371875 0.00424957
13 0.491309 0.462598 0.468945 0.39668 0.0041008
13 0.51709 0.502246 0.511133 0.523633 0.00402451
16 0.644531 0.543652 0.710938 0.64707 0.00388527
6 0.644531 0.543652 0.710938 0.64707 0.00379562
12 0.396875 0.422656 0.79375 0.845313 0.00367928
25 0.52666 0.534473 0.448242 0.510742 0.00367928
14 0.644531 0.543652 0.710938 0.64707 0.00355148
20 0.469629 0.429688 0.495117 0.269531 0.00351143
25 0.644531 0.543652 0.710938 0.64707 0.00337601
21 0.549121 0.524902 0.529883 0.556445 0.00329781
14 0.52666 0.534473 0.448242 0.510742 0.00322342
4 0.525098 0.440625 0.39668 0.264062 0.00318527
1 0.52666 0.534473 0.448242 0.510742 0.00313568
2 0.644531 0.543652 0.710938 0.64707 0.00309944
6 0.525098 0.440625 0.39668 0.264062 0.00298119
13 0.644531 0.543652 0.710938 0.64707 0.00291252
2 0.436719 0.395996 0.407813 0.254883 0.00286674
21 0.478516 0.432129 0.48125 0.285742 0.00273705
0 0.461719 0.457813 0.567187 0.64375 0.00266266
20 0.644531 0.543652 0.710938 0.64707 0.00264168
1 0.644531 0.543652 0.710938 0.64707 0.00261116
24 0.644531 0.543652 0.710938 0.64707 0.00261116
4 0.461719 0.457813 0.567187 0.64375 0.00260162
10 0.485059 0.475781 0.481445 0.41875 0.00259018
9 0.51709 0.502246 0.511133 0.523633 0.00259018
13 0.407031 0.459766 0.795313 0.821094 0.00255013
2 0.461719 0.457813 0.567187 0.64375 0.00254059
1 0.525098 0.440625 0.39668 0.264062 0.00252151
13 0.461719 0.457813 0.567187 0.64375 0.00250244
12 0.302344 0.436719 0.604688 0.577344 0.00247192
12 0.461719 0.457813 0.567187 0.64375 0.00243378
15 0.52666 0.534473 0.448242 0.510742 0.00243378
0 0.480859 0.398438 0.484375 0.360938 0.00242424
13 0.578027 0.544629 0.525195 0.510742 0.00242424
9 0.469629 0.429688 0.495117 0.269531 0.00234222
23 0.469629 0.429688 0.495117 0.269531 0.00228691
1 0.461719 0.457813 0.567187 0.64375 0.00224304
16 0.578027 0.544629 0.525195 0.510742 0.00214958
3 0.549121 0.524902 0.529883 0.556445 0.00210762
25 0.478516 0.432129 0.48125 0.285742 0.00206757
3 0.469629 0.429688 0.495117 0.269531 0.0020504
14 0.525098 0.440625 0.39668 0.264062 0.00202751
1 0.396875 0.422656 0.79375 0.845313 0.00201988
21 0.644531 0.543652 0.710938 0.64707 0.00200272
11 0.461719 0.457813 0.567187 0.64375 0.00183868
6 0.482812 0.463672 0.571094 0.571094 0.0018177
17 0.644531 0.543652 0.710938 0.64707 0.00181007
19 0.549121 0.524902 0.529883 0.556445 0.0018034
3 0.644531 0.543652 0.710938 0.64707 0.00179577
22 0.644531 0.543652 0.710938 0.64707 0.00178242
12 0.644531 0.543652 0.710938 0.64707 0.00175476
12 0.476172 0.370117 0.542188 0.473828 0.00173378
11 0.407031 0.459766 0.795313 0.821094 0.0017271
16 0.461719 0.457813 0.567187 0.64375 0.0016613
10 0.478516 0.432129 0.48125 0.285742 0.0016613
10 0.52666 0.534473 0.448242 0.510742 0.00165462
16 0.436719 0.395996 0.407813 0.254883 0.00163555
17 0.52666 0.534473 0.448242 0.510742 0.0015974
13 0.480859 0.398438 0.484375 0.360938 0.00156689
12 0.51709 0.502246 0.511133 0.523633 0.00156116
12 0.427734 0.547266 0.833594 0.905469 0.00155449
8 0.52666 0.534473 0.448242 0.510742 0.00150108
23 0.436719 0.395996 0.407813 0.254883 0.00145531
14 0.436719 0.395996 0.407813 0.254883 0.00139904
17 0.461719 0.457813 0.567187 0.64375 0.00136662
11 0.525098 0.440625 0.39668 0.264062 0.00136662
10 0.644531 0.543652 0.710938 0.64707 0.00133514
9 0.644531 0.543652 0.710938 0.64707 0.00129414
1 0.491309 0.462598 0.468945 0.39668 0.00128937
0 0.436719 0.395996 0.407813 0.254883 0.00125504
13 0.349023 0.398828 0.698047 0.689844 0.00124454
4 0.436719 0.395996 0.407813 0.254883 0.00121593
19 0.478516 0.432129 0.48125 0.285742 0.00121117
12 0.455469 0.314063 0.575 0.628125 0.00119209
8 0.525098 0.440625 0.39668 0.264062 0.00119209
24 0.578027 0.544629 0.525195 0.510742 0.00117874
15 0.396875 0.422656 0.79375 0.845313 0.0011692
2 0.528516 0.423047 0.378125 0.247656 0.00115108
17 0.525098 0.440625 0.39668 0.264062 0.00113392
15 0.461719 0.457813 0.567187 0.64375 0.00112915
6 0.436719 0.395996 0.407813 0.254883 0.00112057
5 0.644531 0.543652 0.710938 0.64707 0.00104046
20 0.481934 0.43584 0.456445 0.289258 0.723145
24 0.481934 0.43584 0.456445 0.289258 0.699219
16 0.481934 0.43584 0.456445 0.289258 0.27832
9 0.481934 0.43584 0.456445 0.289258 0.128052
18 0.485938 0.4375 0.467187 0.300781 0.0994873
5 0.481934 0.43584 0.456445 0.289258 0.0844727
16 0.482031 0.499219 0.478906 0.448438 0.072876
24 0.482031 0.499219 0.478906 0.448438 0.0705566
20 0.482031 0.499219 0.478906 0.448438 0.0685425
7 0.485938 0.4375 0.467187 0.300781 0.0484924
6 0.485938 0.4375 0.467187 0.300781 0.0252686
5 0.482031 0.499219 0.478906 0.448438 0.0124817
9 0.482031 0.499219 0.478906 0.448438 0.0118713
2 0.48584 0.440234 0.470508 0.321875 0.00941467
19 0.481934 0.43584 0.456445 0.289258 0.00861359
0 0.48584 0.440234 0.470508 0.321875 0.00841522
11 0.48584 0.440234 0.470508 0.321875 0.00831604
14 0.486719 0.428906 0.470313 0.294531 0.00787354
16 0.533984 0.544141 0.605469 0.542969 0.00743103
6 0.482812 0.459766 0.495313 0.438281 0.005867
21 0.487891 0.460156 0.467969 0.385156 0.00579834
3 0.481934 0.43584 0.456445 0.289258 0.00538635
4 0.486719 0.428906 0.470313 0.294531 0.00471878
11 0.550879 0.561621 0.666992 0.604883 0.00462723
19 0.482031 0.499219 0.478906 0.448438 0.0039444
22 0.482031 0.499219 0.478906 0.448438 0.00380898
22 0.503125 0.52959 0.582812 0.633008 0.00362206
3 0.482031 0.499219 0.478906 0.448438 0.00294685
8 0.475 0.444629 0.471875 0.318555 0.00293541
10 0.487891 0.460156 0.467969 0.385156 0.00282288
11 0.482812 0.459766 0.495313 0.438281 0.00277901
1 0.575391 0.584766 0.653906 0.608594 0.00264168
0 0.533984 0.544141 0.605469 0.542969 0.00237846
0 0.482812 0.459766 0.495313 0.438281 0.00227928
20 0.503125 0.52959 0.582812 0.633008 0.00217438
2 0.482812 0.459766 0.495313 0.438281 0.00214005
23 0.48584 0.440234 0.470508 0.321875 0.00203514
15 0.486719 0.428906 0.470313 0.294531 0.00195694
24 0.503125 0.52959 0.582812 0.633008 0.00183868
22 0.575391 0.584766 0.653906 0.608594 0.0017271
13 0.48584 0.440234 0.470508 0.321875 0.00167465
21 0.503125 0.52959 0.582812 0.633008 0.00167465
5 0.503125 0.52959 0.582812 0.633008 0.00164223
7 0.487109 0.471973 0.524219 0.473242 0.00163555
17 0.575391 0.584766 0.653906 0.608594 0.00160408
8 0.482031 0.499219 0.478906 0.448438 0.00154305
13 0.550879 0.561621 0.666992 0.604883 0.00153637
14 0.472656 0.379004 0.489844 0.429492 0.00139904
12 0.48125 0.303516 0.515625 0.561719 0.00137806
18 0.482812 0.459766 0.495313 0.438281 0.00123024
1 0.482031 0.499219 0.478906 0.448438 0.00118828
21 0.575391 0.584766 0.653906 0.608594 0.00118828
2 0.533984 0.544141 0.605469 0.542969 0.00109005
19 0.503125 0.52959 0.582812 0.633008 0.00107765
12 0.703125 0.6375 0.59375 0.725 0.00106525
1 0.503125 0.52959 0.582812 0.633008 0.00104046
24 0.475098 0.430566 0.454492 0.270117 0.759277
20 0.476562 0.437598 0.457031 0.281055 0.294189
9 0.476562 0.437598 0.457031 0.281055 0.160278
18 0.478125 0.440625 0.45 0.300781 0.0866089
7 0.484277 0.439063 0.461133 0.325 0.0438538
16 0.475098 0.430566 0.454492 0.270117 0.0334778
4 0.484277 0.439063 0.461133 0.325 0.023468
5 0.478125 0.440625 0.45 0.300781 0.0177765
14 0.484277 0.439063 0.461133 0.325 0.0133286
6 0.478125 0.440625 0.45 0.300781 0.0116882
0 0.484277 0.439063 0.461133 0.325 0.00679779
24 0.472266 0.538672 0.486719 0.517969 0.00527954
16 0.472266 0.538672 0.486719 0.517969 0.00482941
3 0.476562 0.437598 0.457031 0.281055 0.00473785
15 0.484277 0.439063 0.461133 0.325 0.00468063
2 0.486328 0.456641 0.471094 0.33125 0.00322342
19 0.476562 0.437598 0.457031 0.281055 0.00264168
11 0.486328 0.456641 0.471094 0.33125 0.00223351
11 0.622266 0.598437 0.755469 0.65 0.00209999
14 0.364453 0.771875 0.728906 0.45625 0.00184631
16 0.491309 0.469629 0.49082 0.381055 0.00172043
2 0.368945 0.705469 0.737891 0.589063 0.00156689
23 0.485156 0.448828 0.4625 0.325781 0.00152493
9 0.472266 0.538672 0.486719 0.517969 0.00144958
0 0.472266 0.538672 0.486719 0.517969 0.00139427
19 0.691797 0.477344 0.197656 0.309375 0.00138855
14 0.622266 0.598437 0.755469 0.65 0.00125504
0 0.622266 0.598437 0.755469 0.65 0.00121117
2 0.622266 0.598437 0.755469 0.65 0.00119686
20 0.472266 0.538672 0.486719 0.517969 0.00116062
0 0.368945 0.705469 0.737891 0.589063 0.00106525
24 0.482422 0.481152 0.455469 0.387695 0.699219
20 0.482422 0.481152 0.455469 0.387695 0.466797
18 0.479785 0.45791 0.448242 0.329492 0.195557
16 0.482422 0.481152 0.455469 0.387695 0.160278
9 0.482422 0.481152 0.455469 0.387695 0.116333
7 0.479785 0.45791 0.448242 0.329492 0.0387573
6 0.479785 0.45791 0.448242 0.329492 0.0178528
5 0.482422 0.481152 0.455469 0.387695 0.0175781
3 0.482422 0.481152 0.455469 0.387695 0.00831604
0 0.480469 0.478125 0.471875 0.391406 0.00664139
11 0.487402 0.485547 0.475195 0.417969 0.00542831
10 0.487402 0.485547 0.475195 0.417969 0.0027256
4 0.487402 0.446484 0.456445 0.324219 0.00271416
19 0.496484 0.473535 0.480469 0.398242 0.00228691
22 0.487402 0.485547 0.475195 0.417969 0.00228691
2 0.488965 0.478223 0.462695 0.381055 0.00217438
14 0.487402 0.446484 0.456445 0.324219 0.00198746
21 0.486621 0.476172 0.464258 0.396875 0.00191212
19 0.720313 0.439844 0.320312 0.411719 0.00171375
16 0.519531 0.507715 0.521875 0.54707 0.0017004
11 0.578516 0.550684 0.708594 0.639258 0.0016613
13 0.487402 0.485547 0.475195 0.417969 0.00146675
16 0.578516 0.550684 0.708594 0.639258 0.00137806
6 0.487402 0.497656 0.525195 0.467187 0.00120163
23 0.488281 0.459766 0.457813 0.350781 0.00115108
24 0.481934 0.44834 0.456445 0.317383 0.900391
20 0.481934 0.44834 0.456445 0.317383 0.486328
18 0.480566 0.435937 0.45293 0.309375 0.288574
9 0.481934 0.44834 0.456445 0.317383 0.237183
16 0.478516 0.445215 0.473438 0.30957 0.0853882
7 0.480566 0.435937 0.45293 0.309375 0.0254669
6 0.481934 0.44834 0.456445 0.317383 0.0186462
11 0.478516 0.445215 0.473438 0.30957 0.0184021
5 0.478516 0.445215 0.473438 0.30957 0.0166626
0 0.478516 0.445215 0.473438 0.30957 0.0132217
3 0.481934 0.44834 0.456445 0.317383 0.0121002
16 0.493359 0.474219 0.480469 0.426563 0.00993347
10 0.482031 0.458203 0.477344 0.346875 0.00831604
2 0.4875 0.453906 0.465625 0.339063 0.00439835
4 0.4875 0.44375 0.465625 0.307031 0.00374985
6 0.488281 0.489844 0.541406 0.464063 0.00344276
11 0.488281 0.489844 0.541406 0.464063 0.0029583
14 0.4875 0.44375 0.465625 0.307031 0.00282288
2 0.488281 0.489844 0.541406 0.464063 0.00219917
23 0.478516 0.445215 0.473438 0.30957 0.00174141
0 0.535937 0.48291 0.554688 0.423242 0.00171375
24 0.488281 0.489844 0.541406 0.464063 0.0017004
1 0.488281 0.489844 0.541406 0.464063 0.00156116
13 0.493359 0.474219 0.480469 0.426563 0.00150681
11 0.583691 0.579297 0.691992 0.672656 0.00148964
19 0.491504 0.46875 0.473242 0.378906 0.00146675
15 0.487891 0.459766 0.466406 0.347656 0.00138283
7 0.488281 0.489844 0.541406 0.464063 0.00133038
10 0.488281 0.489844 0.541406 0.464063 0.00130463
12 0.70625 0.356836 0.5875 0.713672 0.00126934
1 0.583691 0.579297 0.691992 0.672656 0.00121593
20 0.488281 0.489844 0.541406 0.464063 0.00115108
3 0.488281 0.489844 0.541406 0.464063 0.0011158
17 0.488281 0.489844 0.541406 0.464063 0.00102043
24 0.476953 0.443848 0.467969 0.323242 0.928711
9 0.476953 0.443848 0.467969 0.323242 0.439697
20 0.476953 0.443848 0.467969 0.323242 0.287842
16 0.474902 0.47666 0.483008 0.388867 0.0713501
18 0.478516 0.42666 0.469531 0.306055 0.0653687
5 0.476953 0.443848 0.467969 0.323242 0.0259552
7 0.479297 0.43916 0.472656 0.323242 0.0253754
6 0.480469 0.450098 0.473438 0.34043 0.0133286
24 0.472266 0.488281 0.5125 0.423438 0.0122375
4 0.479297 0.43916 0.472656 0.323242 0.00803375
10 0.481641 0.47041 0.483594 0.366992 0.00793457
11 0.481641 0.47041 0.483594 0.366992 0.00471878
0 0.473828 0.460254 0.470313 0.360742 0.00209999
3 0.476953 0.443848 0.467969 0.323242 0.0020504
12 0.479297 0.285938 0.532031 0.571875 0.0018034
16 0.491504 0.526953 0.60293 0.527344 0.00139427
5 0.472266 0.488281 0.5125 0.423438 0.00131989
20 0.472266 0.488281 0.5125 0.423438 0.00131512
14 0.479297 0.43916 0.472656 0.323242 0.00121593
12 0.538672 0.272266 0.724219 0.544531 0.00113773
20 0.479004 0.469922 0.473242 0.373437 0.770508
24 0.479004 0.469922 0.473242 0.373437 0.740234
9 0.479004 0.469922 0.473242 0.373437 0.125977
16 0.479004 0.469922 0.473242 0.373437 0.119629
5 0.479004 0.469922 0.473242 0.373437 0.0367737
18 0.474902 0.473535 0.47207 0.376367 0.0309143
11 0.476465 0.468848 0.467383 0.368555 0.0219421
0 0.476465 0.468848 0.467383 0.368555 0.0164032
6 0.479004 0.469922 0.473242 0.373437 0.00894928
3 0.476465 0.468848 0.467383 0.368555 0.0064621
4 0.475 0.455371 0.478125 0.348633 0.00457382
7 0.474902 0.473535 0.47207 0.376367 0.00324821
10 0.479688 0.473438 0.48125 0.371094 0.00279045
19 0.480078 0.477441 0.485156 0.39668 0.00177479
2 0.473828 0.466016 0.474219 0.340625 0.0016489
14 0.474902 0.473535 0.47207 0.376367 0.00161648
13 0.488281 0.475 0.504687 0.383594 0.00122547
22 0.475781 0.462109 0.475 0.352344 0.00119686
8 0.475 0.455371 0.478125 0.348633 0.00116539
21 0.475781 0.462109 0.475 0.352344 0.00116062
1 0.488281 0.475 0.504687 0.383594 0.00101185
24 0.480078 0.441797 0.467187 0.302344 0.98291
20 0.480078 0.441797 0.467187 0.302344 0.552734
16 0.480078 0.441797 0.467187 0.302344 0.353027
9 0.480078 0.441797 0.467187 0.302344 0.178345
18 0.47666 0.4375 0.468555 0.315625 0.0501404
11 0.475 0.438184 0.460156 0.295508 0.029541
5 0.480078 0.441797 0.467187 0.302344 0.0184784
6 0.480078 0.441797 0.467187 0.302344 0.0146179
7 0.475684 0.441406 0.468945 0.310937 0.0119171
3 0.480078 0.441797 0.467187 0.302344 0.00769424
0 0.475 0.438184 0.460156 0.295508 0.00624084
10 0.483691 0.457422 0.474805 0.324219 0.00403976
8 0.482422 0.447266 0.455469 0.290625 0.00213242
11 0.489063 0.463672 0.527344 0.389062 0.00138283
4 0.473438 0.433203 0.464063 0.314844 0.00117397
16 0.489063 0.463672 0.527344 0.389062 0.00112057
24 0.479688 0.444922 0.471875 0.324219 0.86084
20 0.480371 0.442969 0.45957 0.3375 0.682617
9 0.480371 0.442969 0.45957 0.3375 0.348633
16 0.480078 0.448828 0.471875 0.3375 0.215332
5 0.480371 0.442969 0.45957 0.3375 0.109314
18 0.476953 0.439746 0.471094 0.329883 0.0560303
7 0.47959 0.440234 0.454883 0.325 0.0104065
11 0.486621 0.457031 0.475195 0.345313 0.0050621
3 0.489844 0.449902 0.469531 0.351758 0.00466537
0 0.479688 0.444922 0.471875 0.324219 0.00432968
6 0.476953 0.439063 0.471875 0.335938 0.00400543
4 0.487402 0.441406 0.45332 0.335938 0.00266266
10 0.486621 0.457031 0.475195 0.345313 0.00257111
24 0.479297 0.44209 0.492969 0.34082 0.995605
20 0.477734 0.436816 0.486719 0.33418 0.868652
5 0.477734 0.436816 0.486719 0.33418 0.635254
9 0.477734 0.436816 0.486719 0.33418 0.309814
16 0.479297 0.44209 0.492969 0.34082 0.156616
11 0.476172 0.453516 0.501563 0.361719 0.0566406
22 0.477734 0.436816 0.486719 0.33418 0.0267639
18 0.478906 0.438672 0.48125 0.342969 0.0249939
3 0.479297 0.44209 0.492969 0.34082 0.0199432
0 0.483594 0.444141 0.499219 0.349219 0.00712204
4 0.483594 0.444141 0.499219 0.349219 0.00605011
15 0.479297 0.453516 0.507031 0.353906 0.00542831
10 0.476172 0.453516 0.501563 0.361719 0.0051384
8 0.477734 0.436816 0.486719 0.33418 0.00403976
19 0.480078 0.455469 0.499219 0.360156 0.00356483
6 0.477734 0.45 0.49375 0.358594 0.00346947
11 0.487598 0.55459 0.582617 0.59707 0.00300407
9 0.482031 0.473828 0.54375 0.430469 0.00225258
16 0.487598 0.55459 0.582617 0.59707 0.00188255
21 0.477734 0.436816 0.486719 0.33418 0.0016489
5 0.482031 0.473828 0.54375 0.430469 0.00137234
16 0.544434 0.456152 0.38457 0.301758 0.0012598
16 0.565234 0.613672 0.717969 0.703906 0.00123024
14 0.483594 0.444141 0.499219 0.349219 0.00117874
7 0.477441 0.459473 0.518555 0.36543 0.00112438
13 0.48125 0.455469 0.495313 0.353125 0.00103188
11 0.565234 0.613672 0.717969 0.703906 0.00100422
24 0.48125 0.454688 0.480469 0.33125 0.85498
20 0.483984 0.444141 0.482031 0.328906 0.248657
16 0.483594 0.455566 0.483594 0.33418 0.0838623
5 0.479785 0.443359 0.481055 0.33125 0.0492249
9 0.48125 0.454688 0.480469 0.33125 0.0340881
11 0.483984 0.473047 0.478125 0.365625 0.0231476
18 0.483984 0.444141 0.482031 0.328906 0.0206451
0 0.48125 0.454688 0.480469 0.33125 0.0118256
3 0.48125 0.454688 0.480469 0.33125 0.00919342
8 0.483984 0.444141 0.482031 0.328906 0.00446701
7 0.485156 0.450098 0.482812 0.341992 0.00399017
6 0.483594 0.455566 0.483594 0.33418 0.0036068
4 0.483984 0.473047 0.478125 0.365625 0.00279999
10 0.483984 0.473047 0.478125 0.365625 0.00198746
11 0.569531 0.65498 0.860938 0.690039 0.00162888
13 0.532422 0.496875 0.333594 0.425 0.00148392
22 0.483984 0.444141 0.482031 0.328906 0.00148392
15 0.483984 0.473047 0.478125 0.365625 0.00133514
4 0.44375 0.437109 0.407031 0.291406 0.00130463
19 0.483984 0.473047 0.478125 0.365625 0.0012598
12 0.525684 0.278125 0.743945 0.55625 0.00122547
24 0.482812 0.438281 0.484375 0.285156 0.53125
16 0.484375 0.434766 0.476562 0.286719 0.12854
20 0.483984 0.437402 0.467187 0.30332 0.11676
9 0.482129 0.4375 0.48418 0.30625 0.0463867
18 0.484375 0.434766 0.476562 0.286719 0.0261536
5 0.482129 0.4375 0.48418 0.30625 0.0209656
16 0.493359 0.492188 0.547656 0.398438 0.0154266
24 0.493359 0.492188 0.547656 0.398438 0.0147858
6 0.482812 0.438281 0.484375 0.285156 0.00720596
11 0.493359 0.492188 0.547656 0.398438 0.00572968
11 0.482812 0.453027 0.495313 0.304883 0.00547028
0 0.486621 0.442871 0.49707 0.29707 0.00424957
7 0.480469 0.443066 0.500781 0.307617 0.00365067
3 0.486621 0.442871 0.49707 0.29707 0.00300407
0 0.493359 0.492188 0.547656 0.398438 0.00261116
6 0.493359 0.492188 0.547656 0.398438 0.00250244
10 0.486621 0.442871 0.49707 0.29707 0.00228691
4 0.482129 0.4375 0.48418 0.30625 0.00172043
11 0.589746 0.573047 0.648633 0.555469 0.00160408
2 0.493359 0.492188 0.547656 0.398438 0.00150108
2 0.4875 0.442578 0.471094 0.300781 0.00138855
20 0.493359 0.492188 0.547656 0.398438 0.00137806
3 0.493359 0.492188 0.547656 0.398438 0.00115585
9 0.493359 0.492188 0.547656 0.398438 0.00110722
24 0.48125 0.439453 0.472656 0.316406 0.923828
20 0.481152 0.435254 0.468945 0.33418 0.117981
9 0.48125 0.439453 0.472656 0.316406 0.11438
16 0.48125 0.439453 0.472656 0.316406 0.0381775
5 0.481152 0.435254 0.468945 0.33418 0.0285492
18 0.48125 0.439453 0.472656 0.316406 0.0281067
11 0.482812 0.455859 0.486719 0.342969 0.016983
6 0.48125 0.439453 0.472656 0.316406 0.0109863
3 0.48125 0.439453 0.472656 0.316406 0.005867
10 0.482812 0.455859 0.486719 0.342969 0.005867
4 0.482812 0.455859 0.486719 0.342969 0.00559998
0 0.482812 0.455859 0.486719 0.342969 0.00503922
15 0.481348 0.452734 0.491992 0.339844 0.00279999
22 0.481152 0.435254 0.468945 0.33418 0.00105286
24 0.482715 0.452246 0.486133 0.343945 0.785156
20 0.482715 0.452246 0.486133 0.343945 0.183594
9 0.482715 0.452246 0.486133 0.343945 0.132935
18 0.482715 0.452246 0.486133 0.343945 0.076416
16 0.483691 0.456641 0.476367 0.342187 0.0393372
5 0.483594 0.453516 0.471094 0.349219 0.0310211
11 0.487891 0.450781 0.4875 0.324219 0.0219421
4 0.484375 0.442578 0.474219 0.339844 0.00775528
3 0.482031 0.458594 0.498437 0.34375 0.00595856
6 0.482715 0.452246 0.486133 0.343945 0.0055542
10 0.483594 0.453516 0.471094 0.349219 0.00345612
0 0.482031 0.458594 0.498437 0.34375 0.00234222
12 0.475 0.304102 0.878125 0.608203 0.00139427
7 0.486035 0.451465 0.481055 0.34082 0.00133514
24 0.482129 0.436035 0.481055 0.307617 0.695801
20 0.484375 0.430371 0.476562 0.314258 0.0596619
9 0.482129 0.436035 0.481055 0.307617 0.0362244
18 0.479785 0.436816 0.476367 0.306055 0.0267639
5 0.482129 0.436035 0.481055 0.307617 0.0210419
16 0.482129 0.441797 0.491992 0.307813 0.0166626
6 0.483203 0.433203 0.463281 0.314063 0.00728989
11 0.480469 0.440234 0.480469 0.303906 0.00486755
0 0.489746 0.435156 0.48457 0.323438 0.00421524
3 0.482129 0.441797 0.491992 0.307813 0.00418091
10 0.482129 0.441797 0.491992 0.307813 0.00229645
4 0.483203 0.433203 0.463281 0.314063 0.00214958
7 0.483203 0.433203 0.463281 0.314063 0.00117397
24 0.489063 0.45166 0.465625 0.331055 0.57959
20 0.4875 0.446973 0.465625 0.35293 0.10968
9 0.488281 0.44375 0.46875 0.34375 0.0438538
18 0.488281 0.44375 0.46875 0.34375 0.0414734
16 0.485254 0.465234 0.481055 0.357812 0.0226288
0 0.489063 0.45166 0.465625 0.331055 0.0158997
5 0.488281 0.44375 0.46875 0.34375 0.0120544
3 0.485254 0.465234 0.481055 0.357812 0.00844574
11 0.489063 0.465234 0.467969 0.351562 0.00614548
6 0.486621 0.450098 0.464258 0.34043 0.00429916
4 0.488281 0.44375 0.46875 0.34375 0.00385475
10 0.489063 0.465234 0.467969 0.351562 0.00302696
15 0.489063 0.465234 0.467969 0.351562 0.00119686
24 0.48125 0.473047 0.485938 0.392188 0.598145
20 0.482129 0.459766 0.474805 0.379688 0.529297
9 0.478125 0.443848 0.464844 0.357617 0.162964
5 0.487109 0.451172 0.467969 0.365625 0.0458679
18 0.478125 0.443848 0.464844 0.357617 0.0344849
16 0.488379 0.473828 0.476367 0.39375 0.0142822
10 0.48125 0.473047 0.485938 0.392188 0.0139542
3 0.48125 0.473047 0.485938 0.392188 0.0134811
0 0.488672 0.450391 0.471094 0.366406 0.00800323
4 0.486328 0.445312 0.469531 0.360156 0.00614548
6 0.487109 0.451172 0.467969 0.365625 0.00428009
11 0.488379 0.473828 0.476367 0.39375 0.0018177
19 0.488379 0.473828 0.476367 0.39375 0.00143242
25 0.488379 0.473828 0.476367 0.39375 0.00143242
7 0.472266 0.449609 0.499219 0.360938 0.00139904
12 0.43125 0.280078 0.817187 0.560156 0.00130939
23 0.486328 0.445312 0.469531 0.360156 0.00100803
20 0.482812 0.466797 0.485938 0.413281 0.312256
24 0.478516 0.475391 0.499219 0.414844 0.16394
9 0.478125 0.46875 0.49375 0.4125 0.0236969
5 0.481934 0.466504 0.476758 0.406055 0.0189056
3 0.481641 0.476562 0.513281 0.430469 0.00993347
0 0.478125 0.46875 0.49375 0.4125 0.00806427
18 0.478125 0.46875 0.49375 0.4125 0.00757599
16 0.48125 0.471094 0.48125 0.407813 0.00526047
4 0.478125 0.46875 0.49375 0.4125 0.00322342
10 0.481934 0.466504 0.476758 0.406055 0.00321007
6 0.481934 0.466504 0.476758 0.406055 0.00243378
25 0.477734 0.473438 0.503906 0.417969 0.00168705
11 0.482031 0.47959 0.54375 0.461133 0.0016489
11 0.5625 0.503906 0.532813 0.442188 0.00150108
19 0.481641 0.476562 0.513281 0.430469 0.00148964
24 0.479297 0.456641 0.484375 0.346875 0.789062
20 0.482812 0.453223 0.461719 0.343555 0.309082
18 0.479297 0.456641 0.484375 0.346875 0.072876
5 0.490625 0.472656 0.504687 0.379688 0.0516663
9 0.479297 0.456641 0.484375 0.346875 0.042572
16 0.482812 0.453223 0.461719 0.343555 0.0183411
11 0.490625 0.472656 0.504687 0.379688 0.014389
10 0.490625 0.472656 0.504687 0.379688 0.00787354
16 0.497656 0.490527 0.571875 0.411133 0.00769424
3 0.484766 0.467285 0.494531 0.370117 0.00643921
0 0.479297 0.456641 0.484375 0.346875 0.00638962
7 0.474609 0.454688 0.503125 0.339063 0.0016613
20 0.497656 0.490527 0.571875 0.411133 0.00141621
17 0.521875 0.617578 0.86875 0.764844 0.00125504
8 0.491797 0.455566 0.488281 0.36543 0.00112915
11 0.555859 0.507812 0.560156 0.421875 0.00105286
24 0.474609 0.454297 0.472656 0.363281 0.763672
20 0.477344 0.446777 0.464063 0.348633 0.535156
9 0.474609 0.454297 0.472656 0.363281 0.0463867
18 0.474609 0.454297 0.472656 0.363281 0.0348816
5 0.478125 0.450391 0.465625 0.350781 0.0245209
3 0.473438 0.464844 0.498437 0.384375 0.0109024
16 0.473438 0.464844 0.498437 0.384375 0.00751877
0 0.474609 0.454297 0.472656 0.363281 0.00641251
11 0.477441 0.46709 0.47793 0.389258 0.00511932
4 0.475781 0.447559 0.467969 0.320508 0.00367928
19 0.473438 0.462598 0.485938 0.374805 0.00155449
6 0.477344 0.446777 0.464063 0.348633 0.0015192
24 0.476172 0.464844 0.483594 0.358594 0.647949
18 0.475098 0.456641 0.47793 0.350781 0.439697
20 0.476172 0.477441 0.507031 0.391992 0.218018
9 0.476172 0.464844 0.483594 0.358594 0.0470886
10 0.471973 0.501465 0.543555 0.417383 0.0195007
0 0.476172 0.464844 0.483594 0.358594 0.00985718
16 0.465234 0.46875 0.522656 0.370313 0.00901794
3 0.480859 0.476465 0.510156 0.400195 0.0085144
7 0.464453 0.458691 0.510156 0.354492 0.00629044
11 0.534375 0.553516 0.621875 0.519531 0.00445175
5 0.476172 0.477441 0.507031 0.391992 0.00362206
11 0.471973 0.501465 0.543555 0.417383 0.00332451
18 0.471973 0.501465 0.543555 0.417383 0.00319672
10 0.476562 0.451172 0.475 0.339844 0.00314713
6 0.476562 0.451172 0.475 0.339844 0.00309944
10 0.523438 0.575 0.596875 0.557813 0.00191879
11 0.476562 0.451172 0.475 0.339844 0.00186729
25 0.476172 0.477441 0.507031 0.391992 0.00181007
6 0.471973 0.501465 0.543555 0.417383 0.0018034
17 0.513672 0.621484 0.694531 0.757031 0.00178242
16 0.534375 0.553516 0.621875 0.519531 0.00161648
6 0.534375 0.553516 0.621875 0.519531 0.00117397
24 0.483984 0.462402 0.460156 0.342383 0.881836
18 0.480469 0.450879 0.461719 0.332617 0.144165
20 0.479785 0.455469 0.457617 0.342969 0.123352
9 0.480469 0.450879 0.461719 0.332617 0.0878906
16 0.48125 0.463672 0.473438 0.350781 0.0207214
11 0.480859 0.475098 0.467969 0.354492 0.00881195
4 0.47666 0.438281 0.47168 0.326562 0.00734711
5 0.477734 0.442188 0.464844 0.325 0.00679779
6 0.479688 0.450391 0.457813 0.335156 0.00582123
3 0.481641 0.464453 0.463281 0.3625 0.00518036
0 0.483984 0.462402 0.460156 0.342383 0.0049057
10 0.477734 0.442188 0.464844 0.325 0.00286674
7 0.475 0.455371 0.476562 0.336133 0.00190449
24 0.480469 0.460059 0.476562 0.350195 0.716797
20 0.481152 0.452734 0.467383 0.342187 0.108948
9 0.482812 0.458594 0.467187 0.346094 0.0651245
18 0.480469 0.460059 0.476562 0.350195 0.0483093
16 0.48125 0.45625 0.48125 0.35 0.0132217
5 0.483984 0.450684 0.464063 0.34082 0.0109482
0 0.480469 0.460059 0.476562 0.350195 0.00871277
11 0.481152 0.452734 0.467383 0.342187 0.00847626
3 0.480469 0.460059 0.476562 0.350195 0.00706482
6 0.483203 0.450684 0.472656 0.339258 0.00301552
10 0.483203 0.450684 0.472656 0.339258 0.00182438
4 0.483594 0.450781 0.476562 0.335938 0.00148392
24 0.481641 0.458594 0.467969 0.357031 0.823242
9 0.483203 0.447266 0.460938 0.336719 0.0359497
18 0.483203 0.447266 0.460938 0.336719 0.035553
20 0.475781 0.455469 0.470313 0.359375 0.0317383
5 0.479297 0.450879 0.453906 0.345117 0.0167847
3 0.477734 0.457422 0.482031 0.352344 0.013588
16 0.484473 0.451172 0.460742 0.342969 0.0129242
11 0.460156 0.607813 0.920313 0.784375 0.0124283
11 0.479297 0.450879 0.453906 0.345117 0.0105667
0 0.481641 0.458594 0.467969 0.357031 0.00796509
8 0.480469 0.45 0.45625 0.350781 0.00787354
2 0.513281 0.617969 0.898438 0.764063 0.00526047
17 0.513281 0.617969 0.898438 0.764063 0.00526047
11 0.514063 0.499219 0.542188 0.453906 0.00291252
6 0.480469 0.443652 0.458594 0.339258 0.00276756
4 0.472656 0.463672 0.483594 0.371875 0.00191212
11 0.544629 0.593848 0.695117 0.70293 0.00179577
10 0.479297 0.450879 0.453906 0.345117 0.00178242
1 0.513281 0.617969 0.898438 0.764063 0.00101185
24 0.476953 0.433594 0.45625 0.300781 0.969238
9 0.476953 0.433594 0.45625 0.300781 0.0700684
20 0.476562 0.43291 0.457031 0.306055 0.0534058
18 0.479297 0.439453 0.452344 0.320312 0.0332031
5 0.476562 0.43291 0.457031 0.306055 0.0167236
11 0.476562 0.43291 0.457031 0.306055 0.0139542
16 0.479688 0.433691 0.45 0.313867 0.0137405
3 0.477344 0.438281 0.465625 0.304688 0.0119629
8 0.479688 0.433691 0.45 0.313867 0.00332451
4 0.479004 0.435937 0.457617 0.332813 0.00312424
0 0.476562 0.43291 0.457031 0.306055 0.00215721
6 0.479297 0.439453 0.452344 0.320312 0.00183868
24 0.480469 0.443848 0.45 0.30918 0.950684
20 0.477344 0.439453 0.44375 0.307031 0.434082
9 0.480469 0.443848 0.45 0.30918 0.174927
18 0.478223 0.447266 0.44668 0.317188 0.125977
5 0.477344 0.439453 0.44375 0.307031 0.033844
0 0.481152 0.45625 0.456445 0.325781 0.00891876
16 0.480566 0.455859 0.46543 0.342969 0.00679779
11 0.476172 0.44375 0.45625 0.302344 0.00448608
4 0.476172 0.44375 0.45625 0.302344 0.00382423
21 0.396973 0.440234 0.28418 0.310156 0.00365067
10 0.475 0.462891 0.473438 0.346094 0.00216484
3 0.477344 0.439453 0.44375 0.307031 0.00126457
6 0.474219 0.442578 0.464844 0.310937 0.0011158
24 0.480078 0.461035 0.457813 0.34668 0.866211
20 0.47959 0.459375 0.456445 0.35 0.29248
9 0.480078 0.461035 0.457813 0.34668 0.101257
18 0.478906 0.456934 0.460938 0.34707 0.0298767
5 0.478906 0.456934 0.460938 0.34707 0.0200195
16 0.477441 0.466016 0.46543 0.367969 0.00391388
0 0.47959 0.459375 0.456445 0.35 0.00314713
4 0.479785 0.455371 0.454492 0.361133 0.00259018
11 0.471094 0.46084 0.494531 0.350195 0.00251198
6 0.47959 0.459375 0.456445 0.35 0.00150108
3 0.471094 0.46084 0.494531 0.350195 0.00111198
24 0.484277 0.447656 0.489258 0.333594 0.85498
20 0.484766 0.432031 0.480469 0.35 0.0891113
9 0.487598 0.434766 0.47793 0.341406 0.081543
18 0.484277 0.447656 0.489258 0.333594 0.0469055
16 0.484277 0.447656 0.489258 0.333594 0.0139008
5 0.484766 0.432031 0.480469 0.35 0.00643921
11 0.4875 0.43125 0.478125 0.345313 0.00636292
3 0.484277 0.447656 0.489258 0.333594 0.00511932
7 0.485938 0.455078 0.505469 0.357031 0.00298119
0 0.484277 0.447656 0.489258 0.333594 0.00284576
4 0.485156 0.435254 0.482031 0.354492 0.00214005
6 0.484766 0.432031 0.480469 0.35 0.00123024
24 0.471094 0.44375 0.479688 0.345313 0.915039
20 0.471094 0.44375 0.479688 0.345313 0.112793
9 0.478809 0.440234 0.468945 0.339844 0.0609741
18 0.471094 0.44375 0.479688 0.345313 0.0236969
5 0.473438 0.440625 0.478125 0.339063 0.0236969
0 0.47334 0.45166 0.483008 0.366992 0.00706482
11 0.47666 0.441016 0.470117 0.332813 0.00479126
6 0.47334 0.45166 0.483008 0.366992 0.00153065
16 0.476172 0.441406 0.485156 0.345313 0.0014782
4 0.476562 0.447754 0.482812 0.337305 0.00146103
3 0.476172 0.441406 0.485156 0.345313 0.00128937
24 0.482129 0.448438 0.466992 0.344531 0.760742
20 0.480371 0.444922 0.456445 0.332031 0.164551
9 0.482129 0.448438 0.466992 0.344531 0.0747681
5 0.481641 0.442188 0.460156 0.329688 0.0241394
18 0.480371 0.444922 0.456445 0.332031 0.021286
11 0.478027 0.462598 0.50332 0.38418 0.00407028
0 0.48125 0.444531 0.466406 0.332813 0.0026722
4 0.480469 0.45459 0.470313 0.351758 0.00216484
16 0.483984 0.45625 0.482031 0.35625 0.0020504
3 0.483984 0.45625 0.482031 0.35625 0.00133514
10 0.486328 0.458203 0.465625 0.360156 0.00102425
24 0.478027 0.447656 0.468945 0.358594 0.816406
20 0.482031 0.453906 0.467187 0.360156 0.162964
9 0.478027 0.447656 0.468945 0.358594 0.0710449
5 0.475391 0.44834 0.478125 0.350195 0.0258636
18 0.478516 0.441309 0.463281 0.351758 0.0172424
0 0.476953 0.440723 0.469531 0.35293 0.00269318
16 0.475391 0.44834 0.478125 0.350195 0.00227928
11 0.476953 0.440723 0.469531 0.35293 0.00158501
4 0.476953 0.440723 0.469531 0.35293 0.00151253
10 0.482031 0.453906 0.467187 0.360156 0.00100803
24 0.480859 0.441016 0.460156 0.311719 0.953613
9 0.479785 0.439063 0.45918 0.307813 0.0917358
20 0.478809 0.43584 0.464258 0.304883 0.0643921
18 0.480859 0.441016 0.460156 0.311719 0.0579224
16 0.478809 0.43584 0.464258 0.304883 0.00743103
3 0.478809 0.43584 0.464258 0.304883 0.00674438
5 0.482031 0.438379 0.457031 0.312305 0.00570679
6 0.476953 0.446777 0.459375 0.326758 0.00352478
11 0.480469 0.438379 0.460156 0.310742 0.00328636
0 0.480859 0.441016 0.460156 0.311719 0.00327301
4 0.480469 0.438379 0.460156 0.310742 0.00192642
24 0.481934 0.442871 0.448633 0.348633 0.946777
20 0.485156 0.454688 0.479688 0.367188 0.364746
9 0.483691 0.452734 0.449805 0.361719 0.147095
5 0.481934 0.442871 0.448633 0.348633 0.028656
18 0.483691 0.452734 0.449805 0.361719 0.0218658
0 0.483496 0.45 0.458008 0.35 0.00653839
4 0.483984 0.444531 0.461719 0.353125 0.00413513
11 0.485938 0.467969 0.4875 0.4 0.00362206
3 0.485156 0.454688 0.479688 0.367188 0.00205803
16 0.486621 0.457813 0.458008 0.36875 0.00122547
10 0.486621 0.457813 0.458008 0.36875 0.00115585
24 0.483984 0.431934 0.471094 0.301758 0.911133
9 0.486328 0.439746 0.472656 0.320508 0.0900879
18 0.486328 0.439746 0.472656 0.320508 0.0342407
20 0.486328 0.439746 0.472656 0.320508 0.0174408
5 0.479297 0.432813 0.470313 0.310156 0.00547028
6 0.478809 0.434766 0.462695 0.303125 0.00338936
4 0.474219 0.434375 0.489844 0.300781 0.00302696
0 0.483984 0.431934 0.471094 0.301758 0.00225258
24 0.480859 0.433496 0.467969 0.312695 0.952148
9 0.480859 0.434375 0.470313 0.314844 0.0470886
18 0.475098 0.433594 0.46543 0.31875 0.0199432
20 0.482422 0.439063 0.46875 0.321094 0.0106964
5 0.480859 0.433496 0.467969 0.312695 0.01017
4 0.480859 0.433496 0.467969 0.312695 0.00486755
0 0.480859 0.434375 0.470313 0.314844 0.00275803
16 0.47666 0.435547 0.482617 0.319531 0.00187492
6 0.483203 0.434766 0.480469 0.325781 0.00176144
3 0.47666 0.435547 0.482617 0.319531 0.00164223
24 0.480859 0.449609 0.475781 0.351562 0.884277
20 0.478809 0.455859 0.47207 0.350781 0.0539856
9 0.483984 0.45791 0.472656 0.351367 0.0292053
18 0.480859 0.449609 0.475781 0.351562 0.0118713
0 0.480859 0.449609 0.475781 0.351562 0.00757599
5 0.479297 0.441504 0.463281 0.337305 0.00641251
4 0.480859 0.449609 0.475781 0.351562 0.00419998
16 0.483984 0.45791 0.472656 0.351367 0.00206757
3 0.478809 0.455859 0.47207 0.350781 0.0011158
24 0.47959 0.426172 0.47207 0.301563 0.878418
9 0.47959 0.42666 0.473633 0.310742 0.0803833
20 0.476465 0.428906 0.47832 0.314844 0.0678101
18 0.47959 0.42666 0.473633 0.310742 0.0117798
5 0.47959 0.426172 0.47207 0.301563 0.00695801
0 0.478125 0.428906 0.464063 0.310156 0.00446701
4 0.479297 0.429297 0.466406 0.321094 0.00348282
24 0.480078 0.421875 0.466406 0.317969 0.835449
9 0.484277 0.41875 0.479883 0.305469 0.0687866
18 0.484277 0.41875 0.479883 0.305469 0.025177
20 0.484277 0.41875 0.479883 0.305469 0.0153046
5 0.483203 0.416797 0.478906 0.310156 0.00322342
6 0.480078 0.421875 0.466406 0.317969 0.00279999
4 0.480078 0.420312 0.470313 0.323438 0.00214005
16 0.48125 0.418359 0.475 0.3125 0.00192642
0 0.480078 0.421875 0.466406 0.317969 0.00161076
11 0.473047 0.419434 0.502344 0.30957 0.00107288
24 0.479688 0.425879 0.466406 0.306055 0.878906
9 0.478027 0.427734 0.475195 0.315625 0.0544128
18 0.478027 0.427734 0.475195 0.315625 0.0213623
5 0.479688 0.426465 0.470313 0.304883 0.00847626
20 0.476953 0.435547 0.484375 0.328906 0.00534439
4 0.479688 0.426465 0.470313 0.304883 0.00431442
0 0.478027 0.427734 0.475195 0.315625 0.00367928
16 0.481934 0.437891 0.475195 0.328125 0.00341606
24 0.482812 0.426465 0.470313 0.30957 0.859863
9 0.482812 0.426465 0.470313 0.30957 0.044342
20 0.482812 0.426465 0.470313 0.30957 0.0383301
5 0.482812 0.426465 0.470313 0.30957 0.0185394
18 0.482812 0.426465 0.470313 0.30957 0.0146179
0 0.488672 0.428906 0.476562 0.311719 0.00327301
4 0.483594 0.426563 0.467187 0.313281 0.00164223
11 0.48291 0.425 0.470117 0.310937 0.00129414
16 0.484473 0.434277 0.473242 0.32207 0.00104046
24 0.483691 0.42334 0.46543 0.29082 0.899902
9 0.483691 0.42334 0.46543 0.29082 0.0435181
18 0.483691 0.42334 0.46543 0.29082 0.0254669
20 0.486719 0.427441 0.45625 0.291992 0.00494385
0 0.483691 0.42334 0.46543 0.29082 0.00218201
16 0.486719 0.422656 0.461719 0.296094 0.00176811
3 0.486719 0.427441 0.45625 0.291992 0.00163555
5 0.485547 0.422559 0.463281 0.301758 0.00142097
24 0.484473 0.428027 0.46543 0.331445 0.820801
20 0.479688 0.438184 0.475 0.325195 0.0322266
5 0.485938 0.439453 0.467187 0.328906 0.0292053
9 0.484473 0.428027 0.46543 0.331445 0.0287628
18 0.485938 0.439453 0.467187 0.328906 0.00923157
4 0.483496 0.426172 0.464258 0.320312 0.00265312
0 0.478516 0.43291 0.469531 0.32793 0.00229645
24 0.485547 0.422656 0.469531 0.310937 0.901855
20 0.486328 0.421875 0.466406 0.3125 0.0195618
9 0.486328 0.421875 0.466406 0.3125 0.0173798
18 0.480469 0.424609 0.471094 0.308594 0.00457382
3 0.481641 0.426953 0.472656 0.307031 0.00312424
4 0.482812 0.422559 0.467187 0.30957 0.00290108
5 0.486328 0.421875 0.466406 0.3125 0.00282288
0 0.480469 0.424609 0.471094 0.308594 0.00245285
24 0.482812 0.432129 0.459375 0.299805 0.91748
18 0.482812 0.428027 0.467187 0.304883 0.0432129
9 0.482812 0.432129 0.459375 0.299805 0.0258636
20 0.481641 0.435254 0.466406 0.310742 0.0108566
5 0.485156 0.429297 0.46875 0.305469 0.00812531
16 0.481641 0.435254 0.466406 0.310742 0.00291252
0 0.485547 0.441797 0.4625 0.303125 0.00214958
24 0.481641 0.424902 0.460156 0.304883 0.945801
9 0.481641 0.424902 0.460156 0.304883 0.036499
20 0.481641 0.424902 0.460156 0.304883 0.00985718
18 0.481641 0.424902 0.460156 0.304883 0.00728989
5 0.480859 0.425 0.458594 0.305469 0.00534439
4 0.480469 0.428906 0.460938 0.310937 0.00317192
16 0.483984 0.432813 0.4625 0.309375 0.00253105
0 0.481641 0.424902 0.460156 0.304883 0.00227928
3 0.482031 0.428516 0.46875 0.310937 0.0011034
11 0.483984 0.432813 0.4625 0.309375 0.00104809
24 0.482422 0.417969 0.479688 0.321875 0.668945
9 0.482715 0.419922 0.479883 0.323438 0.0792236
20 0.482715 0.419922 0.479883 0.323438 0.0145035
18 0.482715 0.419922 0.479883 0.323438 0.0100937
5 0.482715 0.419922 0.479883 0.323438 0.00787354
4 0.482422 0.420703 0.474219 0.313281 0.0055542
0 0.480859 0.417578 0.475781 0.325 0.00228691
16 0.481934 0.431641 0.487695 0.338281 0.00101185
24 0.477344 0.426953 0.465625 0.326562 0.942383
9 0.477344 0.426953 0.465625 0.326562 0.0130692
20 0.477344 0.426953 0.465625 0.326562 0.0126724
5 0.477344 0.434766 0.479688 0.332031 0.0050621
18 0.477344 0.426953 0.465625 0.326562 0.0046463
4 0.479004 0.42666 0.468555 0.316992 0.00259018
0 0.479004 0.42666 0.468555 0.316992 0.00228691
6 0.479688 0.427344 0.467187 0.31875 0.00190449
16 0.477344 0.434766 0.479688 0.332031 0.00118351
24 0.479297 0.433203 0.460156 0.283594 0.896484
9 0.479297 0.433203 0.460156 0.283594 0.0383301
4 0.478809 0.429785 0.44707 0.287305 0.00891876
18 0.479297 0.433203 0.460156 0.283594 0.0078125
20 0.479297 0.433203 0.460156 0.283594 0.00445175
5 0.477441 0.437891 0.462305 0.292969 0.00335121
0 0.478809 0.430469 0.451758 0.29375 0.00179577
16 0.480078 0.445215 0.459375 0.289258 0.00132465
24 0.478223 0.428125 0.45293 0.295312 0.953125
9 0.478223 0.428125 0.45293 0.295312 0.0499573
18 0.478809 0.426953 0.443945 0.298438 0.018692
20 0.478223 0.428125 0.45293 0.295312 0.00748825
0 0.478223 0.428125 0.45293 0.295312 0.00265312
5 0.478906 0.435156 0.460938 0.307813 0.00247192
16 0.478906 0.435156 0.460938 0.307813 0.00175476
4 0.478223 0.428125 0.45293 0.295312 0.00106049
24 0.483594 0.429688 0.461719 0.285156 0.896484
9 0.483594 0.429688 0.461719 0.285156 0.037323
18 0.483594 0.429688 0.461719 0.285156 0.0155411
0 0.483594 0.429688 0.461719 0.285156 0.00362206
20 0.483594 0.429688 0.461719 0.285156 0.00282288
16 0.484766 0.427246 0.458594 0.289258 0.00197983
4 0.483594 0.429688 0.461719 0.285156 0.00148392
24 0.485547 0.429688 0.464063 0.310156 0.868652
9 0.485547 0.429688 0.464063 0.310156 0.0607605
18 0.485547 0.429688 0.464063 0.310156 0.02034
20 0.485547 0.429688 0.464063 0.310156 0.0164642
5 0.480859 0.428516 0.466406 0.310937 0.00307465
0 0.483984 0.428809 0.464844 0.308008 0.00232315
4 0.483594 0.425098 0.464063 0.307617 0.00177479
24 0.480859 0.433594 0.45625 0.2875 0.939941
9 0.480859 0.433594 0.45625 0.2875 0.0531921
18 0.481348 0.429297 0.449805 0.292188 0.0189056
20 0.481348 0.429297 0.449805 0.292188 0.0124817
5 0.481348 0.429297 0.449805 0.292188 0.00510025
0 0.480859 0.433594 0.45625 0.2875 0.00161076
16 0.482812 0.433984 0.464063 0.296094 0.00150681
24 0.482031 0.42959 0.451562 0.301758 0.930664
9 0.482031 0.42959 0.451562 0.301758 0.0156021
20 0.482031 0.42959 0.451562 0.301758 0.00933838
18 0.482031 0.42959 0.451562 0.301758 0.00669098
3 0.482812 0.430078 0.459375 0.291406 0.00175476
5 0.484473 0.429688 0.449805 0.302344 0.00168133
0 0.482031 0.42959 0.451562 0.301758 0.00136662
16 0.484277 0.426953 0.448633 0.307031 0.00105667
24 0.48125 0.432031 0.439063 0.283594 0.873047
9 0.48125 0.432031 0.439063 0.283594 0.0363464
18 0.48125 0.428027 0.440625 0.293945 0.0210419
20 0.478906 0.42666 0.438281 0.30293 0.00304031
5 0.480469 0.428906 0.438281 0.296875 0.00279045
4 0.480566 0.418359 0.441992 0.308594 0.00269318
16 0.481934 0.428027 0.439258 0.295508 0.00174141
6 0.479297 0.425391 0.446094 0.301563 0.00115108
24 0.480469 0.434375 0.446875 0.292969 0.863281
9 0.48125 0.43916 0.446875 0.295117 0.0255585
20 0.48125 0.43916 0.446875 0.295117 0.0139008
18 0.48125 0.43916 0.446875 0.295117 0.00701141
5 0.480566 0.435937 0.448242 0.305469 0.00356483
4 0.480566 0.433984 0.448242 0.296094 0.00184631
0 0.480566 0.433984 0.448242 0.296094 0.0015974
24 0.484766 0.432813 0.436719 0.290625 0.812988
9 0.484766 0.439941 0.439844 0.291992 0.0273743
18 0.484766 0.439941 0.439844 0.291992 0.0108185
20 0.484766 0.439941 0.439844 0.291992 0.00731659
5 0.484473 0.437598 0.441992 0.30293 0.00273705
16 0.484766 0.452246 0.444531 0.301758 0.00199509
4 0.482715 0.433496 0.442383 0.300195 0.00128937
0 0.484766 0.439941 0.439844 0.291992 0.00109863
24 0.481641 0.433203 0.441406 0.291406 0.911621
9 0.481641 0.438281 0.441406 0.289844 0.0183411
18 0.481641 0.438281 0.441406 0.289844 0.00888062
20 0.481641 0.438281 0.441406 0.289844 0.00763702
5 0.481641 0.438281 0.441406 0.289844 0.00198746
16 0.48291 0.450781 0.441992 0.296875 0.00186062
0 0.481641 0.438281 0.441406 0.289844 0.0017004
4 0.483594 0.435059 0.447656 0.29707 0.00103664
24 0.484277 0.435937 0.42832 0.271094 0.865234
9 0.485059 0.440527 0.42832 0.267383 0.0140076
18 0.485059 0.440527 0.42832 0.267383 0.0112457
20 0.485059 0.440527 0.42832 0.267383 0.00561905
5 0.485059 0.440527 0.42832 0.267383 0.00191212
16 0.485547 0.453906 0.433594 0.277344 0.00191212
2 0.715625 0.478906 0.403125 0.332813 0.00188255
2 0.235547 0.529688 0.335156 0.321875 0.0016613
0 0.485059 0.440527 0.42832 0.267383 0.0015974
4 0.482812 0.433691 0.438281 0.285742 0.00156116
24 0.482422 0.443359 0.438281 0.259375 0.882324
9 0.482422 0.443359 0.438281 0.259375 0.0218658
18 0.482422 0.443359 0.438281 0.259375 0.0086441
20 0.482422 0.443359 0.438281 0.259375 0.00211525
16 0.483203 0.451953 0.439063 0.263281 0.0015192
5 0.482422 0.443359 0.438281 0.259375 0.00127411
4 0.482129 0.439453 0.45293 0.28125 0.00119686
24 0.476172 0.446094 0.432031 0.261719 0.895508
18 0.476172 0.446094 0.432031 0.261719 0.016983
9 0.476172 0.446094 0.432031 0.261719 0.0137405
20 0.476562 0.439844 0.439063 0.278125 0.0028553
5 0.476172 0.446094 0.432031 0.261719 0.00186729
16 0.478125 0.443066 0.435937 0.27168 0.00148392
4 0.475781 0.444141 0.434375 0.264844 0.00118828
0 0.476465 0.444531 0.433008 0.265625 0.0011034
24 0.48125 0.439844 0.442188 0.273438 0.873047
9 0.48125 0.439844 0.442188 0.273438 0.0212097
18 0.48125 0.439844 0.442188 0.273438 0.00790405
20 0.483203 0.437109 0.444531 0.282031 0.0051384
5 0.482129 0.4375 0.448242 0.285156 0.00214005
4 0.480859 0.436719 0.450781 0.292188 0.00160408
0 0.48125 0.439844 0.442188 0.273438 0.00130463
24 0.48291 0.439844 0.457617 0.289844 0.805664
9 0.48291 0.439844 0.457617 0.289844 0.0263519
18 0.48291 0.439844 0.457617 0.289844 0.00526047
4 0.482422 0.436621 0.460156 0.30332 0.00443268
20 0.48291 0.439844 0.457617 0.289844 0.00359344
5 0.483594 0.436621 0.459375 0.30332 0.00166798
0 0.48291 0.439844 0.457617 0.289844 0.00145531
24 0.483594 0.448047 0.454688 0.292969 0.818848
9 0.483594 0.448047 0.454688 0.292969 0.016098
4 0.482031 0.437109 0.454688 0.305469 0.00717545
20 0.483691 0.441016 0.45293 0.305469 0.00577545
18 0.483594 0.448047 0.454688 0.292969 0.00466537
5 0.483691 0.441016 0.45293 0.305469 0.00174141
0 0.483594 0.448047 0.454688 0.292969 0.00174141
24 0.481348 0.449316 0.449805 0.281055 0.881836
9 0.481348 0.449316 0.449805 0.281055 0.0264587
20 0.480371 0.440723 0.448633 0.298242 0.0132751
18 0.48125 0.442871 0.451562 0.281445 0.00534439
4 0.481934 0.439941 0.45332 0.27168 0.00365067
5 0.481348 0.449316 0.449805 0.281055 0.00284576
0 0.480371 0.440723 0.448633 0.298242 0.00264168
24 0.478809 0.44375 0.44707 0.278125 0.908691
20 0.478906 0.438379 0.446094 0.301367 0.0103302
9 0.478809 0.44375 0.44707 0.278125 0.0100098
18 0.478809 0.44375 0.44707 0.278125 0.0039444
4 0.478906 0.438379 0.446094 0.301367 0.00391388
5 0.478809 0.44375 0.44707 0.278125 0.00211525
0 0.478906 0.438379 0.446094 0.301367 0.00191212
24 0.480469 0.444629 0.448438 0.274805 0.912598
9 0.480469 0.444629 0.448438 0.274805 0.0166626
18 0.480078 0.442969 0.449219 0.271875 0.00661469
20 0.481152 0.442969 0.44707 0.289062 0.00534439
4 0.479297 0.439063 0.448438 0.290625 0.00221634
5 0.480469 0.444629 0.448438 0.274805 0.00150108
0 0.480469 0.444629 0.448438 0.274805 0.00144958
24 0.483984 0.446094 0.444531 0.288281 0.859863
9 0.480859 0.452344 0.45625 0.296094 0.0118713
20 0.483984 0.446094 0.444531 0.288281 0.00403976
18 0.483984 0.446094 0.444531 0.288281 0.00324821
5 0.483984 0.446094 0.444531 0.288281 0.00288963
4 0.480469 0.439453 0.442188 0.296094 0.00235939
24 0.479688 0.446875 0.441406 0.289062 0.867188
9 0.479688 0.446875 0.441406 0.289062 0.0100098
20 0.479688 0.446875 0.441406 0.289062 0.00653839
18 0.479688 0.446875 0.441406 0.289062 0.00367928
5 0.479688 0.446875 0.441406 0.289062 0.00265312
4 0.478125 0.441406 0.442969 0.300781 0.00255013
16 0.480859 0.453906 0.441406 0.29375 0.00100803
24 0.480566 0.446094 0.443555 0.285156 0.884277
9 0.480566 0.446094 0.443555 0.285156 0.0117798
20 0.480566 0.446094 0.443555 0.285156 0.00557709
18 0.480566 0.446094 0.443555 0.285156 0.00317192
4 0.479004 0.440625 0.443555 0.3 0.00228691
5 0.480469 0.44375 0.442188 0.298438 0.00214005
24 0.48125 0.444922 0.442188 0.275781 0.891602
9 0.48125 0.444922 0.442188 0.275781 0.00809479
18 0.48125 0.444922 0.442188 0.275781 0.00325966
20 0.48125 0.444922 0.442188 0.275781 0.00214958
4 0.478906 0.439941 0.442188 0.287305 0.0017004
5 0.48125 0.44375 0.442188 0.285938 0.00141621
24 0.485156 0.444141 0.448438 0.282031 0.889648
9 0.483984 0.451172 0.453906 0.288281 0.0135345
18 0.485156 0.444141 0.448438 0.282031 0.00305176
20 0.485156 0.444141 0.448438 0.282031 0.00250244
4 0.481152 0.440234 0.448633 0.296094 0.00174141
5 0.482812 0.444531 0.448438 0.294531 0.00157928
16 0.485156 0.453516 0.447656 0.286719 0.00134087
24 0.485156 0.442578 0.440625 0.282813 0.872559
9 0.484375 0.450098 0.45 0.29043 0.00664139
20 0.485156 0.442578 0.440625 0.282813 0.00341606
4 0.480469 0.437891 0.44375 0.299219 0.00265312
18 0.484277 0.439453 0.44082 0.283594 0.00213242
5 0.485156 0.442578 0.440625 0.282813 0.00185299
24 0.484375 0.443652 0.446094 0.289258 0.85498
9 0.482812 0.450879 0.453125 0.295117 0.00717545
20 0.484375 0.443652 0.446094 0.289258 0.00557709
5 0.482031 0.441797 0.446094 0.302344 0.00204277
4 0.480469 0.439063 0.446875 0.301563 0.00181007
18 0.484375 0.443652 0.446094 0.289258 0.0016613
24 0.483984 0.44209 0.444531 0.275195 0.836426
9 0.482031 0.449219 0.453125 0.283594 0.00787354
18 0.483984 0.44209 0.444531 0.275195 0.00191879
20 0.483984 0.44209 0.444531 0.275195 0.00183868
4 0.480371 0.438281 0.443945 0.289062 0.00156689
5 0.482422 0.441406 0.442969 0.285156 0.00151253
24 0.482422 0.44209 0.442969 0.275195 0.855957
9 0.48125 0.448828 0.450781 0.282813 0.00582123
20 0.482422 0.44209 0.442969 0.275195 0.00255013
4 0.47959 0.437891 0.442383 0.29375 0.00246239
5 0.480566 0.441309 0.441992 0.289258 0.00183868
18 0.482422 0.44209 0.442969 0.275195 0.00171375
24 0.483203 0.442578 0.441406 0.28125 0.856934
9 0.482031 0.45 0.452344 0.286719 0.0064621
20 0.483203 0.442578 0.441406 0.28125 0.00263214
4 0.478809 0.4375 0.44082 0.297656 0.00226974
5 0.480078 0.441504 0.439844 0.295117 0.0017271
18 0.483203 0.442578 0.441406 0.28125 0.00168133
24 0.48291 0.444531 0.438867 0.279687 0.853027
9 0.482031 0.45166 0.446875 0.285742 0.00740433
20 0.48291 0.444531 0.438867 0.279687 0.00365067
4 0.479004 0.438281 0.441992 0.297656 0.00275803
5 0.480469 0.442969 0.439063 0.292969 0.00188923
18 0.482129 0.441797 0.44043 0.278906 0.0015974
24 0.483984 0.445703 0.442969 0.280469 0.867188
9 0.483203 0.451953 0.449219 0.286719 0.00664139
4 0.479688 0.438965 0.44375 0.29707 0.00388527
20 0.483984 0.445703 0.442969 0.280469 0.00322342
5 0.481641 0.444434 0.441406 0.292383 0.00223351
18 0.482812 0.442188 0.445312 0.279687 0.00132465
24 0.481348 0.442285 0.438867 0.29043 0.872559
9 0.482715 0.450781 0.44707 0.285938 0.00616837
4 0.479785 0.437891 0.441992 0.296094 0.00407028
20 0.484473 0.443652 0.438867 0.27832 0.00304031
5 0.481348 0.442285 0.438867 0.29043 0.00255013
18 0.483203 0.441016 0.441406 0.279687 0.0011425
24 0.483984 0.443359 0.436719 0.279687 0.876465
9 0.482422 0.450781 0.445312 0.285938 0.00582123
20 0.483984 0.443359 0.436719 0.279687 0.0046463
4 0.480078 0.436816 0.441406 0.299805 0.00419998
5 0.481348 0.441016 0.437305 0.292969 0.00250244
18 0.483203 0.439844 0.439063 0.283594 0.00120163
24 0.483594 0.446191 0.438281 0.285742 0.874023
9 0.482129 0.453125 0.44668 0.290625 0.00775528
20 0.483594 0.446191 0.438281 0.285742 0.0042305
4 0.480078 0.437402 0.440625 0.30332 0.00421524
5 0.48125 0.44209 0.4375 0.298633 0.00222588
18 0.483594 0.446191 0.438281 0.285742 0.00109005
24 0.480859 0.442188 0.436719 0.290625 0.872559
9 0.482031 0.453027 0.446875 0.286133 0.00577545
4 0.479688 0.437598 0.439844 0.29668 0.00365067
20 0.483203 0.441309 0.438281 0.286133 0.00288963
5 0.480859 0.442188 0.436719 0.290625 0.00232315
18 0.48291 0.441309 0.44043 0.279883 0.00139904
24 0.483984 0.447559 0.436719 0.283008 0.864258
9 0.482422 0.453809 0.445312 0.287695 0.008255
20 0.483984 0.447559 0.436719 0.283008 0.00365067
4 0.479688 0.439063 0.439844 0.296875 0.00340271
5 0.481152 0.444141 0.436133 0.29375 0.00214005
18 0.483984 0.447559 0.436719 0.283008 0.0015974
24 0.482422 0.442188 0.441406 0.28125 0.875977
9 0.481641 0.453027 0.447656 0.287695 0.00751877
4 0.47959 0.438379 0.44082 0.29668 0.00304031
20 0.483203 0.446191 0.439844 0.282617 0.00282288
5 0.48125 0.443066 0.4375 0.291992 0.00188923
18 0.482422 0.442188 0.441406 0.28125 0.00163555
24 0.482422 0.441016 0.44375 0.285156 0.878418
9 0.482422 0.452734 0.448438 0.289062 0.0068779
20 0.483594 0.446094 0.442188 0.284375 0.00335121
4 0.479688 0.438184 0.442188 0.300195 0.00283432
5 0.481152 0.442969 0.439258 0.294531 0.00191212
18 0.482422 0.441016 0.44375 0.285156 0.00161648
24 0.483203 0.441309 0.442188 0.281445 0.878906
9 0.483203 0.452344 0.446875 0.286719 0.00712204
20 0.484375 0.445996 0.439844 0.279883 0.00312424
4 0.480078 0.438379 0.441406 0.29668 0.00301552
5 0.481641 0.443359 0.438281 0.290625 0.00176811
18 0.483203 0.441309 0.442188 0.281445 0.00175476
24 0.483496 0.441406 0.44082 0.282813 0.878418
9 0.483594 0.452344 0.446094 0.2875 0.00803375
4 0.480371 0.438281 0.44082 0.296875 0.00301552
20 0.484766 0.445703 0.439063 0.28125 0.00269318
5 0.481641 0.443359 0.438281 0.291406 0.00172043
18 0.483496 0.441406 0.44082 0.282813 0.00158501
24 0.483594 0.441309 0.439844 0.281445 0.878418
9 0.483496 0.452344 0.445508 0.286719 0.00818634
4 0.480469 0.438281 0.440625 0.295312 0.00304031
20 0.484766 0.445215 0.438281 0.279883 0.00264168
5 0.482031 0.442969 0.4375 0.290625 0.00160408
18 0.483594 0.441309 0.439844 0.281445 0.00150108
24 0.483594 0.441797 0.439844 0.280469 0.881836
9 0.482812 0.452344 0.446094 0.285938 0.00763702
4 0.480469 0.438379 0.440625 0.295117 0.00309944
20 0.484766 0.445703 0.438281 0.278906 0.00260162
5 0.481641 0.443359 0.4375 0.289062 0.00158501
18 0.483594 0.441797 0.439844 0.280469 0.0014782
24 0.483594 0.441309 0.439063 0.281445 0.878418
9 0.482812 0.452344 0.446094 0.286719 0.00766754
4 0.480566 0.438281 0.44043 0.295312 0.00311089
20 0.484375 0.445703 0.438281 0.279687 0.00288963
5 0.481641 0.442969 0.436719 0.289844 0.00167465
18 0.483594 0.441309 0.439063 0.281445 0.00137806
24 0.483496 0.441309 0.439258 0.283008 0.879883
9 0.482812 0.451953 0.446875 0.2875 0.00717545
4 0.480469 0.438379 0.440625 0.29668 0.00327301
20 0.484766 0.44541 0.438281 0.281055 0.00319672
5 0.481641 0.442871 0.436719 0.29082 0.00174141
18 0.483496 0.441309 0.439258 0.283008 0.00133514
24 0.483203 0.441406 0.439844 0.28125 0.882324
9 0.482812 0.451953 0.446875 0.286719 0.00701141
4 0.480078 0.438184 0.440625 0.295508 0.00341606
20 0.484375 0.445312 0.439063 0.279687 0.00314713
5 0.481641 0.442871 0.436719 0.289258 0.00182438
18 0.483203 0.441406 0.439844 0.28125 0.00133514
24 0.483203 0.441016 0.439844 0.282031 0.882324
9 0.482812 0.451562 0.446875 0.2875 0.00743103
4 0.480078 0.437891 0.440625 0.296094 0.00331116
20 0.484375 0.445215 0.438281 0.279883 0.00300407
5 0.48125 0.442578 0.4375 0.290625 0.00168705
18 0.483203 0.441016 0.439844 0.282031 0.00129414
24 0.483594 0.441309 0.439844 0.281445 0.878418
9 0.483594 0.452344 0.445312 0.286719 0.008255
4 0.480469 0.438281 0.440625 0.295312 0.00304031
20 0.484766 0.445215 0.438281 0.279883 0.0026722
5 0.482031 0.442969 0.4375 0.290625 0.00160408
18 0.483594 0.441309 0.439844 0.281445 0.00150108
