14 0.613281 0.475781 0.470313 0.241406 0.0153656
11 0.613281 0.475781 0.470313 0.241406 0.0126266
5 0.605078 0.474219 0.485156 0.246875 0.0104904
10 0.600684 0.480469 0.492383 0.23125 0.00731659
0 0.610156 0.473438 0.476562 0.270313 0.00619125
7 0.605078 0.474219 0.485156 0.246875 0.00602722
3 0.610156 0.473438 0.476562 0.270313 0.00518036
4 0.600684 0.480469 0.492383 0.23125 0.00502014
2 0.605859 0.473438 0.482031 0.271875 0.00479126
9 0.594922 0.47334 0.500781 0.256445 0.00374985
20 0.613281 0.475781 0.470313 0.241406 0.0037365
23 0.600684 0.480469 0.492383 0.23125 0.00353813
18 0.613281 0.475781 0.470313 0.241406 0.00322342
19 0.858984 0.183594 0.282031 0.367188 0.00171375
24 0.605078 0.474219 0.485156 0.246875 0.0017004
5 0.8375 0.198437 0.325 0.396875 0.00146103
11 0.842969 0.198437 0.314063 0.396875 0.00142097
11 0.623828 0.446484 0.550781 0.324219 0.00123024
19 0.604688 0.469141 0.498437 0.264844 0.0012207
15 0.613281 0.475781 0.470313 0.241406 0.0012064
3 0.842969 0.198437 0.314063 0.396875 0.00104809
17 0.356641 0.398047 0.713281 0.796094 0.757812
22 0.356641 0.398047 0.713281 0.796094 0.616699
17 0.410156 0.349219 0.820312 0.698438 0.569824
17 0.281445 0.41875 0.562891 0.8375 0.439697
22 0.410156 0.349219 0.820312 0.698438 0.434082
17 0.325977 0.555078 0.651953 0.889844 0.434082
20 0.328516 0.396094 0.657031 0.792188 0.300781
22 0.281445 0.41875 0.562891 0.8375 0.287842
22 0.359766 0.55625 0.719531 0.8875 0.279785
17 0.403125 0.529688 0.80625 0.940625 0.255371
24 0.611328 0.487109 0.480469 0.303125 0.235107
17 0.476562 0.423438 0.884375 0.846875 0.204346
17 0.84043 0.210547 0.319141 0.421094 0.191895
22 0.439844 0.44375 0.879687 0.8875 0.184204
22 0.831641 0.215625 0.336719 0.43125 0.181274
14 0.308008 0.421094 0.616016 0.842188 0.155029
24 0.609277 0.636035 0.508008 0.62793 0.154541
20 0.611328 0.487109 0.480469 0.303125 0.143188
9 0.609277 0.636035 0.508008 0.62793 0.134277
20 0.415625 0.376172 0.83125 0.752344 0.13208
20 0.325977 0.555078 0.651953 0.889844 0.12854
20 0.599609 0.59541 0.508594 0.524805 0.125977
17 0.751172 0.31582 0.497656 0.631641 0.11676
17 0.777148 0.245703 0.445703 0.491406 0.115173
22 0.751172 0.31582 0.497656 0.631641 0.108215
14 0.357812 0.373828 0.715625 0.747656 0.105225
22 0.430469 0.582422 0.78125 0.835156 0.104858
17 0.423438 0.628516 0.71875 0.707031 0.104492
20 0.373828 0.455078 0.747656 0.910156 0.0970459
22 0.533496 0.658984 0.658008 0.663281 0.0963745
14 0.599902 0.536719 0.49082 0.377344 0.0946655
17 0.341406 0.322852 0.682813 0.645703 0.0900879
22 0.27793 0.554688 0.555859 0.890625 0.0859985
11 0.611328 0.487109 0.480469 0.303125 0.0847778
17 0.533496 0.658984 0.658008 0.663281 0.0823975
3 0.333594 0.423438 0.667188 0.846875 0.081543
18 0.607813 0.493066 0.451562 0.288867 0.0797729
1 0.333594 0.423438 0.667188 0.846875 0.0794678
20 0.257812 0.419531 0.515625 0.839063 0.072876
14 0.304688 0.553906 0.609375 0.892188 0.0710449
22 0.545703 0.375586 0.838281 0.751172 0.0692749
5 0.599609 0.59541 0.508594 0.524805 0.0661011
17 0.553223 0.346484 0.757617 0.692969 0.0653687
22 0.341406 0.322852 0.682813 0.645703 0.062561
22 0.777148 0.245703 0.445703 0.491406 0.062561
17 0.433203 0.636719 0.808594 0.726562 0.058136
3 0.385938 0.374609 0.771875 0.749219 0.0579224
1 0.385938 0.374609 0.771875 0.749219 0.0572815
1 0.325977 0.555078 0.651953 0.889844 0.0568542
17 0.701758 0.350391 0.596484 0.700781 0.0548096
20 0.594531 0.6375 0.620313 0.69375 0.053009
17 0.55625 0.605566 0.44375 0.520117 0.0507202
5 0.611328 0.487109 0.480469 0.303125 0.0495911
13 0.333594 0.423438 0.667188 0.846875 0.0490417
14 0.624219 0.482422 0.434375 0.255469 0.0490417
22 0.494531 0.635938 0.83125 0.728125 0.0483093
14 0.599609 0.59541 0.508594 0.524805 0.0476074
14 0.453125 0.348828 0.834375 0.697656 0.0472412
17 0.429785 0.283594 0.593555 0.567187 0.0467224
17 0.540625 0.544531 0.389844 0.392969 0.0465393
14 0.402344 0.430469 0.804688 0.860938 0.0456848
1 0.273047 0.457031 0.546094 0.914062 0.0455322
17 0.425 0.486719 0.640625 0.8875 0.0445251
9 0.628125 0.486719 0.448438 0.314063 0.0432129
22 0.474219 0.312891 0.592188 0.625781 0.0427246
17 0.555859 0.612891 0.842969 0.774219 0.0419312
17 0.261328 0.530469 0.522656 0.939063 0.0414734
22 0.586816 0.620313 0.795117 0.759375 0.0402527
20 0.363477 0.323047 0.726953 0.646094 0.0399475
3 0.325977 0.555078 0.651953 0.889844 0.0396423
22 0.701758 0.350391 0.596484 0.700781 0.0359497
22 0.39375 0.609766 0.7875 0.780469 0.0350037
13 0.316797 0.579297 0.633594 0.841406 0.0346069
21 0.858984 0.189453 0.282031 0.378906 0.0330811
1 0.831641 0.215625 0.336719 0.43125 0.0328979
22 0.668359 0.657031 0.663281 0.685938 0.0321045
11 0.599609 0.59541 0.508594 0.524805 0.0317383
17 0.51875 0.682031 0.859375 0.635938 0.0317383
5 0.594531 0.6375 0.620313 0.69375 0.0305634
3 0.831641 0.215625 0.336719 0.43125 0.0296478
22 0.425 0.486719 0.640625 0.8875 0.029541
17 0.639453 0.649609 0.721094 0.700781 0.0294189
13 0.273047 0.457031 0.546094 0.914062 0.0293121
1 0.270898 0.583203 0.541797 0.833594 0.0291443
8 0.333594 0.423438 0.667188 0.846875 0.0289764
1 0.500781 0.348633 0.8375 0.697266 0.0289307
17 0.805859 0.23125 0.388281 0.4625 0.0288696
22 0.55625 0.605566 0.44375 0.520117 0.0285492
2 0.611328 0.487109 0.480469 0.303125 0.0284424
16 0.607813 0.493066 0.451562 0.288867 0.0283356
17 0.401563 0.264844 0.709375 0.529688 0.0280151
3 0.500781 0.348633 0.8375 0.697266 0.0272675
20 0.491406 0.321094 0.815625 0.642188 0.0271759
25 0.611328 0.487109 0.480469 0.303125 0.0270691
22 0.805859 0.23125 0.388281 0.4625 0.0267639
14 0.390625 0.557031 0.78125 0.885938 0.0264587
20 0.831641 0.215625 0.336719 0.43125 0.0263519
1 0.751172 0.31582 0.497656 0.631641 0.0261078
3 0.276563 0.39375 0.553125 0.7875 0.0244293
20 0.391406 0.582812 0.782813 0.834375 0.0243378
11 0.333594 0.423438 0.667188 0.846875 0.0241394
0 0.607813 0.493066 0.451562 0.288867 0.0238647
19 0.858984 0.189453 0.282031 0.378906 0.0236969
7 0.599902 0.536719 0.49082 0.377344 0.0233307
17 0.363086 0.608984 0.726172 0.782031 0.0232391
3 0.751172 0.31582 0.497656 0.631641 0.0227203
19 0.858008 0.154688 0.280859 0.309375 0.0222015
1 0.391406 0.582812 0.782813 0.834375 0.0220337
23 0.611328 0.487109 0.480469 0.303125 0.0216217
14 0.385938 0.295312 0.771875 0.590625 0.0211182
13 0.385938 0.374609 0.771875 0.749219 0.0211182
19 0.161914 0.564453 0.323828 0.360156 0.0209656
20 0.751172 0.31582 0.497656 0.631641 0.0207977
22 0.685938 0.65625 0.54375 0.6875 0.02034
1 0.805859 0.23125 0.388281 0.4625 0.0202179
3 0.599609 0.59541 0.508594 0.524805 0.0195618
1 0.414844 0.457813 0.829688 0.915625 0.0195312
1 0.286719 0.370117 0.573438 0.740234 0.0188293
22 0.520703 0.710156 0.855469 0.579688 0.0185394
3 0.414844 0.457813 0.829688 0.915625 0.0179901
8 0.385938 0.374609 0.771875 0.749219 0.0178528
1 0.445312 0.657031 0.83125 0.685938 0.0174408
17 0.533691 0.696875 0.654492 0.60625 0.0173798
20 0.515234 0.429688 0.869531 0.859375 0.0172424
3 0.611328 0.487109 0.480469 0.303125 0.0171814
17 0.553125 0.789062 0.621875 0.421875 0.0168457
22 0.401563 0.264844 0.709375 0.529688 0.0164032
1 0.341406 0.322852 0.682813 0.645703 0.0162811
1 0.551562 0.423438 0.825 0.846875 0.0159607
22 0.540625 0.544531 0.389844 0.392969 0.0156021
22 0.587891 0.312109 0.696094 0.624219 0.0155411
20 0.270898 0.583203 0.541797 0.833594 0.0154877
13 0.414844 0.457813 0.829688 0.915625 0.0154266
11 0.594531 0.6375 0.620313 0.69375 0.0153656
8 0.316797 0.579297 0.633594 0.841406 0.0153656
25 0.599609 0.59541 0.508594 0.524805 0.0153046
3 0.777148 0.245703 0.445703 0.491406 0.0150757
1 0.777148 0.245703 0.445703 0.491406 0.0149536
20 0.777148 0.245703 0.445703 0.491406 0.0149536
3 0.423438 0.561328 0.846875 0.877344 0.0147858
1 0.407813 0.294922 0.815625 0.589844 0.0141754
16 0.652344 0.470703 0.392188 0.254688 0.0141144
17 0.689844 0.648438 0.620313 0.703125 0.0133286
16 0.599609 0.59541 0.508594 0.524805 0.0131226
17 0.389844 0.714844 0.779688 0.570312 0.0130234
21 0.611328 0.487109 0.480469 0.303125 0.0127716
11 0.385938 0.374609 0.771875 0.749219 0.0126266
1 0.614453 0.642188 0.771094 0.715625 0.0126266
17 0.653906 0.84082 0.396875 0.318359 0.0126266
1 0.699219 0.381836 0.601562 0.763672 0.0122375
3 0.407813 0.294922 0.815625 0.589844 0.0121918
13 0.725781 0.374609 0.548438 0.749219 0.0120544
21 0.858008 0.154688 0.280859 0.309375 0.0118713
22 0.533691 0.696875 0.654492 0.60625 0.0117798
22 0.553125 0.789062 0.621875 0.421875 0.011734
14 0.831641 0.215625 0.336719 0.43125 0.0116425
22 0.577734 0.392969 0.632031 0.785937 0.0115509
17 0.685938 0.65625 0.54375 0.6875 0.0115051
13 0.505469 0.377734 0.848437 0.755469 0.011467
10 0.281445 0.41875 0.562891 0.8375 0.0114212
17 0.273828 0.753125 0.547656 0.49375 0.0114212
21 0.126563 0.36167 0.253125 0.38291 0.0113754
14 0.515234 0.429688 0.869531 0.859375 0.0113754
11 0.337305 0.580859 0.674609 0.838281 0.0113754
3 0.533496 0.658984 0.658008 0.663281 0.011116
21 0.599609 0.59541 0.508594 0.524805 0.0110703
20 0.586816 0.620313 0.795117 0.759375 0.0110703
17 0.321094 0.68125 0.642188 0.6375 0.0110703
20 0.442578 0.530859 0.864844 0.938281 0.0110321
13 0.390625 0.557031 0.78125 0.885938 0.0109863
25 0.328516 0.396094 0.657031 0.792188 0.0109024
14 0.594922 0.641016 0.633594 0.677344 0.0108185
19 0.16875 0.379004 0.3375 0.370117 0.0107346
14 0.320703 0.321094 0.641406 0.642188 0.0106506
14 0.257031 0.459375 0.514063 0.91875 0.0106506
20 0.433203 0.636719 0.808594 0.726562 0.0105667
8 0.273047 0.457031 0.546094 0.914062 0.0103683
22 0.666406 0.833398 0.439063 0.333203 0.0103302
2 0.599609 0.59541 0.508594 0.524805 0.0102463
1 0.420312 0.717969 0.840625 0.564063 0.0102463
14 0.751172 0.31582 0.497656 0.631641 0.01017
17 0.278906 0.607031 0.557813 0.785937 0.0100098
25 0.594531 0.6375 0.620313 0.69375 0.00997162
10 0.356641 0.398047 0.713281 0.796094 0.00967407
11 0.831641 0.215625 0.336719 0.43125 0.00963593
1 0.644629 0.404687 0.710742 0.809375 0.00963593
11 0.599121 0.373242 0.517383 0.746484 0.00948334
1 0.533496 0.658984 0.658008 0.663281 0.00941467
1 0.555859 0.612891 0.842969 0.774219 0.00941467
13 0.599609 0.59541 0.508594 0.524805 0.00930023
22 0.34375 0.686719 0.6875 0.626563 0.00926971
22 0.335742 0.748633 0.491016 0.502734 0.00905609
11 0.751172 0.31582 0.497656 0.631641 0.00898743
11 0.652344 0.470703 0.392188 0.254688 0.00894928
1 0.423438 0.628516 0.71875 0.707031 0.00888062
22 0.389844 0.714844 0.779688 0.570312 0.0088501
14 0.701758 0.350391 0.596484 0.700781 0.00881195
3 0.341406 0.322852 0.682813 0.645703 0.00878143
14 0.335742 0.748633 0.491016 0.502734 0.00874329
14 0.423438 0.628516 0.71875 0.707031 0.00871277
17 0.644629 0.404687 0.710742 0.809375 0.0086441
10 0.607813 0.493066 0.451562 0.288867 0.0085144
14 0.577344 0.391406 0.6 0.782813 0.00841522
14 0.403906 0.908984 0.271094 0.182031 0.00837708
10 0.751172 0.31582 0.497656 0.631641 0.00834656
20 0.701758 0.350391 0.596484 0.700781 0.00831604
13 0.318359 0.347852 0.636719 0.695703 0.008255
10 0.831641 0.215625 0.336719 0.43125 0.008255
14 0.777148 0.245703 0.445703 0.491406 0.00818634
20 0.423438 0.628516 0.71875 0.707031 0.00815582
8 0.390625 0.557031 0.78125 0.885938 0.00815582
11 0.273047 0.457031 0.546094 0.914062 0.00809479
9 0.603516 0.653906 0.639844 0.692187 0.00787354
13 0.335742 0.748633 0.491016 0.502734 0.00787354
3 0.805859 0.23125 0.388281 0.4625 0.00775528
0 0.328516 0.396094 0.657031 0.792188 0.00772476
8 0.500781 0.348633 0.8375 0.697266 0.00769424
3 0.423438 0.628516 0.71875 0.707031 0.00769424
14 0.485938 0.624219 0.814063 0.751563 0.00757599
22 0.298438 0.630469 0.596875 0.739062 0.00757599
1 0.474219 0.312891 0.592188 0.625781 0.00751877
3 0.433203 0.636719 0.808594 0.726562 0.00748825
17 0.500879 0.746094 0.723242 0.507812 0.00740433
16 0.348438 0.455469 0.696875 0.910937 0.00720596
1 0.355469 0.667969 0.710938 0.664062 0.00717545
7 0.624219 0.482422 0.434375 0.255469 0.00712204
17 0.721875 0.407031 0.55625 0.814063 0.00706482
8 0.751172 0.31582 0.497656 0.631641 0.00695801
18 0.599609 0.59541 0.508594 0.524805 0.00695801
17 0.333252 0.818945 0.383496 0.362109 0.00695801
3 0.474219 0.312891 0.592188 0.625781 0.0069046
1 0.689844 0.648438 0.620313 0.703125 0.0069046
13 0.550684 0.610156 0.76582 0.779688 0.0068779
25 0.361328 0.527344 0.722656 0.935938 0.0068512
13 0.333252 0.818945 0.383496 0.362109 0.0068512
1 0.296875 0.679297 0.59375 0.641406 0.00682449
16 0.333252 0.818945 0.383496 0.362109 0.00679779
19 0.249023 0.553125 0.342578 0.382812 0.00677109
10 0.410156 0.349219 0.820312 0.698438 0.00674438
11 0.414844 0.457813 0.829688 0.915625 0.00674438
17 0.628125 0.753125 0.409375 0.49375 0.00674438
14 0.512402 0.737695 0.776758 0.524609 0.00669098
16 0.403906 0.908984 0.271094 0.182031 0.00669098
20 0.294531 0.346484 0.589063 0.692969 0.00666809
8 0.414844 0.457813 0.829688 0.915625 0.00664139
3 0.425 0.486719 0.640625 0.8875 0.00664139
14 0.425 0.486719 0.640625 0.8875 0.00661469
3 0.540625 0.544531 0.389844 0.392969 0.00658798
10 0.325977 0.555078 0.651953 0.889844 0.00656509
20 0.805859 0.23125 0.388281 0.4625 0.00653839
3 0.701758 0.350391 0.596484 0.700781 0.0064888
0 0.652344 0.470703 0.392188 0.254688 0.0064888
1 0.273828 0.753125 0.547656 0.49375 0.0064888
14 0.513281 0.770508 0.628125 0.458984 0.0064888
10 0.610156 0.540527 0.514063 0.38457 0.00634003
1 0.55625 0.605566 0.44375 0.520117 0.00634003
13 0.611328 0.487109 0.480469 0.303125 0.00634003
20 0.51875 0.682031 0.859375 0.635938 0.00631332
22 0.420312 0.247266 0.529688 0.494531 0.00624084
20 0.474219 0.312891 0.592188 0.625781 0.00624084
13 0.512402 0.737695 0.776758 0.524609 0.00616837
1 0.587109 0.446094 0.588281 0.892188 0.00614548
1 0.569141 0.671094 0.630469 0.657813 0.00614548
13 0.255664 0.560938 0.511328 0.878125 0.00612259
13 0.614453 0.642188 0.771094 0.715625 0.00609589
4 0.609277 0.636035 0.508008 0.62793 0.00605011
13 0.805859 0.23125 0.388281 0.4625 0.00598145
13 0.407813 0.294922 0.815625 0.589844 0.00595856
25 0.415625 0.376172 0.83125 0.752344 0.00593567
8 0.777148 0.245703 0.445703 0.491406 0.00591278
3 0.551562 0.423438 0.825 0.846875 0.00591278
24 0.652344 0.470703 0.392188 0.254688 0.00591278
22 0.628125 0.486719 0.448438 0.314063 0.00591278
1 0.425 0.486719 0.640625 0.8875 0.00588989
14 0.363086 0.608984 0.726172 0.782031 0.005867
21 0.161914 0.564453 0.323828 0.360156 0.00584412
22 0.721875 0.407031 0.55625 0.814063 0.00582123
3 0.599121 0.373242 0.517383 0.746484 0.00582123
14 0.614453 0.633984 0.771094 0.732031 0.00582123
3 0.270898 0.583203 0.541797 0.833594 0.00575256
14 0.639844 0.479688 0.41875 0.385156 0.00566483
13 0.445312 0.657031 0.83125 0.685938 0.00566483
0 0.415625 0.376172 0.83125 0.752344 0.00564194
16 0.337305 0.580859 0.674609 0.838281 0.00564194
3 0.335742 0.748633 0.491016 0.502734 0.00564194
20 0.668359 0.657031 0.663281 0.685938 0.00559998
10 0.777148 0.245703 0.445703 0.491406 0.00557709
14 0.429785 0.283594 0.593555 0.567187 0.0055542
13 0.831641 0.215625 0.336719 0.43125 0.0055542
11 0.805859 0.23125 0.388281 0.4625 0.00547028
8 0.423438 0.628516 0.71875 0.707031 0.00547028
11 0.500781 0.348633 0.8375 0.697266 0.0053215
0 0.84043 0.210547 0.319141 0.421094 0.00530243
3 0.550684 0.610156 0.76582 0.779688 0.00530243
7 0.599609 0.59541 0.508594 0.524805 0.00524139
19 0.862891 0.115918 0.274219 0.231836 0.00521851
16 0.577344 0.391406 0.6 0.782813 0.00521851
3 0.639453 0.649609 0.721094 0.700781 0.00521851
24 0.610156 0.540527 0.514063 0.38457 0.00519943
0 0.325977 0.555078 0.651953 0.889844 0.00518036
19 0.857227 0.198486 0.285547 0.395215 0.0596619
16 0.865039 0.216357 0.269922 0.352441 0.0287628
16 0.685156 0.448828 0.4375 0.283594 0.0230713
24 0.603906 0.474902 0.495313 0.276758 0.0175171
11 0.617969 0.477246 0.51875 0.281445 0.0134277
6 0.601562 0.472754 0.476562 0.24043 0.0119629
9 0.601562 0.472754 0.476562 0.24043 0.0116882
7 0.603906 0.474902 0.495313 0.276758 0.0116425
2 0.617969 0.477246 0.51875 0.281445 0.0101318
4 0.603906 0.474902 0.495313 0.276758 0.00955963
18 0.617969 0.477246 0.51875 0.281445 0.00841522
23 0.603906 0.474902 0.495313 0.276758 0.00815582
19 0.678906 0.449219 0.421875 0.251563 0.0077858
14 0.617969 0.477246 0.51875 0.281445 0.00656509
16 0.260156 0.5625 0.377344 0.379688 0.00566483
16 0.617969 0.477246 0.51875 0.281445 0.00510025
21 0.853516 0.197656 0.292969 0.395313 0.00471878
0 0.617969 0.477246 0.51875 0.281445 0.00471878
2 0.227539 0.603125 0.455078 0.320312 0.00400543
16 0.608594 0.446973 0.426563 0.257617 0.00388527
5 0.603906 0.474902 0.495313 0.276758 0.0037365
4 0.604688 0.440625 0.517188 0.38125 0.00372124
15 0.603906 0.474902 0.495313 0.276758 0.00367928
11 0.227539 0.603125 0.455078 0.320312 0.00353813
16 0.858008 0.266797 0.283984 0.358594 0.00336266
19 0.272656 0.552734 0.367188 0.399219 0.00336266
19 0.849414 0.168359 0.301172 0.336719 0.00313568
4 0.227539 0.603125 0.455078 0.320312 0.00288963
16 0.227539 0.603125 0.455078 0.320312 0.00288963
11 0.666797 0.411328 0.627344 0.467969 0.00283432
2 0.666797 0.411328 0.627344 0.467969 0.00282288
19 0.603906 0.474902 0.495313 0.276758 0.00282288
1 0.278125 0.648047 0.55625 0.703906 0.00282288
0 0.666797 0.411328 0.627344 0.467969 0.00269318
0 0.227539 0.603125 0.455078 0.320312 0.00265312
12 0.234375 0.669922 0.46875 0.660156 0.00259018
14 0.666797 0.411328 0.627344 0.467969 0.00252151
20 0.601562 0.472754 0.476562 0.24043 0.00244331
3 0.617969 0.477246 0.51875 0.281445 0.00232315
14 0.227734 0.611719 0.455469 0.320312 0.00228691
1 0.680469 0.795117 0.639063 0.409766 0.00216484
16 0.151172 0.56875 0.302344 0.384375 0.00214005
12 0.855078 0.201172 0.289844 0.402344 0.00211525
11 0.686426 0.795117 0.627148 0.409766 0.00209999
7 0.604688 0.440625 0.517188 0.38125 0.00208282
18 0.227539 0.603125 0.455078 0.320312 0.00208282
10 0.603906 0.474902 0.495313 0.276758 0.00198746
7 0.227539 0.603125 0.455078 0.320312 0.00198746
6 0.233984 0.625 0.467969 0.382812 0.0019722
4 0.686426 0.795117 0.627148 0.409766 0.00191212
25 0.617969 0.477246 0.51875 0.281445 0.00182438
19 0.148633 0.557813 0.297266 0.40625 0.0018034
12 0.79375 0.208008 0.4125 0.416016 0.00174809
13 0.603906 0.474902 0.495313 0.276758 0.00174809
4 0.666797 0.411328 0.627344 0.467969 0.0017004
22 0.680469 0.795117 0.639063 0.409766 0.00168705
17 0.680469 0.795117 0.639063 0.409766 0.0016613
4 0.262891 0.627344 0.525781 0.401563 0.00164223
12 0.249609 0.601562 0.499219 0.317969 0.00162315
17 0.278125 0.648047 0.55625 0.703906 0.00162315
12 0.811328 0.200195 0.377344 0.400391 0.0015974
24 0.233984 0.625 0.467969 0.382812 0.00153637
1 0.666797 0.411328 0.627344 0.467969 0.00153065
12 0.604688 0.440625 0.517188 0.38125 0.00151253
0 0.686426 0.795117 0.627148 0.409766 0.00143242
1 0.227734 0.611719 0.455469 0.320312 0.0014267
12 0.301172 0.657129 0.602344 0.685742 0.00133514
3 0.227539 0.603125 0.455078 0.320312 0.00133038
18 0.666797 0.411328 0.627344 0.467969 0.00132465
12 0.686426 0.795117 0.627148 0.409766 0.00132465
22 0.278125 0.648047 0.55625 0.703906 0.00131512
2 0.686426 0.795117 0.627148 0.409766 0.00130939
1 0.604688 0.440625 0.517188 0.38125 0.00129986
16 0.666797 0.411328 0.627344 0.467969 0.00127888
23 0.227539 0.603125 0.455078 0.320312 0.00126457
6 0.686426 0.795117 0.627148 0.409766 0.00126457
11 0.262891 0.627344 0.525781 0.401563 0.0012598
13 0.234375 0.669922 0.46875 0.660156 0.00124931
6 0.604688 0.440625 0.517188 0.38125 0.00124454
23 0.604688 0.440625 0.517188 0.38125 0.00123024
16 0.686426 0.795117 0.627148 0.409766 0.00122547
0 0.637598 0.331055 0.61543 0.662109 0.0012064
12 0.675098 0.739648 0.64043 0.520703 0.0012064
14 0.251563 0.655469 0.503125 0.689063 0.00120163
1 0.855078 0.201172 0.289844 0.402344 0.00119686
4 0.234375 0.669922 0.46875 0.660156 0.00119686
14 0.686426 0.795117 0.627148 0.409766 0.00119686
13 0.855078 0.201172 0.289844 0.402344 0.00118828
2 0.637598 0.331055 0.61543 0.662109 0.00118828
20 0.227539 0.603125 0.455078 0.320312 0.00118828
1 0.637598 0.331055 0.61543 0.662109 0.00118351
15 0.604688 0.440625 0.517188 0.38125 0.00117397
11 0.637598 0.331055 0.61543 0.662109 0.0011692
12 0.633594 0.462109 0.501563 0.289062 0.00115585
16 0.600781 0.162305 0.334375 0.324609 0.00113773
3 0.666797 0.411328 0.627344 0.467969 0.00113773
15 0.227539 0.603125 0.455078 0.320312 0.00113392
11 0.278125 0.648047 0.55625 0.703906 0.0011158
12 0.74043 0.277344 0.519141 0.554688 0.00111198
21 0.601562 0.472754 0.476562 0.24043 0.00111198
16 0.864844 0.219336 0.270313 0.296484 0.0011034
3 0.686426 0.795117 0.627148 0.409766 0.00109863
20 0.278125 0.648047 0.55625 0.703906 0.00109005
9 0.233984 0.625 0.467969 0.382812 0.00108147
19 0.64375 0.844727 0.339063 0.310547 0.00106525
1 0.382422 0.675781 0.375 0.48125 0.00104809
12 0.365234 0.781055 0.296875 0.437891 0.00104809
1 0.248828 0.716406 0.497656 0.567187 0.00104427
11 0.676172 0.709961 0.647656 0.580078 0.00104046
12 0.232227 0.705664 0.464453 0.588672 0.00102425
12 0.287695 0.758594 0.575391 0.482812 0.00102425
13 0.79375 0.208008 0.4125 0.416016 0.00101662
12 0.557813 0.737695 0.828125 0.524609 0.00101662
12 0.344531 0.714063 0.565625 0.571875 0.00100803
20 0.686426 0.795117 0.627148 0.409766 0.00100803
19 0.860938 0.157227 0.278125 0.314453 0.0455322
19 0.863672 0.205469 0.272656 0.410938 0.0433655
18 0.591406 0.499316 0.501563 0.263867 0.0402527
9 0.613672 0.489844 0.460156 0.257812 0.0250854
22 0.858203 0.201367 0.283594 0.390234 0.0244293
21 0.85918 0.199414 0.281641 0.398828 0.0207214
24 0.583691 0.506152 0.529492 0.336133 0.0193481
16 0.591406 0.499316 0.501563 0.263867 0.0189056
24 0.613672 0.489844 0.460156 0.257812 0.016983
1 0.862891 0.190234 0.274219 0.380469 0.014061
21 0.860938 0.157227 0.278125 0.314453 0.0124283
23 0.613672 0.489844 0.460156 0.257812 0.0118713
17 0.858203 0.201367 0.283594 0.390234 0.0109024
7 0.588281 0.5 0.515625 0.310937 0.0107346
19 0.453516 0.611328 0.257812 0.364844 0.0104065
6 0.661719 0.501953 0.357812 0.250781 0.01017
9 0.583691 0.506152 0.529492 0.336133 0.00901794
11 0.861328 0.198242 0.277344 0.396484 0.00837708
6 0.583691 0.506152 0.529492 0.336133 0.00831604
16 0.654688 0.489844 0.371875 0.232813 0.008255
3 0.861328 0.198242 0.277344 0.396484 0.00734711
2 0.591406 0.499316 0.501563 0.263867 0.00701141
20 0.613672 0.489844 0.460156 0.257812 0.00638962
5 0.861328 0.198242 0.277344 0.396484 0.005867
11 0.589063 0.494629 0.509375 0.282617 0.005867
15 0.591406 0.499316 0.501563 0.263867 0.005867
4 0.613672 0.489844 0.460156 0.257812 0.00575256
0 0.858789 0.191016 0.282422 0.382031 0.0055542
2 0.858789 0.191016 0.282422 0.382031 0.00521851
21 0.613672 0.489844 0.460156 0.257812 0.00518036
23 0.583691 0.506152 0.529492 0.336133 0.00510025
4 0.858203 0.201367 0.283594 0.390234 0.00494385
25 0.858203 0.201367 0.283594 0.390234 0.00473785
16 0.580078 0.501172 0.555469 0.344531 0.00446701
20 0.861328 0.198242 0.277344 0.396484 0.00441742
14 0.588281 0.5 0.515625 0.310937 0.00432968
2 0.654688 0.489844 0.371875 0.232813 0.00431442
5 0.591406 0.499316 0.501563 0.263867 0.00416565
14 0.858789 0.191016 0.282422 0.382031 0.00370789
18 0.654688 0.489844 0.371875 0.232813 0.00365067
21 0.444922 0.635156 0.274219 0.375 0.00356483
21 0.583691 0.506152 0.529492 0.336133 0.00353813
4 0.583691 0.506152 0.529492 0.336133 0.00346947
0 0.369141 0.875391 0.327344 0.249219 0.00340271
13 0.85918 0.199414 0.281641 0.398828 0.00338936
16 0.858203 0.201367 0.283594 0.390234 0.00335121
7 0.605469 0.5 0.467187 0.23125 0.00331116
18 0.580078 0.501172 0.555469 0.344531 0.00327301
12 0.858203 0.201367 0.283594 0.390234 0.00319672
8 0.862891 0.190234 0.274219 0.380469 0.00317192
1 0.373633 0.873047 0.313672 0.253906 0.00302696
14 0.605469 0.5 0.467187 0.23125 0.00293541
20 0.583691 0.506152 0.529492 0.336133 0.00284576
16 0.369141 0.875391 0.327344 0.249219 0.00275803
13 0.589063 0.494629 0.509375 0.282617 0.00271416
0 0.588281 0.5 0.515625 0.310937 0.00270462
22 0.367969 0.876953 0.328906 0.246094 0.00268364
5 0.654688 0.489844 0.371875 0.232813 0.00264168
13 0.860938 0.157227 0.278125 0.314453 0.00258064
2 0.580078 0.501172 0.555469 0.344531 0.0024929
4 0.671484 0.498437 0.344531 0.228125 0.00247192
6 0.861328 0.198242 0.277344 0.396484 0.00244331
19 0.431348 0.681641 0.301367 0.389844 0.00242424
15 0.580078 0.501172 0.555469 0.344531 0.00228691
15 0.654688 0.489844 0.371875 0.232813 0.00228691
10 0.613672 0.489844 0.460156 0.257812 0.00223351
4 0.369141 0.875391 0.327344 0.249219 0.00223351
20 0.367969 0.876953 0.328906 0.246094 0.00220871
9 0.861328 0.198242 0.277344 0.396484 0.00219917
24 0.367969 0.876953 0.328906 0.246094 0.00217438
1 0.586719 0.497266 0.514063 0.267188 0.00214005
19 0.391797 0.760156 0.276563 0.357812 0.00210762
21 0.367969 0.876953 0.328906 0.246094 0.00210762
2 0.369141 0.875391 0.327344 0.249219 0.00208282
10 0.861328 0.198242 0.277344 0.396484 0.00203514
0 0.637109 0.843164 0.424219 0.313672 0.00199509
12 0.584766 0.505371 0.514844 0.275195 0.0019722
0 0.654688 0.489844 0.371875 0.232813 0.00193405
25 0.654688 0.489844 0.371875 0.232813 0.00191212
10 0.583691 0.506152 0.529492 0.336133 0.00186729
6 0.367969 0.876953 0.328906 0.246094 0.00185299
6 0.637109 0.843164 0.424219 0.313672 0.00176144
24 0.858203 0.201221 0.283594 0.38584 0.00174141
12 0.582812 0.338477 0.582812 0.644141 0.00171375
19 0.591406 0.499316 0.501563 0.263867 0.0017004
4 0.626563 0.844531 0.404687 0.310937 0.00166798
16 0.626563 0.844531 0.404687 0.310937 0.0016489
21 0.462402 0.585156 0.24082 0.353125 0.00161076
3 0.586719 0.497266 0.514063 0.267188 0.0015974
2 0.636719 0.84668 0.404687 0.306641 0.0015974
0 0.575781 0.828906 0.764063 0.342187 0.00157356
11 0.564453 0.333203 0.599219 0.666406 0.00156689
11 0.369141 0.875391 0.327344 0.249219 0.00156116
14 0.369141 0.875391 0.327344 0.249219 0.00151253
3 0.369141 0.875391 0.327344 0.249219 0.00149536
7 0.570312 0.509277 0.58125 0.401758 0.00143242
11 0.637109 0.843164 0.424219 0.313672 0.00141621
16 0.455859 0.497266 0.330469 0.385156 0.00140476
25 0.591406 0.499316 0.501563 0.263867 0.00137234
13 0.564453 0.333203 0.599219 0.666406 0.00133038
12 0.373828 0.870313 0.327344 0.259375 0.00132465
11 0.570312 0.509277 0.58125 0.401758 0.00131512
19 0.854883 0.14375 0.277734 0.2875 0.00130939
17 0.369141 0.875391 0.327344 0.249219 0.00130939
13 0.369141 0.875391 0.327344 0.249219 0.00129414
14 0.570312 0.509277 0.58125 0.401758 0.0012846
12 0.243359 0.490625 0.486719 0.5625 0.00127411
6 0.542285 0.567187 0.674805 0.635938 0.00123024
1 0.626563 0.844531 0.404687 0.310937 0.0012207
12 0.679688 0.498437 0.323438 0.215625 0.00117874
19 0.463379 0.558984 0.237305 0.332031 0.00115585
13 0.570312 0.509277 0.58125 0.401758 0.00115108
14 0.626563 0.844531 0.404687 0.310937 0.00114727
25 0.367969 0.876953 0.328906 0.246094 0.0011425
12 0.633594 0.851953 0.390625 0.296094 0.00112438
1 0.575781 0.828906 0.764063 0.342187 0.0011034
11 0.575781 0.828906 0.764063 0.342187 0.0011034
11 0.516016 0.855469 0.655469 0.289062 0.00109863
0 0.570312 0.509277 0.58125 0.401758 0.00108147
12 0.29668 0.273047 0.593359 0.546094 0.00106525
14 0.582812 0.338477 0.582812 0.644141 0.00106525
6 0.455859 0.497266 0.330469 0.385156 0.00106525
2 0.455859 0.497266 0.330469 0.385156 0.00105286
1 0.516016 0.855469 0.655469 0.289062 0.00104427
12 0.415234 0.389453 0.725781 0.724219 0.00104046
1 0.582812 0.338477 0.582812 0.644141 0.00103664
12 0.501563 0.373047 0.521094 0.617969 0.00103664
12 0.530859 0.425098 0.482031 0.443555 0.00103188
12 0.387891 0.489941 0.707031 0.618555 0.00103188
3 0.654688 0.489844 0.371875 0.232813 0.00102043
12 0.83418 0.222656 0.331641 0.445312 0.00100803
12 0.536621 0.301953 0.679883 0.603906 0.00100803
14 0.679688 0.498437 0.323438 0.215625 0.00100803
4 0.575781 0.828906 0.764063 0.342187 0.00100803
15 0.369141 0.875391 0.327344 0.249219 0.00100422
24 0.637109 0.473535 0.375781 0.224805 0.124207
7 0.613281 0.485938 0.429688 0.2375 0.0869141
18 0.613281 0.485938 0.429688 0.2375 0.0675659
24 0.594922 0.486719 0.471094 0.264844 0.0427246
16 0.632812 0.485938 0.39375 0.228906 0.0344849
6 0.613281 0.485938 0.429688 0.2375 0.0343628
9 0.637109 0.473535 0.375781 0.224805 0.0270691
11 0.596875 0.483984 0.473438 0.282031 0.0257568
23 0.637109 0.473535 0.375781 0.224805 0.0239563
2 0.613281 0.485938 0.429688 0.2375 0.019989
13 0.85918 0.197852 0.281641 0.395703 0.0195007
12 0.863086 0.197656 0.273828 0.395313 0.0192719
9 0.594922 0.486719 0.471094 0.264844 0.0176392
1 0.863086 0.197656 0.273828 0.395313 0.0156708
12 0.768945 0.268359 0.462109 0.536719 0.0129242
11 0.632812 0.485938 0.39375 0.228906 0.0112
23 0.596875 0.496094 0.478125 0.26875 0.011116
16 0.596875 0.483984 0.473438 0.282031 0.0108566
7 0.567187 0.529297 0.5875 0.35625 0.0108185
16 0.863086 0.198437 0.273828 0.396875 0.0106506
22 0.864062 0.195117 0.271875 0.390234 0.00898743
17 0.865625 0.191016 0.26875 0.382031 0.0088501
13 0.614844 0.481641 0.432813 0.241406 0.00844574
6 0.567187 0.529297 0.5875 0.35625 0.00837708
14 0.614844 0.481641 0.432813 0.241406 0.00831604
16 0.862891 0.233008 0.274219 0.325391 0.00775528
24 0.567187 0.529297 0.5875 0.35625 0.00740433
6 0.673828 0.480078 0.294531 0.21875 0.00723267
0 0.657813 0.474121 0.339063 0.22207 0.00714874
19 0.856445 0.143555 0.271484 0.287109 0.00709534
19 0.613281 0.485938 0.429688 0.2375 0.0068512
16 0.567187 0.529297 0.5875 0.35625 0.00643921
11 0.863086 0.198437 0.273828 0.396875 0.00634003
15 0.596875 0.496094 0.478125 0.26875 0.00534439
3 0.863086 0.197656 0.273828 0.395313 0.00500107
20 0.613281 0.485938 0.429688 0.2375 0.00498199
0 0.596875 0.483984 0.473438 0.282031 0.00484848
12 0.419141 0.769336 0.423438 0.461328 0.00468063
16 0.377246 0.867578 0.30332 0.264844 0.00468063
20 0.863086 0.197656 0.273828 0.395313 0.00466537
11 0.567187 0.529297 0.5875 0.35625 0.00460815
11 0.862891 0.233008 0.274219 0.325391 0.00443268
18 0.567187 0.529297 0.5875 0.35625 0.00436401
12 0.380469 0.835156 0.302344 0.329688 0.00432968
13 0.600879 0.502734 0.532617 0.35625 0.00426483
11 0.377246 0.867578 0.30332 0.264844 0.00411606
12 0.433594 0.385938 0.867188 0.771875 0.00391388
12 0.469531 0.714844 0.851562 0.570312 0.00379562
13 0.768945 0.268359 0.462109 0.536719 0.00376511
2 0.600879 0.502734 0.532617 0.35625 0.00362206
9 0.51875 0.556152 0.671875 0.429883 0.00362206
15 0.637109 0.473535 0.375781 0.224805 0.00362206
5 0.863086 0.197656 0.273828 0.395313 0.00353813
2 0.673828 0.480078 0.294531 0.21875 0.00353813
13 0.380469 0.835156 0.302344 0.329688 0.00352478
15 0.567187 0.529297 0.5875 0.35625 0.00345612
12 0.596875 0.710938 0.80625 0.578125 0.00344276
19 0.863086 0.197656 0.273828 0.395313 0.00340271
12 0.589063 0.509375 0.489063 0.339063 0.00335121
12 0.628125 0.719922 0.35 0.560156 0.00321007
6 0.867188 0.245312 0.265625 0.258203 0.00305176
1 0.596875 0.485547 0.464063 0.241406 0.00301552
2 0.8625 0.189063 0.275 0.378125 0.00291252
4 0.859961 0.195703 0.280078 0.391406 0.00288963
6 0.863086 0.198437 0.273828 0.396875 0.00283432
14 0.600879 0.502734 0.532617 0.35625 0.00275803
12 0.455371 0.517969 0.23457 0.310937 0.00274658
4 0.637109 0.473535 0.375781 0.224805 0.00274658
4 0.596875 0.496094 0.478125 0.26875 0.00271416
25 0.8625 0.189063 0.275 0.378125 0.00269318
12 0.355078 0.711328 0.710156 0.577344 0.00268364
3 0.614844 0.481641 0.432813 0.241406 0.00263214
12 0.535547 0.514844 0.364844 0.307813 0.00263214
13 0.862891 0.233008 0.274219 0.325391 0.00260162
16 0.535547 0.514844 0.364844 0.307813 0.00259018
13 0.419141 0.769336 0.423438 0.461328 0.00259018
12 0.706641 0.673047 0.577344 0.653906 0.00252151
6 0.377246 0.878516 0.301758 0.242969 0.0024929
0 0.8625 0.189063 0.275 0.378125 0.00239754
12 0.614844 0.481641 0.432813 0.241406 0.00239754
24 0.863086 0.198437 0.273828 0.396875 0.00235939
2 0.51875 0.556152 0.671875 0.429883 0.00233269
23 0.567187 0.529297 0.5875 0.35625 0.00230598
13 0.628125 0.719922 0.35 0.560156 0.00228691
21 0.865625 0.191016 0.26875 0.382031 0.00225258
13 0.535547 0.514844 0.364844 0.307813 0.00212479
12 0.817773 0.236914 0.364453 0.473828 0.00210762
13 0.516016 0.360938 0.705469 0.721875 0.00203514
12 0.328516 0.496191 0.657031 0.632617 0.00203514
1 0.377246 0.867578 0.30332 0.264844 0.0019722
12 0.578516 0.349219 0.589844 0.698438 0.00194168
12 0.619922 0.797656 0.333594 0.404687 0.00194168
9 0.863086 0.197656 0.273828 0.395313 0.00191212
6 0.535547 0.514844 0.364844 0.307813 0.00191212
11 0.385547 0.843945 0.375781 0.312109 0.00191212
5 0.613281 0.485938 0.429688 0.2375 0.00189686
4 0.51875 0.556152 0.671875 0.429883 0.00189686
12 0.620703 0.335938 0.758594 0.671875 0.00188255
7 0.673828 0.480078 0.294531 0.21875 0.00188255
11 0.516016 0.360938 0.705469 0.721875 0.00187492
0 0.370703 0.867188 0.317969 0.265625 0.00186729
24 0.862891 0.233008 0.274219 0.325391 0.00186062
8 0.863086 0.197656 0.273828 0.395313 0.00181007
19 0.880469 0.0859375 0.239063 0.171875 0.00178242
13 0.619922 0.797656 0.333594 0.404687 0.0017271
3 0.600879 0.502734 0.532617 0.35625 0.0017004
19 0.853125 0.146875 0.29375 0.29375 0.00168705
23 0.863086 0.198437 0.273828 0.396875 0.00168133
25 0.657813 0.474121 0.339063 0.22207 0.0016613
12 0.446484 0.680078 0.697656 0.639844 0.0016613
10 0.637109 0.473535 0.375781 0.224805 0.00164223
0 0.567187 0.529297 0.5875 0.35625 0.00163555
19 0.600879 0.502734 0.532617 0.35625 0.00161076
9 0.867188 0.245312 0.265625 0.258203 0.00158501
20 0.567187 0.529297 0.5875 0.35625 0.00157928
10 0.594922 0.486719 0.471094 0.264844 0.00157928
13 0.706641 0.673047 0.577344 0.653906 0.00154877
12 0.383203 0.582031 0.766406 0.634375 0.00152493
16 0.385547 0.843945 0.375781 0.312109 0.0015192
2 0.377246 0.867578 0.30332 0.264844 0.00146675
12 0.409375 0.4375 0.81875 0.875 0.00143814
1 0.600879 0.502734 0.532617 0.35625 0.00143814
14 0.865625 0.191016 0.26875 0.382031 0.00143242
3 0.377246 0.867578 0.30332 0.264844 0.0014267
18 0.673828 0.480078 0.294531 0.21875 0.00141621
7 0.862891 0.233008 0.274219 0.325391 0.00137234
4 0.600879 0.502734 0.532617 0.35625 0.00137234
13 0.455371 0.517969 0.23457 0.310937 0.00127411
1 0.628125 0.719922 0.35 0.560156 0.00125504
11 0.378125 0.792188 0.324219 0.415625 0.00124454
19 0.377246 0.867578 0.30332 0.264844 0.00124454
15 0.535547 0.514844 0.364844 0.307813 0.00123978
14 0.51875 0.556152 0.671875 0.429883 0.00122547
1 0.385547 0.843945 0.375781 0.312109 0.0012207
12 0.405371 0.705078 0.358008 0.589844 0.00121593
2 0.535547 0.514844 0.364844 0.307813 0.0012064
11 0.455078 0.744922 0.849219 0.510156 0.00119209
16 0.378125 0.792188 0.324219 0.415625 0.00118828
13 0.596875 0.710938 0.80625 0.578125 0.00116539
13 0.469531 0.714844 0.851562 0.570312 0.00116062
13 0.377246 0.878516 0.301758 0.242969 0.00114727
7 0.863086 0.198437 0.273828 0.396875 0.0011425
25 0.594922 0.486719 0.471094 0.264844 0.0011425
2 0.867188 0.245312 0.265625 0.258203 0.00113392
17 0.377246 0.867578 0.30332 0.264844 0.0011034
1 0.578516 0.349219 0.589844 0.698438 0.00109863
9 0.377246 0.878516 0.301758 0.242969 0.00109005
23 0.867188 0.245312 0.265625 0.258203 0.00108624
17 0.535547 0.514844 0.364844 0.307813 0.00108624
1 0.378125 0.792188 0.324219 0.415625 0.00107765
24 0.377246 0.881641 0.304883 0.236719 0.00104809
4 0.370703 0.867188 0.317969 0.265625 0.00104427
24 0.535547 0.514844 0.364844 0.307813 0.00102043
10 0.865625 0.191016 0.26875 0.382031 0.00101662
12 0.467969 0.183887 0.547656 0.367773 0.00100803
13 0.638281 0.352344 0.659375 0.704688 0.00100803
13 0.51875 0.556152 0.671875 0.429883 0.00100803
7 0.535547 0.514844 0.364844 0.307813 0.00100422
12 0.615625 0.714453 0.329688 0.466406 0.00100422
24 0.604297 0.477344 0.411719 0.246875 0.0856934
7 0.596875 0.482031 0.43125 0.258594 0.0592041
18 0.596875 0.482031 0.43125 0.258594 0.0587769
23 0.604297 0.477344 0.411719 0.246875 0.0332031
6 0.604297 0.477344 0.411719 0.246875 0.026062
2 0.604297 0.477344 0.411719 0.246875 0.0218658
16 0.604297 0.477344 0.411719 0.246875 0.0208893
11 0.865234 0.197266 0.269531 0.394531 0.0131226
0 0.604297 0.477344 0.411719 0.246875 0.0116882
1 0.861328 0.197656 0.277344 0.395313 0.0116425
19 0.858008 0.20918 0.283984 0.418359 0.0112457
19 0.85918 0.155859 0.281641 0.311719 0.0108185
9 0.604297 0.477344 0.411719 0.246875 0.0108185
4 0.5875 0.491504 0.454688 0.248242 0.00857544
4 0.865234 0.197266 0.269531 0.394531 0.00728989
21 0.858008 0.20918 0.283984 0.418359 0.0068512
3 0.861328 0.197656 0.277344 0.395313 0.00677109
0 0.865234 0.197266 0.269531 0.394531 0.00656509
22 0.861328 0.197656 0.277344 0.395313 0.00619125
17 0.865039 0.200391 0.269922 0.400781 0.00614548
16 0.865625 0.196094 0.26875 0.392188 0.0055542
14 0.596875 0.482031 0.43125 0.258594 0.00548935
6 0.865234 0.198437 0.269531 0.385156 0.00519943
8 0.865234 0.197266 0.269531 0.394531 0.00484848
25 0.865234 0.197266 0.269531 0.394531 0.00445175
2 0.865234 0.197266 0.269531 0.394531 0.00413513
13 0.861328 0.197656 0.277344 0.395313 0.00403976
11 0.596875 0.482031 0.43125 0.258594 0.00390053
5 0.861328 0.197656 0.277344 0.395313 0.00374985
19 0.860156 0.131641 0.275 0.263281 0.00322342
12 0.861328 0.197656 0.277344 0.395313 0.00312424
14 0.865234 0.197266 0.269531 0.394531 0.00298119
15 0.596875 0.482031 0.43125 0.258594 0.00266266
19 0.413379 0.895312 0.24668 0.209375 0.00256157
21 0.850781 0.177148 0.298438 0.354297 0.00251198
20 0.860938 0.199219 0.278125 0.398438 0.00213242
5 0.596875 0.482031 0.43125 0.258594 0.0020752
10 0.865234 0.197266 0.269531 0.394531 0.00202751
14 0.571875 0.510156 0.507812 0.292969 0.00186062
23 0.865625 0.196094 0.26875 0.392188 0.00178909
7 0.571875 0.510156 0.507812 0.292969 0.0015192
20 0.604297 0.477344 0.411719 0.246875 0.00151253
21 0.403516 0.895312 0.224219 0.209375 0.00141621
6 0.571875 0.510156 0.507812 0.292969 0.00131989
16 0.695312 0.892188 0.457813 0.215625 0.00125504
0 0.571875 0.510156 0.507812 0.292969 0.00123978
11 0.571875 0.510156 0.507812 0.292969 0.0012064
3 0.5875 0.491504 0.454688 0.248242 0.0011692
9 0.861328 0.197656 0.277344 0.395313 0.00109863
19 0.870703 0.220264 0.258594 0.353223 0.00109005
0 0.695312 0.892188 0.457813 0.215625 0.00107765
11 0.677344 0.894531 0.396875 0.210938 0.00106049
18 0.614844 0.465723 0.473438 0.243555 0.166138
24 0.61875 0.468066 0.46875 0.25918 0.138916
7 0.614844 0.465723 0.473438 0.243555 0.10376
6 0.614844 0.465723 0.473438 0.243555 0.0514526
9 0.61875 0.468066 0.46875 0.25918 0.0476074
0 0.614844 0.465723 0.473438 0.243555 0.0367737
23 0.61875 0.468066 0.46875 0.25918 0.032959
2 0.61875 0.468066 0.46875 0.25918 0.0281067
16 0.61875 0.468066 0.46875 0.25918 0.0207977
4 0.614844 0.474121 0.475 0.248633 0.018158
14 0.610938 0.473828 0.482812 0.266406 0.0136871
15 0.614844 0.474121 0.475 0.248633 0.0102463
20 0.61875 0.468066 0.46875 0.25918 0.00997162
6 0.621973 0.491797 0.518555 0.3375 0.00818634
2 0.621973 0.491797 0.518555 0.3375 0.00790405
2 0.507812 0.45 0.278125 0.201563 0.00595856
9 0.621973 0.491797 0.518555 0.3375 0.00568771
1 0.857422 0.197266 0.285156 0.394531 0.00527954
2 0.569531 0.457422 0.407031 0.213281 0.0050621
11 0.614844 0.474121 0.475 0.248633 0.00498199
10 0.61875 0.468066 0.46875 0.25918 0.00466537
0 0.507812 0.45 0.278125 0.201563 0.0046463
21 0.857422 0.197266 0.285156 0.394531 0.00392914
5 0.61875 0.468066 0.46875 0.25918 0.00388527
24 0.621973 0.491797 0.518555 0.3375 0.00376511
19 0.854688 0.145898 0.275 0.291797 0.00359344
4 0.507812 0.45 0.278125 0.201563 0.00333786
23 0.507812 0.45 0.278125 0.201563 0.00327301
16 0.621973 0.491797 0.518555 0.3375 0.00327301
14 0.507812 0.45 0.278125 0.201563 0.00317192
11 0.613281 0.471094 0.504687 0.334375 0.00312424
18 0.621973 0.491797 0.518555 0.3375 0.00284576
0 0.621973 0.491797 0.518555 0.3375 0.00279999
23 0.621973 0.491797 0.518555 0.3375 0.00279999
4 0.621973 0.491797 0.518555 0.3375 0.00259018
25 0.61875 0.468066 0.46875 0.25918 0.00239754
19 0.847656 0.162695 0.304688 0.325391 0.00214958
3 0.857422 0.197266 0.285156 0.394531 0.00211525
17 0.85625 0.192578 0.2875 0.385156 0.00203514
3 0.608984 0.454688 0.471094 0.229687 0.00198746
7 0.507812 0.45 0.278125 0.201563 0.00178909
7 0.613281 0.471094 0.504687 0.334375 0.0017271
11 0.854297 0.196484 0.291406 0.392969 0.00171375
23 0.569531 0.457422 0.407031 0.213281 0.00162888
8 0.857422 0.197266 0.285156 0.394531 0.00161648
22 0.857422 0.197266 0.285156 0.394531 0.00160408
25 0.621973 0.491797 0.518555 0.3375 0.0015974
14 0.857422 0.197266 0.285156 0.394531 0.00157356
5 0.857422 0.197266 0.285156 0.394531 0.00154877
6 0.507812 0.45 0.278125 0.201563 0.0015192
14 0.569531 0.457422 0.407031 0.213281 0.0015192
15 0.613281 0.471094 0.504687 0.334375 0.00133038
2 0.857422 0.197266 0.285156 0.394531 0.00130463
16 0.569531 0.457422 0.407031 0.213281 0.00130463
5 0.621973 0.491797 0.518555 0.3375 0.00130463
16 0.507812 0.45 0.278125 0.201563 0.00126934
4 0.857422 0.197266 0.285156 0.394531 0.00123024
6 0.857422 0.197266 0.285156 0.394531 0.00121593
0 0.854297 0.196484 0.291406 0.392969 0.00121593
25 0.857422 0.197266 0.285156 0.394531 0.0012064
3 0.507812 0.45 0.278125 0.201563 0.00117397
10 0.621973 0.491797 0.518555 0.3375 0.00112438
10 0.857422 0.197266 0.285156 0.394531 0.0011034
20 0.857422 0.197266 0.285156 0.394531 0.00105667
18 0.607422 0.478125 0.447656 0.24375 0.437744
7 0.607422 0.478125 0.447656 0.24375 0.366699
24 0.601172 0.471094 0.452344 0.241406 0.242188
16 0.607031 0.478809 0.457813 0.261133 0.12854
6 0.601172 0.471094 0.452344 0.241406 0.0970459
9 0.607031 0.478809 0.457813 0.261133 0.0658569
2 0.607422 0.478125 0.447656 0.24375 0.0510864
20 0.607031 0.478809 0.457813 0.261133 0.0479431
0 0.607031 0.478809 0.457813 0.261133 0.0348816
23 0.607422 0.478125 0.447656 0.24375 0.0266571
14 0.598828 0.459766 0.449219 0.23125 0.0137405
2 0.546484 0.442969 0.377344 0.217188 0.0106506
16 0.546484 0.442969 0.377344 0.217188 0.00974274
5 0.601172 0.471094 0.452344 0.241406 0.00967407
6 0.546484 0.442969 0.377344 0.217188 0.00857544
11 0.590625 0.45 0.454688 0.228906 0.00844574
12 0.427246 0.358398 0.781445 0.716797 0.00740433
7 0.546484 0.442969 0.377344 0.217188 0.00616837
23 0.546484 0.442969 0.377344 0.217188 0.00591278
4 0.598828 0.459766 0.449219 0.23125 0.00575256
18 0.546484 0.442969 0.377344 0.217188 0.00530243
16 0.227148 0.578027 0.454297 0.420508 0.00518036
10 0.607031 0.478809 0.457813 0.261133 0.00462723
7 0.587891 0.42334 0.460156 0.248633 0.00443268
0 0.546484 0.442969 0.377344 0.217188 0.00416565
6 0.641406 0.49375 0.39375 0.232813 0.00399017
12 0.378516 0.408984 0.757031 0.817969 0.00374985
3 0.590625 0.45 0.454688 0.228906 0.00370789
12 0.540625 0.283594 0.565625 0.567187 0.00346947
1 0.362109 0.890625 0.301563 0.21875 0.00346947
16 0.59209 0.451562 0.504883 0.342187 0.00338936
13 0.464063 0.3875 0.7625 0.775 0.00337601
15 0.598828 0.459766 0.449219 0.23125 0.00324821
12 0.348242 0.499219 0.696484 0.885938 0.00312424
4 0.641406 0.49375 0.39375 0.232813 0.00302696
13 0.233008 0.542969 0.466016 0.48125 0.00292397
13 0.385938 0.482031 0.771875 0.945312 0.00288963
25 0.607031 0.478809 0.457813 0.261133 0.0028553
12 0.227148 0.578027 0.454297 0.420508 0.00282288
1 0.385938 0.482031 0.771875 0.945312 0.00273705
13 0.560547 0.324805 0.453906 0.482422 0.0026722
6 0.587891 0.42334 0.460156 0.248633 0.00259018
2 0.59209 0.451562 0.504883 0.342187 0.00251198
14 0.641406 0.49375 0.39375 0.232813 0.0024929
16 0.560547 0.324805 0.453906 0.482422 0.00247192
2 0.587891 0.42334 0.460156 0.248633 0.00243378
4 0.546484 0.442969 0.377344 0.217188 0.00237846
12 0.445703 0.484375 0.891406 0.96875 0.00237846
14 0.546484 0.442969 0.377344 0.217188 0.00235939
0 0.587891 0.42334 0.460156 0.248633 0.00225258
24 0.603809 0.457031 0.501758 0.457813 0.00223351
6 0.233008 0.542969 0.466016 0.48125 0.00215721
2 0.233008 0.542969 0.466016 0.48125 0.00211525
13 0.380469 0.371289 0.760938 0.742578 0.0020504
9 0.566406 0.454688 0.429688 0.2375 0.00197983
18 0.587891 0.42334 0.460156 0.248633 0.0019722
12 0.560547 0.324805 0.453906 0.482422 0.0019722
2 0.560547 0.324805 0.453906 0.482422 0.00191879
13 0.540625 0.283594 0.565625 0.567187 0.00188923
1 0.233008 0.542969 0.466016 0.48125 0.00185299
12 0.433496 0.239648 0.617383 0.479297 0.00183868
6 0.603809 0.457031 0.501758 0.457813 0.0018177
19 0.598828 0.459766 0.449219 0.23125 0.00176144
12 0.367578 0.864062 0.303906 0.271875 0.00168705
1 0.560547 0.324805 0.453906 0.482422 0.00167465
11 0.594922 0.368164 0.500781 0.341016 0.00165462
13 0.594922 0.368164 0.500781 0.341016 0.00165462
21 0.362109 0.890625 0.301563 0.21875 0.00164223
14 0.59375 0.464941 0.478125 0.310742 0.00162888
22 0.362109 0.890625 0.301563 0.21875 0.00162315
9 0.603809 0.457031 0.501758 0.457813 0.00158501
11 0.233008 0.542969 0.466016 0.48125 0.00155449
2 0.594922 0.368164 0.500781 0.341016 0.00154877
12 0.478906 0.782617 0.585156 0.434766 0.00150681
24 0.546484 0.442969 0.377344 0.217188 0.00148964
20 0.603809 0.457031 0.501758 0.457813 0.00148964
3 0.362109 0.890625 0.301563 0.21875 0.00146103
14 0.233008 0.542969 0.466016 0.48125 0.00144386
15 0.233008 0.542969 0.466016 0.48125 0.00144386
16 0.362109 0.890625 0.301563 0.21875 0.00143242
4 0.59375 0.464941 0.478125 0.310742 0.00139904
2 0.396094 0.480078 0.792188 0.810156 0.00139904
17 0.362109 0.890625 0.301563 0.21875 0.00139427
12 0.4375 0.684766 0.74375 0.630469 0.00136662
11 0.396094 0.480078 0.792188 0.810156 0.00135136
12 0.553906 0.6875 0.892188 0.625 0.00131512
11 0.35918 0.887305 0.307422 0.225391 0.00131512
0 0.652344 0.5 0.370313 0.245312 0.00130463
5 0.546484 0.442969 0.377344 0.217188 0.00129986
0 0.233008 0.542969 0.466016 0.48125 0.0012846
0 0.603809 0.457031 0.501758 0.457813 0.00127411
12 0.334375 0.362891 0.66875 0.651563 0.00126934
15 0.396094 0.480078 0.792188 0.810156 0.00126457
6 0.362109 0.890625 0.301563 0.21875 0.00126457
12 0.359961 0.887305 0.302734 0.225391 0.0012598
11 0.579785 0.272852 0.476367 0.544922 0.00122547
5 0.641406 0.49375 0.39375 0.232813 0.00122547
3 0.608594 0.489063 0.454688 0.242969 0.00121593
11 0.608594 0.489063 0.454688 0.242969 0.00118828
0 0.396094 0.480078 0.792188 0.810156 0.00118828
12 0.565527 0.478125 0.687695 0.909375 0.00117874
1 0.464063 0.3875 0.7625 0.775 0.0011692
16 0.385938 0.482031 0.771875 0.945312 0.0011692
21 0.610547 0.48125 0.466406 0.326562 0.00116539
13 0.367578 0.864062 0.303906 0.271875 0.00115585
6 0.560547 0.324805 0.453906 0.482422 0.00114727
16 0.587891 0.42334 0.460156 0.248633 0.0011425
10 0.566406 0.454688 0.429688 0.2375 0.0011425
13 0.295703 0.510938 0.591406 0.879687 0.0011425
12 0.428125 0.712109 0.525 0.575781 0.0011425
2 0.362109 0.890625 0.301563 0.21875 0.0011425
13 0.359961 0.887305 0.302734 0.225391 0.00113773
12 0.594922 0.368164 0.500781 0.341016 0.00111198
20 0.233008 0.542969 0.466016 0.48125 0.00109482
20 0.362109 0.890625 0.301563 0.21875 0.00109005
13 0.565527 0.478125 0.687695 0.909375 0.00108147
16 0.594922 0.368164 0.500781 0.341016 0.00106049
6 0.396094 0.480078 0.792188 0.810156 0.00103664
16 0.620313 0.508496 0.621875 0.773633 0.00102806
16 0.651953 0.479785 0.358594 0.21543 0.00100803
7 0.596777 0.482031 0.443945 0.220313 0.108582
18 0.596777 0.482031 0.443945 0.220313 0.0585632
16 0.596777 0.482031 0.443945 0.220313 0.0577087
24 0.596777 0.482031 0.443945 0.220313 0.0245209
2 0.596777 0.482031 0.443945 0.220313 0.0214539
6 0.596777 0.482031 0.443945 0.220313 0.0145569
23 0.596777 0.482031 0.443945 0.220313 0.00891876
0 0.602344 0.474609 0.439063 0.221875 0.00674438
9 0.596777 0.482031 0.443945 0.220313 0.00591278
14 0.596777 0.482031 0.443945 0.220313 0.00288963
12 0.373437 0.641797 0.746875 0.716406 0.0024929
5 0.596777 0.482031 0.443945 0.220313 0.00225258
20 0.596777 0.482031 0.443945 0.220313 0.00156116
11 0.598437 0.469629 0.446875 0.220117 0.00137806
3 0.596777 0.482031 0.443945 0.220313 0.00134087
19 0.849219 0.166406 0.301563 0.332813 0.00119686
4 0.596777 0.482031 0.443945 0.220313 0.00110722
18 0.599609 0.471777 0.455469 0.261133 0.24585
7 0.599609 0.471777 0.455469 0.261133 0.236572
24 0.599609 0.471777 0.455469 0.261133 0.185303
16 0.6 0.476465 0.451562 0.254883 0.0577087
9 0.599609 0.471777 0.455469 0.261133 0.036499
2 0.603906 0.464063 0.471875 0.244531 0.0124817
6 0.603906 0.464063 0.471875 0.244531 0.0120544
23 0.603906 0.464063 0.471875 0.244531 0.0115051
0 0.6 0.476465 0.451562 0.254883 0.00740433
4 0.603223 0.474316 0.473242 0.262305 0.00296974
20 0.6 0.476465 0.451562 0.254883 0.00263214
14 0.603223 0.474316 0.473242 0.262305 0.00216484
5 0.599609 0.471777 0.455469 0.261133 0.00195694
3 0.599609 0.471777 0.455469 0.261133 0.00116539
18 0.59541 0.487109 0.479492 0.226562 0.609375
7 0.59541 0.487109 0.479492 0.226562 0.482422
24 0.59541 0.487109 0.479492 0.226562 0.13208
6 0.59541 0.487109 0.479492 0.226562 0.0609741
16 0.599121 0.475 0.470508 0.228125 0.042572
9 0.59541 0.487109 0.479492 0.226562 0.037323
23 0.59541 0.487109 0.479492 0.226562 0.0195618
2 0.59541 0.487109 0.479492 0.226562 0.0180969
0 0.600391 0.490625 0.458594 0.223438 0.00712204
0 0.657813 0.479688 0.348438 0.207813 0.00356483
16 0.657813 0.479688 0.348438 0.207813 0.00356483
12 0.398828 0.323047 0.797656 0.646094 0.00348282
7 0.657813 0.479688 0.348438 0.207813 0.00322342
6 0.657813 0.479688 0.348438 0.207813 0.00317192
3 0.59541 0.487109 0.479492 0.226562 0.00237846
4 0.617188 0.47666 0.417188 0.216992 0.00221634
23 0.657813 0.479688 0.348438 0.207813 0.00219917
2 0.657813 0.479688 0.348438 0.207813 0.00211525
24 0.657813 0.479688 0.348438 0.207813 0.0019722
15 0.600391 0.490625 0.458594 0.223438 0.00195694
18 0.657813 0.479688 0.348438 0.207813 0.00191212
11 0.592285 0.47959 0.45918 0.24082 0.0017271
13 0.446094 0.321094 0.810938 0.642188 0.00139427
9 0.657813 0.479688 0.348438 0.207813 0.00136185
14 0.600391 0.490625 0.458594 0.223438 0.00135612
12 0.313672 0.677344 0.627344 0.645312 0.00135136
13 0.313672 0.677344 0.627344 0.645312 0.0012207
11 0.271094 0.878516 0.542188 0.242969 0.00104046
18 0.603125 0.469922 0.470313 0.254688 0.906738
7 0.603125 0.469922 0.470313 0.254688 0.817383
24 0.603125 0.469922 0.470313 0.254688 0.460938
6 0.603125 0.469922 0.470313 0.254688 0.150513
16 0.601953 0.472754 0.471094 0.257617 0.134766
9 0.603125 0.469922 0.470313 0.254688 0.130249
2 0.604297 0.466797 0.475781 0.254688 0.0306702
23 0.601953 0.472754 0.471094 0.257617 0.0150757
0 0.601953 0.472754 0.471094 0.257617 0.0122375
11 0.603125 0.469922 0.470313 0.254688 0.0114212
22 0.866211 0.197266 0.267578 0.394531 0.00703812
1 0.866211 0.197266 0.267578 0.394531 0.00524139
3 0.603125 0.469922 0.470313 0.254688 0.00488663
11 0.269531 0.860156 0.539062 0.279687 0.00475693
11 0.289258 0.880469 0.458984 0.239063 0.00448608
2 0.485938 0.452734 0.258594 0.217969 0.00383949
14 0.603906 0.461621 0.492188 0.251758 0.00378036
17 0.866211 0.197266 0.267578 0.394531 0.00325966
20 0.601953 0.472754 0.471094 0.257617 0.00313568
12 0.863477 0.195898 0.273047 0.391797 0.00309944
20 0.866211 0.197266 0.267578 0.394531 0.00286674
3 0.866211 0.197266 0.267578 0.394531 0.00284576
5 0.271484 0.874609 0.542969 0.250781 0.00253105
0 0.485938 0.452734 0.258594 0.217969 0.00242424
21 0.866211 0.197266 0.267578 0.394531 0.00236893
13 0.863477 0.195898 0.273047 0.391797 0.00226974
5 0.289258 0.880469 0.458984 0.239063 0.00219917
12 0.330273 0.446875 0.660547 0.814063 0.00213242
19 0.289258 0.880469 0.458984 0.239063 0.00213242
7 0.485938 0.452734 0.258594 0.217969 0.00212479
10 0.271484 0.874609 0.542969 0.250781 0.00205803
14 0.485938 0.452734 0.258594 0.217969 0.0020504
10 0.604004 0.471484 0.485742 0.264844 0.00193405
12 0.321094 0.336133 0.642188 0.672266 0.00183868
4 0.603906 0.461621 0.492188 0.251758 0.00183868
6 0.485938 0.452734 0.258594 0.217969 0.00157928
3 0.289258 0.880469 0.458984 0.239063 0.00154877
1 0.289258 0.880469 0.458984 0.239063 0.00149536
8 0.289258 0.880469 0.458984 0.239063 0.0014267
19 0.271484 0.874609 0.542969 0.250781 0.0014267
18 0.485938 0.452734 0.258594 0.217969 0.00139904
11 0.485938 0.452734 0.258594 0.217969 0.00133514
12 0.281641 0.483203 0.563281 0.644531 0.00133514
23 0.485938 0.452734 0.258594 0.217969 0.00125504
15 0.604297 0.466797 0.475781 0.254688 0.00123501
5 0.865625 0.197852 0.26875 0.395703 0.00122547
17 0.289258 0.880469 0.458984 0.239063 0.00122547
16 0.271484 0.874609 0.542969 0.250781 0.00122547
19 0.865625 0.197852 0.26875 0.395703 0.0012064
17 0.271484 0.874609 0.542969 0.250781 0.0011158
25 0.866211 0.197266 0.267578 0.394531 0.00105667
5 0.603125 0.469922 0.470313 0.254688 0.00102425
4 0.485938 0.452734 0.258594 0.217969 0.00102043
8 0.271484 0.874609 0.542969 0.250781 0.00101185
7 0.596094 0.479785 0.492188 0.307617 0.694336
18 0.596094 0.479785 0.492188 0.307617 0.558105
24 0.594531 0.467187 0.490625 0.271875 0.296631
16 0.593359 0.478809 0.500781 0.295508 0.187134
2 0.593359 0.478809 0.500781 0.295508 0.0658569
9 0.596094 0.479785 0.492188 0.307617 0.0648804
6 0.596094 0.479785 0.492188 0.307617 0.0228424
0 0.60166 0.467969 0.485742 0.274219 0.0091629
14 0.597559 0.502246 0.520508 0.350195 0.00734711
10 0.593359 0.478809 0.500781 0.295508 0.00703812
23 0.593359 0.478809 0.500781 0.295508 0.00448608
20 0.594531 0.467187 0.490625 0.271875 0.00367928
15 0.317578 0.305664 0.635156 0.611328 0.00234222
5 0.593359 0.478809 0.500781 0.295508 0.00195694
12 0.338672 0.310547 0.677344 0.621094 0.00173378
19 0.853125 0.166016 0.29375 0.332031 0.0015974
16 0.596484 0.519629 0.557031 0.399805 0.00152493
3 0.601953 0.477734 0.483594 0.299219 0.00148964
18 0.606348 0.477344 0.463867 0.259375 0.513672
7 0.606348 0.477344 0.463867 0.259375 0.496094
16 0.605371 0.474121 0.464258 0.256445 0.0670776
24 0.606348 0.477344 0.463867 0.259375 0.0522461
2 0.605371 0.474121 0.464258 0.256445 0.0474243
9 0.605371 0.474121 0.464258 0.256445 0.0290833
6 0.606348 0.477344 0.463867 0.259375 0.0240936
23 0.606348 0.477344 0.463867 0.259375 0.00426483
0 0.596973 0.48125 0.457617 0.255469 0.00211525
14 0.605371 0.474121 0.464258 0.256445 0.00166798
3 0.596973 0.48125 0.457617 0.255469 0.00150108
10 0.605371 0.474121 0.464258 0.256445 0.00123024
7 0.594531 0.481641 0.471875 0.260156 0.757812
18 0.594531 0.481641 0.471875 0.260156 0.505859
16 0.596484 0.484473 0.472656 0.24668 0.101257
24 0.594531 0.481641 0.471875 0.260156 0.100159
6 0.593359 0.479688 0.491406 0.267188 0.0389099
9 0.593359 0.479688 0.491406 0.267188 0.0358276
2 0.596484 0.484473 0.472656 0.24668 0.00888062
23 0.594531 0.481641 0.471875 0.260156 0.00416565
10 0.593359 0.479688 0.491406 0.267188 0.0024929
3 0.607031 0.490625 0.467187 0.242188 0.00236893
0 0.607031 0.490625 0.467187 0.242188 0.00212479
14 0.59541 0.478223 0.506055 0.274805 0.00186729
11 0.59541 0.478223 0.506055 0.274805 0.00143814
7 0.642188 0.491797 0.404687 0.222656 0.00103664
18 0.594141 0.471875 0.475781 0.271875 0.453369
7 0.594141 0.471875 0.475781 0.271875 0.335449
16 0.594141 0.471875 0.475781 0.271875 0.223999
24 0.594141 0.471875 0.475781 0.271875 0.0869141
2 0.597266 0.471875 0.477344 0.258594 0.0248871
9 0.594141 0.471875 0.475781 0.271875 0.0231476
6 0.590625 0.475684 0.479688 0.27832 0.00766754
0 0.607813 0.471094 0.459375 0.260156 0.00265312
14 0.596875 0.478223 0.489063 0.291992 0.00225258
3 0.603027 0.471875 0.473633 0.273438 0.00136662
10 0.596875 0.478223 0.489063 0.291992 0.00115108
23 0.590625 0.475684 0.479688 0.27832 0.00107765
18 0.596094 0.482031 0.482812 0.264062 0.565918
24 0.594629 0.4875 0.482617 0.250781 0.443604
7 0.595703 0.480566 0.482031 0.266992 0.309082
9 0.596094 0.482031 0.482812 0.264062 0.178345
16 0.594629 0.4875 0.482617 0.250781 0.0246124
6 0.610156 0.492285 0.4625 0.243555 0.0209198
2 0.591406 0.486328 0.489063 0.261719 0.0153046
14 0.591309 0.477734 0.479883 0.271875 0.00912476
11 0.299609 0.860156 0.599219 0.279687 0.00591278
0 0.610156 0.492285 0.4625 0.243555 0.00568771
23 0.610156 0.492285 0.4625 0.243555 0.00457382
10 0.299609 0.860156 0.599219 0.279687 0.00457382
14 0.480859 0.460156 0.252344 0.214062 0.00424957
7 0.480859 0.460156 0.252344 0.214062 0.00415039
11 0.318359 0.870703 0.482031 0.258594 0.00367928
2 0.496973 0.464063 0.288867 0.238281 0.00312424
19 0.299609 0.860156 0.599219 0.279687 0.00230598
4 0.608203 0.483594 0.469531 0.259375 0.00196457
21 0.299609 0.860156 0.599219 0.279687 0.0017004
17 0.299609 0.860156 0.599219 0.279687 0.00167465
18 0.496973 0.464063 0.288867 0.238281 0.00162315
16 0.496973 0.464063 0.288867 0.238281 0.00148964
11 0.332813 0.842188 0.665625 0.315625 0.00141621
3 0.608203 0.483594 0.469531 0.259375 0.00137234
15 0.610156 0.492285 0.4625 0.243555 0.00134563
0 0.480859 0.460156 0.252344 0.214062 0.00129414
5 0.299609 0.860156 0.599219 0.279687 0.00117397
16 0.299609 0.860156 0.599219 0.279687 0.00104427
7 0.600684 0.478906 0.475195 0.275781 0.537109
7 0.522754 0.442969 0.324805 0.185938 0.399902
18 0.600781 0.476172 0.465625 0.270313 0.315674
18 0.522754 0.442969 0.324805 0.185938 0.0607605
16 0.602441 0.47666 0.466992 0.262305 0.0524292
7 0.472559 0.434277 0.24082 0.164258 0.0448608
24 0.600781 0.476172 0.465625 0.270313 0.0157166
2 0.602441 0.47666 0.466992 0.262305 0.0132751
6 0.522754 0.442969 0.324805 0.185938 0.0064621
18 0.472559 0.434277 0.24082 0.164258 0.00643921
6 0.472559 0.434277 0.24082 0.164258 0.00605011
24 0.522754 0.442969 0.324805 0.185938 0.0051384
16 0.471777 0.445312 0.251758 0.196094 0.0041008
2 0.472559 0.434277 0.24082 0.164258 0.00365067
6 0.592285 0.462891 0.479492 0.24375 0.00332451
2 0.522754 0.442969 0.324805 0.185938 0.00319672
9 0.600684 0.478906 0.475195 0.275781 0.003088
23 0.522754 0.442969 0.324805 0.185938 0.00284576
7 0.547266 0.416406 0.358594 0.174219 0.00263214
14 0.522754 0.442969 0.324805 0.185938 0.00201988
14 0.592285 0.462891 0.479492 0.24375 0.00187492
14 0.472559 0.434277 0.24082 0.164258 0.00176811
13 0.863281 0.216992 0.273438 0.433984 0.0016613
7 0.599121 0.436621 0.45332 0.231445 0.00165462
10 0.468066 0.469434 0.263867 0.218945 0.00162315
24 0.471777 0.445312 0.251758 0.196094 0.00159168
23 0.472559 0.434277 0.24082 0.164258 0.00154877
23 0.603516 0.475391 0.466406 0.253125 0.00150681
0 0.605078 0.477344 0.474219 0.267969 0.00148392
19 0.860938 0.166211 0.278125 0.332422 0.00140476
0 0.472559 0.434277 0.24082 0.164258 0.00134087
9 0.522754 0.442969 0.324805 0.185938 0.0012064
16 0.522754 0.442969 0.324805 0.185938 0.00102043
7 0.590723 0.478223 0.47793 0.266992 0.458984
18 0.593066 0.477734 0.485742 0.260156 0.282227
16 0.585059 0.479785 0.492383 0.254492 0.213379
2 0.585059 0.479785 0.492383 0.254492 0.0605164
24 0.593066 0.477734 0.485742 0.260156 0.0143356
10 0.592969 0.480078 0.503125 0.273438 0.0107346
6 0.605078 0.464941 0.480469 0.237305 0.0106125
9 0.593066 0.477734 0.485742 0.260156 0.00482941
16 0.519531 0.459473 0.33125 0.249805 0.00400543
14 0.585059 0.479785 0.492383 0.254492 0.00370789
7 0.519531 0.459473 0.33125 0.249805 0.00332451
6 0.519531 0.459473 0.33125 0.249805 0.00157356
10 0.529688 0.478125 0.365625 0.25625 0.00141048
11 0.599316 0.476172 0.49668 0.276563 0.00136185
2 0.519531 0.459473 0.33125 0.249805 0.00112057
23 0.593066 0.477734 0.485742 0.260156 0.00103188
18 0.584375 0.477734 0.490625 0.273438 0.660156
7 0.584375 0.477734 0.490625 0.273438 0.642578
24 0.590234 0.474902 0.480469 0.261133 0.0836182
16 0.583594 0.478027 0.49375 0.258008 0.0639648
2 0.583594 0.478027 0.49375 0.258008 0.0510864
9 0.590234 0.474902 0.480469 0.261133 0.0380249
6 0.580469 0.478516 0.48125 0.263281 0.0337219
7 0.523438 0.460059 0.385938 0.24082 0.0245209
10 0.574219 0.47666 0.484375 0.266992 0.0178528
6 0.514453 0.46084 0.361719 0.229883 0.0158997
18 0.523438 0.460059 0.385938 0.24082 0.0106964
16 0.523438 0.460059 0.385938 0.24082 0.00933838
2 0.523438 0.460059 0.385938 0.24082 0.00757599
0 0.599316 0.475 0.479492 0.264062 0.00679779
23 0.5875 0.485254 0.490625 0.26543 0.00575256
14 0.574219 0.47666 0.484375 0.266992 0.00551224
11 0.580469 0.478516 0.48125 0.263281 0.00342941
11 0.514453 0.46084 0.361719 0.229883 0.003088
3 0.599316 0.475391 0.47793 0.267188 0.00275803
10 0.523438 0.460059 0.385938 0.24082 0.00201988
15 0.599316 0.475 0.479492 0.264062 0.0016489
23 0.523438 0.460059 0.385938 0.24082 0.00157356
24 0.523438 0.460059 0.385938 0.24082 0.00155449
3 0.514453 0.46084 0.361719 0.229883 0.00150108
9 0.523438 0.460059 0.385938 0.24082 0.00148964
14 0.523438 0.460059 0.385938 0.24082 0.00138283
18 0.584766 0.487109 0.503906 0.295312 0.851074
10 0.579297 0.488281 0.499219 0.313281 0.675781
7 0.591797 0.48125 0.489844 0.289062 0.253174
23 0.584766 0.487109 0.503906 0.295312 0.0637207
16 0.585547 0.484277 0.510156 0.292383 0.0570679
6 0.580469 0.490723 0.503125 0.31543 0.0103302
9 0.591797 0.48125 0.489844 0.289062 0.0101318
0 0.580469 0.490723 0.503125 0.31543 0.00669098
24 0.591797 0.48125 0.489844 0.289062 0.00666809
5 0.579297 0.488281 0.499219 0.313281 0.00638962
2 0.592188 0.477441 0.496875 0.288867 0.00577545
15 0.580469 0.490723 0.503125 0.31543 0.00367928
25 0.579297 0.488281 0.499219 0.313281 0.00362206
14 0.579297 0.488281 0.499219 0.313281 0.00359344
4 0.580469 0.490723 0.503125 0.31543 0.00319672
3 0.570996 0.49209 0.495508 0.325195 0.00298119
11 0.580469 0.490723 0.503125 0.31543 0.00245285
10 0.488672 0.481934 0.325781 0.301758 0.00174141
17 0.568848 0.492285 0.493555 0.329492 0.00146103
7 0.593652 0.478516 0.495508 0.267188 0.975098
18 0.596875 0.481348 0.484375 0.257617 0.644043
7 0.553516 0.455566 0.413281 0.223242 0.0175171
2 0.590625 0.484766 0.503125 0.260156 0.0124283
16 0.598047 0.484766 0.496094 0.261719 0.00867462
6 0.589453 0.466797 0.477344 0.25 0.00740433
24 0.597559 0.478125 0.476758 0.2625 0.00624084
18 0.553516 0.455566 0.413281 0.223242 0.00600433
23 0.597559 0.474902 0.487695 0.262695 0.00510025
9 0.596875 0.481348 0.484375 0.257617 0.00216484
24 0.553516 0.455566 0.413281 0.223242 0.00183868
2 0.553516 0.455566 0.413281 0.223242 0.00150681
10 0.590625 0.471094 0.490625 0.26875 0.00144386
14 0.590234 0.480078 0.500781 0.270313 0.00119686
3 0.589453 0.466797 0.477344 0.25 0.00109005
7 0.597656 0.481641 0.475 0.259375 0.62793
18 0.602734 0.478125 0.466406 0.260156 0.586914
16 0.602734 0.489941 0.471094 0.266992 0.0180511
6 0.594629 0.482031 0.487305 0.263281 0.0179901
24 0.608594 0.477344 0.451562 0.260938 0.0108185
2 0.597656 0.481641 0.475 0.259375 0.00993347
23 0.597656 0.481641 0.475 0.259375 0.00831604
16 0.465527 0.472266 0.261133 0.197656 0.00568771
6 0.465723 0.462891 0.249805 0.203906 0.00407028
9 0.602734 0.478125 0.466406 0.260156 0.00305176
23 0.465723 0.462891 0.249805 0.203906 0.00293541
0 0.611719 0.487891 0.446875 0.264844 0.0024147
15 0.460254 0.450098 0.26543 0.19668 0.00178242
10 0.594629 0.482031 0.487305 0.263281 0.00160408
3 0.608594 0.477344 0.451562 0.260938 0.00131512
14 0.594629 0.482031 0.487305 0.263281 0.0012064
13 0.458203 0.4625 0.261719 0.1875 0.0012064
7 0.586816 0.475098 0.476367 0.27793 0.777344
18 0.586816 0.475098 0.476367 0.27793 0.588867
16 0.587402 0.479785 0.495508 0.279492 0.0605164
10 0.587891 0.477246 0.478906 0.289258 0.0554199
6 0.590234 0.47666 0.472656 0.291992 0.0370483
24 0.587402 0.479785 0.495508 0.279492 0.0136871
23 0.590234 0.47666 0.472656 0.291992 0.0103302
9 0.587402 0.479785 0.495508 0.279492 0.00400543
2 0.590234 0.47666 0.472656 0.291992 0.00380898
11 0.576172 0.302539 0.503906 0.437109 0.00370789
0 0.587891 0.477246 0.478906 0.289258 0.00184631
3 0.590234 0.47666 0.472656 0.291992 0.00138855
14 0.590234 0.47666 0.472656 0.291992 0.00126457
18 0.598828 0.488965 0.464844 0.248633 0.498047
10 0.597656 0.490625 0.495313 0.294531 0.169922
7 0.598828 0.488965 0.464844 0.248633 0.136597
16 0.597656 0.490625 0.495313 0.294531 0.078064
23 0.596484 0.487891 0.482031 0.260156 0.0212097
6 0.600879 0.485547 0.488867 0.311719 0.00806427
0 0.596484 0.487891 0.482031 0.260156 0.00658798
11 0.298438 0.871094 0.596875 0.257812 0.00614548
11 0.328125 0.875 0.459375 0.25 0.00542831
10 0.298438 0.871094 0.596875 0.257812 0.0050621
21 0.298438 0.871094 0.596875 0.257812 0.00359344
24 0.600879 0.485547 0.488867 0.311719 0.00284576
25 0.596484 0.487891 0.482031 0.260156 0.00255013
9 0.598828 0.488965 0.464844 0.248633 0.00184631
2 0.596484 0.487891 0.482031 0.260156 0.00181007
5 0.298438 0.871094 0.596875 0.257812 0.00178242
19 0.298438 0.871094 0.596875 0.257812 0.00156689
14 0.596484 0.487891 0.482031 0.260156 0.00154877
5 0.597656 0.490625 0.495313 0.294531 0.00129414
7 0.580078 0.488379 0.483594 0.23418 0.983398
18 0.588965 0.489844 0.479883 0.227344 0.505859
6 0.582422 0.478516 0.485156 0.247656 0.0203705
23 0.580859 0.476562 0.486719 0.251563 0.00775528
16 0.588672 0.488281 0.483594 0.238281 0.00413513
24 0.580859 0.476562 0.486719 0.251563 0.00340271
3 0.582422 0.478516 0.485156 0.247656 0.0024147
2 0.57959 0.486621 0.489258 0.242383 0.00214005
11 0.582422 0.478516 0.485156 0.247656 0.00213242
10 0.580859 0.476562 0.486719 0.251563 0.00168705
14 0.57666 0.482715 0.48418 0.251758 0.00146675
0 0.580859 0.476562 0.486719 0.251563 0.0011692
18 0.598437 0.481348 0.475 0.251367 0.250977
16 0.594922 0.480078 0.475781 0.257031 0.0505066
7 0.598437 0.481348 0.475 0.251367 0.0188293
10 0.594922 0.480078 0.475781 0.257031 0.00695801
23 0.598437 0.475 0.475 0.26875 0.00679779
24 0.598437 0.481348 0.475 0.251367 0.00228691
9 0.598437 0.481348 0.475 0.251367 0.00133038
0 0.594922 0.480078 0.475781 0.257031 0.00112915
7 0.596094 0.4875 0.478125 0.253125 0.9375
18 0.595313 0.488281 0.478125 0.235156 0.420654
7 0.635156 0.490234 0.395313 0.210156 0.0115051
2 0.635156 0.490234 0.395313 0.210156 0.00985718
16 0.604004 0.486328 0.481055 0.236719 0.00952148
23 0.596094 0.4875 0.478125 0.253125 0.00837708
2 0.595996 0.487402 0.47832 0.248633 0.00436401
24 0.603809 0.489844 0.47207 0.228125 0.00395966
14 0.595996 0.487402 0.47832 0.248633 0.00298119
19 0.405469 0.910937 0.217188 0.178125 0.00234985
16 0.669531 0.489063 0.332813 0.203906 0.00213242
10 0.595996 0.487402 0.47832 0.248633 0.00191212
0 0.588672 0.483594 0.478906 0.282031 0.00159168
6 0.588672 0.483594 0.478906 0.282031 0.00124931
0 0.635156 0.490234 0.395313 0.210156 0.00113392
7 0.591797 0.495313 0.471094 0.285938 0.586914
18 0.590234 0.495215 0.485156 0.267383 0.355713
23 0.591797 0.495313 0.471094 0.285938 0.0323486
6 0.591797 0.495313 0.471094 0.285938 0.025177
16 0.588672 0.496875 0.478906 0.284375 0.0163422
10 0.584375 0.499609 0.470313 0.313281 0.0136337
2 0.591797 0.495313 0.471094 0.285938 0.00370789
24 0.591797 0.495313 0.471094 0.285938 0.00309944
0 0.591797 0.495313 0.471094 0.285938 0.0024929
14 0.588672 0.496875 0.478906 0.284375 0.00234222
9 0.593066 0.494629 0.47793 0.270117 0.00129414
7 0.594141 0.496973 0.471094 0.260742 0.888184
18 0.596875 0.496191 0.460938 0.243555 0.0997925
23 0.594141 0.496973 0.471094 0.260742 0.00413513
4 0.853125 0.961719 0.221875 0.0765625 0.00176144
24 0.596484 0.488379 0.482031 0.266992 0.00156116
2 0.591406 0.496094 0.471875 0.251563 0.00119209
7 0.590527 0.490625 0.483008 0.2625 0.831055
18 0.593359 0.491797 0.477344 0.257031 0.42627
6 0.587402 0.486328 0.470508 0.271094 0.11438
10 0.57041 0.489844 0.449805 0.265625 0.0917358
23 0.590527 0.490625 0.483008 0.2625 0.0192719
24 0.571777 0.473438 0.44707 0.261719 0.0146179
11 0.587402 0.486328 0.470508 0.271094 0.0109863
3 0.587402 0.486328 0.470508 0.271094 0.0068512
6 0.48916 0.462109 0.30293 0.232031 0.00666809
0 0.584766 0.491406 0.467969 0.259375 0.00621796
1 0.701563 0.453906 0.596875 0.907813 0.0042305
16 0.602441 0.491797 0.47793 0.259375 0.00400543
15 0.571777 0.473438 0.44707 0.261719 0.00353813
24 0.48916 0.462109 0.30293 0.232031 0.00336266
6 0.557715 0.449219 0.467383 0.251563 0.00333786
2 0.597266 0.494922 0.478906 0.246875 0.00294685
9 0.602441 0.491797 0.47793 0.259375 0.00255013
15 0.48916 0.462109 0.30293 0.232031 0.00214958
4 0.584766 0.491406 0.467969 0.259375 0.0020504
12 0.600391 0.284766 0.536719 0.549219 0.00156116
11 0.323047 0.840234 0.646094 0.319531 0.00150681
3 0.48916 0.462109 0.30293 0.232031 0.00136662
14 0.584766 0.491406 0.467969 0.259375 0.00136185
25 0.57041 0.489844 0.449805 0.265625 0.00101662
7 0.48916 0.462109 0.30293 0.232031 0.00100803
7 0.592578 0.488379 0.466406 0.268555 0.414795
18 0.592578 0.491406 0.472656 0.249219 0.155029
16 0.592578 0.491406 0.472656 0.249219 0.00482941
24 0.588184 0.485547 0.48457 0.26875 0.00225258
23 0.590723 0.489453 0.468555 0.253125 0.00164223
7 0.583594 0.488672 0.485938 0.274219 0.872559
18 0.581934 0.491406 0.500195 0.270313 0.856934
24 0.590625 0.487891 0.490625 0.247656 0.0151901
6 0.594531 0.477441 0.514063 0.29043 0.0102463
23 0.587598 0.487109 0.488867 0.275781 0.0091629
16 0.584375 0.506641 0.507812 0.303125 0.00800323
10 0.588672 0.495313 0.510156 0.296875 0.00698471
9 0.590625 0.487891 0.490625 0.247656 0.00378036
0 0.594922 0.496484 0.485156 0.253906 0.00218201
3 0.594531 0.477441 0.514063 0.29043 0.0017271
11 0.594531 0.477441 0.514063 0.29043 0.00134563
14 0.588672 0.495313 0.510156 0.296875 0.00126457
2 0.589844 0.490234 0.498437 0.2625 0.00117874
11 0.371484 0.792773 0.742969 0.414453 0.00112915
7 0.588672 0.488281 0.464844 0.253906 0.898438
18 0.594531 0.488672 0.48125 0.247656 0.515625
2 0.586719 0.497754 0.471875 0.256055 0.00857544
23 0.591309 0.482129 0.46582 0.260742 0.0055542
24 0.599121 0.487891 0.487695 0.244531 0.00526047
11 0.320508 0.868945 0.641016 0.262109 0.00362206
14 0.582031 0.495313 0.467187 0.263281 0.00259018
16 0.596094 0.492969 0.475 0.228906 0.00216484
9 0.599121 0.487891 0.487695 0.244531 0.00195694
11 0.340625 0.874805 0.53125 0.250391 0.00130939
6 0.585938 0.483496 0.465625 0.267383 0.00108147
0 0.599121 0.487891 0.487695 0.244531 0.00100422
7 0.6 0.478906 0.4875 0.288281 0.753418
18 0.598437 0.479688 0.4875 0.277344 0.618652
6 0.596777 0.471973 0.492383 0.268555 0.0213623
2 0.596777 0.471973 0.492383 0.268555 0.0174408
24 0.601562 0.472656 0.485938 0.298438 0.0137405
9 0.601562 0.472656 0.485938 0.298438 0.00891876
16 0.601562 0.476172 0.4875 0.280469 0.00527954
23 0.596777 0.471973 0.492383 0.268555 0.00351143
11 0.596777 0.471973 0.492383 0.268555 0.00273705
3 0.596777 0.471973 0.492383 0.268555 0.00218201
10 0.587109 0.477734 0.503906 0.285938 0.00110722
7 0.594434 0.484766 0.467383 0.271094 0.858887
18 0.601172 0.486035 0.472656 0.262305 0.744629
6 0.594434 0.484766 0.467383 0.271094 0.0577087
24 0.600684 0.490625 0.468945 0.28125 0.0324707
9 0.607715 0.489453 0.470508 0.266406 0.0113754
10 0.593359 0.48584 0.485156 0.27832 0.00643921
23 0.599316 0.489063 0.476367 0.282031 0.00521851
3 0.594434 0.484766 0.467383 0.271094 0.00294685
16 0.607129 0.486719 0.474805 0.259375 0.00274658
14 0.593359 0.48584 0.485156 0.27832 0.00251198
11 0.335742 0.833594 0.671484 0.332813 0.00178909
0 0.593359 0.48584 0.485156 0.27832 0.00167465
11 0.594434 0.484766 0.467383 0.271094 0.00104427
7 0.602246 0.490527 0.479883 0.24707 0.809082
18 0.596484 0.492871 0.483594 0.237695 0.449463
23 0.602344 0.482422 0.479688 0.25 0.0102081
11 0.343359 0.833008 0.686719 0.333984 0.00955963
24 0.600098 0.483203 0.474805 0.247656 0.00790405
2 0.6 0.492578 0.4875 0.24375 0.00402451
9 0.605371 0.491406 0.461133 0.2375 0.0039444
21 0.343359 0.833008 0.686719 0.333984 0.00351143
6 0.599219 0.489063 0.5 0.259375 0.00298119
19 0.343359 0.833008 0.686719 0.333984 0.00270462
14 0.597559 0.48916 0.50957 0.260742 0.00218201
16 0.603516 0.49375 0.471094 0.234375 0.00186729
3 0.600098 0.483203 0.474805 0.247656 0.00176811
0 0.597559 0.48916 0.50957 0.260742 0.00175476
11 0.347852 0.84375 0.541797 0.3125 0.00174141
5 0.343359 0.833008 0.686719 0.333984 0.00163555
7 0.591797 0.491504 0.478906 0.287305 0.858887
18 0.596777 0.487402 0.483008 0.26582 0.779785
23 0.591504 0.490234 0.47793 0.271875 0.00834656
10 0.592871 0.489063 0.492383 0.285938 0.00530243
24 0.603906 0.486719 0.476562 0.282813 0.00502014
6 0.603906 0.486719 0.476562 0.282813 0.00403976
16 0.603906 0.48584 0.475 0.26582 0.00367928
9 0.603906 0.486719 0.476562 0.282813 0.00309944
0 0.592871 0.489063 0.492383 0.285938 0.00211525
3 0.6 0.482422 0.479688 0.289844 0.00181007
7 0.592578 0.495703 0.461719 0.248438 0.895508
18 0.591797 0.489453 0.469531 0.245312 0.588867
9 0.599902 0.495313 0.450195 0.226562 0.0111618
16 0.597754 0.491406 0.462305 0.233594 0.00757599
6 0.599902 0.495313 0.450195 0.226562 0.00624084
24 0.594629 0.487891 0.466992 0.272656 0.00388527
23 0.597266 0.487891 0.471094 0.277344 0.00367928
11 0.34082 0.870313 0.681641 0.259375 0.00356483
5 0.34082 0.870313 0.681641 0.259375 0.00211525
21 0.34082 0.870313 0.681641 0.259375 0.0017004
12 0.25625 0.494531 0.5125 0.907813 0.00122547
3 0.599902 0.495313 0.450195 0.226562 0.00121593
2 0.589941 0.489844 0.463867 0.253906 0.0011692
0 0.599902 0.495313 0.450195 0.226562 0.0011158
10 0.589844 0.489063 0.484375 0.271094 0.0011158
7 0.587109 0.483984 0.482031 0.267969 0.850098
18 0.590625 0.491797 0.484375 0.244531 0.684082
24 0.590234 0.487598 0.480469 0.257617 0.00812531
6 0.595703 0.492188 0.469531 0.24375 0.00494385
23 0.587891 0.488672 0.486719 0.251563 0.00362206
9 0.595703 0.492188 0.469531 0.24375 0.00316048
3 0.595703 0.492188 0.469531 0.24375 0.00265312
11 0.375586 0.779688 0.751172 0.440625 0.00226974
16 0.595313 0.494922 0.473438 0.238281 0.00225258
0 0.595313 0.494922 0.473438 0.238281 0.00201988
14 0.588672 0.483984 0.502344 0.267188 0.00130939
10 0.587891 0.488672 0.486719 0.251563 0.0011034
18 0.604688 0.483594 0.454688 0.2375 0.887207
7 0.597656 0.482422 0.454688 0.249219 0.474609
24 0.603516 0.482715 0.450781 0.239258 0.0116882
23 0.607422 0.486328 0.449219 0.230469 0.00989532
6 0.607422 0.486328 0.449219 0.230469 0.00955963
16 0.605469 0.485938 0.45625 0.236719 0.00746155
3 0.607422 0.486328 0.449219 0.230469 0.00679779
0 0.607422 0.486328 0.449219 0.230469 0.00366402
9 0.607422 0.486328 0.449219 0.230469 0.00253105
2 0.605469 0.485938 0.45625 0.236719 0.00235939
10 0.592188 0.478516 0.451562 0.263281 0.00196457
12 0.249219 0.425781 0.498437 0.851562 0.00135136
18 0.589941 0.486719 0.473242 0.244531 0.507812
7 0.583984 0.483203 0.461719 0.248438 0.480469
10 0.578125 0.477734 0.4625 0.260156 0.0115967
23 0.583594 0.482715 0.464063 0.250195 0.00981903
6 0.580078 0.475391 0.457031 0.245312 0.00874329
24 0.578125 0.477734 0.4625 0.260156 0.00405502
9 0.580078 0.475391 0.457031 0.245312 0.00342941
0 0.578125 0.477734 0.4625 0.260156 0.00268364
16 0.589941 0.486719 0.473242 0.244531 0.0016489
4 0.578125 0.477734 0.4625 0.260156 0.00130463
18 0.597656 0.490527 0.475 0.254883 0.847168
7 0.591016 0.487109 0.472656 0.26875 0.834473
6 0.583594 0.475391 0.49375 0.272656 0.0106506
24 0.603125 0.496875 0.471875 0.246094 0.0102463
16 0.597266 0.495703 0.474219 0.253125 0.00653839
23 0.582031 0.482031 0.489063 0.278906 0.00366402
9 0.603125 0.496875 0.471875 0.246094 0.00276756
2 0.587109 0.492969 0.472656 0.255469 0.00171375
14 0.57959 0.483594 0.48457 0.278906 0.00170708
0 0.603125 0.496875 0.471875 0.246094 0.00146675
11 0.347266 0.789844 0.694531 0.420312 0.00145531
10 0.57959 0.483594 0.48457 0.278906 0.00144386
7 0.584375 0.484766 0.492188 0.257031 0.901855
18 0.585156 0.487109 0.507812 0.252344 0.0715942
11 0.324219 0.811523 0.648438 0.376953 0.00500107
14 0.581934 0.480469 0.49082 0.269531 0.00214958
4 0.699219 0.621484 0.601562 0.757031 0.00182438
24 0.58916 0.479688 0.504492 0.260156 0.0018034
23 0.582031 0.477734 0.496875 0.275 0.00104809
6 0.582031 0.477734 0.496875 0.275 0.00100803
7 0.591016 0.473047 0.489844 0.278125 0.915527
18 0.592578 0.478125 0.485156 0.25625 0.53125
24 0.593652 0.472266 0.486133 0.261719 0.00651169
6 0.592578 0.465625 0.486719 0.260156 0.00579834
11 0.310742 0.814063 0.621484 0.371875 0.00293541
9 0.592578 0.465625 0.486719 0.260156 0.0024147
14 0.585938 0.474316 0.4875 0.282617 0.00224304
7 0.629687 0.489063 0.40625 0.220313 0.00211525
7 0.479297 0.458203 0.275781 0.232031 0.00201988
23 0.592578 0.478125 0.485156 0.25625 0.00142097
16 0.596875 0.47959 0.48125 0.243945 0.00119686
7 0.590625 0.470996 0.503125 0.270508 0.79834
18 0.5875 0.481934 0.495313 0.250195 0.176147
24 0.592188 0.471484 0.489063 0.252344 0.00251198
11 0.297656 0.848437 0.595313 0.303125 0.00202751
14 0.585938 0.472656 0.5 0.275 0.00134563
16 0.5875 0.481934 0.495313 0.250195 0.00132465
2 0.585938 0.472656 0.5 0.275 0.00120163
9 0.592188 0.471484 0.489063 0.252344 0.00104046
7 0.591016 0.466309 0.500781 0.270508 0.839844
18 0.587891 0.474902 0.500781 0.250195 0.462891
24 0.594629 0.474219 0.48418 0.252344 0.0114212
11 0.341016 0.816406 0.682031 0.367188 0.00575256
6 0.593359 0.464063 0.494531 0.264062 0.0024147
14 0.588672 0.467969 0.496094 0.264844 0.00174809
23 0.591016 0.469531 0.496094 0.263281 0.00150108
9 0.594629 0.474219 0.48418 0.252344 0.00144386
2 0.588672 0.467969 0.496094 0.264844 0.00113392
16 0.592969 0.477344 0.48125 0.244531 0.00109005
7 0.592578 0.467969 0.497656 0.253906 0.794434
18 0.587402 0.477441 0.500195 0.24043 0.26123
24 0.590234 0.476172 0.492969 0.236719 0.00429916
14 0.58125 0.466797 0.48125 0.260938 0.00174809
9 0.590234 0.476172 0.492969 0.236719 0.00167465
11 0.300586 0.85332 0.601172 0.293359 0.00151253
23 0.587402 0.477441 0.500195 0.24043 0.00148964
7 0.583984 0.468066 0.485156 0.25918 0.919434
18 0.59209 0.473438 0.493945 0.248438 0.428223
24 0.60459 0.471484 0.470508 0.254688 0.00568771
6 0.587891 0.461719 0.486719 0.253125 0.00225258
14 0.58125 0.468066 0.479688 0.25918 0.00203514
16 0.601172 0.475781 0.480469 0.244531 0.00184631
2 0.58125 0.468066 0.479688 0.25918 0.00118351
9 0.603125 0.467969 0.467187 0.255469 0.00107765
7 0.592578 0.467969 0.489844 0.264062 0.763672
18 0.593359 0.479297 0.492969 0.246875 0.0891113
24 0.601172 0.474609 0.482031 0.253906 0.00609589
12 0.261328 0.436719 0.522656 0.873438 0.00111198
7 0.597266 0.472266 0.483594 0.249219 0.898926
18 0.604785 0.481348 0.466992 0.229492 0.343262
24 0.604785 0.481348 0.466992 0.229492 0.0105286
16 0.602246 0.483691 0.47207 0.224805 0.00159168
14 0.594141 0.479785 0.482031 0.237305 0.00102425
7 0.591504 0.471094 0.479492 0.240625 0.940918
18 0.591309 0.480859 0.486133 0.236719 0.0991211
14 0.580371 0.476562 0.467383 0.246094 0.00260162
24 0.596484 0.478906 0.472656 0.240625 0.00234985
2 0.580371 0.476562 0.467383 0.246094 0.00131512
16 0.596484 0.478906 0.472656 0.240625 0.00126457
7 0.593359 0.48125 0.475781 0.236719 0.762207
18 0.594434 0.482812 0.479883 0.230469 0.571777
24 0.596973 0.473438 0.47793 0.245312 0.00475693
23 0.589063 0.477441 0.46875 0.24668 0.00253105
16 0.594434 0.482812 0.479883 0.230469 0.00146675
7 0.585938 0.472266 0.48125 0.247656 0.950195
18 0.589063 0.475 0.479688 0.244531 0.0628052
24 0.582812 0.474219 0.479688 0.244531 0.0039444
16 0.586719 0.481641 0.482812 0.233594 0.0011692
7 0.588281 0.480469 0.48125 0.226562 0.839844
18 0.597266 0.482422 0.467969 0.217969 0.363037
24 0.597266 0.482422 0.467969 0.217969 0.00971222
16 0.596094 0.484375 0.470313 0.215625 0.00175476
23 0.597266 0.482422 0.467969 0.217969 0.00133514
7 0.585938 0.472656 0.445312 0.246094 0.920898
18 0.588281 0.478516 0.470313 0.238281 0.254639
2 0.583496 0.474609 0.448633 0.244531 0.0016613
24 0.589746 0.476172 0.45957 0.236719 0.0015192
14 0.583496 0.474609 0.448633 0.244531 0.0012064
23 0.583496 0.474609 0.448633 0.244531 0.0011158
7 0.583203 0.478809 0.471094 0.236133 0.866211
18 0.598437 0.485059 0.473438 0.226758 0.0838623
24 0.598437 0.485059 0.473438 0.226758 0.00290108
7 0.58125 0.474316 0.465625 0.24043 0.933105
18 0.589453 0.483594 0.480469 0.229687 0.146606
24 0.597754 0.483496 0.466992 0.226758 0.0024929
7 0.582715 0.47666 0.45332 0.226367 0.921387
18 0.592578 0.484375 0.449219 0.2125 0.320801
24 0.592578 0.484375 0.449219 0.2125 0.00548935
23 0.582422 0.478809 0.446094 0.208008 0.00131512
7 0.594434 0.473828 0.45332 0.241406 0.822266
18 0.596094 0.482031 0.454688 0.228125 0.37207
24 0.596094 0.482031 0.454688 0.228125 0.00391388
23 0.596094 0.482031 0.454688 0.228125 0.00167465
7 0.592188 0.483984 0.45 0.227344 0.818848
18 0.588281 0.483594 0.448438 0.234375 0.432129
23 0.588281 0.483594 0.448438 0.234375 0.00304031
24 0.6 0.487891 0.446875 0.219531 0.00192642
0 0.588281 0.483594 0.448438 0.234375 0.00124931
7 0.58916 0.476465 0.448242 0.237695 0.558105
18 0.583691 0.479785 0.451367 0.24043 0.488281
24 0.595313 0.477344 0.448438 0.2375 0.00772476
16 0.597559 0.487598 0.45332 0.232617 0.00170708
23 0.583691 0.479785 0.451367 0.24043 0.00139904
9 0.598828 0.482422 0.452344 0.239844 0.00119209
7 0.601172 0.474219 0.432031 0.228125 0.70752
18 0.603125 0.48125 0.439063 0.220313 0.498047
24 0.603906 0.482715 0.4375 0.217383 0.00482941
16 0.603516 0.484375 0.439844 0.214062 0.00174141
23 0.591504 0.47666 0.438867 0.226367 0.00137806
7 0.594141 0.480371 0.455469 0.225195 0.645996
18 0.601562 0.483594 0.442188 0.220313 0.42627
24 0.601562 0.483594 0.442188 0.220313 0.00717545
16 0.599609 0.485938 0.444531 0.215625 0.00260162
7 0.595703 0.483594 0.442969 0.214062 0.598145
18 0.6 0.485938 0.432813 0.203125 0.397949
24 0.6 0.485938 0.432813 0.203125 0.00878143
23 0.6 0.485938 0.432813 0.203125 0.00118828
7 0.587109 0.478125 0.450781 0.214062 0.604004
18 0.600781 0.487109 0.428125 0.202344 0.339844
24 0.600781 0.487109 0.428125 0.202344 0.0088501
16 0.600781 0.486719 0.43125 0.204688 0.00121593
7 0.583984 0.486719 0.447656 0.210938 0.806641
18 0.592578 0.491797 0.428906 0.196094 0.148071
24 0.592578 0.491797 0.428906 0.196094 0.00219917
7 0.586719 0.483203 0.454688 0.217969 0.922363
18 0.594531 0.485938 0.440625 0.210938 0.0769653
23 0.594531 0.485938 0.440625 0.210938 0.00187492
24 0.594531 0.485938 0.440625 0.210938 0.00130463
7 0.591309 0.483691 0.468945 0.218555 0.869629
18 0.596484 0.484766 0.461719 0.214844 0.176147
24 0.596484 0.484766 0.461719 0.214844 0.00471878
23 0.596484 0.484766 0.461719 0.214844 0.00175476
7 0.591406 0.47666 0.465625 0.231055 0.78418
18 0.6 0.485547 0.464063 0.214062 0.157715
24 0.6 0.485547 0.464063 0.214062 0.00712204
23 0.6 0.485547 0.464063 0.214062 0.00322342
0 0.6 0.485547 0.464063 0.214062 0.00131989
3 0.6 0.485547 0.464063 0.214062 0.00115585
7 0.587109 0.47666 0.457031 0.22168 0.705566
18 0.598047 0.486328 0.455469 0.204688 0.212769
24 0.598047 0.486328 0.455469 0.204688 0.012146
23 0.598047 0.486328 0.455469 0.204688 0.00256157
9 0.598047 0.486328 0.455469 0.204688 0.00156116
7 0.593359 0.475391 0.466406 0.227344 0.894043
18 0.594531 0.485156 0.45625 0.20625 0.200562
24 0.594531 0.485156 0.45625 0.20625 0.0108185
23 0.594531 0.485156 0.45625 0.20625 0.00174141
3 0.594531 0.485156 0.45625 0.20625 0.00104809
7 0.587109 0.478516 0.463281 0.225781 0.871582
18 0.596973 0.486719 0.451367 0.2125 0.146118
24 0.596973 0.486719 0.451367 0.2125 0.0069046
23 0.596973 0.486719 0.451367 0.2125 0.00251198
3 0.596973 0.486719 0.451367 0.2125 0.00110722
7 0.585547 0.477734 0.449219 0.223438 0.853027
18 0.596484 0.485156 0.455469 0.2125 0.222656
24 0.596484 0.485156 0.455469 0.2125 0.00967407
7 0.589453 0.478027 0.450781 0.211133 0.870605
18 0.596875 0.485938 0.440625 0.204688 0.27832
24 0.596875 0.485938 0.440625 0.204688 0.00728989
7 0.587402 0.478809 0.450195 0.218945 0.910645
18 0.595703 0.485938 0.452344 0.210938 0.293457
24 0.595703 0.485938 0.452344 0.210938 0.00841522
23 0.595703 0.485938 0.452344 0.210938 0.00103188
7 0.586328 0.478027 0.452344 0.223633 0.913086
18 0.593359 0.484375 0.453906 0.215625 0.303955
24 0.593359 0.484375 0.453906 0.215625 0.00629044
7 0.5875 0.476562 0.45625 0.225781 0.856934
18 0.594922 0.484375 0.458594 0.214062 0.364746
24 0.594922 0.484375 0.458594 0.214062 0.00919342
7 0.589063 0.478516 0.453125 0.222656 0.908691
18 0.596777 0.487891 0.45332 0.207813 0.286133
24 0.596777 0.487891 0.45332 0.207813 0.00857544
7 0.588184 0.478223 0.456445 0.22168 0.935059
18 0.595215 0.486719 0.45957 0.209375 0.202393
24 0.595215 0.486719 0.45957 0.209375 0.00551224
23 0.595215 0.486719 0.45957 0.209375 0.00109863
7 0.590234 0.477344 0.453906 0.214062 0.930664
18 0.597656 0.4875 0.454688 0.203125 0.246582
24 0.597656 0.4875 0.454688 0.203125 0.00844574
7 0.590723 0.478125 0.45293 0.214062 0.932617
18 0.59834 0.488281 0.450195 0.201563 0.247314
24 0.59834 0.488281 0.450195 0.201563 0.00831604
23 0.59834 0.488281 0.450195 0.201563 0.00104046
7 0.588184 0.477344 0.448633 0.215625 0.938965
18 0.597266 0.485938 0.455469 0.207813 0.274414
24 0.597266 0.485938 0.455469 0.207813 0.00941467
7 0.588281 0.476562 0.451562 0.210938 0.941406
18 0.596094 0.486719 0.451562 0.203125 0.218018
24 0.596094 0.486719 0.451562 0.203125 0.0064888
23 0.596094 0.486719 0.451562 0.203125 0.00124454
7 0.588184 0.476562 0.44707 0.210938 0.937012
18 0.598437 0.485547 0.45 0.203906 0.248657
24 0.598437 0.485547 0.45 0.203906 0.00919342
7 0.589844 0.476562 0.446875 0.213281 0.908203
18 0.598437 0.485156 0.45 0.203125 0.281494
24 0.598437 0.485156 0.45 0.203125 0.0100937
7 0.589063 0.475781 0.448438 0.21875 0.872559
18 0.596875 0.484375 0.453125 0.207813 0.291748
24 0.596875 0.484375 0.453125 0.207813 0.0104523
7 0.591309 0.477246 0.44707 0.214258 0.866211
18 0.598047 0.486719 0.450781 0.204688 0.256104
24 0.598047 0.486719 0.450781 0.204688 0.0112
7 0.590723 0.476953 0.44668 0.210938 0.873047
18 0.598437 0.486328 0.453125 0.202344 0.248657
24 0.598437 0.486328 0.453125 0.202344 0.0106125
7 0.591016 0.478027 0.446094 0.214258 0.818848
18 0.598828 0.486328 0.450781 0.205469 0.319092
24 0.598828 0.486328 0.450781 0.205469 0.0148392
7 0.590723 0.477734 0.448242 0.215625 0.830078
18 0.597656 0.486328 0.451562 0.205469 0.325928
24 0.597656 0.486328 0.451562 0.205469 0.0139542
7 0.590723 0.477344 0.449805 0.214844 0.838867
18 0.597656 0.485938 0.451562 0.204688 0.307373
24 0.597656 0.485938 0.451562 0.204688 0.0136871
7 0.590723 0.476953 0.44668 0.210938 0.85498
18 0.598047 0.485547 0.450781 0.203125 0.294922
24 0.598047 0.485547 0.450781 0.203125 0.012146
7 0.591309 0.475879 0.44707 0.212305 0.864258
18 0.598047 0.484375 0.450781 0.204688 0.30249
24 0.598047 0.484375 0.450781 0.204688 0.0116882
7 0.591016 0.475879 0.446094 0.212305 0.854004
18 0.597656 0.483984 0.451562 0.205469 0.313232
24 0.597656 0.483984 0.451562 0.205469 0.0115051
7 0.590723 0.476172 0.44668 0.2125 0.845703
18 0.597559 0.484375 0.451758 0.204688 0.309814
24 0.597559 0.484375 0.451758 0.204688 0.0119629
7 0.590527 0.476465 0.445508 0.211133 0.84082
18 0.596973 0.484375 0.451367 0.204688 0.296631
24 0.596973 0.484375 0.451367 0.204688 0.0115051
7 0.590527 0.47666 0.445508 0.212305 0.832031
18 0.597266 0.484766 0.452344 0.204688 0.297363
24 0.597266 0.484766 0.452344 0.204688 0.0115051
7 0.590234 0.476562 0.444531 0.210938 0.841797
18 0.597559 0.484375 0.450195 0.203125 0.288574
24 0.597559 0.484375 0.450195 0.203125 0.0111618
7 0.590527 0.476562 0.445508 0.211719 0.833496
18 0.597656 0.484375 0.451562 0.204688 0.29248
24 0.597656 0.484375 0.451562 0.204688 0.0112915
7 0.591016 0.475781 0.446094 0.2125 0.853027
18 0.597656 0.483984 0.451562 0.205469 0.313232
24 0.597656 0.483984 0.451562 0.205469 0.0115051
