19 0.555469 0.536328 0.275 0.228125 0.00257111
11 0.550781 0.539062 0.323438 0.253125 0.00225258
11 0.690234 0.375879 0.619531 0.60918 0.00206757
11 0.578516 0.479004 0.378906 0.393555 0.00186729
5 0.546875 0.551562 0.31875 0.226562 0.00162315
14 0.578516 0.479004 0.378906 0.393555 0.00152493
0 0.550781 0.539062 0.323438 0.253125 0.00127888
5 0.52959 0.506641 0.350195 0.323438 0.00121593
14 0.690234 0.375879 0.619531 0.60918 0.00119686
3 0.578516 0.479004 0.378906 0.393555 0.00112057
14 0.547656 0.558594 0.328125 0.232813 0.00104046
3 0.547656 0.558594 0.328125 0.232813 0.00102425
17 0.450781 0.633594 0.814063 0.732813 0.432129
22 0.609766 0.6375 0.700781 0.725 0.327637
22 0.450781 0.633594 0.814063 0.732813 0.258301
17 0.4625 0.426563 0.85 0.853125 0.2323
22 0.505469 0.697656 0.4375 0.517188 0.212769
17 0.586328 0.660352 0.824219 0.679297 0.209473
17 0.419531 0.552734 0.839063 0.894531 0.195557
17 0.544141 0.711719 0.446094 0.576563 0.189575
22 0.4625 0.426563 0.85 0.853125 0.176147
22 0.544531 0.679688 0.83125 0.640625 0.129395
17 0.526172 0.646094 0.382031 0.410938 0.126343
22 0.526172 0.646094 0.382031 0.410938 0.121277
20 0.571094 0.642188 0.710938 0.715625 0.12085
14 0.526172 0.646094 0.382031 0.410938 0.119995
22 0.546094 0.621875 0.404687 0.546875 0.109314
22 0.419531 0.552734 0.839063 0.894531 0.108948
20 0.505469 0.697656 0.4375 0.517188 0.108215
17 0.596191 0.636719 0.604492 0.726562 0.0960083
17 0.514453 0.704688 0.858594 0.590625 0.0841675
17 0.369922 0.475781 0.739844 0.934375 0.0755615
17 0.365234 0.654297 0.730469 0.691406 0.0747681
20 0.408984 0.656445 0.817969 0.687109 0.0718384
17 0.476172 0.610156 0.484375 0.651563 0.0690308
22 0.589844 0.398438 0.820312 0.796875 0.0685425
14 0.505469 0.697656 0.4375 0.517188 0.0685425
22 0.577344 0.603125 0.509375 0.79375 0.0658569
17 0.432813 0.508594 0.597656 0.904688 0.0630493
17 0.609473 0.421094 0.774805 0.842188 0.0618896
22 0.230469 0.776953 0.460938 0.446094 0.0607605
17 0.546094 0.621875 0.404687 0.546875 0.0585632
22 0.365234 0.654297 0.730469 0.691406 0.0579224
3 0.526172 0.646094 0.382031 0.410938 0.0535889
3 0.505469 0.697656 0.4375 0.517188 0.0510864
20 0.41875 0.451562 0.8375 0.903125 0.0503235
14 0.408984 0.656445 0.817969 0.687109 0.0486755
14 0.476172 0.610156 0.484375 0.651563 0.0483093
22 0.369922 0.475781 0.739844 0.934375 0.0477905
22 0.267578 0.749609 0.535156 0.500781 0.0474243
14 0.456641 0.603516 0.714844 0.792969 0.0458679
20 0.544531 0.679688 0.83125 0.640625 0.041626
25 0.526172 0.646094 0.382031 0.410938 0.0411377
20 0.33418 0.676562 0.668359 0.646875 0.0397949
22 0.475879 0.508594 0.50293 0.8875 0.0383301
14 0.571094 0.642188 0.710938 0.715625 0.037323
1 0.503516 0.680078 0.841406 0.639844 0.0368958
20 0.456641 0.603516 0.714844 0.792969 0.0359497
17 0.230469 0.776953 0.460938 0.446094 0.035675
20 0.526172 0.646094 0.382031 0.410938 0.0350037
3 0.514844 0.638672 0.726562 0.722656 0.0340881
20 0.289453 0.753516 0.578906 0.492969 0.0337219
22 0.57959 0.405469 0.59707 0.810938 0.0333252
3 0.439844 0.567187 0.65 0.865625 0.0330811
14 0.417188 0.423828 0.834375 0.847656 0.0325928
14 0.546094 0.621875 0.404687 0.546875 0.0324707
17 0.516016 0.346094 0.850781 0.692187 0.0322266
1 0.514844 0.638672 0.726562 0.722656 0.0316162
17 0.301953 0.710742 0.603906 0.578516 0.0311432
22 0.583594 0.507031 0.65 0.904688 0.0305634
1 0.41875 0.451562 0.8375 0.903125 0.0303802
1 0.407031 0.630469 0.814063 0.739062 0.0293121
17 0.583594 0.507031 0.65 0.904688 0.0274811
22 0.516016 0.346094 0.850781 0.692187 0.0263519
13 0.417969 0.680859 0.835938 0.638281 0.0261536
3 0.476172 0.610156 0.484375 0.651563 0.0258636
20 0.479688 0.531641 0.85 0.936719 0.0240479
25 0.505469 0.697656 0.4375 0.517188 0.0240479
17 0.394531 0.369141 0.789062 0.738281 0.0239563
17 0.162695 0.783398 0.325391 0.433203 0.0239563
13 0.425391 0.539844 0.646094 0.920313 0.0235138
3 0.408984 0.656445 0.817969 0.687109 0.0232391
17 0.545215 0.527734 0.418945 0.869531 0.0231476
14 0.544531 0.679688 0.83125 0.640625 0.0227203
14 0.479688 0.531641 0.85 0.936719 0.0223694
17 0.237891 0.754687 0.475781 0.490625 0.0220337
20 0.511719 0.399219 0.848437 0.798438 0.0218658
1 0.489453 0.555469 0.846094 0.889063 0.0205231
8 0.439844 0.567187 0.65 0.865625 0.02034
13 0.476172 0.610156 0.484375 0.651563 0.0202484
3 0.4625 0.426563 0.85 0.853125 0.0201721
14 0.369922 0.475781 0.739844 0.934375 0.0200958
20 0.372656 0.526953 0.745313 0.939844 0.0200195
17 0.396094 0.709961 0.792188 0.580078 0.0200195
22 0.421875 0.707812 0.84375 0.584375 0.0197144
10 0.517578 0.673438 0.414062 0.475 0.0196381
20 0.476172 0.610156 0.484375 0.651563 0.0191956
10 0.494922 0.719531 0.499219 0.554688 0.0190582
14 0.327734 0.638672 0.655469 0.722656 0.0185394
1 0.545703 0.432813 0.835156 0.865625 0.0184326
14 0.432813 0.508594 0.597656 0.904688 0.0183411
1 0.494922 0.719531 0.499219 0.554688 0.0183411
1 0.372656 0.526953 0.745313 0.939844 0.0179901
3 0.544531 0.679688 0.83125 0.640625 0.0173798
1 0.432813 0.508594 0.597656 0.904688 0.0173035
0 0.526172 0.646094 0.382031 0.410938 0.0173035
3 0.546094 0.621875 0.404687 0.546875 0.0173035
17 0.576465 0.381641 0.587695 0.763281 0.016922
11 0.571094 0.642188 0.710938 0.715625 0.0168457
11 0.526172 0.646094 0.382031 0.410938 0.0166626
1 0.517578 0.673438 0.414062 0.475 0.0163422
13 0.517578 0.673438 0.414062 0.475 0.0158386
20 0.546094 0.621875 0.404687 0.546875 0.0156708
1 0.611328 0.658984 0.777344 0.682031 0.0156021
22 0.394531 0.369141 0.789062 0.738281 0.0153046
1 0.476172 0.610156 0.484375 0.651563 0.0152512
13 0.494922 0.719531 0.499219 0.554688 0.0149002
20 0.217188 0.77793 0.434375 0.444141 0.0147858
8 0.517578 0.673438 0.414062 0.475 0.0146179
14 0.186914 0.778906 0.373828 0.442188 0.0146179
11 0.505469 0.697656 0.4375 0.517188 0.0145569
1 0.464844 0.37207 0.846875 0.744141 0.0145035
16 0.526172 0.646094 0.382031 0.410938 0.0141754
8 0.450781 0.633594 0.814063 0.732813 0.0141144
13 0.465625 0.606641 0.821875 0.786719 0.0138474
13 0.341992 0.701563 0.683984 0.596875 0.0134277
3 0.613672 0.648828 0.772656 0.702344 0.0131683
13 0.39375 0.449609 0.7875 0.899219 0.0130234
3 0.479688 0.531641 0.85 0.936719 0.01297
14 0.545215 0.527734 0.418945 0.869531 0.0128708
3 0.395313 0.478516 0.790625 0.939844 0.0127716
17 0.621094 0.376563 0.757812 0.753125 0.0127258
17 0.628516 0.741211 0.674219 0.517578 0.0125732
22 0.162695 0.783398 0.325391 0.433203 0.0123367
0 0.439844 0.567187 0.65 0.865625 0.012146
25 0.546094 0.621875 0.404687 0.546875 0.0121002
14 0.514063 0.372656 0.85 0.745313 0.0118713
1 0.368359 0.689844 0.736719 0.620313 0.0118713
10 0.456641 0.603516 0.714844 0.792969 0.0116425
20 0.432813 0.508594 0.597656 0.904688 0.0115509
14 0.289453 0.753516 0.578906 0.492969 0.0114212
8 0.494922 0.719531 0.499219 0.554688 0.0112
16 0.425391 0.539844 0.646094 0.920313 0.011116
14 0.586328 0.476562 0.817969 0.942187 0.0110703
0 0.546094 0.621875 0.404687 0.546875 0.0109024
11 0.476172 0.610156 0.484375 0.651563 0.0108185
17 0.16875 0.770312 0.3375 0.459375 0.0108185
14 0.341992 0.701563 0.683984 0.596875 0.0107346
13 0.549219 0.704688 0.835938 0.590625 0.0106506
1 0.372852 0.39375 0.745703 0.7875 0.0105667
3 0.545215 0.527734 0.418945 0.869531 0.0104523
20 0.586328 0.476562 0.817969 0.942187 0.0103302
11 0.439844 0.567187 0.65 0.865625 0.00993347
22 0.66875 0.686719 0.58125 0.626563 0.00993347
3 0.230469 0.776953 0.460938 0.446094 0.00989532
13 0.370117 0.628906 0.740234 0.742188 0.00978088
9 0.494922 0.719531 0.499219 0.554688 0.00963593
13 0.511719 0.430469 0.853125 0.860938 0.00955963
10 0.476172 0.610156 0.484375 0.651563 0.00955963
11 0.471973 0.617578 0.773242 0.764844 0.00937653
11 0.635547 0.841211 0.652344 0.317578 0.00933838
2 0.526172 0.646094 0.382031 0.410938 0.00926971
1 0.571875 0.730469 0.7875 0.539062 0.00926971
8 0.476172 0.610156 0.484375 0.651563 0.00919342
16 0.476172 0.610156 0.484375 0.651563 0.00905609
13 0.571094 0.642188 0.710938 0.715625 0.00905609
20 0.632422 0.664453 0.735156 0.671094 0.00898743
9 0.514844 0.638672 0.726562 0.722656 0.00874329
11 0.417969 0.680859 0.835938 0.638281 0.00871277
11 0.546094 0.621875 0.404687 0.546875 0.0085144
3 0.33418 0.676562 0.668359 0.646875 0.00844574
22 0.667969 0.425781 0.607813 0.851562 0.00831604
20 0.237891 0.754687 0.475781 0.490625 0.00831604
22 0.352344 0.721094 0.704688 0.557813 0.008255
20 0.577344 0.603125 0.509375 0.79375 0.00812531
20 0.186914 0.778906 0.373828 0.442188 0.00809479
25 0.609766 0.6375 0.700781 0.725 0.00806427
13 0.349219 0.528125 0.698438 0.9375 0.00800323
22 0.16875 0.770312 0.3375 0.459375 0.00800323
3 0.589844 0.398438 0.820312 0.796875 0.0078125
16 0.546094 0.621875 0.404687 0.546875 0.0078125
8 0.571094 0.642188 0.710938 0.715625 0.00775528
8 0.417188 0.423828 0.834375 0.847656 0.00757599
16 0.505469 0.697656 0.4375 0.517188 0.00734711
11 0.341992 0.701563 0.683984 0.596875 0.00728989
20 0.469141 0.733594 0.867969 0.532813 0.00728989
3 0.577344 0.603125 0.509375 0.79375 0.00723267
1 0.583594 0.507031 0.65 0.904688 0.00720596
8 0.46875 0.705469 0.864062 0.589063 0.00720596
1 0.591406 0.374609 0.817187 0.749219 0.00712204
11 0.607422 0.756836 0.760156 0.486328 0.00712204
14 0.607422 0.756836 0.760156 0.486328 0.00701141
1 0.237891 0.754687 0.475781 0.490625 0.00698471
22 0.622266 0.357031 0.755469 0.714063 0.0068779
1 0.320508 0.469922 0.641016 0.913281 0.0068779
13 0.289453 0.753516 0.578906 0.492969 0.00674438
2 0.544141 0.711719 0.446094 0.576563 0.0064888
1 0.292188 0.730469 0.584375 0.539062 0.0064888
13 0.237891 0.754687 0.475781 0.490625 0.00638962
20 0.372852 0.39375 0.745703 0.7875 0.00636292
0 0.476172 0.610156 0.484375 0.651563 0.00634003
16 0.714063 0.898438 0.492188 0.203125 0.00634003
22 0.640625 0.332031 0.467187 0.664062 0.00631332
3 0.267578 0.749609 0.535156 0.500781 0.00631332
11 0.41875 0.451562 0.8375 0.903125 0.00619125
5 0.494922 0.719531 0.499219 0.554688 0.00619125
14 0.635547 0.841211 0.652344 0.317578 0.00614548
20 0.376953 0.714844 0.753906 0.570312 0.00605011
11 0.267578 0.749609 0.535156 0.500781 0.00602722
1 0.217188 0.77793 0.434375 0.444141 0.00591278
14 0.632422 0.664453 0.735156 0.671094 0.00584412
16 0.635547 0.841211 0.652344 0.317578 0.00572968
14 0.217188 0.77793 0.434375 0.444141 0.00568771
13 0.292188 0.730469 0.584375 0.539062 0.00568771
8 0.479688 0.531641 0.85 0.936719 0.00561905
14 0.237891 0.754687 0.475781 0.490625 0.00557709
1 0.3375 0.606641 0.675 0.786719 0.00553513
13 0.545215 0.527734 0.418945 0.869531 0.00548935
13 0.419531 0.371094 0.839063 0.742188 0.00544739
16 0.392188 0.682227 0.784375 0.635547 0.00544739
14 0.577344 0.603125 0.509375 0.79375 0.00542831
14 0.469141 0.733594 0.867969 0.532813 0.00542831
13 0.628516 0.741211 0.674219 0.517578 0.00542831
1 0.414844 0.734766 0.829688 0.530469 0.00538635
3 0.628516 0.741211 0.674219 0.517578 0.00538635
8 0.400781 0.579297 0.801562 0.841406 0.00536346
3 0.619141 0.664844 0.589844 0.670313 0.00534439
22 0.658594 0.569922 0.682813 0.860156 0.00527954
2 0.546094 0.621875 0.404687 0.546875 0.00526047
0 0.544141 0.711719 0.446094 0.576563 0.00526047
3 0.57959 0.405469 0.59707 0.810938 0.0051384
20 0.545215 0.527734 0.418945 0.869531 0.0051384
25 0.449609 0.659375 0.824219 0.68125 0.0051384
11 0.479688 0.531641 0.85 0.936719 0.00511932
13 0.583594 0.507031 0.65 0.904688 0.00510025
1 0.619141 0.664844 0.589844 0.670313 0.0050621
10 0.489453 0.664844 0.819531 0.670313 0.00503922
3 0.516016 0.346094 0.850781 0.692187 0.00494385
1 0.57959 0.405469 0.59707 0.810938 0.00484848
0 0.327734 0.638672 0.655469 0.722656 0.00484848
17 0.640625 0.332031 0.467187 0.664062 0.00482941
16 0.607422 0.756836 0.760156 0.486328 0.00482941
25 0.476172 0.610156 0.484375 0.651563 0.00468063
0 0.450781 0.633594 0.814063 0.732813 0.00452042
11 0.545215 0.527734 0.418945 0.869531 0.00446701
25 0.545215 0.527734 0.418945 0.869531 0.00443268
5 0.456641 0.603516 0.714844 0.792969 0.00441742
22 0.709375 0.322656 0.58125 0.645312 0.00439835
22 0.706641 0.650781 0.586719 0.698438 0.00439835
11 0.230469 0.776953 0.460938 0.446094 0.00436401
17 0.59375 0.292773 0.8125 0.585547 0.00431442
20 0.424219 0.344141 0.848437 0.688281 0.00426483
17 0.682422 0.481641 0.635156 0.883594 0.00426483
22 0.59375 0.292773 0.8125 0.585547 0.00419998
11 0.400781 0.579297 0.801562 0.841406 0.00418091
8 0.369922 0.475781 0.739844 0.934375 0.00416565
25 0.289453 0.753516 0.578906 0.492969 0.00416565
3 0.186914 0.778906 0.373828 0.442188 0.00413513
22 0.572656 0.758594 0.775 0.482812 0.00413513
17 0.706641 0.650781 0.586719 0.698438 0.00411606
8 0.5875 0.680469 0.823438 0.639063 0.0041008
11 0.714063 0.898438 0.492188 0.203125 0.0041008
16 0.482812 0.580469 0.834375 0.839063 0.00408554
14 0.714063 0.898438 0.492188 0.203125 0.00407028
17 0.772266 0.235938 0.455469 0.471875 0.00403976
1 0.289453 0.753516 0.578906 0.492969 0.00402451
3 0.394531 0.369141 0.789062 0.738281 0.0039444
25 0.577344 0.603125 0.509375 0.79375 0.0039444
13 0.186914 0.778906 0.373828 0.442188 0.00391388
17 0.709375 0.322656 0.58125 0.645312 0.00385475
11 0.5875 0.680469 0.823438 0.639063 0.00385475
0 0.545215 0.527734 0.418945 0.869531 0.00379562
1 0.567578 0.291211 0.858594 0.582422 0.00378036
13 0.5625 0.346484 0.853125 0.692969 0.00378036
17 0.658594 0.569922 0.682813 0.860156 0.00378036
5 0.517578 0.673438 0.414062 0.475 0.00370789
3 0.381445 0.58125 0.762891 0.8375 0.00370789
25 0.33418 0.676562 0.668359 0.646875 0.00370789
22 0.704492 0.307227 0.591016 0.614453 0.00367928
1 0.545215 0.527734 0.418945 0.869531 0.00367928
0 0.186914 0.778906 0.373828 0.442188 0.00367928
17 0.716406 0.305078 0.567187 0.610156 0.00366402
20 0.635547 0.841211 0.652344 0.317578 0.00366402
16 0.545215 0.527734 0.418945 0.869531 0.00365067
25 0.456641 0.603516 0.714844 0.792969 0.00362206
20 0.57959 0.405469 0.59707 0.810938 0.0036068
0 0.462891 0.398438 0.846094 0.796875 0.00356483
17 0.705859 0.681055 0.578906 0.637891 0.00356483
20 0.566406 0.319922 0.854688 0.639844 0.00353813
3 0.376953 0.714844 0.753906 0.570312 0.00352478
10 0.417188 0.423828 0.834375 0.847656 0.00351143
10 0.479688 0.531641 0.85 0.936719 0.00351143
3 0.686719 0.900781 0.51875 0.198437 0.00351143
14 0.146777 0.742188 0.293555 0.339063 0.00349617
14 0.374219 0.365625 0.748438 0.73125 0.00348282
10 0.571094 0.642188 0.710938 0.715625 0.00348282
20 0.292188 0.730469 0.584375 0.539062 0.00346947
11 0.511719 0.399219 0.848437 0.798438 0.00345612
13 0.217188 0.77793 0.434375 0.444141 0.00345612
14 0.292188 0.730469 0.584375 0.539062 0.00344276
5 0.571094 0.642188 0.710938 0.715625 0.00341606
22 0.885156 0.675781 0.229687 0.542188 0.00341606
0 0.577344 0.603125 0.509375 0.79375 0.00337601
25 0.186914 0.778906 0.373828 0.442188 0.00337601
12 0.489453 0.555469 0.846094 0.889063 0.00336266
14 0.615234 0.396094 0.769531 0.792188 0.00335121
4 0.456641 0.603516 0.714844 0.792969 0.00333786
20 0.607422 0.756836 0.760156 0.486328 0.00332451
17 0.686719 0.900781 0.51875 0.198437 0.00329781
22 0.869336 0.600098 0.261328 0.59668 0.00324821
14 0.592578 0.322852 0.814844 0.645703 0.00319672
13 0.686719 0.900781 0.51875 0.198437 0.00318527
16 0.538281 0.505469 0.375 0.327344 0.0197906
19 0.534277 0.519629 0.389258 0.298242 0.0196381
2 0.467187 0.56875 0.450781 0.275 0.00379562
4 0.467187 0.56875 0.450781 0.275 0.00318527
1 0.475 0.683984 0.44375 0.471094 0.00286674
1 0.50625 0.717578 0.53125 0.564844 0.00273705
16 0.491797 0.521484 0.410156 0.252344 0.00270462
2 0.332813 0.147168 0.610938 0.294336 0.00247192
24 0.324609 0.157031 0.608594 0.314063 0.0024147
17 0.491406 0.670313 0.417188 0.440625 0.0024147
22 0.50625 0.717578 0.53125 0.564844 0.00232315
4 0.480078 0.636719 0.425781 0.378125 0.00231361
1 0.61709 0.702734 0.74082 0.594531 0.00216484
0 0.467187 0.56875 0.450781 0.275 0.00214958
7 0.443359 0.567578 0.499219 0.282031 0.00209999
22 0.491406 0.670313 0.417188 0.440625 0.00208282
18 0.332813 0.147168 0.610938 0.294336 0.0020504
17 0.50625 0.717578 0.53125 0.564844 0.00201988
18 0.443359 0.567578 0.499219 0.282031 0.00200272
7 0.332813 0.147168 0.610938 0.294336 0.00192642
16 0.467187 0.56875 0.450781 0.275 0.00188923
12 0.467187 0.56875 0.450781 0.275 0.00186062
2 0.480078 0.636719 0.425781 0.378125 0.00185299
2 0.276172 0.15752 0.552344 0.315039 0.00183868
2 0.428906 0.152637 0.638281 0.305273 0.0018034
14 0.467187 0.56875 0.450781 0.275 0.00178242
17 0.498437 0.59375 0.400781 0.29375 0.0017271
2 0.230469 0.141113 0.460938 0.282227 0.00167465
25 0.478906 0.568359 0.425781 0.269531 0.00161648
1 0.610938 0.650391 0.778125 0.699219 0.00160408
1 0.467187 0.56875 0.450781 0.275 0.0015974
12 0.629297 0.648047 0.741406 0.703906 0.00156689
22 0.498437 0.59375 0.400781 0.29375 0.00143814
17 0.61709 0.702734 0.74082 0.594531 0.00142097
0 0.324609 0.157031 0.608594 0.314063 0.00139427
11 0.443359 0.567578 0.499219 0.282031 0.00139427
12 0.475 0.683984 0.44375 0.471094 0.00138283
15 0.324609 0.157031 0.608594 0.314063 0.00137234
22 0.61709 0.702734 0.74082 0.594531 0.00136662
0 0.491406 0.670313 0.417188 0.440625 0.00135136
15 0.441797 0.587891 0.508594 0.311719 0.00134563
20 0.475 0.683984 0.44375 0.471094 0.00134563
12 0.510547 0.678809 0.603906 0.642383 0.00134563
18 0.428906 0.152637 0.638281 0.305273 0.00133514
11 0.510547 0.678809 0.603906 0.642383 0.00133514
7 0.276172 0.15752 0.552344 0.315039 0.00127411
24 0.279102 0.14375 0.558203 0.2875 0.0012598
12 0.61709 0.702734 0.74082 0.594531 0.00124931
16 0.884961 0.0813477 0.230078 0.162695 0.00124454
12 0.499609 0.651563 0.807031 0.696875 0.00123024
18 0.251953 0.143359 0.503906 0.286719 0.00122547
9 0.480078 0.636719 0.425781 0.378125 0.00122547
0 0.279102 0.14375 0.558203 0.2875 0.00121117
16 0.480078 0.636719 0.425781 0.378125 0.00121117
1 0.449609 0.637402 0.672656 0.725195 0.00120163
7 0.428906 0.152637 0.638281 0.305273 0.00119686
4 0.324609 0.157031 0.608594 0.314063 0.00119686
23 0.324609 0.157031 0.608594 0.314063 0.0011692
3 0.467187 0.56875 0.450781 0.275 0.00116539
1 0.201563 0.591016 0.403125 0.661719 0.00116539
6 0.480078 0.636719 0.425781 0.378125 0.00116062
23 0.443359 0.567578 0.499219 0.282031 0.00115108
3 0.475 0.683984 0.44375 0.471094 0.00115108
24 0.428906 0.152637 0.638281 0.305273 0.00112057
4 0.437891 0.685938 0.548438 0.528125 0.00111198
12 0.683984 0.673438 0.632031 0.653125 0.00111198
13 0.510547 0.678809 0.603906 0.642383 0.0011034
19 0.866992 0.560547 0.266016 0.325 0.00109005
24 0.227539 0.156348 0.455078 0.312695 0.00109005
0 0.227539 0.156348 0.455078 0.312695 0.00105667
6 0.324609 0.157031 0.608594 0.314063 0.00104427
7 0.230469 0.141113 0.460938 0.282227 0.00103664
13 0.610938 0.650391 0.778125 0.699219 0.00103664
11 0.332813 0.147168 0.610938 0.294336 0.00103188
19 0.21792 0.705078 0.375098 0.357031 0.00100803
16 0.555469 0.558594 0.303125 0.2375 0.0778198
23 0.555469 0.558594 0.303125 0.2375 0.0368958
9 0.553906 0.564063 0.265625 0.25 0.0264587
6 0.553906 0.564063 0.265625 0.25 0.0207672
4 0.553906 0.564063 0.265625 0.25 0.0204468
11 0.652734 0.569531 0.499219 0.265625 0.0201721
2 0.555469 0.558594 0.303125 0.2375 0.019455
21 0.553906 0.564063 0.265625 0.25 0.0179901
16 0.652734 0.569531 0.499219 0.265625 0.0178528
20 0.553906 0.564063 0.265625 0.25 0.0172424
25 0.553906 0.564063 0.265625 0.25 0.0171051
19 0.541406 0.499219 0.298438 0.380469 0.0158386
11 0.65625 0.426953 0.534375 0.563281 0.014061
12 0.580078 0.570312 0.341406 0.251563 0.0125275
6 0.540625 0.626953 0.29375 0.383594 0.0106125
18 0.580078 0.570312 0.341406 0.251563 0.01017
6 0.494922 0.6375 0.364063 0.417188 0.00933838
16 0.525098 0.591406 0.33418 0.332813 0.00857544
13 0.652734 0.569531 0.499219 0.265625 0.00806427
1 0.641406 0.510156 0.496875 0.392969 0.00803375
11 0.682422 0.460156 0.635156 0.665625 0.00775528
14 0.553906 0.564063 0.265625 0.25 0.00769424
12 0.652734 0.569531 0.499219 0.265625 0.00740433
21 0.707031 0.365039 0.295312 0.413672 0.00734711
13 0.557031 0.564844 0.30625 0.239063 0.00728989
0 0.564844 0.5625 0.325 0.264062 0.00728989
11 0.580078 0.570312 0.341406 0.251563 0.00723267
9 0.540625 0.626953 0.29375 0.383594 0.0069046
4 0.652734 0.569531 0.499219 0.265625 0.00679779
24 0.560938 0.573438 0.31875 0.264062 0.00674438
10 0.553906 0.564063 0.265625 0.25 0.00664139
18 0.542188 0.554688 0.275 0.234375 0.00653839
11 0.641406 0.510156 0.496875 0.392969 0.00643921
1 0.65625 0.426953 0.534375 0.563281 0.00631332
3 0.580078 0.570312 0.341406 0.251563 0.00616837
25 0.540625 0.626953 0.29375 0.383594 0.00605011
2 0.525098 0.591406 0.33418 0.332813 0.00600433
18 0.652734 0.569531 0.499219 0.265625 0.00595856
1 0.6 0.532422 0.4125 0.314063 0.00588989
14 0.494922 0.6375 0.364063 0.417188 0.005867
13 0.641406 0.510156 0.496875 0.392969 0.00582123
25 0.494922 0.6375 0.364063 0.417188 0.00582123
13 0.65625 0.426953 0.534375 0.563281 0.00564194
15 0.560938 0.573438 0.31875 0.264062 0.00557709
4 0.494922 0.6375 0.364063 0.417188 0.0055542
16 0.494922 0.6375 0.364063 0.417188 0.00542831
20 0.525098 0.591406 0.33418 0.332813 0.00530243
14 0.652734 0.569531 0.499219 0.265625 0.0051384
7 0.564844 0.5625 0.325 0.264062 0.00502014
17 0.555469 0.558594 0.303125 0.2375 0.00500107
4 0.540625 0.626953 0.29375 0.383594 0.00498199
12 0.542188 0.554688 0.275 0.234375 0.00494385
19 0.545313 0.538281 0.295312 0.25625 0.00482941
4 0.641406 0.510156 0.496875 0.392969 0.00482941
9 0.494922 0.6375 0.364063 0.417188 0.00475693
14 0.540625 0.626953 0.29375 0.383594 0.00471878
6 0.556641 0.646875 0.375 0.446875 0.00466537
3 0.652734 0.569531 0.499219 0.265625 0.0046463
21 0.540625 0.626953 0.29375 0.383594 0.00460815
5 0.580078 0.570312 0.341406 0.251563 0.00453949
20 0.494922 0.6375 0.364063 0.417188 0.00446701
12 0.641406 0.510156 0.496875 0.392969 0.00443268
7 0.652734 0.569531 0.499219 0.265625 0.00439835
3 0.542188 0.554688 0.275 0.234375 0.00439835
6 0.687207 0.654297 0.625586 0.491406 0.00436401
13 0.6 0.532422 0.4125 0.314063 0.00429916
0 0.652734 0.569531 0.499219 0.265625 0.00418091
1 0.525098 0.591406 0.33418 0.332813 0.00411606
1 0.557031 0.564844 0.30625 0.239063 0.0041008
17 0.641406 0.510156 0.496875 0.392969 0.00407028
5 0.494922 0.6375 0.364063 0.417188 0.00400543
19 0.710156 0.335938 0.292188 0.409375 0.00399017
16 0.684766 0.566406 0.630469 0.851562 0.00397491
1 0.652734 0.569531 0.499219 0.265625 0.00395966
11 0.494922 0.6375 0.364063 0.417188 0.00392914
1 0.494922 0.6375 0.364063 0.417188 0.00382423
10 0.494922 0.6375 0.364063 0.417188 0.0037365
10 0.540625 0.626953 0.29375 0.383594 0.00372124
12 0.682422 0.460156 0.635156 0.665625 0.00370789
1 0.69375 0.428906 0.279687 0.504687 0.00367928
0 0.684766 0.566406 0.630469 0.851562 0.00356483
4 0.585938 0.553906 0.3875 0.253125 0.00353813
3 0.641406 0.510156 0.496875 0.392969 0.00348282
5 0.540625 0.626953 0.29375 0.383594 0.00348282
6 0.684766 0.566406 0.630469 0.851562 0.00338936
12 0.6 0.532422 0.4125 0.314063 0.00335121
13 0.682422 0.460156 0.635156 0.665625 0.00335121
14 0.65625 0.426953 0.534375 0.563281 0.00333786
6 0.652734 0.569531 0.499219 0.265625 0.00333786
22 0.540625 0.626953 0.29375 0.383594 0.00332451
14 0.641406 0.510156 0.496875 0.392969 0.00331116
4 0.65625 0.426953 0.534375 0.563281 0.00327301
21 0.494922 0.6375 0.364063 0.417188 0.00324821
16 0.641406 0.510156 0.496875 0.392969 0.00322342
3 0.65625 0.426953 0.534375 0.563281 0.00322342
11 0.540625 0.626953 0.29375 0.383594 0.00322342
12 0.65625 0.426953 0.534375 0.563281 0.00311089
12 0.561621 0.508594 0.620508 0.842188 0.00309944
4 0.556641 0.646875 0.375 0.446875 0.00307465
4 0.687207 0.654297 0.625586 0.491406 0.00305176
2 0.494922 0.6375 0.364063 0.417188 0.00298119
5 0.542188 0.554688 0.275 0.234375 0.00296974
4 0.684766 0.566406 0.630469 0.851562 0.00293541
11 0.6 0.532422 0.4125 0.314063 0.00291252
0 0.641406 0.510156 0.496875 0.392969 0.00288963
11 0.556641 0.646875 0.375 0.446875 0.00287819
16 0.65625 0.426953 0.534375 0.563281 0.00286674
9 0.556641 0.646875 0.375 0.446875 0.00282288
0 0.65625 0.426953 0.534375 0.563281 0.00279999
25 0.556641 0.646875 0.375 0.446875 0.00277901
1 0.682422 0.460156 0.635156 0.665625 0.00276756
17 0.652734 0.569531 0.499219 0.265625 0.00275803
17 0.65625 0.426953 0.534375 0.563281 0.00269318
22 0.494922 0.6375 0.364063 0.417188 0.00269318
22 0.641406 0.510156 0.496875 0.392969 0.0026207
2 0.652734 0.569531 0.499219 0.265625 0.00260162
21 0.687207 0.654297 0.625586 0.491406 0.0024929
23 0.525098 0.591406 0.33418 0.332813 0.00247192
14 0.684766 0.566406 0.630469 0.851562 0.00246239
18 0.525098 0.591406 0.33418 0.332813 0.00243378
15 0.687207 0.654297 0.625586 0.491406 0.00243378
13 0.488281 0.626563 0.408594 0.445312 0.0024147
0 0.687207 0.654297 0.625586 0.491406 0.002388
8 0.557031 0.564844 0.30625 0.239063 0.00237846
11 0.687207 0.654297 0.625586 0.491406 0.00234222
14 0.687207 0.654297 0.625586 0.491406 0.00234222
3 0.494922 0.6375 0.364063 0.417188 0.00232315
13 0.525098 0.591406 0.33418 0.332813 0.00231361
14 0.6 0.532422 0.4125 0.314063 0.00230598
15 0.652734 0.569531 0.499219 0.265625 0.00230598
23 0.652734 0.569531 0.499219 0.265625 0.00230598
19 0.689063 0.4 0.289062 0.366406 0.00228691
15 0.684766 0.566406 0.630469 0.851562 0.00223351
25 0.652734 0.569531 0.499219 0.265625 0.00219917
12 0.488281 0.626563 0.408594 0.445312 0.00219917
22 0.555469 0.558594 0.303125 0.2375 0.00217438
22 0.65625 0.426953 0.534375 0.563281 0.00216484
16 0.6 0.532422 0.4125 0.314063 0.00214958
13 0.707031 0.365039 0.295312 0.413672 0.00211525
11 0.69375 0.428906 0.279687 0.504687 0.00209999
24 0.556641 0.646875 0.375 0.446875 0.00208282
3 0.525098 0.591406 0.33418 0.332813 0.0020504
17 0.6 0.532422 0.4125 0.314063 0.00203514
2 0.684766 0.566406 0.630469 0.851562 0.00203514
17 0.69375 0.428906 0.279687 0.504687 0.00199509
7 0.684766 0.566406 0.630469 0.851562 0.00197983
21 0.556641 0.646875 0.375 0.446875 0.0019722
0 0.525098 0.591406 0.33418 0.332813 0.00196457
18 0.684766 0.566406 0.630469 0.851562 0.00195694
22 0.556641 0.646875 0.375 0.446875 0.00195694
3 0.6 0.532422 0.4125 0.314063 0.00194168
5 0.652734 0.569531 0.499219 0.265625 0.00194168
16 0.687207 0.654297 0.625586 0.491406 0.00191879
8 0.641406 0.510156 0.496875 0.392969 0.00189686
19 0.652734 0.569531 0.499219 0.265625 0.00188255
9 0.585938 0.553906 0.3875 0.253125 0.00188255
11 0.487109 0.654688 0.447656 0.492188 0.00188255
20 0.687207 0.654297 0.625586 0.491406 0.00185299
16 0.556641 0.646875 0.375 0.446875 0.00185299
0 0.494922 0.6375 0.364063 0.417188 0.0018034
19 0.65625 0.426953 0.534375 0.563281 0.00176811
6 0.585938 0.553906 0.3875 0.253125 0.00173378
19 0.580078 0.570312 0.341406 0.251563 0.00171375
12 0.525098 0.591406 0.33418 0.332813 0.0017004
17 0.494922 0.6375 0.364063 0.417188 0.0017004
20 0.652734 0.569531 0.499219 0.265625 0.00169373
9 0.687207 0.654297 0.625586 0.491406 0.00168133
24 0.652734 0.569531 0.499219 0.265625 0.0016613
22 0.69375 0.428906 0.279687 0.504687 0.0016489
14 0.556641 0.646875 0.375 0.446875 0.0016489
20 0.641406 0.510156 0.496875 0.392969 0.00162315
12 0.638281 0.536328 0.723437 0.899219 0.00162315
20 0.556641 0.646875 0.375 0.446875 0.00162315
22 0.652734 0.569531 0.499219 0.265625 0.00161076
25 0.687207 0.654297 0.625586 0.491406 0.00161076
5 0.641406 0.510156 0.496875 0.392969 0.00159168
10 0.652734 0.569531 0.499219 0.265625 0.00158501
5 0.65625 0.426953 0.534375 0.563281 0.00155449
24 0.687207 0.654297 0.625586 0.491406 0.00154877
15 0.525098 0.591406 0.33418 0.332813 0.00153637
2 0.687207 0.654297 0.625586 0.491406 0.00150108
24 0.540625 0.626953 0.29375 0.383594 0.00149536
5 0.556641 0.646875 0.375 0.446875 0.0014782
2 0.65625 0.426953 0.534375 0.563281 0.00146103
12 0.692187 0.416797 0.273438 0.477344 0.00145531
15 0.641406 0.510156 0.496875 0.392969 0.00145531
6 0.487109 0.654688 0.447656 0.492188 0.00144958
0 0.6 0.532422 0.4125 0.314063 0.00143814
6 0.65625 0.426953 0.534375 0.563281 0.00143242
19 0.494922 0.6375 0.364063 0.417188 0.00143242
0 0.69375 0.428906 0.279687 0.504687 0.00142097
17 0.540625 0.626953 0.29375 0.383594 0.00141048
12 0.528906 0.570215 0.483594 0.51582 0.00139427
19 0.102734 0.823633 0.205469 0.337109 0.00138855
14 0.487109 0.654688 0.447656 0.492188 0.00137806
22 0.487109 0.654688 0.447656 0.492188 0.00137806
10 0.65625 0.426953 0.534375 0.563281 0.00134563
25 0.641406 0.510156 0.496875 0.392969 0.00133514
1 0.687207 0.654297 0.625586 0.491406 0.00133514
1 0.528906 0.570215 0.483594 0.51582 0.00132465
24 0.494922 0.6375 0.364063 0.417188 0.00130939
20 0.65625 0.426953 0.534375 0.563281 0.00130463
3 0.682422 0.460156 0.635156 0.665625 0.00130463
1 0.487109 0.654688 0.447656 0.492188 0.0012846
20 0.585938 0.553906 0.3875 0.253125 0.00127411
22 0.6 0.532422 0.4125 0.314063 0.0012598
17 0.682422 0.460156 0.635156 0.665625 0.00125504
13 0.69375 0.428906 0.279687 0.504687 0.00124454
8 0.6 0.532422 0.4125 0.314063 0.00121593
18 0.641406 0.510156 0.496875 0.392969 0.00121593
10 0.556641 0.646875 0.375 0.446875 0.00121593
2 0.556641 0.646875 0.375 0.446875 0.00121117
2 0.641406 0.510156 0.496875 0.392969 0.0012064
6 0.641406 0.510156 0.496875 0.392969 0.00119686
8 0.65625 0.426953 0.534375 0.563281 0.00116539
13 0.638281 0.536328 0.723437 0.899219 0.00115108
23 0.494922 0.6375 0.364063 0.417188 0.00112438
25 0.65625 0.426953 0.534375 0.563281 0.0011158
0 0.556641 0.646875 0.375 0.446875 0.00111198
9 0.652734 0.569531 0.499219 0.265625 0.00110722
13 0.528906 0.570215 0.483594 0.51582 0.00109482
23 0.684766 0.566406 0.630469 0.851562 0.00108147
9 0.684766 0.566406 0.630469 0.851562 0.00107288
18 0.65625 0.426953 0.534375 0.563281 0.00106525
1 0.649219 0.619922 0.701563 0.760156 0.00106049
13 0.556641 0.646875 0.375 0.446875 0.00106049
3 0.69375 0.428906 0.279687 0.504687 0.00105667
19 0.440625 0.653516 0.310156 0.391406 0.00103188
25 0.585938 0.553906 0.3875 0.253125 0.00103188
13 0.561621 0.508594 0.620508 0.842188 0.00102425
15 0.6 0.532422 0.4125 0.314063 0.00101662
8 0.652734 0.569531 0.499219 0.265625 0.00101185
2 0.69375 0.428906 0.279687 0.504687 0.00100803
20 0.684766 0.566406 0.630469 0.851562 0.00100803
24 0.561719 0.564844 0.392188 0.265625 0.0150757
13 0.600098 0.538379 0.510742 0.337305 0.0149536
12 0.600098 0.538379 0.510742 0.337305 0.0147324
12 0.641016 0.403027 0.717969 0.708008 0.014061
13 0.652344 0.384766 0.695312 0.671875 0.0134277
12 0.479688 0.490625 0.709375 0.492188 0.0129242
24 0.636719 0.466406 0.595313 0.476562 0.0113754
19 0.54375 0.505859 0.28125 0.314844 0.0112457
6 0.561719 0.564844 0.392188 0.265625 0.0108566
11 0.652344 0.384766 0.695312 0.671875 0.0106125
6 0.636719 0.466406 0.595313 0.476562 0.00963593
19 0.539062 0.547266 0.28125 0.217969 0.00919342
16 0.561719 0.564844 0.392188 0.265625 0.00793457
11 0.600098 0.538379 0.510742 0.337305 0.00740433
16 0.600098 0.538379 0.510742 0.337305 0.00737381
13 0.479688 0.490625 0.709375 0.492188 0.00717545
16 0.636719 0.466406 0.595313 0.476562 0.0069046
7 0.561719 0.564844 0.392188 0.265625 0.0068512
16 0.652344 0.384766 0.695312 0.671875 0.00643921
7 0.636719 0.466406 0.595313 0.476562 0.005867
12 0.388281 0.469531 0.776563 0.804688 0.00530243
12 0.471484 0.566406 0.644531 0.391406 0.00498199
7 0.600098 0.538379 0.510742 0.337305 0.00432968
11 0.636719 0.466406 0.595313 0.476562 0.00411606
6 0.600098 0.538379 0.510742 0.337305 0.00405502
6 0.6125 0.432031 0.775 0.675 0.00359344
24 0.6125 0.432031 0.775 0.675 0.00351143
7 0.652344 0.384766 0.695312 0.671875 0.00349617
12 0.564063 0.567187 0.36875 0.265625 0.00327301
24 0.600098 0.538379 0.510742 0.337305 0.00309944
9 0.574219 0.557031 0.353125 0.246875 0.0029583
1 0.589746 0.565625 0.44082 0.28125 0.00293541
12 0.671094 0.428906 0.570312 0.669531 0.00288963
11 0.561719 0.564844 0.392188 0.265625 0.00288963
12 0.787305 0.189844 0.425391 0.379688 0.00277901
13 0.564063 0.567187 0.36875 0.265625 0.0027256
15 0.600098 0.538379 0.510742 0.337305 0.00252151
13 0.452246 0.439844 0.751758 0.698438 0.00251198
13 0.636719 0.466406 0.595313 0.476562 0.00250244
15 0.652344 0.384766 0.695312 0.671875 0.0024929
19 0.600098 0.538379 0.510742 0.337305 0.00247192
19 0.652344 0.384766 0.695312 0.671875 0.00232315
11 0.479688 0.490625 0.709375 0.492188 0.00230598
17 0.600098 0.538379 0.510742 0.337305 0.00230598
13 0.471484 0.566406 0.644531 0.391406 0.00224304
23 0.561719 0.564844 0.392188 0.265625 0.00218201
4 0.652344 0.384766 0.695312 0.671875 0.00214958
12 0.636719 0.466406 0.595313 0.476562 0.00204277
15 0.564063 0.567187 0.36875 0.265625 0.00202751
4 0.600098 0.538379 0.510742 0.337305 0.00199509
3 0.600098 0.538379 0.510742 0.337305 0.00195694
1 0.652344 0.384766 0.695312 0.671875 0.00193405
17 0.652344 0.384766 0.695312 0.671875 0.00188923
16 0.471484 0.566406 0.644531 0.391406 0.00188255
18 0.600098 0.538379 0.510742 0.337305 0.00186729
16 0.479688 0.490625 0.709375 0.492188 0.00185299
20 0.600098 0.538379 0.510742 0.337305 0.00179577
13 0.671094 0.428906 0.570312 0.669531 0.00176811
9 0.636719 0.466406 0.595313 0.476562 0.00174809
2 0.561719 0.564844 0.392188 0.265625 0.00168705
12 0.630078 0.530859 0.739844 0.878906 0.00168705
1 0.479688 0.490625 0.709375 0.492188 0.00165462
14 0.652344 0.384766 0.695312 0.671875 0.00163555
15 0.636719 0.466406 0.595313 0.476562 0.00163555
14 0.600098 0.538379 0.510742 0.337305 0.0015974
24 0.471484 0.566406 0.644531 0.391406 0.0015974
19 0.636719 0.466406 0.595313 0.476562 0.00156116
19 0.561719 0.564844 0.392188 0.265625 0.00154877
2 0.600098 0.538379 0.510742 0.337305 0.00153637
23 0.636719 0.466406 0.595313 0.476562 0.00146675
3 0.652344 0.384766 0.695312 0.671875 0.00141048
20 0.652344 0.384766 0.695312 0.671875 0.00139904
18 0.561719 0.564844 0.392188 0.265625 0.00138855
13 0.787305 0.189844 0.425391 0.379688 0.00135612
0 0.574219 0.557031 0.353125 0.246875 0.00134563
12 0.851562 0.17168 0.296875 0.343359 0.00130939
15 0.471484 0.566406 0.644531 0.391406 0.00130939
18 0.652344 0.384766 0.695312 0.671875 0.00129986
12 0.364844 0.566406 0.729688 0.751563 0.0012846
12 0.396094 0.654688 0.792188 0.690625 0.0012846
12 0.789844 0.275 0.420312 0.55 0.00127888
2 0.636719 0.466406 0.595313 0.476562 0.00124454
19 0.741797 0.161914 0.238281 0.316797 0.00123501
12 0.700781 0.373437 0.598437 0.746875 0.00123501
20 0.561719 0.564844 0.392188 0.265625 0.00123501
6 0.471484 0.566406 0.644531 0.391406 0.0012207
12 0.793164 0.186914 0.413672 0.373828 0.00121593
5 0.652344 0.384766 0.695312 0.671875 0.00121593
5 0.600098 0.538379 0.510742 0.337305 0.00117874
9 0.600098 0.538379 0.510742 0.337305 0.00114727
16 0.54375 0.505859 0.28125 0.314844 0.00112057
12 0.757422 0.310352 0.485156 0.620703 0.00111198
15 0.479688 0.490625 0.709375 0.492188 0.00111198
18 0.636719 0.466406 0.595313 0.476562 0.00109863
23 0.600098 0.538379 0.510742 0.337305 0.00109005
2 0.652344 0.384766 0.695312 0.671875 0.00104809
14 0.531641 0.444922 0.675781 0.603906 0.00101662
12 0.442871 0.19082 0.787695 0.381641 0.00100803
4 0.561719 0.564844 0.392188 0.265625 0.00100803
12 0.427344 0.596875 0.854688 0.80625 0.00100422
21 0.546875 0.625391 0.303125 0.382031 0.0310211
23 0.55625 0.569531 0.292969 0.251563 0.0272675
4 0.55625 0.569531 0.292969 0.251563 0.0263519
4 0.604297 0.571875 0.400781 0.264062 0.0210419
23 0.604297 0.571875 0.400781 0.264062 0.0164642
7 0.604297 0.571875 0.400781 0.264062 0.0145035
14 0.55625 0.569531 0.292969 0.251563 0.0133286
7 0.55625 0.569531 0.292969 0.251563 0.0126266
14 0.604297 0.571875 0.400781 0.264062 0.0114212
0 0.55625 0.569531 0.292969 0.251563 0.0103302
24 0.588281 0.565625 0.354688 0.232813 0.00926971
18 0.55625 0.569531 0.292969 0.251563 0.00894928
18 0.604297 0.571875 0.400781 0.264062 0.00871277
0 0.604297 0.571875 0.400781 0.264062 0.00818634
6 0.56875 0.570312 0.30625 0.240625 0.00806427
11 0.604297 0.571875 0.400781 0.264062 0.0078125
2 0.55625 0.569531 0.292969 0.251563 0.00748825
6 0.604297 0.571875 0.400781 0.264062 0.00734711
12 0.604297 0.571875 0.400781 0.264062 0.00725937
2 0.604297 0.571875 0.400781 0.264062 0.00638962
12 0.55625 0.569531 0.292969 0.251563 0.00614548
11 0.55625 0.569531 0.292969 0.251563 0.00582123
19 0.547656 0.538281 0.278125 0.240625 0.00548935
9 0.588281 0.565625 0.354688 0.232813 0.00510025
16 0.555469 0.562891 0.289844 0.225 0.0046463
15 0.604297 0.571875 0.400781 0.264062 0.00453949
16 0.604297 0.571875 0.400781 0.264062 0.00397491
15 0.55625 0.569531 0.292969 0.251563 0.00362206
3 0.55625 0.569531 0.292969 0.251563 0.00333786
25 0.55625 0.569531 0.292969 0.251563 0.0024929
3 0.604297 0.571875 0.400781 0.264062 0.00226974
19 0.546094 0.650781 0.30625 0.385938 0.00201035
25 0.604297 0.571875 0.400781 0.264062 0.00194168
10 0.55625 0.569531 0.292969 0.251563 0.00137806
24 0.5375 0.562109 0.265625 0.232031 0.00137806
5 0.588281 0.565625 0.354688 0.232813 0.00137234
13 0.597656 0.570312 0.428125 0.314063 0.00132465
11 0.646094 0.500781 0.546875 0.446875 0.00132465
12 0.646094 0.500781 0.546875 0.446875 0.00127411
9 0.5375 0.562109 0.265625 0.232031 0.0011425
1 0.597656 0.570312 0.428125 0.314063 0.00112915
10 0.604297 0.571875 0.400781 0.264062 0.00108147
16 0.551953 0.523438 0.257031 0.25625 0.00104427
19 0.55 0.539844 0.2625 0.176563 0.00103188
23 0.560156 0.564063 0.310937 0.221875 0.20813
6 0.560156 0.557813 0.317188 0.217188 0.177856
0 0.561328 0.564063 0.317969 0.222656 0.0917358
9 0.565625 0.555469 0.315625 0.215625 0.0830078
4 0.561328 0.564063 0.317969 0.222656 0.0448608
16 0.561328 0.564063 0.317969 0.222656 0.0446777
24 0.560156 0.557813 0.317188 0.217188 0.0446777
2 0.561328 0.564063 0.317969 0.222656 0.0411377
12 0.570703 0.565234 0.322656 0.219531 0.0391846
7 0.561328 0.564063 0.317969 0.222656 0.0375977
14 0.556641 0.564844 0.300781 0.21875 0.0317383
15 0.570703 0.565234 0.322656 0.219531 0.0266571
25 0.560156 0.557813 0.317188 0.217188 0.024704
19 0.538281 0.514453 0.280469 0.313281 0.0167236
10 0.560156 0.557813 0.317188 0.217188 0.0164642
3 0.556641 0.564844 0.300781 0.21875 0.0150757
13 0.571094 0.5375 0.335938 0.250781 0.0119629
18 0.570703 0.565234 0.322656 0.219531 0.0119629
20 0.560156 0.557813 0.317188 0.217188 0.011734
12 0.588281 0.529297 0.371875 0.258594 0.0100098
5 0.565625 0.555469 0.315625 0.215625 0.00930023
17 0.570703 0.565234 0.322656 0.219531 0.00831604
11 0.571094 0.5375 0.335938 0.250781 0.0050621
19 0.543359 0.546875 0.270313 0.19375 0.00496292
1 0.571094 0.5375 0.335938 0.250781 0.00496292
13 0.536328 0.565625 0.289844 0.221875 0.0049057
8 0.536328 0.565625 0.289844 0.221875 0.00319672
12 0.613281 0.487891 0.414062 0.341406 0.003088
15 0.588281 0.529297 0.371875 0.258594 0.00291252
12 0.623047 0.428906 0.497656 0.567969 0.00284576
14 0.588281 0.529297 0.371875 0.258594 0.00251198
16 0.538281 0.514453 0.280469 0.313281 0.00218201
21 0.560156 0.557813 0.317188 0.217188 0.00216484
13 0.613281 0.487891 0.414062 0.341406 0.00208282
4 0.588281 0.529297 0.371875 0.258594 0.00204277
16 0.588281 0.529297 0.371875 0.258594 0.00194168
17 0.588281 0.529297 0.371875 0.258594 0.00179577
0 0.588281 0.529297 0.371875 0.258594 0.00176144
11 0.536328 0.565625 0.289844 0.221875 0.00172043
1 0.536328 0.565625 0.289844 0.221875 0.00171375
8 0.571094 0.5375 0.335938 0.250781 0.00162315
13 0.623047 0.428906 0.497656 0.567969 0.0015974
11 0.613281 0.487891 0.414062 0.341406 0.00158501
6 0.599219 0.531641 0.404687 0.279687 0.00152493
12 0.578027 0.522266 0.50332 0.452344 0.00150108
25 0.588281 0.529297 0.371875 0.258594 0.00141048
2 0.588281 0.529297 0.371875 0.258594 0.00137806
19 0.570703 0.565234 0.322656 0.219531 0.00130463
3 0.588281 0.529297 0.371875 0.258594 0.00128937
1 0.623047 0.428906 0.497656 0.567969 0.00112057
15 0.613281 0.487891 0.414062 0.341406 0.00111198
23 0.526563 0.545313 0.260938 0.235938 0.00102806
23 0.542969 0.552734 0.260938 0.221094 0.185913
25 0.558594 0.554688 0.278125 0.221875 0.0792236
14 0.542969 0.552734 0.260938 0.221094 0.0518494
4 0.542969 0.552734 0.260938 0.221094 0.0340881
0 0.542969 0.552734 0.260938 0.221094 0.0339661
2 0.542969 0.552734 0.260938 0.221094 0.03125
16 0.546094 0.559375 0.260938 0.23125 0.0280151
12 0.558594 0.554688 0.278125 0.221875 0.0225372
8 0.557813 0.575 0.2625 0.253125 0.0181274
3 0.542969 0.552734 0.260938 0.221094 0.0179138
6 0.542188 0.559375 0.267188 0.226562 0.0153656
5 0.542969 0.571094 0.260938 0.25625 0.0139542
9 0.542969 0.571094 0.260938 0.25625 0.0136871
21 0.557813 0.575 0.2625 0.253125 0.0127716
15 0.558594 0.554688 0.278125 0.221875 0.0126724
20 0.542969 0.571094 0.260938 0.25625 0.0121002
7 0.5375 0.553516 0.278125 0.225 0.0113297
18 0.5375 0.553516 0.278125 0.225 0.0102921
16 0.280908 0.86875 0.396777 0.23125 0.0088501
17 0.558594 0.554688 0.278125 0.221875 0.00831604
10 0.542969 0.552734 0.260938 0.221094 0.00800323
14 0.580078 0.542969 0.302344 0.252344 0.00734711
0 0.580078 0.542969 0.302344 0.252344 0.00653839
22 0.557813 0.575 0.2625 0.253125 0.00643921
2 0.520703 0.549219 0.345313 0.246875 0.00626373
4 0.580078 0.542969 0.302344 0.252344 0.00624084
0 0.520703 0.549219 0.345313 0.246875 0.006073
4 0.577344 0.579688 0.240625 0.248438 0.00605011
2 0.303857 0.867188 0.347754 0.225 0.00566483
1 0.577344 0.579688 0.240625 0.248438 0.00542831
23 0.520703 0.549219 0.345313 0.246875 0.00538635
2 0.580078 0.542969 0.302344 0.252344 0.00530243
9 0.575391 0.555078 0.261719 0.225 0.00498199
11 0.558594 0.545313 0.284375 0.239063 0.00479126
0 0.303857 0.867188 0.347754 0.225 0.00468063
6 0.280908 0.86875 0.396777 0.23125 0.00460815
6 0.577344 0.579688 0.240625 0.248438 0.00453949
13 0.558594 0.545313 0.284375 0.239063 0.00443268
24 0.542969 0.571094 0.260938 0.25625 0.00443268
2 0.289453 0.874414 0.439844 0.251172 0.00443268
4 0.520703 0.549219 0.345313 0.246875 0.00431442
0 0.289453 0.874414 0.439844 0.251172 0.00421524
16 0.580078 0.542969 0.302344 0.252344 0.00413513
0 0.577344 0.579688 0.240625 0.248438 0.00411606
3 0.580078 0.542969 0.302344 0.252344 0.0041008
23 0.303857 0.867188 0.347754 0.225 0.00408554
12 0.617188 0.528906 0.375 0.298438 0.00391388
14 0.520703 0.549219 0.345313 0.246875 0.0036068
12 0.64375 0.452246 0.5125 0.531445 0.00317192
16 0.520703 0.549219 0.345313 0.246875 0.00317192
6 0.580078 0.542969 0.302344 0.252344 0.00309944
1 0.580078 0.542969 0.302344 0.252344 0.00294685
19 0.55 0.539844 0.265625 0.19375 0.00274658
1 0.542188 0.559375 0.267188 0.226562 0.00271416
23 0.580078 0.542969 0.302344 0.252344 0.00261116
12 0.509375 0.517578 0.379688 0.289844 0.00257111
7 0.280908 0.86875 0.396777 0.23125 0.00255013
0 0.329883 0.864844 0.276172 0.196875 0.00251198
4 0.303857 0.867188 0.347754 0.225 0.00231361
9 0.534375 0.549219 0.328125 0.257812 0.00229645
3 0.577344 0.579688 0.240625 0.248438 0.00219917
23 0.329883 0.864844 0.276172 0.196875 0.00218201
2 0.577344 0.579688 0.240625 0.248438 0.00212479
14 0.577344 0.579688 0.240625 0.248438 0.00211525
11 0.509375 0.517578 0.379688 0.289844 0.00203514
2 0.329883 0.864844 0.276172 0.196875 0.00200272
16 0.329883 0.864844 0.276172 0.196875 0.0019722
18 0.280908 0.86875 0.396777 0.23125 0.00195694
14 0.303857 0.867188 0.347754 0.225 0.00179577
12 0.542578 0.476465 0.429688 0.518945 0.00161076
3 0.520703 0.549219 0.345313 0.246875 0.00161076
14 0.329883 0.864844 0.276172 0.196875 0.0015974
15 0.617188 0.528906 0.375 0.298438 0.00158501
14 0.576563 0.467187 0.435937 0.503125 0.00157356
11 0.576563 0.467187 0.435937 0.503125 0.00156689
4 0.289453 0.874414 0.439844 0.251172 0.00151253
2 0.576563 0.467187 0.435937 0.503125 0.00150108
5 0.53125 0.539062 0.294531 0.242188 0.00148964
15 0.509375 0.517578 0.379688 0.289844 0.0014782
13 0.617188 0.528906 0.375 0.298438 0.0014782
5 0.575391 0.555078 0.261719 0.225 0.00146675
8 0.580078 0.542969 0.302344 0.252344 0.00145531
11 0.617188 0.528906 0.375 0.298438 0.00144958
11 0.577344 0.579688 0.240625 0.248438 0.00143242
21 0.546094 0.616406 0.276563 0.365625 0.0014267
7 0.329883 0.864844 0.276172 0.196875 0.00141048
1 0.64375 0.452246 0.5125 0.531445 0.00137234
4 0.329883 0.864844 0.276172 0.196875 0.00136185
20 0.575391 0.555078 0.261719 0.225 0.00135612
13 0.64375 0.452246 0.5125 0.531445 0.00134563
17 0.576563 0.467187 0.435937 0.503125 0.00133038
13 0.509375 0.517578 0.379688 0.289844 0.00131989
18 0.580078 0.542969 0.302344 0.252344 0.00131512
14 0.289453 0.874414 0.439844 0.251172 0.00131512
14 0.617188 0.528906 0.375 0.298438 0.00130463
6 0.329883 0.864844 0.276172 0.196875 0.00130463
7 0.509375 0.517578 0.379688 0.289844 0.00126457
10 0.577344 0.579688 0.240625 0.248438 0.00122547
4 0.617188 0.528906 0.375 0.298438 0.00120163
9 0.280908 0.86875 0.396777 0.23125 0.00119686
18 0.509375 0.517578 0.379688 0.289844 0.00113392
24 0.520703 0.549219 0.345313 0.246875 0.00113392
0 0.576563 0.467187 0.435937 0.503125 0.00112915
11 0.289453 0.874414 0.439844 0.251172 0.00111198
8 0.53125 0.539062 0.294531 0.242188 0.00110722
10 0.303857 0.867188 0.347754 0.225 0.00110722
2 0.617188 0.528906 0.375 0.298438 0.00109863
0 0.617188 0.528906 0.375 0.298438 0.00109482
10 0.2875 0.870703 0.434375 0.258594 0.00107765
18 0.329883 0.864844 0.276172 0.196875 0.00106907
6 0.530859 0.548438 0.342969 0.323438 0.00106525
3 0.280908 0.86875 0.396777 0.23125 0.00105286
23 0.547656 0.557031 0.25625 0.209375 0.0670776
25 0.547656 0.557031 0.25625 0.209375 0.0408325
14 0.547656 0.557031 0.25625 0.209375 0.0267639
4 0.546875 0.554297 0.248438 0.210156 0.026001
6 0.546875 0.554297 0.248438 0.210156 0.0212402
2 0.547656 0.557031 0.25625 0.209375 0.0207672
0 0.546875 0.554297 0.248438 0.210156 0.0201721
16 0.546875 0.554297 0.248438 0.210156 0.0180511
17 0.549219 0.53125 0.279687 0.264062 0.0167847
3 0.547656 0.557031 0.25625 0.209375 0.0163422
12 0.843359 0.422559 0.313281 0.592383 0.0110703
9 0.551172 0.551172 0.246875 0.208594 0.00971222
12 0.621484 0.424219 0.449219 0.500781 0.00857544
13 0.549219 0.53125 0.279687 0.264062 0.00806427
12 0.549219 0.53125 0.279687 0.264062 0.0078125
13 0.621484 0.424219 0.449219 0.500781 0.00709534
10 0.546875 0.554297 0.248438 0.210156 0.0064888
13 0.843359 0.422559 0.313281 0.592383 0.0064621
17 0.542188 0.556641 0.240625 0.210156 0.00629044
1 0.549219 0.53125 0.279687 0.264062 0.0055542
8 0.546875 0.554297 0.248438 0.210156 0.00521851
12 0.720313 0.411035 0.559375 0.724805 0.00510025
12 0.648047 0.37168 0.585156 0.691016 0.00365067
5 0.551172 0.551172 0.246875 0.208594 0.00337601
15 0.547656 0.557031 0.25625 0.209375 0.00305176
20 0.551172 0.551172 0.246875 0.208594 0.0029583
1 0.542188 0.554688 0.240625 0.209375 0.0026207
11 0.557813 0.555859 0.271875 0.217969 0.00258064
13 0.574609 0.499219 0.350781 0.346875 0.00255013
7 0.546875 0.554297 0.248438 0.210156 0.0024929
12 0.574609 0.499219 0.350781 0.346875 0.00231361
13 0.720313 0.411035 0.559375 0.724805 0.0019722
12 0.542188 0.556641 0.240625 0.210156 0.00194168
13 0.542188 0.556641 0.240625 0.210156 0.00184631
16 0.546875 0.503516 0.264062 0.280469 0.00178909
1 0.621484 0.424219 0.449219 0.500781 0.00175476
17 0.621484 0.424219 0.449219 0.500781 0.00164223
13 0.648047 0.37168 0.585156 0.691016 0.00160408
18 0.542188 0.556641 0.240625 0.210156 0.00153065
22 0.549219 0.53125 0.279687 0.264062 0.00151253
20 0.549219 0.53125 0.279687 0.264062 0.00130463
19 0.542188 0.556641 0.240625 0.210156 0.00127411
24 0.551172 0.551172 0.246875 0.208594 0.0012207
12 0.851953 0.480078 0.296094 0.464063 0.00104046
23 0.5375 0.570312 0.257031 0.215625 0.180054
16 0.537891 0.553125 0.25625 0.210938 0.0462036
25 0.551172 0.571875 0.274219 0.2125 0.0293121
0 0.546875 0.553516 0.270313 0.216406 0.0271759
14 0.5375 0.570312 0.257031 0.215625 0.0267639
2 0.5375 0.570312 0.257031 0.215625 0.0233307
6 0.546875 0.553516 0.270313 0.216406 0.019165
4 0.546875 0.553516 0.270313 0.216406 0.0184784
3 0.551172 0.571875 0.274219 0.2125 0.0109024
9 0.537891 0.553125 0.25625 0.210938 0.00955963
12 0.551172 0.571875 0.274219 0.2125 0.0068512
13 0.553125 0.550781 0.279687 0.246094 0.00516129
17 0.551172 0.571875 0.274219 0.2125 0.00468063
7 0.537891 0.553125 0.25625 0.210938 0.00443268
24 0.542188 0.567187 0.2625 0.253125 0.00429916
2 0.306836 0.870703 0.613672 0.258594 0.00419998
18 0.5375 0.570312 0.257031 0.215625 0.00362206
8 0.542188 0.567187 0.2625 0.253125 0.00332451
15 0.551172 0.571875 0.274219 0.2125 0.003088
20 0.542188 0.567187 0.2625 0.253125 0.0029583
5 0.5375 0.570312 0.257031 0.215625 0.00290108
12 0.576953 0.546875 0.332031 0.259375 0.00288963
16 0.551953 0.559766 0.29375 0.280469 0.00275803
10 0.537891 0.553125 0.25625 0.210938 0.00257111
1 0.552344 0.551953 0.271875 0.222656 0.00224304
12 0.648438 0.373437 0.685938 0.746875 0.00209045
2 0.33457 0.879687 0.403516 0.240625 0.00194931
11 0.542188 0.567187 0.2625 0.253125 0.0016613
19 0.546094 0.565625 0.267188 0.221875 0.00162888
14 0.306836 0.870703 0.613672 0.258594 0.00151253
12 0.692187 0.426563 0.615625 0.578906 0.00133514
2 0.551953 0.559766 0.29375 0.280469 0.00131512
13 0.648438 0.373437 0.685938 0.746875 0.00121593
9 0.551953 0.559766 0.29375 0.280469 0.00117397
14 0.545313 0.54375 0.296875 0.264062 0.00113392
13 0.692187 0.426563 0.615625 0.578906 0.00110722
12 0.838867 0.475781 0.322266 0.490625 0.00109863
23 0.557813 0.557813 0.257812 0.210938 0.196777
4 0.557031 0.561328 0.264062 0.208594 0.127686
14 0.557813 0.557813 0.257812 0.210938 0.0409851
0 0.557813 0.557813 0.257812 0.210938 0.0285492
25 0.557813 0.557813 0.257812 0.210938 0.0246124
9 0.560938 0.552344 0.2625 0.198437 0.0186157
15 0.557813 0.557813 0.257812 0.210938 0.0179901
2 0.557813 0.557813 0.257812 0.210938 0.0157166
8 0.560938 0.552344 0.2625 0.198437 0.0156708
18 0.553125 0.558203 0.267969 0.213281 0.00912476
6 0.557813 0.557813 0.257812 0.210938 0.00857544
7 0.557813 0.557813 0.257812 0.210938 0.00636292
12 0.545313 0.560938 0.278125 0.223438 0.00614548
13 0.545313 0.560938 0.278125 0.223438 0.00559998
3 0.557813 0.557813 0.257812 0.210938 0.0055542
5 0.560938 0.552344 0.2625 0.198437 0.00477219
17 0.557813 0.557813 0.257812 0.210938 0.00304031
10 0.557813 0.557813 0.257812 0.210938 0.0026722
20 0.560938 0.552344 0.2625 0.198437 0.00243378
16 0.557813 0.557813 0.257812 0.210938 0.00234985
13 0.546484 0.533203 0.307031 0.307813 0.00212479
24 0.553125 0.558203 0.267969 0.213281 0.00198746
1 0.553516 0.553125 0.270313 0.202344 0.0018177
12 0.546484 0.533203 0.307031 0.307813 0.00146675
21 0.560938 0.552344 0.2625 0.198437 0.00102425
23 0.544531 0.565625 0.267188 0.207813 0.246582
4 0.546875 0.56875 0.279687 0.210938 0.0800781
14 0.544531 0.565625 0.267188 0.207813 0.0698242
25 0.552734 0.566406 0.270313 0.198437 0.0422363
0 0.552734 0.566406 0.285938 0.214062 0.0255585
2 0.552734 0.566406 0.270313 0.198437 0.0227966
6 0.554297 0.567969 0.291406 0.239063 0.0213318
9 0.552734 0.566406 0.285938 0.214062 0.0135345
15 0.552734 0.566406 0.270313 0.198437 0.0131226
12 0.552734 0.566406 0.270313 0.198437 0.01017
8 0.546875 0.56875 0.279687 0.210938 0.00717545
10 0.554297 0.567969 0.291406 0.239063 0.00631332
17 0.552734 0.566406 0.270313 0.198437 0.00526047
18 0.552734 0.566406 0.270313 0.198437 0.0051384
13 0.558984 0.560938 0.274219 0.204688 0.00436401
3 0.552734 0.566406 0.285938 0.214062 0.00416565
16 0.557031 0.564063 0.282813 0.214062 0.00376511
11 0.554297 0.567969 0.291406 0.239063 0.00296974
1 0.552734 0.5625 0.257031 0.257812 0.00261116
12 0.577344 0.554688 0.346875 0.234375 0.00197983
5 0.546875 0.567578 0.28125 0.2375 0.00192642
19 0.553906 0.5375 0.276563 0.176563 0.00178242
20 0.554297 0.567969 0.291406 0.239063 0.00178242
13 0.577344 0.554688 0.346875 0.234375 0.0014782
21 0.883789 0.185645 0.232422 0.371289 0.0012846
19 0.546875 0.564844 0.245312 0.209375 0.00122547
7 0.552734 0.566406 0.285938 0.214062 0.0011034
23 0.542188 0.557031 0.271875 0.225 0.250977
4 0.553125 0.551562 0.285938 0.221875 0.153076
14 0.542188 0.557031 0.271875 0.225 0.0797729
25 0.555859 0.555469 0.275 0.227344 0.0750122
9 0.553125 0.551562 0.285938 0.221875 0.0643921
0 0.542188 0.557031 0.271875 0.225 0.0419312
12 0.555859 0.555469 0.275 0.227344 0.0172424
15 0.555859 0.555469 0.275 0.227344 0.0159607
2 0.541406 0.554688 0.265625 0.23125 0.0137405
6 0.54375 0.552734 0.284375 0.220313 0.012825
19 0.551953 0.538672 0.267969 0.195312 0.0123825
8 0.554688 0.552344 0.282813 0.235938 0.00861359
5 0.54375 0.552734 0.284375 0.220313 0.00766754
17 0.555469 0.549219 0.273438 0.24375 0.00720596
20 0.54375 0.552734 0.284375 0.220313 0.00479126
10 0.553125 0.551562 0.285938 0.221875 0.00460815
3 0.541406 0.554688 0.265625 0.23125 0.00379562
16 0.541406 0.554688 0.265625 0.23125 0.00370789
12 0.589063 0.530469 0.385938 0.309375 0.0028553
13 0.555469 0.555859 0.273438 0.227344 0.0026722
7 0.541406 0.554688 0.265625 0.23125 0.00229645
15 0.589063 0.530469 0.385938 0.309375 0.00206757
18 0.541406 0.554688 0.265625 0.23125 0.00196457
24 0.54375 0.552734 0.284375 0.220313 0.00188255
19 0.548828 0.525 0.269531 0.285938 0.00183868
12 0.614844 0.467969 0.445312 0.442969 0.00174809
4 0.559766 0.563281 0.366406 0.264062 0.0016489
5 0.559766 0.563281 0.366406 0.264062 0.00163555
1 0.542188 0.558594 0.277344 0.240625 0.00158501
9 0.559766 0.563281 0.366406 0.264062 0.00157928
12 0.64541 0.365625 0.579492 0.73125 0.00154877
13 0.589063 0.530469 0.385938 0.309375 0.00138283
14 0.542969 0.567969 0.25625 0.225 0.140869
23 0.549219 0.569141 0.265625 0.224219 0.12854
25 0.549219 0.569141 0.265625 0.224219 0.0946655
4 0.542969 0.567969 0.25625 0.225 0.0598755
6 0.550391 0.567187 0.272656 0.225 0.0302734
2 0.549219 0.569141 0.265625 0.224219 0.0254669
0 0.549219 0.569141 0.265625 0.224219 0.0197906
8 0.55 0.563281 0.275 0.228125 0.0148392
9 0.550391 0.567187 0.272656 0.225 0.0137405
12 0.539844 0.564063 0.259375 0.227344 0.00634003
10 0.550391 0.567187 0.272656 0.225 0.00542831
1 0.535937 0.573047 0.265625 0.242969 0.0053215
17 0.549219 0.569141 0.265625 0.224219 0.0049057
3 0.549219 0.569141 0.265625 0.224219 0.003088
11 0.550391 0.567187 0.272656 0.225 0.00305176
15 0.555078 0.567969 0.271094 0.221875 0.00228691
5 0.536719 0.56875 0.257812 0.226562 0.00219917
16 0.548828 0.564453 0.259375 0.225 0.00215721
20 0.550391 0.567187 0.272656 0.225 0.00161076
18 0.555078 0.567969 0.271094 0.221875 0.00136662
13 0.555078 0.567969 0.271094 0.221875 0.00124931
25 0.553906 0.570312 0.267188 0.232031 0.231567
23 0.553906 0.570312 0.267188 0.232031 0.206299
14 0.544531 0.569922 0.2625 0.230469 0.0512695
4 0.544531 0.569922 0.2625 0.230469 0.0283813
12 0.553906 0.570312 0.267188 0.232031 0.0253754
15 0.551562 0.570312 0.278125 0.23125 0.0248871
2 0.553906 0.570312 0.267188 0.232031 0.0151291
8 0.557031 0.568359 0.270313 0.229687 0.01017
16 0.54375 0.564063 0.246875 0.21875 0.00948334
0 0.544531 0.569922 0.2625 0.230469 0.00926971
6 0.546094 0.561719 0.260938 0.221875 0.00800323
17 0.553906 0.570312 0.267188 0.232031 0.00564194
1 0.546094 0.561719 0.260938 0.221875 0.00494385
13 0.551562 0.570312 0.278125 0.23125 0.00475693
9 0.55625 0.560156 0.265625 0.221875 0.00453949
12 0.668359 0.370898 0.619531 0.719922 0.00380898
10 0.544531 0.569922 0.2625 0.230469 0.00312424
3 0.544531 0.569922 0.2625 0.230469 0.00293541
12 0.626953 0.441309 0.458594 0.481445 0.00286674
19 0.544141 0.539062 0.255469 0.175 0.00223351
13 0.668359 0.370898 0.619531 0.719922 0.0020504
15 0.612891 0.443066 0.439844 0.506055 0.00181007
19 0.557031 0.568359 0.270313 0.229687 0.00168705
5 0.55625 0.560156 0.265625 0.221875 0.00163555
15 0.668359 0.370898 0.619531 0.719922 0.00147247
13 0.626953 0.441309 0.458594 0.481445 0.00136185
17 0.626953 0.441309 0.458594 0.481445 0.0012846
23 0.558594 0.557031 0.276563 0.2375 0.723145
25 0.558594 0.557031 0.276563 0.2375 0.295898
4 0.558594 0.557031 0.276563 0.2375 0.0685425
12 0.558594 0.557031 0.276563 0.2375 0.0611877
14 0.551562 0.558203 0.270313 0.233594 0.0387573
2 0.553906 0.5625 0.273438 0.239063 0.035675
9 0.558594 0.557031 0.276563 0.2375 0.0332031
0 0.558594 0.557031 0.276563 0.2375 0.011734
15 0.56875 0.555469 0.289062 0.242188 0.00737381
16 0.555859 0.557813 0.272656 0.240625 0.00624084
6 0.55625 0.55625 0.276563 0.242188 0.00568771
13 0.56875 0.555469 0.289062 0.242188 0.00388527
8 0.555859 0.557813 0.272656 0.240625 0.00385475
10 0.55625 0.55625 0.276563 0.242188 0.0037365
18 0.558594 0.557031 0.276563 0.2375 0.00362206
17 0.561328 0.548438 0.282031 0.246875 0.00344276
1 0.554688 0.560156 0.290625 0.257812 0.00276756
12 0.585938 0.547656 0.3625 0.265625 0.00237846
7 0.550781 0.530469 0.254688 0.167187 0.0016613
3 0.56875 0.555469 0.289062 0.242188 0.00157356
23 0.585938 0.547656 0.3625 0.265625 0.00134563
23 0.542969 0.564844 0.260938 0.240625 0.763672
4 0.546875 0.563281 0.267969 0.240625 0.458008
9 0.545313 0.564063 0.270313 0.240625 0.168335
25 0.542969 0.564844 0.260938 0.240625 0.165649
0 0.542969 0.564844 0.260938 0.240625 0.141235
14 0.542969 0.564844 0.260938 0.240625 0.122131
2 0.555859 0.564063 0.289844 0.240625 0.0210419
12 0.538672 0.563281 0.25625 0.235938 0.0177155
8 0.538672 0.563281 0.25625 0.235938 0.00714874
15 0.542969 0.564844 0.260938 0.240625 0.00605011
17 0.552344 0.551172 0.282813 0.261719 0.00568771
10 0.545703 0.564844 0.258594 0.240625 0.00466537
3 0.545703 0.564844 0.258594 0.240625 0.00300407
5 0.535937 0.560156 0.247656 0.2125 0.00263214
6 0.535937 0.560156 0.247656 0.2125 0.00178242
18 0.546875 0.563281 0.267969 0.240625 0.00174809
4 0.902344 0.12771 0.195312 0.147705 0.00161076
4 0.482031 0.965234 0.145313 0.0695313 0.00121117
16 0.530859 0.56875 0.261719 0.234375 0.0011425
23 0.540625 0.560938 0.272656 0.217969 0.38501
2 0.54375 0.5625 0.273438 0.221875 0.191895
14 0.54375 0.5625 0.273438 0.221875 0.144653
25 0.546875 0.564453 0.267188 0.222656 0.0872803
4 0.540234 0.562109 0.267969 0.216406 0.0197144
0 0.540234 0.562109 0.267969 0.216406 0.0086441
6 0.539062 0.567187 0.26875 0.23125 0.00847626
8 0.54375 0.5625 0.273438 0.221875 0.00370789
10 0.546875 0.564453 0.267188 0.222656 0.00356483
9 0.540625 0.560938 0.272656 0.217969 0.00353813
17 0.527344 0.559766 0.260938 0.204688 0.00257111
16 0.539062 0.567187 0.26875 0.23125 0.00243378
3 0.540234 0.562109 0.267969 0.216406 0.00184631
1 0.539062 0.567187 0.26875 0.23125 0.00173378
12 0.540625 0.560938 0.272656 0.217969 0.00165462
18 0.546875 0.564453 0.267188 0.222656 0.00118351
7 0.532031 0.564844 0.267188 0.204688 0.00103188
23 0.549609 0.558594 0.260156 0.220313 0.819824
25 0.555859 0.557422 0.255469 0.222656 0.370117
2 0.547656 0.553906 0.265625 0.21875 0.315674
14 0.549609 0.558594 0.260156 0.220313 0.30249
10 0.549609 0.558594 0.260156 0.220313 0.0102463
4 0.549609 0.558594 0.260156 0.220313 0.00981903
9 0.555859 0.557422 0.255469 0.222656 0.0050621
6 0.556641 0.560156 0.258594 0.217188 0.00413513
16 0.557422 0.553516 0.259375 0.217969 0.00385475
0 0.549609 0.558594 0.260156 0.220313 0.00372124
8 0.556641 0.560156 0.258594 0.217188 0.00337601
18 0.554297 0.557031 0.261719 0.223438 0.00218201
1 0.552344 0.558594 0.25 0.215625 0.00192642
17 0.552344 0.553906 0.2625 0.221875 0.00142097
7 0.553125 0.558203 0.242188 0.220313 0.00107765
19 0.559375 0.529297 0.279687 0.169531 0.00104809
5 0.545703 0.558594 0.260156 0.215625 0.00101185
23 0.549219 0.560938 0.284375 0.23125 0.891602
14 0.55 0.566016 0.270313 0.236719 0.494141
25 0.551562 0.559375 0.278125 0.226562 0.297363
2 0.55 0.566016 0.270313 0.236719 0.229492
4 0.552344 0.565234 0.279687 0.244531 0.0189362
9 0.551562 0.559375 0.278125 0.226562 0.00993347
12 0.551562 0.559375 0.278125 0.226562 0.00937653
0 0.552344 0.565234 0.279687 0.244531 0.00547028
1 0.540234 0.566797 0.286719 0.242969 0.00344276
10 0.552344 0.565234 0.279687 0.244531 0.00331116
5 0.546484 0.567187 0.282031 0.239063 0.00253105
18 0.546094 0.566016 0.276563 0.239844 0.00209045
6 0.540234 0.566797 0.286719 0.242969 0.00203514
8 0.540234 0.566797 0.286719 0.242969 0.00175476
17 0.545703 0.564453 0.286719 0.238281 0.00171375
16 0.546094 0.566016 0.276563 0.239844 0.00166798
15 0.545703 0.564453 0.286719 0.238281 0.00101662
23 0.545313 0.564063 0.271875 0.24375 0.908691
14 0.548047 0.571875 0.277344 0.242188 0.763672
25 0.545313 0.564063 0.271875 0.24375 0.226074
4 0.548047 0.571875 0.277344 0.242188 0.0797729
2 0.543359 0.563281 0.274219 0.236719 0.0753174
6 0.550781 0.560156 0.296875 0.24375 0.0119171
12 0.546094 0.563672 0.276563 0.241406 0.00912476
8 0.537109 0.567969 0.249219 0.246875 0.00790405
9 0.546094 0.563672 0.276563 0.241406 0.00566483
10 0.537109 0.567969 0.249219 0.246875 0.00492477
21 0.548438 0.557422 0.282813 0.276563 0.00446701
1 0.537109 0.567969 0.249219 0.246875 0.00439835
17 0.537109 0.567969 0.249219 0.246875 0.00282288
7 0.551562 0.534375 0.273438 0.178125 0.00215721
3 0.531641 0.566406 0.263281 0.234375 0.00211525
0 0.537109 0.567969 0.249219 0.246875 0.00175476
19 0.557031 0.532813 0.273438 0.175 0.00174141
16 0.528125 0.574609 0.267188 0.242969 0.00171375
5 0.531641 0.566406 0.263281 0.234375 0.00145531
11 0.550781 0.560156 0.296875 0.24375 0.00135136
15 0.602344 0.479688 0.4125 0.430469 0.00108624
12 0.602344 0.479688 0.4125 0.430469 0.00100422
23 0.553906 0.560938 0.271875 0.230469 0.913086
25 0.553906 0.560938 0.271875 0.230469 0.891113
6 0.549219 0.564844 0.26875 0.239063 0.0594177
15 0.553906 0.560938 0.271875 0.230469 0.0334778
2 0.553906 0.560938 0.271875 0.230469 0.0294189
12 0.551172 0.565625 0.273438 0.225 0.0279083
8 0.55 0.565625 0.267188 0.221875 0.0175171
14 0.553906 0.560938 0.271875 0.230469 0.0171814
10 0.551172 0.567187 0.260938 0.234375 0.0168457
13 0.551172 0.565625 0.273438 0.225 0.014389
3 0.549219 0.564844 0.26875 0.239063 0.0139008
25 0.589844 0.529688 0.35625 0.301563 0.0137939
13 0.589844 0.529688 0.35625 0.301563 0.0131226
15 0.589844 0.529688 0.35625 0.301563 0.0115967
17 0.557031 0.567187 0.265625 0.217969 0.0115967
16 0.551172 0.567187 0.260938 0.234375 0.0103302
0 0.553906 0.560938 0.271875 0.230469 0.00993347
4 0.553906 0.560938 0.271875 0.230469 0.00908661
23 0.589844 0.529688 0.35625 0.301563 0.00898743
12 0.589844 0.529688 0.35625 0.301563 0.00669098
18 0.553906 0.560938 0.271875 0.230469 0.00399017
6 0.578906 0.538672 0.340625 0.2875 0.00336266
4 0.570312 0.569531 0.357812 0.259375 0.00336266
9 0.553906 0.560938 0.271875 0.230469 0.00234222
3 0.589844 0.529688 0.35625 0.301563 0.00206757
19 0.543359 0.567578 0.274219 0.233594 0.00176811
17 0.589844 0.529688 0.35625 0.301563 0.00143814
23 0.570312 0.569531 0.357812 0.259375 0.00133514
2 0.589844 0.529688 0.35625 0.301563 0.00127411
1 0.543359 0.567578 0.274219 0.233594 0.00118351
14 0.589844 0.529688 0.35625 0.301563 0.00112057
23 0.546094 0.56875 0.251563 0.232813 0.956543
25 0.546094 0.56875 0.251563 0.232813 0.546875
15 0.540625 0.565234 0.260938 0.221094 0.0574951
0 0.542188 0.563281 0.259375 0.220313 0.0514526
4 0.542969 0.568359 0.265625 0.233594 0.0488586
6 0.548047 0.569531 0.253906 0.215625 0.0352783
14 0.548047 0.569531 0.253906 0.215625 0.0343628
8 0.541406 0.567969 0.259375 0.214062 0.0289764
12 0.542969 0.568359 0.265625 0.233594 0.0147324
2 0.548047 0.569531 0.253906 0.215625 0.0127716
10 0.546484 0.560938 0.242969 0.21875 0.0112457
18 0.546484 0.560938 0.242969 0.21875 0.00993347
3 0.548047 0.569531 0.253906 0.215625 0.0049057
9 0.542969 0.568359 0.265625 0.233594 0.00408554
16 0.550781 0.567187 0.259375 0.235938 0.00379562
17 0.542969 0.568359 0.265625 0.233594 0.00369263
13 0.542969 0.568359 0.265625 0.233594 0.00251198
4 0.458594 0.961328 0.220313 0.0773438 0.00174141
1 0.541406 0.571875 0.265625 0.214062 0.00112057
23 0.549219 0.568359 0.267188 0.241406 0.980469
25 0.548047 0.562891 0.266406 0.221875 0.345215
2 0.544922 0.56875 0.269531 0.242188 0.108582
6 0.549219 0.5625 0.25625 0.232031 0.0374756
16 0.544922 0.56875 0.269531 0.242188 0.0317383
14 0.547656 0.566016 0.257812 0.23125 0.0307922
10 0.544531 0.564063 0.271875 0.220313 0.0262604
15 0.551562 0.563281 0.271875 0.221875 0.0142822
13 0.631641 0.44209 0.467969 0.49707 0.0130692
3 0.551562 0.5625 0.2625 0.25 0.0100098
18 0.544531 0.564063 0.271875 0.220313 0.00844574
13 0.551562 0.563281 0.271875 0.221875 0.00828552
9 0.549219 0.568359 0.267188 0.241406 0.00757599
13 0.566406 0.549609 0.3125 0.275781 0.00679779
4 0.549219 0.5625 0.25625 0.232031 0.00588989
0 0.549219 0.5625 0.25625 0.232031 0.00538635
15 0.616016 0.439453 0.427344 0.499219 0.00446701
7 0.544922 0.56875 0.269531 0.242188 0.00432968
12 0.551562 0.563281 0.271875 0.221875 0.00392914
19 0.549219 0.546875 0.290625 0.209375 0.00338936
12 0.616016 0.439453 0.427344 0.499219 0.00286674
25 0.566406 0.549609 0.3125 0.275781 0.00206757
17 0.551562 0.563281 0.271875 0.221875 0.00191212
17 0.616016 0.439453 0.427344 0.499219 0.00136662
8 0.549219 0.5625 0.25625 0.232031 0.00131512
25 0.616016 0.439453 0.427344 0.499219 0.0011692
23 0.55625 0.564844 0.264062 0.242188 0.878418
25 0.55625 0.564844 0.264062 0.242188 0.490234
14 0.551953 0.562109 0.263281 0.227344 0.151978
4 0.552344 0.565625 0.276563 0.245312 0.0663452
8 0.549219 0.558594 0.273438 0.23125 0.0430298
0 0.552344 0.565625 0.276563 0.245312 0.0217438
6 0.537109 0.573438 0.282031 0.234375 0.00948334
2 0.551953 0.562109 0.263281 0.227344 0.00766754
9 0.55625 0.564844 0.264062 0.242188 0.00416565
10 0.55625 0.564844 0.264062 0.242188 0.00253105
17 0.549219 0.558594 0.273438 0.23125 0.00247192
1 0.537109 0.573438 0.282031 0.234375 0.00195694
3 0.542969 0.565625 0.267188 0.228125 0.0017004
5 0.547656 0.5625 0.26875 0.228125 0.00151253
12 0.554688 0.555469 0.264844 0.229687 0.00136662
15 0.548438 0.567187 0.254688 0.2375 0.00111198
23 0.55 0.559766 0.257812 0.225781 0.95752
25 0.549609 0.567187 0.251563 0.228125 0.247314
14 0.549219 0.567187 0.253125 0.226562 0.0823975
4 0.549219 0.567187 0.253125 0.226562 0.0700684
2 0.549609 0.567187 0.251563 0.228125 0.0474243
0 0.549219 0.562891 0.267188 0.220313 0.0362244
6 0.559375 0.5625 0.275 0.234375 0.0170441
9 0.549609 0.567187 0.251563 0.228125 0.00912476
3 0.559375 0.5625 0.275 0.234375 0.0068512
8 0.549219 0.562891 0.267188 0.220313 0.00591278
10 0.549219 0.562891 0.267188 0.220313 0.0055542
16 0.557422 0.558984 0.272656 0.232813 0.00434875
18 0.557422 0.558984 0.272656 0.232813 0.00372124
12 0.547656 0.560156 0.260938 0.225781 0.00291252
15 0.557422 0.558984 0.272656 0.232813 0.00223351
5 0.549219 0.562891 0.267188 0.220313 0.0019722
23 0.548438 0.561719 0.267188 0.239063 0.98584
25 0.547266 0.560547 0.263281 0.240625 0.67041
8 0.544531 0.56875 0.270313 0.242188 0.0481262
14 0.547266 0.560547 0.263281 0.240625 0.0401001
10 0.544141 0.569141 0.260156 0.246094 0.0351562
15 0.544531 0.555469 0.267969 0.240625 0.0255585
2 0.547266 0.560547 0.263281 0.240625 0.0146713
12 0.546875 0.559375 0.257812 0.239063 0.00743103
0 0.544141 0.569141 0.260156 0.246094 0.00728989
15 0.604688 0.475 0.409375 0.416406 0.00717545
4 0.547266 0.560547 0.263281 0.240625 0.0064888
13 0.604688 0.475 0.409375 0.416406 0.0046463
18 0.546875 0.559375 0.257812 0.239063 0.0041008
17 0.544531 0.56875 0.270313 0.242188 0.00335121
13 0.623438 0.428516 0.46875 0.532813 0.00277901
13 0.544531 0.555469 0.267969 0.240625 0.00226021
19 0.550781 0.527734 0.282813 0.253906 0.00218201
3 0.544531 0.56875 0.270313 0.242188 0.00195694
12 0.604688 0.475 0.409375 0.416406 0.00192642
9 0.546875 0.559375 0.257812 0.239063 0.00154877
6 0.546875 0.559375 0.257812 0.239063 0.00153637
16 0.544531 0.56875 0.270313 0.242188 0.00132465
25 0.604688 0.475 0.409375 0.416406 0.00119686
23 0.604688 0.475 0.409375 0.416406 0.0011425
12 0.623438 0.428516 0.46875 0.532813 0.00102425
23 0.546094 0.568359 0.257812 0.21875 0.970703
25 0.545703 0.567578 0.255469 0.232031 0.147583
2 0.548828 0.564063 0.252344 0.217969 0.044342
14 0.548828 0.564063 0.252344 0.217969 0.0303345
6 0.546094 0.5625 0.254688 0.225 0.0252228
18 0.545313 0.566406 0.257812 0.23125 0.0215302
0 0.548828 0.564063 0.252344 0.217969 0.0186462
15 0.55 0.560547 0.284375 0.239844 0.0174408
10 0.545313 0.565234 0.25 0.221875 0.00703812
16 0.535547 0.570703 0.252344 0.182031 0.00614548
15 0.608203 0.467187 0.422656 0.44375 0.006073
4 0.545703 0.567578 0.255469 0.232031 0.00572968
13 0.608203 0.467187 0.422656 0.44375 0.00564194
13 0.55 0.560547 0.284375 0.239844 0.00548935
3 0.545703 0.572656 0.252344 0.20625 0.0050621
12 0.55 0.560547 0.284375 0.239844 0.00413513
13 0.630859 0.420703 0.500781 0.563281 0.00324821
12 0.608203 0.467187 0.422656 0.44375 0.00302696
9 0.546094 0.568359 0.257812 0.21875 0.0028553
25 0.571875 0.547656 0.329688 0.28125 0.00209999
6 0.535156 0.596094 0.235156 0.15625 0.00156116
8 0.535547 0.570703 0.252344 0.182031 0.00141048
23 0.582031 0.54375 0.360938 0.282813 0.00133514
15 0.582031 0.54375 0.360938 0.282813 0.00115585
16 0.496484 0.577344 0.20625 0.16875 0.0011425
4 0.535156 0.596094 0.235156 0.15625 0.00113773
17 0.545313 0.565234 0.25 0.221875 0.00110722
25 0.608203 0.467187 0.422656 0.44375 0.00110722
23 0.537891 0.571875 0.250781 0.221875 0.702637
14 0.534766 0.575781 0.252344 0.225 0.260498
25 0.541016 0.573047 0.257031 0.235938 0.183594
2 0.534766 0.575781 0.252344 0.225 0.10968
12 0.537891 0.571875 0.250781 0.221875 0.0149002
13 0.593359 0.515527 0.389844 0.337695 0.0141144
4 0.539844 0.571094 0.251563 0.234375 0.00905609
8 0.533594 0.574219 0.257812 0.234375 0.00812531
6 0.536719 0.566406 0.254688 0.225 0.00643921
15 0.593359 0.515527 0.389844 0.337695 0.00530243
15 0.546484 0.564063 0.285156 0.242188 0.00521851
13 0.546484 0.564063 0.285156 0.242188 0.00460815
12 0.593359 0.515527 0.389844 0.337695 0.00416565
0 0.541016 0.573047 0.257031 0.235938 0.00367928
10 0.536719 0.566406 0.254688 0.225 0.00284576
13 0.614062 0.472656 0.45625 0.441406 0.00246239
23 0.577734 0.549219 0.353906 0.267188 0.00237846
25 0.593359 0.515527 0.389844 0.337695 0.00206757
17 0.535156 0.575 0.25 0.234375 0.00153065
3 0.536719 0.566406 0.254688 0.225 0.00139427
23 0.545313 0.569922 0.26875 0.235156 0.816406
25 0.545313 0.569922 0.26875 0.235156 0.0933228
2 0.545313 0.569922 0.26875 0.235156 0.0903931
14 0.542188 0.565234 0.28125 0.236719 0.0280151
6 0.539844 0.566797 0.273438 0.242188 0.0210114
4 0.545313 0.569922 0.26875 0.235156 0.00871277
12 0.542969 0.562891 0.276563 0.232031 0.00651169
0 0.539844 0.565625 0.267188 0.233594 0.00564194
13 0.550781 0.561328 0.285938 0.236719 0.00302696
15 0.545313 0.567969 0.278125 0.234375 0.0029583
9 0.539844 0.566797 0.273438 0.242188 0.00265312
8 0.542188 0.565234 0.28125 0.236719 0.00263214
3 0.539844 0.566797 0.273438 0.242188 0.0024147
17 0.539453 0.569531 0.258594 0.23125 0.00161076
10 0.539453 0.569531 0.258594 0.23125 0.00138855
16 0.539453 0.569531 0.258594 0.23125 0.00106525
23 0.551562 0.56875 0.275781 0.232813 0.932617
4 0.534375 0.578906 0.295312 0.240625 0.24292
25 0.551562 0.56875 0.275781 0.232813 0.042572
15 0.565234 0.563281 0.326562 0.2375 0.0233307
6 0.541406 0.5625 0.276563 0.232813 0.0195312
14 0.54375 0.566016 0.265625 0.235156 0.0179901
3 0.541406 0.5625 0.276563 0.232813 0.0123367
0 0.541406 0.5625 0.276563 0.232813 0.0108185
4 0.623535 0.659375 0.656055 0.45 0.0103302
8 0.54375 0.566016 0.265625 0.235156 0.00952148
2 0.541406 0.5625 0.276563 0.232813 0.0091629
4 0.616309 0.700781 0.758008 0.598437 0.008255
17 0.541406 0.5625 0.276563 0.232813 0.00516129
13 0.647266 0.379297 0.567969 0.686719 0.00494385
13 0.565234 0.563281 0.326562 0.2375 0.00453949
10 0.541406 0.5625 0.276563 0.232813 0.00436401
15 0.619531 0.431934 0.457813 0.514258 0.00314713
18 0.551562 0.56875 0.275781 0.232813 0.00286674
13 0.619531 0.431934 0.457813 0.514258 0.0024147
12 0.543359 0.56875 0.267969 0.23125 0.00240517
12 0.651172 0.392285 0.697656 0.76543 0.00220871
12 0.647266 0.379297 0.567969 0.686719 0.00196457
9 0.548047 0.575391 0.325781 0.252344 0.00194168
6 0.590625 0.544531 0.385938 0.282813 0.00165462
6 0.623535 0.659375 0.656055 0.45 0.00156116
23 0.590625 0.544531 0.385938 0.282813 0.00133514
16 0.541406 0.5625 0.276563 0.232813 0.0012846
7 0.5375 0.565625 0.317188 0.2375 0.00125504
11 0.5375 0.562891 0.272656 0.242969 0.00122547
13 0.568359 0.530469 0.357031 0.33125 0.00104046
23 0.5375 0.566797 0.265625 0.219531 0.660156
14 0.5375 0.566406 0.258594 0.223438 0.0859985
0 0.5375 0.566406 0.258594 0.223438 0.0292053
25 0.541406 0.566797 0.26875 0.219531 0.0270691
2 0.540625 0.564453 0.257812 0.221094 0.0261536
4 0.5375 0.565625 0.259375 0.220313 0.0200958
3 0.5375 0.566406 0.258594 0.223438 0.0125275
6 0.5375 0.566406 0.258594 0.223438 0.0109863
8 0.5375 0.565625 0.259375 0.220313 0.0106506
10 0.5375 0.566406 0.258594 0.223438 0.0024929
9 0.5375 0.566797 0.265625 0.219531 0.00236893
11 0.536719 0.567187 0.260938 0.223438 0.00192642
16 0.538281 0.565625 0.253125 0.21875 0.00138283
17 0.541406 0.565625 0.252344 0.217188 0.00131512
7 0.536719 0.567187 0.260938 0.223438 0.0011034
23 0.550781 0.571484 0.270313 0.241406 0.872559
14 0.548438 0.573438 0.273438 0.254688 0.114746
25 0.551172 0.573438 0.278125 0.2375 0.0423889
2 0.553125 0.567187 0.282813 0.239844 0.0289764
4 0.544531 0.570312 0.2875 0.251563 0.0145035
6 0.554688 0.566406 0.292188 0.245312 0.0064888
8 0.545313 0.572656 0.26875 0.260938 0.00439835
15 0.560156 0.566406 0.304688 0.23125 0.00239754
18 0.553125 0.567187 0.282813 0.239844 0.00230598
3 0.554688 0.566406 0.292188 0.245312 0.00223351
0 0.545313 0.572656 0.26875 0.260938 0.00213242
13 0.596094 0.515234 0.396875 0.333594 0.00204277
10 0.554688 0.566406 0.292188 0.245312 0.00189686
23 0.583203 0.55 0.355469 0.26875 0.00167465
13 0.560156 0.566406 0.304688 0.23125 0.00154877
15 0.596094 0.515234 0.396875 0.333594 0.00147247
7 0.554688 0.566406 0.292188 0.245312 0.00136662
17 0.546875 0.574219 0.267188 0.240625 0.00130463
9 0.550781 0.571484 0.270313 0.241406 0.00100803
23 0.564063 0.570312 0.30625 0.228125 0.134277
13 0.588281 0.564844 0.345313 0.2375 0.0335999
13 0.608594 0.527344 0.395313 0.310937 0.0241394
6 0.570703 0.560156 0.321875 0.225781 0.0207214
25 0.563281 0.56875 0.298438 0.232813 0.0176392
4 0.558203 0.565234 0.294531 0.225781 0.0114212
2 0.564063 0.570312 0.30625 0.228125 0.00588989
11 0.570703 0.560156 0.321875 0.225781 0.00333786
3 0.570703 0.560156 0.321875 0.225781 0.00324821
12 0.588281 0.564844 0.345313 0.2375 0.00269318
8 0.558203 0.571875 0.290625 0.232031 0.0026722
0 0.564063 0.570312 0.30625 0.228125 0.0024929
9 0.570703 0.560156 0.321875 0.225781 0.00234985
15 0.588281 0.564844 0.345313 0.2375 0.00228691
15 0.608594 0.527344 0.395313 0.310937 0.00218201
14 0.558203 0.571875 0.290625 0.232031 0.00214005
12 0.608594 0.527344 0.395313 0.310937 0.00174141
17 0.558203 0.571875 0.290625 0.232031 0.00152493
25 0.608594 0.527344 0.395313 0.310937 0.00123501
23 0.553906 0.5625 0.28125 0.253125 0.850098
14 0.553125 0.567969 0.285938 0.261719 0.216675
2 0.554297 0.566797 0.290625 0.259375 0.0522461
25 0.554297 0.566797 0.290625 0.259375 0.0241394
4 0.555469 0.565625 0.289062 0.257812 0.00367928
8 0.55 0.5625 0.284375 0.278125 0.00348282
13 0.605469 0.500684 0.410938 0.373633 0.00329781
10 0.555469 0.565625 0.289062 0.257812 0.00228691
13 0.553125 0.55625 0.284375 0.265625 0.00186729
12 0.553906 0.564844 0.28125 0.25625 0.00112915
17 0.552344 0.569141 0.28125 0.255469 0.00112438
15 0.553125 0.55625 0.284375 0.265625 0.00112438
23 0.553125 0.5625 0.290625 0.251563 0.743164
14 0.551953 0.5625 0.303906 0.251563 0.035553
4 0.553906 0.564063 0.292188 0.251563 0.0157776
2 0.553906 0.564063 0.292188 0.251563 0.0091629
25 0.555469 0.565234 0.298438 0.253125 0.00701141
0 0.553906 0.564063 0.292188 0.251563 0.00629044
13 0.571094 0.558203 0.332813 0.259375 0.00591278
12 0.557031 0.564063 0.294531 0.251563 0.00538635
15 0.571094 0.558203 0.332813 0.259375 0.00370789
13 0.620313 0.514941 0.459375 0.35918 0.0036068
6 0.553906 0.564063 0.292188 0.251563 0.00317192
10 0.553906 0.564063 0.292188 0.251563 0.00271416
15 0.608203 0.5 0.417969 0.375 0.00167465
9 0.553906 0.564063 0.292188 0.251563 0.00145531
25 0.578906 0.541406 0.363281 0.310937 0.00133038
8 0.553906 0.564063 0.292188 0.251563 0.00132465
12 0.608203 0.5 0.417969 0.375 0.00123978
23 0.542969 0.562109 0.2625 0.228906 0.795898
14 0.545703 0.569922 0.278906 0.249219 0.0745239
2 0.554688 0.566406 0.275 0.234375 0.0437012
4 0.545703 0.569922 0.278906 0.249219 0.0228424
25 0.547656 0.565625 0.273438 0.2375 0.0158386
6 0.540625 0.566406 0.276563 0.240625 0.00757599
16 0.607813 0.118945 0.24375 0.175391 0.00526047
10 0.571875 0.0876953 0.310937 0.174609 0.00453949
6 0.466309 0.0387695 0.292383 0.0775391 0.00450516
23 0.571875 0.0876953 0.310937 0.174609 0.00445175
15 0.539844 0.564844 0.26875 0.229687 0.00348282
12 0.545313 0.565234 0.264062 0.233594 0.00312424
18 0.571875 0.0876953 0.310937 0.174609 0.00305176
23 0.507031 0.0892334 0.25 0.146533 0.00291252
23 0.466309 0.0387695 0.292383 0.0775391 0.00261116
10 0.507031 0.0892334 0.25 0.146533 0.00242424
15 0.466309 0.0387695 0.292383 0.0775391 0.0024147
16 0.642969 0.129004 0.179688 0.152148 0.00209999
8 0.554688 0.566406 0.275 0.234375 0.0019722
18 0.507031 0.0892334 0.25 0.146533 0.00195694
13 0.539844 0.564844 0.26875 0.229687 0.00175476
16 0.571875 0.0876953 0.310937 0.174609 0.00167465
23 0.613281 0.0925781 0.242188 0.150781 0.00161648
18 0.466309 0.0387695 0.292383 0.0775391 0.00159168
16 0.613281 0.0925781 0.242188 0.150781 0.00158501
11 0.466309 0.0387695 0.292383 0.0775391 0.00157356
23 0.586719 0.113574 0.29375 0.186523 0.00156116
12 0.735547 0.162891 0.278906 0.325781 0.00151253
13 0.591406 0.564063 0.373437 0.220313 0.0014782
0 0.538281 0.560938 0.26875 0.226562 0.00144958
9 0.554688 0.566406 0.275 0.234375 0.00139427
18 0.586719 0.113574 0.29375 0.186523 0.00136662
0 0.507031 0.0892334 0.25 0.146533 0.0012846
10 0.613281 0.0925781 0.242188 0.150781 0.00118828
6 0.507031 0.0892334 0.25 0.146533 0.0011692
6 0.571875 0.0876953 0.310937 0.174609 0.00115585
0 0.571875 0.0876953 0.310937 0.174609 0.00112057
3 0.466309 0.0387695 0.292383 0.0775391 0.00106525
16 0.6 0.157129 0.246094 0.181445 0.00105667
7 0.571875 0.0876953 0.310937 0.174609 0.00100803
23 0.542188 0.573438 0.274219 0.245312 0.904785
14 0.552734 0.573828 0.271875 0.241406 0.0528259
0 0.548438 0.574219 0.275 0.242188 0.00769424
25 0.548438 0.574219 0.282813 0.246875 0.00740433
8 0.548438 0.574219 0.275 0.242188 0.00734711
10 0.542188 0.573438 0.274219 0.245312 0.00698471
2 0.552734 0.573828 0.271875 0.241406 0.00595856
15 0.557813 0.56875 0.309375 0.257812 0.00510025
4 0.548438 0.574219 0.275 0.242188 0.00468063
12 0.557813 0.56875 0.309375 0.257812 0.00245285
6 0.549609 0.568359 0.284375 0.242969 0.00182438
13 0.557813 0.56875 0.309375 0.257812 0.00141621
3 0.549609 0.568359 0.284375 0.242969 0.00103188
23 0.547656 0.566797 0.253125 0.204688 0.894043
14 0.542969 0.563281 0.260156 0.220313 0.271973
2 0.541016 0.569141 0.257812 0.2 0.0419312
4 0.542969 0.563281 0.260156 0.220313 0.0157166
25 0.544531 0.565234 0.260938 0.224219 0.005867
0 0.544922 0.568359 0.246875 0.203125 0.00432968
6 0.544922 0.568359 0.246875 0.203125 0.00359344
9 0.547656 0.566797 0.253125 0.204688 0.00140476
3 0.544922 0.568359 0.246875 0.203125 0.00120163
23 0.544531 0.570312 0.259375 0.221094 0.668945
14 0.539453 0.567969 0.258594 0.228125 0.160278
4 0.542188 0.567187 0.253125 0.228125 0.0231018
2 0.550391 0.574219 0.258594 0.215625 0.0142822
0 0.550391 0.574219 0.258594 0.215625 0.00536346
1 0.291406 0.657031 0.582812 0.601562 0.00453949
25 0.550391 0.574219 0.258594 0.215625 0.00387001
6 0.542188 0.567187 0.253125 0.228125 0.00201988
9 0.550391 0.574219 0.258594 0.215625 0.0016489
4 0.565234 0.561328 0.314844 0.272656 0.00130463
8 0.542969 0.571094 0.254688 0.225 0.00123501
14 0.291406 0.657031 0.582812 0.601562 0.00104809
23 0.548438 0.564844 0.254688 0.226562 0.656738
4 0.548438 0.567969 0.25625 0.2375 0.0219879
14 0.547656 0.567187 0.248438 0.225781 0.0216217
25 0.55 0.567969 0.260938 0.229687 0.00638962
2 0.547656 0.567187 0.248438 0.225781 0.00500107
8 0.548438 0.567969 0.25625 0.2375 0.00455475
0 0.547656 0.567187 0.248438 0.225781 0.0029583
12 0.551562 0.566406 0.25625 0.227344 0.00125504
23 0.541406 0.574219 0.273438 0.248438 0.937988
14 0.539453 0.575 0.275781 0.248438 0.0522461
25 0.545313 0.575 0.28125 0.25 0.0239563
10 0.538672 0.575781 0.26875 0.245312 0.00812531
8 0.541406 0.573438 0.284375 0.246875 0.00679779
0 0.541406 0.573438 0.284375 0.246875 0.0049057
2 0.538672 0.575781 0.26875 0.245312 0.00457382
4 0.544531 0.572266 0.282813 0.247656 0.00218201
23 0.539844 0.573438 0.275 0.252344 0.633301
4 0.528125 0.574219 0.298438 0.251563 0.0927124
14 0.552344 0.576563 0.260938 0.239063 0.0119629
12 0.547266 0.571875 0.269531 0.239063 0.00198746
2 0.552344 0.576563 0.260938 0.239063 0.00189686
9 0.547656 0.576953 0.265625 0.244531 0.00161076
6 0.539844 0.573438 0.275 0.252344 0.00155449
0 0.547656 0.576953 0.265625 0.244531 0.00144958
25 0.542969 0.575 0.278125 0.251563 0.00144386
23 0.547656 0.564844 0.282031 0.226562 0.790527
13 0.610156 0.480371 0.445312 0.420508 0.0334778
15 0.548828 0.566797 0.282031 0.228125 0.00828552
13 0.582422 0.558594 0.364844 0.248438 0.00734711
13 0.626172 0.405469 0.522656 0.585938 0.00723267
25 0.553516 0.567187 0.290625 0.229687 0.00643921
10 0.547656 0.564844 0.282031 0.226562 0.00624084
12 0.548828 0.566797 0.282031 0.228125 0.00614548
4 0.55 0.568359 0.275781 0.21875 0.00530243
14 0.552734 0.569141 0.28125 0.220313 0.00419998
8 0.547656 0.564844 0.282031 0.226562 0.00348282
25 0.610156 0.480371 0.445312 0.420508 0.00331116
0 0.547656 0.564844 0.282031 0.226562 0.00234222
13 0.550781 0.507129 0.315625 0.36543 0.0017271
25 0.550781 0.507129 0.315625 0.36543 0.00162315
3 0.542969 0.5625 0.271875 0.222656 0.00158501
2 0.552734 0.569141 0.28125 0.220313 0.00135612
18 0.542969 0.5625 0.271875 0.222656 0.00106525
17 0.551953 0.567578 0.280469 0.222656 0.00104046
23 0.552344 0.560547 0.289062 0.235156 0.85791
2 0.549219 0.561719 0.290625 0.23125 0.151489
14 0.551172 0.561328 0.292969 0.238281 0.0643921
6 0.549219 0.562109 0.291406 0.238281 0.0298157
25 0.552344 0.560547 0.289062 0.235156 0.0116882
4 0.551172 0.561328 0.292969 0.238281 0.00468063
0 0.549219 0.561719 0.290625 0.23125 0.00382423
7 0.549219 0.562109 0.291406 0.238281 0.00379562
3 0.549219 0.561719 0.290625 0.23125 0.00182438
18 0.549219 0.561719 0.290625 0.23125 0.00118351
16 0.549219 0.561719 0.290625 0.23125 0.0011158
23 0.557422 0.558984 0.2875 0.227344 0.336426
4 0.552344 0.560156 0.289062 0.242188 0.036499
16 0.735547 0.664844 0.382031 0.334375 0.00542831
25 0.560547 0.559375 0.288281 0.229687 0.00460815
6 0.550391 0.557813 0.285938 0.239063 0.00325966
2 0.55 0.558594 0.279687 0.227344 0.00319672
16 0.781445 0.752344 0.283984 0.171875 0.00294685
8 0.560547 0.559375 0.288281 0.229687 0.00189686
14 0.557813 0.560547 0.284375 0.229687 0.0018034
9 0.552344 0.560156 0.289062 0.242188 0.00133514
12 0.557422 0.558984 0.2875 0.227344 0.00107765
23 0.544141 0.557031 0.25 0.226562 0.820801
14 0.545313 0.557031 0.248438 0.221875 0.0607605
2 0.544141 0.55625 0.261719 0.221875 0.0411377
25 0.548438 0.557813 0.251563 0.228125 0.0276947
4 0.544922 0.559375 0.2375 0.215625 0.00356483
0 0.546094 0.560938 0.24375 0.214062 0.00304031
8 0.546094 0.560938 0.24375 0.214062 0.00172043
10 0.546875 0.559375 0.246875 0.221875 0.00148964
16 0.734375 0.686328 0.353125 0.364844 0.00140476
23 0.55 0.555859 0.257812 0.217188 0.921875
14 0.546484 0.553906 0.257031 0.220313 0.0437012
25 0.549219 0.555078 0.260938 0.222656 0.0150757
2 0.548438 0.553516 0.257812 0.214844 0.00787354
0 0.55 0.555859 0.257812 0.217188 0.00256157
8 0.55 0.555859 0.257812 0.217188 0.00202751
10 0.544531 0.552344 0.259375 0.217188 0.00198746
4 0.55 0.555859 0.257812 0.217188 0.00170708
23 0.551562 0.554688 0.279687 0.2375 0.53125
14 0.548438 0.553906 0.278125 0.242188 0.0545959
25 0.553125 0.55625 0.284375 0.242188 0.0181274
2 0.547656 0.555469 0.279687 0.239063 0.00941467
8 0.553516 0.564844 0.285156 0.23125 0.00300407
4 0.553516 0.564844 0.285156 0.23125 0.00131989
23 0.544531 0.558984 0.275 0.229687 0.924316
14 0.546094 0.562109 0.278125 0.235156 0.0139542
4 0.542969 0.56875 0.276563 0.21875 0.00993347
2 0.546875 0.560938 0.276563 0.228125 0.00959778
0 0.542969 0.56875 0.276563 0.21875 0.00926971
25 0.542969 0.56875 0.276563 0.21875 0.0046463
6 0.544531 0.558984 0.275 0.229687 0.00340271
9 0.542969 0.56875 0.276563 0.21875 0.00152493
10 0.546094 0.566016 0.275 0.213281 0.00144958
8 0.542969 0.56875 0.276563 0.21875 0.00113773
3 0.546094 0.562109 0.278125 0.235156 0.00102425
23 0.548438 0.557031 0.275 0.21875 0.649414
2 0.541797 0.558594 0.266406 0.20625 0.172729
14 0.546484 0.560938 0.269531 0.196875 0.0668335
25 0.541797 0.558594 0.266406 0.20625 0.00669098
4 0.547656 0.560156 0.267188 0.198437 0.00279999
0 0.541797 0.558594 0.266406 0.20625 0.0024929
6 0.541797 0.558594 0.266406 0.20625 0.00205803
23 0.539844 0.560938 0.265625 0.235938 0.936523
2 0.545313 0.559766 0.28125 0.23125 0.0254669
14 0.54375 0.560547 0.26875 0.239844 0.0209656
25 0.545703 0.559375 0.271094 0.234375 0.0136337
8 0.546875 0.561719 0.252344 0.234375 0.00370789
10 0.548438 0.561719 0.254688 0.235938 0.00284576
0 0.548438 0.561719 0.254688 0.235938 0.00265312
4 0.548438 0.561719 0.254688 0.235938 0.00141048
23 0.543359 0.557813 0.271094 0.239063 0.72168
14 0.546875 0.564453 0.270313 0.228906 0.00658798
25 0.546094 0.558594 0.26875 0.232813 0.00605011
2 0.541797 0.559375 0.270313 0.235938 0.00148964
23 0.542188 0.558594 0.266406 0.229687 0.851074
2 0.542188 0.560156 0.276563 0.228125 0.0809326
14 0.542188 0.558594 0.266406 0.229687 0.0585632
25 0.546094 0.560938 0.270313 0.232813 0.00547028
0 0.546094 0.560938 0.270313 0.232813 0.00397491
8 0.546094 0.560938 0.270313 0.232813 0.00243378
6 0.542188 0.560156 0.276563 0.228125 0.00201035
4 0.546094 0.560938 0.270313 0.232813 0.0016489
10 0.546094 0.560938 0.270313 0.232813 0.00131512
23 0.550391 0.555859 0.261719 0.221094 0.790527
2 0.546875 0.557031 0.259375 0.214062 0.0246124
14 0.547266 0.555469 0.257031 0.215625 0.0189056
25 0.551953 0.555078 0.267969 0.223438 0.00619125
4 0.546484 0.557422 0.247656 0.210938 0.00436401
0 0.546484 0.557422 0.247656 0.210938 0.00268364
8 0.546484 0.557422 0.247656 0.210938 0.00221634
6 0.549219 0.555469 0.257812 0.217188 0.00157356
23 0.548438 0.560156 0.254688 0.207813 0.723145
2 0.547656 0.560156 0.259375 0.210938 0.0456848
14 0.548047 0.558594 0.25625 0.209375 0.0366211
25 0.548047 0.558594 0.25625 0.209375 0.0113297
10 0.548438 0.560156 0.254688 0.207813 0.00353813
0 0.548438 0.560156 0.254688 0.207813 0.0018177
8 0.548438 0.560156 0.254688 0.207813 0.00147247
23 0.549219 0.561328 0.25625 0.220313 0.908691
2 0.549219 0.559766 0.260938 0.216406 0.0249939
14 0.546094 0.561719 0.25625 0.221875 0.0171051
25 0.549219 0.561328 0.25625 0.220313 0.0151901
10 0.549219 0.561328 0.25625 0.220313 0.00345612
0 0.549219 0.561328 0.25625 0.220313 0.0024929
8 0.549219 0.561328 0.25625 0.220313 0.00201988
23 0.550781 0.555469 0.275 0.239063 0.78125
2 0.544922 0.554688 0.275781 0.240625 0.0335999
14 0.546875 0.557031 0.275 0.239063 0.0181274
25 0.552734 0.559766 0.273438 0.232031 0.00526047
10 0.552734 0.559766 0.273438 0.232031 0.00210762
0 0.552734 0.559766 0.273438 0.232031 0.00177479
4 0.552734 0.559766 0.273438 0.232031 0.00159168
8 0.552734 0.559766 0.273438 0.232031 0.0012846
14 0.344336 0.873828 0.578516 0.252344 0.0011034
6 0.544922 0.554688 0.275781 0.240625 0.00108624
23 0.547266 0.560938 0.253125 0.214062 0.850098
2 0.546094 0.558594 0.260938 0.221875 0.113159
14 0.544531 0.560156 0.253125 0.222656 0.0332031
25 0.546094 0.558594 0.260938 0.221875 0.00806427
4 0.547266 0.560938 0.253125 0.214062 0.0024147
0 0.547266 0.560938 0.253125 0.214062 0.002388
6 0.546094 0.558594 0.260938 0.221875 0.00230598
10 0.547266 0.560938 0.253125 0.214062 0.00163555
23 0.547266 0.557813 0.239063 0.2 0.861328
14 0.547266 0.557813 0.239063 0.2 0.0318604
2 0.550391 0.557813 0.250781 0.204688 0.0178528
25 0.550391 0.557813 0.250781 0.204688 0.00624084
0 0.548438 0.560156 0.240625 0.203125 0.00274658
8 0.548438 0.560156 0.240625 0.203125 0.00138855
10 0.548438 0.560156 0.240625 0.203125 0.00109005
23 0.554297 0.560547 0.260938 0.227344 0.762207
2 0.550391 0.557422 0.257031 0.229687 0.0299835
6 0.554688 0.564063 0.260938 0.240625 0.005867
4 0.554688 0.562891 0.2625 0.222656 0.0053215
14 0.554688 0.564063 0.260938 0.240625 0.003088
25 0.55625 0.560156 0.265625 0.230469 0.00259018
0 0.554688 0.562891 0.2625 0.222656 0.00129414
23 0.548047 0.563281 0.250781 0.220313 0.82666
2 0.547656 0.561328 0.260938 0.221094 0.0621033
14 0.544922 0.559766 0.249219 0.217969 0.0269623
25 0.548047 0.563281 0.250781 0.220313 0.0166626
0 0.548047 0.563281 0.250781 0.220313 0.005867
14 0.334375 0.870703 0.575 0.258594 0.00572968
4 0.548047 0.563281 0.250781 0.220313 0.00190449
6 0.547656 0.561328 0.260938 0.221094 0.00168705
10 0.548047 0.563281 0.250781 0.220313 0.00133514
8 0.548047 0.563281 0.250781 0.220313 0.00129414
23 0.553906 0.563281 0.24375 0.201563 0.73584
2 0.553906 0.564063 0.24375 0.2 0.0433655
25 0.553906 0.563281 0.24375 0.201563 0.0330811
14 0.551562 0.564453 0.2375 0.198437 0.0276947
16 0.553906 0.564844 0.24375 0.198437 0.00159168
10 0.549219 0.563281 0.235156 0.199219 0.00156116
0 0.553906 0.563281 0.24375 0.201563 0.00112057
23 0.547656 0.558594 0.246875 0.209375 0.845703
2 0.552344 0.558203 0.251563 0.207813 0.0512695
14 0.549219 0.558203 0.245312 0.205469 0.0501404
25 0.547656 0.558594 0.246875 0.209375 0.0104523
0 0.547656 0.558594 0.246875 0.209375 0.00203514
4 0.547656 0.558594 0.246875 0.209375 0.00100422
23 0.547656 0.5625 0.24375 0.19375 0.794434
14 0.545703 0.560547 0.236719 0.189063 0.0354004
2 0.547656 0.561328 0.24375 0.191406 0.0296478
25 0.547656 0.561328 0.242188 0.192188 0.0121918
0 0.547656 0.5625 0.24375 0.19375 0.0036068
8 0.551562 0.557031 0.248438 0.2 0.00244331
4 0.547656 0.5625 0.24375 0.19375 0.00108624
23 0.545313 0.563281 0.25 0.198437 0.662109
2 0.547656 0.560938 0.249219 0.198437 0.114746
14 0.544922 0.561719 0.244531 0.190625 0.0658569
25 0.547656 0.560938 0.249219 0.198437 0.0212097
0 0.545313 0.563281 0.25 0.198437 0.00123978
4 0.545313 0.563281 0.25 0.198437 0.00116062
23 0.544922 0.557813 0.246094 0.214062 0.810547
2 0.54375 0.559375 0.251563 0.209375 0.0524292
14 0.542969 0.558984 0.245312 0.205469 0.0317383
25 0.544141 0.559375 0.246094 0.214062 0.0143356
23 0.542969 0.560938 0.25 0.21875 0.837402
2 0.54375 0.557422 0.253125 0.21875 0.0966797
14 0.542969 0.557813 0.248438 0.217969 0.0661011
25 0.542969 0.560938 0.25 0.21875 0.0223694
0 0.542969 0.560938 0.25 0.21875 0.00191879
10 0.542969 0.560938 0.25 0.21875 0.00138855
8 0.542969 0.560938 0.25 0.21875 0.00129414
23 0.546484 0.5625 0.257031 0.207813 0.901855
14 0.544141 0.557031 0.253125 0.2125 0.0499573
2 0.545313 0.558594 0.257812 0.2125 0.0397949
25 0.546484 0.5625 0.257031 0.207813 0.00821686
4 0.546484 0.5625 0.257031 0.207813 0.00217438
0 0.546484 0.5625 0.257031 0.207813 0.00186729
8 0.546484 0.5625 0.257031 0.207813 0.00127888
23 0.55 0.5625 0.260938 0.210938 0.875977
2 0.548047 0.557813 0.257031 0.214062 0.0406799
14 0.547656 0.558594 0.253125 0.214062 0.0201721
25 0.55 0.5625 0.260938 0.210938 0.00679779
0 0.55 0.5625 0.260938 0.210938 0.00158501
4 0.55 0.5625 0.260938 0.210938 0.00126457
23 0.550781 0.560156 0.252344 0.2125 0.769043
2 0.548047 0.558594 0.255469 0.207813 0.0250854
14 0.549219 0.558594 0.253125 0.207813 0.0086441
4 0.55 0.564063 0.248438 0.20625 0.002388
25 0.55 0.564063 0.248438 0.20625 0.00195694
23 0.545313 0.565234 0.25 0.196094 0.872559
2 0.546875 0.560156 0.253125 0.203906 0.0348816
14 0.546094 0.558594 0.245312 0.204688 0.0252686
25 0.545313 0.565234 0.25 0.196094 0.00479126
0 0.545313 0.565234 0.25 0.196094 0.0011692
8 0.545313 0.565234 0.25 0.196094 0.00106907
4 0.545313 0.565234 0.25 0.196094 0.00101662
23 0.548438 0.5625 0.245312 0.20625 0.915527
14 0.549609 0.558203 0.250781 0.211719 0.0333252
2 0.546875 0.558594 0.251563 0.210938 0.0233307
25 0.548438 0.5625 0.245312 0.20625 0.00971222
0 0.548438 0.5625 0.245312 0.20625 0.00151253
23 0.547656 0.560156 0.248438 0.210938 0.799316
2 0.551562 0.556641 0.248438 0.210938 0.0413208
14 0.55 0.55625 0.245312 0.210938 0.0249939
25 0.547656 0.560156 0.248438 0.210938 0.0171814
0 0.547656 0.560156 0.248438 0.210938 0.00123501
8 0.547656 0.560156 0.248438 0.210938 0.00121593
10 0.547656 0.560156 0.248438 0.210938 0.00110722
23 0.548047 0.558984 0.246875 0.202344 0.947266
25 0.544141 0.563281 0.242969 0.201563 0.00901794
2 0.550781 0.560156 0.25 0.201563 0.00874329
14 0.548047 0.558984 0.246875 0.202344 0.00614548
8 0.544141 0.563281 0.242969 0.201563 0.00209045
10 0.544141 0.563281 0.242969 0.201563 0.00201988
0 0.544141 0.563281 0.242969 0.201563 0.00153637
23 0.549609 0.560156 0.246094 0.204688 0.946777
2 0.551562 0.560938 0.248438 0.2 0.0104065
25 0.546875 0.564844 0.242969 0.196875 0.00847626
14 0.549609 0.560156 0.246094 0.204688 0.00548935
8 0.546875 0.564844 0.242969 0.196875 0.00211525
10 0.546875 0.564844 0.242969 0.196875 0.00140476
0 0.546875 0.564844 0.242969 0.196875 0.00123501
23 0.552344 0.560156 0.254688 0.207813 0.878906
2 0.551562 0.558594 0.254688 0.204688 0.0179901
14 0.549219 0.557813 0.25 0.208594 0.00682449
25 0.551562 0.558594 0.254688 0.204688 0.00210762
23 0.552734 0.558594 0.252344 0.20625 0.839844
2 0.550781 0.557813 0.254688 0.207813 0.0544128
14 0.550781 0.557813 0.251563 0.20625 0.0248871
25 0.550781 0.557813 0.254688 0.207813 0.00551224
4 0.548828 0.561719 0.252344 0.198437 0.00156116
23 0.548438 0.565234 0.25 0.199219 0.856934
2 0.550781 0.560156 0.253125 0.207813 0.0518494
14 0.548438 0.559766 0.248438 0.209375 0.0183411
25 0.550781 0.560156 0.253125 0.207813 0.00446701
4 0.548438 0.565234 0.25 0.199219 0.00157356
23 0.553516 0.560938 0.257812 0.204688 0.84082
2 0.55 0.560547 0.254688 0.203906 0.0462036
14 0.547656 0.560156 0.253125 0.204688 0.0116425
25 0.55 0.560547 0.254688 0.203906 0.00230598
4 0.548438 0.564844 0.254688 0.195312 0.00105667
23 0.554297 0.560938 0.258594 0.201563 0.872559
2 0.550781 0.559375 0.254688 0.203125 0.0603027
14 0.548438 0.559375 0.25 0.2 0.011467
25 0.550781 0.559375 0.254688 0.203125 0.00328636
23 0.553125 0.562109 0.254688 0.202344 0.883301
2 0.55 0.560156 0.253125 0.204688 0.0465393
14 0.548438 0.560156 0.248438 0.203125 0.0104904
25 0.55 0.560156 0.253125 0.204688 0.00376511
23 0.553906 0.560938 0.257812 0.20625 0.915527
2 0.551562 0.559375 0.254688 0.207813 0.0390625
14 0.548828 0.560156 0.250781 0.204688 0.00591278
25 0.551562 0.559375 0.254688 0.207813 0.00382423
23 0.552344 0.5625 0.251563 0.198437 0.915039
2 0.548828 0.560938 0.251563 0.201563 0.0301056
14 0.546875 0.560547 0.248438 0.2 0.00671768
25 0.548828 0.560938 0.251563 0.201563 0.00379562
23 0.551562 0.561328 0.251563 0.202344 0.916504
2 0.549219 0.558594 0.253125 0.20625 0.028656
14 0.55 0.559375 0.25 0.203125 0.00874329
25 0.546875 0.565625 0.248438 0.19375 0.00511932
23 0.552344 0.560547 0.25 0.20625 0.918945
2 0.550781 0.558203 0.251563 0.207031 0.0225372
14 0.547656 0.558594 0.248438 0.20625 0.00534439
25 0.550781 0.558203 0.251563 0.207031 0.00471878
8 0.546094 0.564063 0.246094 0.198437 0.00106049
10 0.546094 0.564063 0.246094 0.198437 0.00100803
23 0.552344 0.560938 0.251563 0.204688 0.935059
2 0.551562 0.558594 0.251563 0.20625 0.0150757
14 0.551562 0.559375 0.25 0.204688 0.0046463
25 0.546094 0.564844 0.248438 0.196875 0.00405502
8 0.546094 0.564844 0.248438 0.196875 0.00121117
23 0.552734 0.563281 0.252344 0.201563 0.937988
2 0.551953 0.560156 0.250781 0.203125 0.012825
25 0.551953 0.560156 0.250781 0.203125 0.00327301
14 0.548438 0.560938 0.246875 0.203125 0.00293541
8 0.546094 0.566406 0.248438 0.19375 0.00133514
23 0.548438 0.560938 0.25 0.204688 0.937988
2 0.551562 0.559766 0.253125 0.203906 0.0136871
25 0.551562 0.559766 0.253125 0.203906 0.00302696
14 0.548438 0.560938 0.25 0.204688 0.00227928
10 0.548438 0.560938 0.25 0.204688 0.0012207
8 0.546484 0.565625 0.25 0.195312 0.00113392
23 0.553125 0.562891 0.251563 0.200781 0.936523
2 0.551562 0.560156 0.25 0.203125 0.0167847
25 0.551562 0.560156 0.25 0.203125 0.00358009
14 0.548438 0.560938 0.246875 0.201563 0.00337601
8 0.546094 0.566406 0.246875 0.192188 0.00100803
23 0.552344 0.562109 0.25 0.202344 0.944336
2 0.551172 0.559375 0.250781 0.204688 0.016922
25 0.551172 0.559375 0.250781 0.204688 0.00439835
14 0.551562 0.560547 0.248438 0.202344 0.00402451
8 0.546094 0.565625 0.245312 0.19375 0.00129414
10 0.546094 0.565625 0.245312 0.19375 0.00102806
23 0.552344 0.561719 0.251563 0.201563 0.941895
2 0.551172 0.559375 0.250781 0.203125 0.0163422
25 0.551172 0.559375 0.250781 0.203125 0.00453949
14 0.551172 0.560156 0.249219 0.203125 0.00432968
8 0.546094 0.565625 0.246875 0.192969 0.0014267
10 0.546094 0.565625 0.246875 0.192969 0.00126457
23 0.552344 0.561719 0.25 0.198437 0.941895
2 0.551172 0.559375 0.249219 0.200781 0.0141754
14 0.551562 0.560938 0.248438 0.2 0.00553513
25 0.551172 0.559375 0.249219 0.200781 0.00521851
8 0.545703 0.565625 0.244531 0.190625 0.0017271
10 0.545703 0.565625 0.244531 0.190625 0.00135136
23 0.552344 0.561328 0.25 0.201563 0.939941
2 0.551562 0.558594 0.25 0.203125 0.0165253
14 0.551562 0.560156 0.248438 0.201563 0.00631332
25 0.551562 0.558594 0.25 0.203125 0.00591278
8 0.546094 0.564844 0.245312 0.19375 0.0015974
10 0.546094 0.564844 0.245312 0.19375 0.00132465
23 0.552344 0.560938 0.25 0.201563 0.939453
2 0.551562 0.558594 0.25 0.203125 0.0177155
14 0.551562 0.559766 0.249219 0.202344 0.00677109
25 0.551562 0.558594 0.25 0.203125 0.00609589
8 0.546094 0.564453 0.245312 0.194531 0.00161648
10 0.546094 0.564453 0.245312 0.194531 0.00139904
23 0.552344 0.560938 0.25 0.201563 0.937988
2 0.551562 0.558594 0.25 0.203125 0.0187683
14 0.551562 0.560156 0.25 0.201563 0.0064888
25 0.551562 0.558594 0.25 0.203125 0.00591278
8 0.545703 0.564844 0.246094 0.19375 0.00156689
10 0.545703 0.564844 0.246094 0.19375 0.00134563
23 0.552344 0.561719 0.25 0.2 0.937012
2 0.551562 0.558984 0.25 0.202344 0.0182648
14 0.551562 0.560156 0.25 0.201563 0.00658798
25 0.551562 0.558984 0.25 0.202344 0.00591278
8 0.546094 0.564844 0.245312 0.192969 0.00157928
10 0.546094 0.564844 0.245312 0.192969 0.00139904
23 0.552344 0.561328 0.25 0.200781 0.941895
2 0.551562 0.558594 0.25 0.203125 0.0164032
14 0.551562 0.560156 0.25 0.201563 0.00600433
25 0.551562 0.558594 0.25 0.203125 0.00577545
8 0.546094 0.564844 0.246094 0.19375 0.00156116
10 0.546094 0.564844 0.246094 0.19375 0.00135612
23 0.552344 0.561719 0.25 0.2 0.944824
2 0.551562 0.558984 0.25 0.202344 0.0148392
25 0.551562 0.558984 0.25 0.202344 0.0055542
14 0.551562 0.560547 0.248438 0.200781 0.00516129
8 0.546094 0.565625 0.245312 0.192188 0.00158501
10 0.546094 0.565625 0.245312 0.192188 0.00126934
23 0.552344 0.561719 0.251563 0.201563 0.942383
2 0.551562 0.558594 0.251563 0.203125 0.0162811
25 0.551562 0.558594 0.251563 0.203125 0.00559998
14 0.551172 0.560156 0.25 0.201563 0.00496292
8 0.546094 0.564844 0.246875 0.19375 0.00152493
10 0.546094 0.564844 0.246875 0.19375 0.0012064
23 0.552344 0.560938 0.25 0.202344 0.939453
2 0.551562 0.558594 0.25 0.203906 0.0178528
14 0.551562 0.559766 0.249219 0.202344 0.00679779
25 0.551562 0.558594 0.25 0.203906 0.00605011
8 0.546094 0.564453 0.245312 0.194531 0.00161076
10 0.546094 0.564453 0.245312 0.194531 0.00139427
