14 0.566406 0.413281 0.38125 0.280469 0.0140076
3 0.566406 0.413281 0.38125 0.280469 0.0116882
11 0.569922 0.397754 0.377344 0.273242 0.00919342
5 0.566797 0.403906 0.383594 0.273438 0.00723267
19 0.610547 0.37207 0.292188 0.299609 0.00584412
10 0.563672 0.402344 0.382031 0.274219 0.00453949
19 0.546094 0.377734 0.323438 0.276563 0.00380898
23 0.563672 0.402344 0.382031 0.274219 0.00366402
20 0.569922 0.397754 0.377344 0.273242 0.00359344
9 0.562598 0.396875 0.387305 0.302344 0.00337601
4 0.563672 0.402344 0.382031 0.274219 0.00333786
11 0.764063 0.14082 0.457813 0.281641 0.0029583
11 0.665234 0.271289 0.652344 0.542578 0.00269318
5 0.570215 0.385938 0.470508 0.325 0.00257111
14 0.766797 0.143555 0.450781 0.287109 0.00242424
5 0.757031 0.14375 0.485938 0.2875 0.00232315
0 0.569922 0.397754 0.377344 0.273242 0.00196457
11 0.595215 0.347461 0.45957 0.405859 0.00191212
3 0.595215 0.347461 0.45957 0.405859 0.00182438
2 0.564063 0.409473 0.385938 0.27168 0.00168705
7 0.564063 0.409473 0.385938 0.27168 0.00161648
2 0.595215 0.347461 0.45957 0.405859 0.0015974
9 0.764063 0.14082 0.457813 0.281641 0.00151253
10 0.764063 0.14082 0.457813 0.281641 0.00148964
0 0.595215 0.347461 0.45957 0.405859 0.00148392
17 0.566406 0.413281 0.38125 0.280469 0.00144386
19 0.685156 0.132324 0.270313 0.264648 0.00141048
7 0.761719 0.145117 0.476562 0.290234 0.00128937
5 0.601953 0.329297 0.617969 0.491406 0.00128937
4 0.757031 0.14375 0.485938 0.2875 0.0012846
18 0.563672 0.402344 0.382031 0.274219 0.00127411
11 0.657813 0.316016 0.684375 0.561719 0.00122547
25 0.566406 0.413281 0.38125 0.280469 0.00114727
8 0.565234 0.407422 0.382812 0.286719 0.0011425
11 0.64375 0.342187 0.642188 0.684375 0.00110722
0 0.766016 0.146875 0.441406 0.29375 0.00108624
2 0.761719 0.145117 0.476562 0.290234 0.00108147
3 0.761719 0.145117 0.476562 0.290234 0.00104427
17 0.4875 0.603906 0.821875 0.792188 0.609375
17 0.589453 0.630859 0.821094 0.738281 0.480469
22 0.544531 0.629297 0.828125 0.741406 0.44751
22 0.478906 0.582031 0.8125 0.835938 0.330322
17 0.440234 0.533203 0.797656 0.921094 0.23584
14 0.551562 0.467969 0.419531 0.396094 0.199341
17 0.512891 0.678906 0.849219 0.642188 0.167725
20 0.495313 0.628516 0.828125 0.742969 0.164551
22 0.615625 0.679688 0.76875 0.640625 0.15979
20 0.546777 0.503125 0.433008 0.525 0.158691
17 0.641016 0.679492 0.717969 0.641016 0.145142
3 0.551562 0.467969 0.419531 0.396094 0.139404
22 0.617578 0.596875 0.764844 0.80625 0.13208
17 0.54375 0.465625 0.420312 0.3875 0.131226
17 0.444531 0.409375 0.659375 0.81875 0.117981
11 0.546777 0.503125 0.433008 0.525 0.116333
17 0.388281 0.58125 0.776563 0.8375 0.108215
22 0.560938 0.440723 0.392969 0.363867 0.107056
22 0.440234 0.478125 0.777344 0.93125 0.0930176
17 0.428516 0.428125 0.853906 0.85625 0.0897827
5 0.545313 0.546094 0.442969 0.614062 0.0881958
20 0.558984 0.408984 0.4 0.348438 0.0875854
14 0.495313 0.628516 0.828125 0.742969 0.0823975
22 0.389062 0.605469 0.778125 0.789062 0.0809326
17 0.257812 0.392578 0.515625 0.785156 0.0687866
16 0.560938 0.440723 0.392969 0.363867 0.0675659
22 0.550781 0.608203 0.514063 0.783594 0.0670776
20 0.559375 0.679102 0.84375 0.641797 0.0668335
25 0.551562 0.467969 0.419531 0.396094 0.0623169
1 0.495313 0.628516 0.828125 0.742969 0.0607605
17 0.652734 0.278906 0.694531 0.557813 0.0583496
17 0.699609 0.211523 0.600781 0.423047 0.058136
20 0.40625 0.582031 0.8125 0.835938 0.0579224
14 0.437402 0.441016 0.683008 0.858594 0.0574951
11 0.558984 0.408984 0.4 0.348438 0.0562439
22 0.583203 0.489063 0.396094 0.520312 0.0560303
10 0.547266 0.507812 0.426563 0.479688 0.0548096
20 0.437402 0.441016 0.683008 0.858594 0.0522461
17 0.6375 0.59375 0.725 0.8125 0.0486755
3 0.495313 0.628516 0.828125 0.742969 0.0484924
17 0.528125 0.601953 0.653125 0.796094 0.0472412
17 0.266211 0.60625 0.532422 0.7875 0.0462036
14 0.545313 0.546094 0.442969 0.614062 0.0440063
22 0.545313 0.546094 0.442969 0.614062 0.0437012
16 0.547266 0.507812 0.426563 0.479688 0.0435181
22 0.292969 0.366797 0.585938 0.733594 0.0423889
17 0.346484 0.283398 0.692969 0.566797 0.0420837
9 0.546777 0.503125 0.433008 0.525 0.0419312
22 0.694922 0.253516 0.610156 0.507031 0.0413208
0 0.551562 0.467969 0.419531 0.396094 0.0405273
22 0.662891 0.635156 0.674219 0.729688 0.0405273
17 0.583203 0.489063 0.396094 0.520312 0.0384521
1 0.591016 0.679297 0.817969 0.641406 0.035675
20 0.613672 0.632031 0.772656 0.735938 0.0354004
3 0.444531 0.409375 0.659375 0.81875 0.0352783
22 0.708203 0.190234 0.511719 0.380469 0.0347595
14 0.40625 0.582031 0.8125 0.835938 0.0342407
22 0.464844 0.679492 0.851562 0.641016 0.0335999
13 0.444531 0.409375 0.659375 0.81875 0.032959
1 0.40625 0.582031 0.8125 0.835938 0.0325317
14 0.708203 0.190234 0.511719 0.380469 0.0317383
17 0.275977 0.240234 0.551953 0.480469 0.0313721
22 0.266211 0.60625 0.532422 0.7875 0.03125
3 0.558984 0.408984 0.4 0.348438 0.0311432
13 0.54375 0.465625 0.420312 0.3875 0.0307922
14 0.558984 0.408984 0.4 0.348438 0.0305634
17 0.558984 0.408984 0.4 0.348438 0.0304413
17 0.401172 0.655078 0.802344 0.689844 0.0296478
20 0.573438 0.592969 0.803125 0.814063 0.0293121
14 0.559375 0.679102 0.84375 0.641797 0.0290833
1 0.652734 0.278906 0.694531 0.557813 0.0284882
2 0.551562 0.467969 0.419531 0.396094 0.0279083
3 0.545313 0.546094 0.442969 0.614062 0.0279083
21 0.720313 0.133984 0.35 0.267969 0.0276947
13 0.501953 0.65332 0.833594 0.693359 0.0276947
25 0.558984 0.408984 0.4 0.348438 0.0274811
17 0.266797 0.212109 0.533594 0.424219 0.0268555
17 0.728906 0.244922 0.542188 0.489844 0.0267639
17 0.328125 0.372266 0.65625 0.744531 0.0266571
20 0.533984 0.572266 0.48125 0.675781 0.0266571
22 0.411719 0.403125 0.823438 0.80625 0.0258636
24 0.558984 0.408984 0.4 0.348438 0.0255585
3 0.614844 0.655469 0.770312 0.689063 0.0255585
22 0.578906 0.366016 0.403125 0.732031 0.025177
14 0.694922 0.253516 0.610156 0.507031 0.0243378
22 0.359961 0.530859 0.719922 0.900781 0.0241394
8 0.437402 0.441016 0.683008 0.858594 0.0238647
17 0.712109 0.172168 0.433594 0.344336 0.0232391
20 0.652734 0.278906 0.694531 0.557813 0.0220337
1 0.440234 0.478125 0.777344 0.93125 0.0219421
19 0.720313 0.133984 0.35 0.267969 0.0216217
22 0.346484 0.283398 0.692969 0.566797 0.0214539
24 0.546777 0.503125 0.433008 0.525 0.0201721
10 0.437402 0.441016 0.683008 0.858594 0.0199432
3 0.40625 0.582031 0.8125 0.835938 0.0197144
22 0.657031 0.544141 0.685938 0.863281 0.0194244
17 0.533984 0.572266 0.48125 0.675781 0.0190582
14 0.613672 0.632031 0.772656 0.735938 0.0190582
1 0.268359 0.427344 0.536719 0.854688 0.0177155
13 0.402344 0.605859 0.804688 0.788281 0.0174408
22 0.521973 0.468359 0.456055 0.453906 0.0173035
17 0.734375 0.569531 0.53125 0.860938 0.0171051
8 0.501953 0.65332 0.833594 0.693359 0.0167847
3 0.573438 0.592969 0.803125 0.814063 0.0167236
8 0.547266 0.507812 0.426563 0.479688 0.0162201
22 0.26875 0.252539 0.5375 0.505078 0.0158997
22 0.653906 0.319141 0.692187 0.638281 0.0158386
23 0.551562 0.467969 0.419531 0.396094 0.0157776
1 0.436328 0.394531 0.678906 0.789062 0.0156708
14 0.573438 0.592969 0.803125 0.814063 0.0155411
1 0.311914 0.619141 0.623828 0.761719 0.0155411
1 0.699609 0.211523 0.600781 0.423047 0.0152512
1 0.425 0.682617 0.85 0.634766 0.0149536
13 0.570703 0.705078 0.858594 0.589844 0.0149536
1 0.6125 0.6125 0.775 0.775 0.0148392
22 0.251953 0.429297 0.503906 0.858594 0.0145569
5 0.450391 0.483594 0.683594 0.865625 0.0145569
9 0.533984 0.572266 0.48125 0.675781 0.0144501
22 0.711523 0.689844 0.576953 0.620313 0.014389
13 0.652734 0.278906 0.694531 0.557813 0.0142288
17 0.690234 0.636328 0.619531 0.727344 0.0142288
2 0.558984 0.408984 0.4 0.348438 0.014061
1 0.64375 0.704883 0.7125 0.590234 0.0139542
17 0.734766 0.403906 0.530469 0.807813 0.0138474
3 0.694922 0.253516 0.610156 0.507031 0.0137405
20 0.257812 0.392578 0.515625 0.785156 0.0134811
17 0.370313 0.482422 0.740625 0.921094 0.0133743
14 0.346484 0.283398 0.692969 0.566797 0.0133286
22 0.104688 0.60625 0.209375 0.7875 0.0133286
8 0.442578 0.580469 0.824219 0.839063 0.0133286
3 0.708203 0.190234 0.511719 0.380469 0.0131683
19 0.529297 0.367188 0.299219 0.283594 0.0131226
20 0.708203 0.190234 0.511719 0.380469 0.0129242
16 0.444531 0.409375 0.659375 0.81875 0.0128708
1 0.346484 0.283398 0.692969 0.566797 0.012825
20 0.346484 0.283398 0.692969 0.566797 0.0126724
17 0.578906 0.366016 0.403125 0.732031 0.0126266
17 0.716797 0.420312 0.566406 0.840625 0.0125275
11 0.501953 0.65332 0.833594 0.693359 0.0123367
20 0.728906 0.244922 0.542188 0.489844 0.0122375
11 0.437402 0.441016 0.683008 0.858594 0.0121918
19 0.217383 0.477734 0.288672 0.360156 0.012146
17 0.394531 0.352344 0.789062 0.704688 0.0116882
13 0.545313 0.546094 0.442969 0.614062 0.0115967
22 0.734375 0.569531 0.53125 0.860938 0.0115051
22 0.734766 0.403906 0.530469 0.807813 0.0114212
17 0.329102 0.639063 0.658203 0.721875 0.0114212
22 0.266797 0.212109 0.533594 0.424219 0.0112457
20 0.664844 0.68125 0.670313 0.6375 0.0112457
17 0.084375 0.617188 0.16875 0.748438 0.0110703
1 0.521973 0.468359 0.456055 0.453906 0.0109863
18 0.551562 0.467969 0.419531 0.396094 0.0108566
22 0.450098 0.411328 0.601367 0.822656 0.0107346
22 0.716797 0.420312 0.566406 0.840625 0.0105667
22 0.390234 0.319531 0.780469 0.639063 0.0105286
20 0.401172 0.655078 0.802344 0.689844 0.0105286
5 0.551562 0.467969 0.419531 0.396094 0.0104065
20 0.58125 0.464844 0.390625 0.428906 0.0103302
25 0.543652 0.557422 0.454883 0.647656 0.01017
17 0.310937 0.243359 0.495313 0.486719 0.00985718
22 0.728516 0.242188 0.494531 0.484375 0.00985718
13 0.441016 0.453125 0.867969 0.90625 0.00978088
17 0.65 0.224805 0.698438 0.449609 0.00963593
21 0.207031 0.558691 0.307813 0.42793 0.00955963
14 0.411719 0.403125 0.823438 0.80625 0.00948334
1 0.295703 0.319922 0.591406 0.639844 0.00941467
5 0.558984 0.408984 0.4 0.348438 0.00937653
20 0.411719 0.403125 0.823438 0.80625 0.00930023
22 0.791211 0.355078 0.417578 0.628906 0.00926971
22 0.329102 0.639063 0.658203 0.721875 0.00926971
13 0.641016 0.679492 0.717969 0.641016 0.00926971
9 0.558984 0.408984 0.4 0.348438 0.00923157
3 0.436719 0.48125 0.860938 0.94375 0.00908661
14 0.257812 0.392578 0.515625 0.785156 0.00891876
13 0.369531 0.326172 0.739062 0.652344 0.0088501
11 0.533984 0.572266 0.48125 0.675781 0.00881195
14 0.401172 0.655078 0.802344 0.689844 0.00878143
1 0.372266 0.65625 0.744531 0.6875 0.0086441
13 0.587891 0.610156 0.824219 0.779688 0.0085144
14 0.664844 0.68125 0.670313 0.6375 0.00847626
11 0.442578 0.580469 0.824219 0.839063 0.00841522
1 0.522266 0.595703 0.736719 0.808594 0.00837708
17 0.764844 0.628125 0.470313 0.74375 0.00818634
17 0.276563 0.319922 0.553125 0.639844 0.00812531
0 0.437402 0.441016 0.683008 0.858594 0.00812531
8 0.560938 0.440723 0.392969 0.363867 0.00812531
14 0.583203 0.489063 0.396094 0.520312 0.00812531
10 0.442578 0.580469 0.824219 0.839063 0.00812531
13 0.558984 0.408984 0.4 0.348438 0.00806427
17 0.626563 0.370508 0.746875 0.741016 0.00803375
13 0.251953 0.429297 0.503906 0.858594 0.00800323
3 0.583203 0.489063 0.396094 0.520312 0.00793457
1 0.219727 0.597656 0.439453 0.804688 0.00793457
17 0.591016 0.734375 0.817969 0.53125 0.00793457
1 0.662891 0.635156 0.674219 0.729688 0.00787354
3 0.570703 0.705078 0.858594 0.589844 0.0078125
1 0.714844 0.587891 0.570312 0.824219 0.0077858
20 0.311914 0.619141 0.623828 0.761719 0.0077858
1 0.728906 0.244922 0.542188 0.489844 0.00775528
3 0.257812 0.392578 0.515625 0.785156 0.00769424
14 0.578906 0.366016 0.403125 0.732031 0.00769424
22 0.764844 0.628125 0.470313 0.74375 0.00769424
13 0.455371 0.560938 0.712695 0.821875 0.00763702
1 0.375391 0.402344 0.750781 0.804688 0.00757599
19 0.708203 0.0960938 0.311719 0.192188 0.00748825
21 0.233154 0.47666 0.310254 0.360742 0.00743103
1 0.26875 0.252539 0.5375 0.505078 0.00723267
14 0.275977 0.240234 0.551953 0.480469 0.00717545
1 0.359961 0.530859 0.719922 0.900781 0.00706482
13 0.432813 0.713867 0.865625 0.572266 0.00706482
17 0.715625 0.711328 0.56875 0.577344 0.00703812
8 0.615625 0.679688 0.76875 0.640625 0.00695801
8 0.652734 0.278906 0.694531 0.557813 0.0068512
17 0.642285 0.478125 0.698242 0.890625 0.0068512
22 0.351562 0.308789 0.59375 0.617578 0.00679779
13 0.699609 0.211523 0.600781 0.423047 0.00677109
22 0.209375 0.584375 0.41875 0.83125 0.00677109
17 0.791211 0.355078 0.417578 0.628906 0.00674438
22 0.775391 0.491016 0.449219 0.730469 0.00674438
25 0.544531 0.629297 0.828125 0.741406 0.00674438
17 0.737109 0.701563 0.525781 0.596875 0.00653839
1 0.390234 0.319531 0.780469 0.639063 0.00641251
13 0.728906 0.244922 0.542188 0.489844 0.00638962
1 0.550879 0.414062 0.710742 0.828125 0.00631332
14 0.295703 0.319922 0.591406 0.639844 0.00626373
3 0.266211 0.60625 0.532422 0.7875 0.00624084
21 0.212451 0.620703 0.352441 0.389844 0.00619125
14 0.311914 0.619141 0.623828 0.761719 0.00619125
20 0.298438 0.345703 0.596875 0.691406 0.00612259
22 0.603027 0.4125 0.64082 0.825 0.00609589
10 0.544531 0.629297 0.828125 0.741406 0.006073
20 0.26875 0.252539 0.5375 0.505078 0.00598145
17 0.351562 0.308789 0.59375 0.617578 0.00595856
17 0.603027 0.4125 0.64082 0.825 0.00595856
3 0.550781 0.608203 0.514063 0.783594 0.00595856
3 0.346484 0.283398 0.692969 0.566797 0.00591278
17 0.0821289 0.571484 0.164258 0.491406 0.00591278
9 0.450391 0.483594 0.683594 0.865625 0.005867
22 0.570312 0.733984 0.859375 0.532031 0.00582123
0 0.728125 0.198828 0.471875 0.397656 0.00577545
13 0.311914 0.619141 0.623828 0.761719 0.00577545
3 0.689063 0.685547 0.621875 0.628906 0.00577545
11 0.694922 0.253516 0.610156 0.507031 0.00572968
1 0.596875 0.378125 0.80625 0.75625 0.00572968
22 0.720703 0.341602 0.558594 0.683203 0.00570679
3 0.411719 0.403125 0.823438 0.80625 0.00568771
20 0.6 0.605469 0.576563 0.789062 0.00568771
1 0.525 0.735742 0.884375 0.528516 0.00561905
10 0.699609 0.211523 0.600781 0.423047 0.00559998
21 0.133398 0.282422 0.266797 0.385938 0.0055542
19 0.13916 0.307617 0.27832 0.372266 0.0055542
14 0.608594 0.299219 0.782813 0.598437 0.0055542
1 0.734375 0.545703 0.53125 0.864844 0.00553513
22 0.356641 0.429297 0.713281 0.858594 0.00544739
1 0.716797 0.420312 0.566406 0.840625 0.00542831
1 0.735547 0.425391 0.528906 0.846094 0.00540543
25 0.708203 0.190234 0.511719 0.380469 0.00538635
10 0.652734 0.278906 0.694531 0.557813 0.00538635
22 0.596875 0.378125 0.80625 0.75625 0.00534439
11 0.58125 0.464844 0.390625 0.428906 0.00534439
13 0.583203 0.489063 0.396094 0.520312 0.00534439
13 0.372266 0.65625 0.744531 0.6875 0.00530243
14 0.266797 0.212109 0.533594 0.424219 0.00521851
17 0.209375 0.584375 0.41875 0.83125 0.00521851
17 0.514063 0.375586 0.759375 0.751172 0.00518036
13 0.311719 0.287695 0.623438 0.575391 0.0051384
11 0.587891 0.610156 0.824219 0.779688 0.00511932
1 0.0821289 0.571484 0.164258 0.491406 0.00510025
13 0.354688 0.567969 0.709375 0.864062 0.00508118
7 0.551562 0.467969 0.419531 0.396094 0.0050621
1 0.380566 0.749023 0.75918 0.501953 0.00500107
3 0.578906 0.366016 0.403125 0.732031 0.00496292
1 0.084375 0.617188 0.16875 0.748438 0.00494385
3 0.663281 0.611719 0.673438 0.776563 0.00494385
0 0.442969 0.569531 0.81875 0.860938 0.0049057
22 0.65 0.224805 0.698438 0.449609 0.00486755
17 0.569531 0.323438 0.860938 0.646875 0.00486755
3 0.653906 0.319141 0.692187 0.638281 0.00482941
14 0.359961 0.530859 0.719922 0.900781 0.00482941
14 0.432813 0.713867 0.865625 0.572266 0.00482941
25 0.583203 0.489063 0.396094 0.520312 0.00477219
21 0.551562 0.467969 0.419531 0.396094 0.00471878
14 0.633301 0.444531 0.733398 0.889063 0.00471878
17 0.720703 0.341602 0.558594 0.683203 0.0046463
13 0.376953 0.428125 0.753906 0.85625 0.00462723
19 0.207031 0.558691 0.307813 0.42793 0.00460815
14 0.550781 0.608203 0.514063 0.783594 0.00457382
1 0.266797 0.212109 0.533594 0.424219 0.00453949
14 0.219727 0.597656 0.439453 0.804688 0.00453949
25 0.522266 0.595703 0.736719 0.808594 0.00453949
17 0.775391 0.491016 0.449219 0.730469 0.00452042
11 0.615625 0.679688 0.76875 0.640625 0.00448608
4 0.545313 0.546094 0.442969 0.614062 0.00446701
20 0.219727 0.597656 0.439453 0.804688 0.00446701
22 0.0821289 0.571484 0.164258 0.491406 0.00446701
13 0.630469 0.424219 0.739062 0.848437 0.00443268
3 0.26875 0.252539 0.5375 0.505078 0.00439835
1 0.533984 0.572266 0.48125 0.675781 0.00439835
0 0.578906 0.366016 0.403125 0.732031 0.00438309
9 0.528125 0.601953 0.653125 0.796094 0.00434875
16 0.750391 0.147656 0.430469 0.295312 0.0156021
19 0.730078 0.142188 0.339844 0.284375 0.014389
19 0.570703 0.369922 0.391406 0.311719 0.00763702
16 0.580469 0.386621 0.420312 0.30957 0.00763702
19 0.807031 0.108203 0.385938 0.216406 0.00457382
4 0.766016 0.149219 0.467969 0.298438 0.00452042
2 0.775781 0.144922 0.448438 0.289844 0.00382423
16 0.723437 0.135937 0.301563 0.271875 0.0036068
11 0.766016 0.149219 0.467969 0.298438 0.00340271
16 0.140137 0.349023 0.280273 0.344922 0.00329781
1 0.775781 0.144922 0.448438 0.289844 0.00309944
4 0.511719 0.409375 0.476562 0.282813 0.00307465
2 0.499219 0.404687 0.504687 0.298438 0.00298119
12 0.499219 0.404687 0.504687 0.298438 0.00287819
12 0.766016 0.149219 0.467969 0.298438 0.00275803
0 0.775781 0.144922 0.448438 0.289844 0.00268364
14 0.775781 0.144922 0.448438 0.289844 0.00265312
20 0.775781 0.144922 0.448438 0.289844 0.00259018
16 0.499219 0.404687 0.504687 0.298438 0.00255013
16 0.532031 0.361719 0.330469 0.325 0.00224304
19 0.141504 0.32168 0.283008 0.372266 0.00223351
3 0.775781 0.144922 0.448438 0.289844 0.00223351
1 0.499219 0.404687 0.504687 0.298438 0.00209045
16 0.80332 0.138281 0.393359 0.276563 0.00203514
19 0.229297 0.586328 0.308594 0.3625 0.00201035
1 0.178125 0.545703 0.35625 0.571094 0.00197983
17 0.775781 0.144922 0.448438 0.289844 0.00178242
2 0.49375 0.341016 0.532813 0.442969 0.00175476
1 0.49375 0.341016 0.532813 0.442969 0.0017271
12 0.208789 0.589941 0.417578 0.75918 0.00169373
6 0.766016 0.149219 0.467969 0.298438 0.00168705
0 0.499219 0.404687 0.504687 0.298438 0.00167465
11 0.511719 0.409375 0.476562 0.282813 0.00167465
12 0.253125 0.582031 0.50625 0.835938 0.00167465
12 0.74082 0.154199 0.518359 0.308398 0.00165462
14 0.499219 0.404687 0.504687 0.298438 0.00162315
13 0.766016 0.149219 0.467969 0.298438 0.00161076
19 0.383496 0.1375 0.36582 0.275 0.00156689
4 0.761719 0.142773 0.476562 0.285547 0.00156689
7 0.766016 0.149219 0.467969 0.298438 0.00156116
4 0.560938 0.412891 0.365625 0.246875 0.00156116
1 0.217383 0.570703 0.434766 0.710156 0.00156116
11 0.761719 0.142773 0.476562 0.285547 0.00151253
12 0.486719 0.374414 0.623438 0.356641 0.00151253
1 0.175293 0.684375 0.350586 0.63125 0.00149536
6 0.761719 0.142773 0.476562 0.285547 0.00148392
9 0.766016 0.149219 0.467969 0.298438 0.00147247
17 0.499219 0.404687 0.504687 0.298438 0.00141048
22 0.175293 0.5375 0.350586 0.539062 0.00136185
6 0.560938 0.412891 0.365625 0.246875 0.00134563
0 0.49375 0.341016 0.532813 0.442969 0.00134087
17 0.175293 0.5375 0.350586 0.539062 0.00130463
18 0.775781 0.144922 0.448438 0.289844 0.0012846
24 0.766016 0.149219 0.467969 0.298438 0.00127888
3 0.499219 0.404687 0.504687 0.298438 0.00126457
25 0.499219 0.404687 0.504687 0.298438 0.00126457
13 0.499609 0.406152 0.492969 0.286133 0.00123501
22 0.775781 0.144922 0.448438 0.289844 0.00121593
2 0.560938 0.412891 0.365625 0.246875 0.00121117
12 0.176172 0.560254 0.352344 0.632617 0.00119209
25 0.775781 0.144922 0.448438 0.289844 0.00118828
24 0.761719 0.142773 0.476562 0.285547 0.00113773
13 0.761719 0.142773 0.476562 0.285547 0.00113392
19 0.786133 0.553906 0.324609 0.278906 0.00112057
14 0.49375 0.341016 0.532813 0.442969 0.00109863
16 0.761719 0.142773 0.476562 0.285547 0.00109482
1 0.564453 0.419531 0.372656 0.238281 0.00109482
17 0.49375 0.341016 0.532813 0.442969 0.00106525
1 0.191016 0.678027 0.382031 0.643945 0.00105667
12 0.621191 0.521094 0.588867 0.642188 0.00104809
1 0.17583 0.725391 0.345996 0.327344 0.00103664
19 0.200586 0.695703 0.304688 0.314844 0.00103188
12 0.547656 0.300195 0.49375 0.600391 0.00103188
4 0.485156 0.374414 0.565625 0.357422 0.00102043
16 0.391016 0.141113 0.377344 0.282227 0.00101662
16 0.557813 0.417285 0.378125 0.287305 0.064209
9 0.556934 0.43125 0.386133 0.302344 0.0516663
23 0.557813 0.417285 0.378125 0.287305 0.0377502
6 0.556934 0.43125 0.386133 0.302344 0.0340881
2 0.557813 0.417285 0.378125 0.287305 0.0230713
24 0.556934 0.43125 0.386133 0.302344 0.0207214
20 0.556934 0.43125 0.386133 0.302344 0.0206451
18 0.557813 0.417285 0.378125 0.287305 0.0183411
21 0.556934 0.43125 0.386133 0.302344 0.0182648
4 0.557813 0.417285 0.378125 0.287305 0.0141754
25 0.556934 0.43125 0.386133 0.302344 0.0124817
5 0.556934 0.43125 0.386133 0.302344 0.011734
14 0.5625 0.424609 0.35625 0.278125 0.00971222
12 0.5625 0.424609 0.35625 0.278125 0.00905609
0 0.564063 0.415625 0.376563 0.288281 0.00857544
7 0.557813 0.417285 0.378125 0.287305 0.00731659
11 0.560547 0.427344 0.375781 0.28125 0.00638962
10 0.556934 0.43125 0.386133 0.302344 0.00602722
3 0.5625 0.424609 0.35625 0.278125 0.00534439
15 0.557813 0.417285 0.378125 0.287305 0.00530243
19 0.556641 0.479785 0.389844 0.406055 0.0046463
1 0.632422 0.439844 0.541406 0.354688 0.0042305
4 0.556641 0.479785 0.389844 0.406055 0.0041008
1 0.559375 0.435547 0.3875 0.33125 0.00391388
11 0.556641 0.479785 0.389844 0.406055 0.0037365
12 0.636719 0.316016 0.673438 0.632031 0.00363541
16 0.755469 0.15166 0.423438 0.30332 0.00359344
13 0.558984 0.426563 0.38125 0.282031 0.00335121
14 0.556641 0.479785 0.389844 0.406055 0.00335121
6 0.754297 0.176367 0.422656 0.352734 0.00329781
16 0.438672 0.848828 0.400781 0.302344 0.00329781
17 0.564063 0.415625 0.376563 0.288281 0.00324821
11 0.632422 0.439844 0.541406 0.354688 0.00276756
14 0.632422 0.439844 0.541406 0.354688 0.00264168
12 0.632422 0.439844 0.541406 0.354688 0.00263214
0 0.438672 0.848828 0.400781 0.302344 0.00263214
2 0.438672 0.848828 0.400781 0.302344 0.00263214
16 0.556641 0.479785 0.389844 0.406055 0.00255013
13 0.542285 0.352344 0.40293 0.4875 0.00250244
13 0.632422 0.439844 0.541406 0.354688 0.00240517
1 0.636719 0.316016 0.673438 0.632031 0.00237846
6 0.443848 0.842969 0.42168 0.314063 0.00236893
13 0.636719 0.316016 0.673438 0.632031 0.00232315
4 0.632422 0.439844 0.541406 0.354688 0.00219154
16 0.636719 0.316016 0.673438 0.632031 0.00218201
2 0.556641 0.479785 0.389844 0.406055 0.00216484
12 0.542285 0.352344 0.40293 0.4875 0.00213242
22 0.564063 0.415625 0.376563 0.288281 0.00213242
11 0.636719 0.316016 0.673438 0.632031 0.00206757
2 0.755469 0.15166 0.423438 0.30332 0.00201988
22 0.555078 0.476172 0.389062 0.403906 0.00201988
12 0.543359 0.330469 0.519531 0.660937 0.0019722
16 0.632422 0.439844 0.541406 0.354688 0.00196457
12 0.491309 0.357031 0.723633 0.714063 0.00192642
11 0.542285 0.352344 0.40293 0.4875 0.00192642
1 0.542285 0.352344 0.40293 0.4875 0.00191212
4 0.443848 0.842969 0.42168 0.314063 0.00191212
8 0.5625 0.424609 0.35625 0.278125 0.00185299
4 0.755469 0.15166 0.423438 0.30332 0.00183105
13 0.556641 0.479785 0.389844 0.406055 0.00165462
18 0.755469 0.15166 0.423438 0.30332 0.00162315
11 0.443848 0.842969 0.42168 0.314063 0.00161076
0 0.632422 0.439844 0.541406 0.354688 0.00158501
18 0.438672 0.848828 0.400781 0.302344 0.00157928
0 0.755469 0.15166 0.423438 0.30332 0.00154305
12 0.478125 0.296875 0.529688 0.59375 0.00153637
24 0.443848 0.842969 0.42168 0.314063 0.0014782
16 0.542285 0.352344 0.40293 0.4875 0.00143242
15 0.755469 0.15166 0.423438 0.30332 0.00141048
21 0.443848 0.842969 0.42168 0.314063 0.00141048
19 0.557813 0.415234 0.364063 0.263281 0.00138283
24 0.754297 0.176367 0.422656 0.352734 0.00135612
6 0.571484 0.47666 0.397656 0.420117 0.00133038
14 0.636719 0.316016 0.673438 0.632031 0.00128937
21 0.754297 0.176367 0.422656 0.352734 0.00127411
12 0.616309 0.414062 0.767383 0.828125 0.00127411
12 0.537891 0.485547 0.457031 0.489844 0.00127411
23 0.755469 0.15166 0.423438 0.30332 0.00126457
0 0.636719 0.316016 0.673438 0.632031 0.00125504
4 0.636719 0.316016 0.673438 0.632031 0.00123978
11 0.758203 0.125586 0.430469 0.251172 0.00123501
12 0.489844 0.516406 0.585938 0.595313 0.00123501
15 0.438672 0.848828 0.400781 0.302344 0.00123501
9 0.754297 0.176367 0.422656 0.352734 0.0012064
11 0.429688 0.860938 0.375 0.278125 0.0012064
3 0.632422 0.439844 0.541406 0.354688 0.00119686
3 0.56416 0.44375 0.387305 0.371875 0.00118828
14 0.438672 0.848828 0.400781 0.302344 0.00117874
1 0.537891 0.485547 0.457031 0.489844 0.00117397
12 0.758203 0.125586 0.430469 0.251172 0.00116539
19 0.221484 0.490625 0.263281 0.357812 0.0011425
1 0.533203 0.300391 0.496094 0.600781 0.00112915
17 0.632422 0.439844 0.541406 0.354688 0.00112057
23 0.438672 0.848828 0.400781 0.302344 0.00109863
25 0.443848 0.842969 0.42168 0.314063 0.00109482
6 0.636719 0.316016 0.673438 0.632031 0.00108624
20 0.443848 0.842969 0.42168 0.314063 0.00107765
13 0.491309 0.357031 0.723633 0.714063 0.00106525
25 0.754297 0.176367 0.422656 0.352734 0.00105667
2 0.632422 0.439844 0.541406 0.354688 0.00105667
14 0.755469 0.15166 0.423438 0.30332 0.00104046
1 0.8875 0.459766 0.225 0.510156 0.00103188
6 0.632422 0.439844 0.541406 0.354688 0.00102806
1 0.437109 0.840625 0.407813 0.31875 0.00102425
20 0.754297 0.176367 0.422656 0.352734 0.00102043
18 0.632422 0.439844 0.541406 0.354688 0.00101662
23 0.556641 0.479785 0.389844 0.406055 0.00100803
4 0.429688 0.860938 0.375 0.278125 0.00100803
24 0.562109 0.408984 0.38125 0.282031 0.0503235
6 0.553906 0.404004 0.384375 0.282617 0.0289764
16 0.562109 0.408984 0.38125 0.282031 0.0216217
24 0.499219 0.396094 0.486719 0.285938 0.0195618
7 0.562109 0.408984 0.38125 0.282031 0.0191193
12 0.527344 0.408496 0.435937 0.27832 0.0148392
13 0.527344 0.408496 0.435937 0.27832 0.014389
12 0.733594 0.156348 0.532813 0.312695 0.0127258
24 0.748438 0.151855 0.44375 0.303711 0.0102463
9 0.555859 0.392969 0.382031 0.267188 0.00933838
11 0.527344 0.408496 0.435937 0.27832 0.00905609
12 0.62041 0.153125 0.75918 0.30625 0.00898743
13 0.464063 0.402344 0.6 0.326562 0.00891876
13 0.451465 0.286328 0.675195 0.572656 0.0088501
13 0.540234 0.292188 0.661719 0.584375 0.00857544
12 0.452734 0.376172 0.664844 0.375781 0.00854492
23 0.553906 0.404004 0.384375 0.282617 0.00844574
12 0.540234 0.292188 0.661719 0.584375 0.00803375
12 0.451465 0.286328 0.675195 0.572656 0.00784302
16 0.499219 0.396094 0.486719 0.285938 0.0078125
6 0.746094 0.149121 0.496875 0.298242 0.00728989
18 0.547656 0.406641 0.388281 0.275781 0.00714874
1 0.540234 0.292188 0.661719 0.584375 0.00703812
19 0.528906 0.383594 0.292188 0.242188 0.00656509
11 0.464063 0.402344 0.6 0.326562 0.00595856
7 0.499219 0.396094 0.486719 0.285938 0.00572968
12 0.429688 0.307422 0.8 0.614844 0.00534439
13 0.772266 0.148633 0.455469 0.297266 0.00521851
2 0.553906 0.404004 0.384375 0.282617 0.00518036
11 0.540234 0.292188 0.661719 0.584375 0.0051384
11 0.451465 0.286328 0.675195 0.572656 0.00511932
12 0.54375 0.215039 0.86875 0.430078 0.00510025
1 0.464063 0.402344 0.6 0.326562 0.00508118
14 0.753906 0.153418 0.453125 0.306836 0.0050621
15 0.753906 0.153418 0.453125 0.306836 0.00498199
7 0.746094 0.149121 0.496875 0.298242 0.00486755
16 0.748438 0.151855 0.44375 0.303711 0.00469971
11 0.744531 0.148242 0.475 0.296484 0.00460815
12 0.553223 0.283984 0.513867 0.567969 0.00438309
13 0.429688 0.307422 0.8 0.614844 0.00403976
16 0.540234 0.292188 0.661719 0.584375 0.00400543
15 0.553906 0.404004 0.384375 0.282617 0.00391388
14 0.540234 0.292188 0.661719 0.584375 0.00382423
12 0.449219 0.733203 0.403125 0.533594 0.00382423
19 0.547656 0.406641 0.388281 0.275781 0.0037365
1 0.411035 0.796289 0.320117 0.407422 0.0037365
9 0.500879 0.389062 0.498242 0.296094 0.00335121
12 0.228906 0.283203 0.457813 0.566406 0.00332451
14 0.464063 0.402344 0.6 0.326562 0.00324821
16 0.451465 0.286328 0.675195 0.572656 0.00318527
4 0.733594 0.156348 0.532813 0.312695 0.00317192
12 0.406348 0.154297 0.788867 0.308594 0.00317192
9 0.744531 0.148242 0.475 0.296484 0.00314713
12 0.346094 0.154492 0.692187 0.308984 0.00312424
1 0.573047 0.40625 0.364844 0.282813 0.00307465
13 0.411035 0.796289 0.320117 0.407422 0.00307465
20 0.553906 0.404004 0.384375 0.282617 0.00305176
12 0.126758 0.314063 0.253516 0.409375 0.00288963
4 0.547656 0.406641 0.388281 0.275781 0.0028553
14 0.527344 0.408496 0.435937 0.27832 0.00282288
1 0.451465 0.286328 0.675195 0.572656 0.00275803
13 0.62041 0.153125 0.75918 0.30625 0.00273705
4 0.540234 0.292188 0.661719 0.584375 0.00273705
1 0.449219 0.733203 0.403125 0.533594 0.00273705
13 0.553223 0.283984 0.513867 0.567969 0.00265312
4 0.464063 0.402344 0.6 0.326562 0.00264168
1 0.758203 0.144727 0.450781 0.289453 0.0026207
12 0.327734 0.156836 0.655469 0.313672 0.00257111
12 0.411035 0.796289 0.320117 0.407422 0.00253105
12 0.516406 0.724219 0.585938 0.551562 0.0024929
13 0.449219 0.733203 0.403125 0.533594 0.00247192
18 0.753906 0.153418 0.453125 0.306836 0.00245285
3 0.464063 0.402344 0.6 0.326562 0.00243378
0 0.574219 0.397656 0.36875 0.255469 0.00243378
3 0.540234 0.292188 0.661719 0.584375 0.00236893
0 0.732813 0.14668 0.525 0.293359 0.00232315
2 0.753906 0.153418 0.453125 0.306836 0.00232315
17 0.573047 0.40625 0.364844 0.282813 0.00230598
19 0.560938 0.347705 0.329688 0.368652 0.00228691
17 0.540234 0.292188 0.661719 0.584375 0.00228691
3 0.527344 0.408496 0.435937 0.27832 0.00225258
6 0.746094 0.14082 0.357812 0.275 0.00215721
13 0.516406 0.724219 0.585938 0.551562 0.00204277
19 0.680859 0.0919922 0.267969 0.183984 0.00201988
15 0.464063 0.402344 0.6 0.326562 0.00198746
18 0.464063 0.402344 0.6 0.326562 0.00195694
15 0.540234 0.292188 0.661719 0.584375 0.00193405
13 0.425391 0.166797 0.769531 0.333594 0.00192642
17 0.464063 0.402344 0.6 0.326562 0.00192642
23 0.746094 0.149121 0.496875 0.298242 0.00185299
14 0.451465 0.286328 0.675195 0.572656 0.00184631
24 0.746094 0.14082 0.357812 0.275 0.00183868
2 0.540234 0.292188 0.661719 0.584375 0.00183868
11 0.429688 0.307422 0.8 0.614844 0.00181007
6 0.464063 0.402344 0.6 0.326562 0.00178242
0 0.464063 0.402344 0.6 0.326562 0.00176811
11 0.553223 0.283984 0.513867 0.567969 0.00176144
20 0.733594 0.156348 0.532813 0.312695 0.00175476
20 0.540234 0.292188 0.661719 0.584375 0.00175476
11 0.406348 0.154297 0.788867 0.308594 0.00170708
0 0.540234 0.292188 0.661719 0.584375 0.0017004
6 0.540234 0.292188 0.661719 0.584375 0.00163555
16 0.452734 0.376172 0.664844 0.375781 0.00162315
16 0.746094 0.14082 0.357812 0.275 0.00161648
7 0.451465 0.286328 0.675195 0.572656 0.00161076
3 0.451465 0.286328 0.675195 0.572656 0.0015974
2 0.464063 0.402344 0.6 0.326562 0.00158501
18 0.540234 0.292188 0.661719 0.584375 0.00157356
16 0.553223 0.283984 0.513867 0.567969 0.00156116
15 0.406348 0.154297 0.788867 0.308594 0.00153637
11 0.346094 0.154492 0.692187 0.308984 0.00150108
25 0.553906 0.404004 0.384375 0.282617 0.00150108
9 0.746094 0.14082 0.357812 0.275 0.00148964
13 0.346094 0.154492 0.692187 0.308984 0.00147247
15 0.346094 0.154492 0.692187 0.308984 0.00146103
19 0.772266 0.148633 0.455469 0.297266 0.00143242
5 0.527344 0.408496 0.435937 0.27832 0.00143242
4 0.451465 0.286328 0.675195 0.572656 0.00141048
1 0.553223 0.283984 0.513867 0.567969 0.00138855
18 0.451465 0.286328 0.675195 0.572656 0.00135136
13 0.658594 0.305469 0.682813 0.610938 0.00133514
15 0.451465 0.286328 0.675195 0.572656 0.00132465
12 0.487402 0.457031 0.511133 0.480469 0.00132465
22 0.449219 0.733203 0.403125 0.533594 0.00130939
15 0.62041 0.153125 0.75918 0.30625 0.00129414
24 0.452734 0.376172 0.664844 0.375781 0.00128937
12 0.658594 0.305469 0.682813 0.610938 0.00127888
11 0.62041 0.153125 0.75918 0.30625 0.00126457
20 0.464063 0.402344 0.6 0.326562 0.00125504
17 0.411035 0.796289 0.320117 0.407422 0.00124931
7 0.540234 0.292188 0.661719 0.584375 0.00124454
13 0.128125 0.34668 0.25625 0.351172 0.00123978
11 0.411035 0.796289 0.320117 0.407422 0.00123978
0 0.451465 0.286328 0.675195 0.572656 0.00123024
15 0.327734 0.156836 0.655469 0.313672 0.00121593
12 0.639844 0.160547 0.720313 0.321094 0.00121117
2 0.451465 0.286328 0.675195 0.572656 0.0012064
17 0.449219 0.733203 0.403125 0.533594 0.0012064
6 0.451465 0.286328 0.675195 0.572656 0.00120163
12 0.434375 0.650391 0.86875 0.699219 0.00119686
8 0.540234 0.292188 0.661719 0.584375 0.00117397
13 0.327734 0.156836 0.655469 0.313672 0.00115585
11 0.517285 0.168945 0.793555 0.337891 0.00115108
17 0.451465 0.286328 0.675195 0.572656 0.00114727
12 0.385742 0.386133 0.771484 0.772266 0.0011425
16 0.62041 0.153125 0.75918 0.30625 0.00113392
19 0.49541 0.37207 0.25293 0.196484 0.00112915
5 0.746094 0.149121 0.496875 0.298242 0.00112915
12 0.194141 0.332422 0.388281 0.664844 0.00112438
19 0.838281 0.0928711 0.301563 0.185742 0.0011158
8 0.464063 0.402344 0.6 0.326562 0.0011158
13 0.572656 0.171289 0.810938 0.342578 0.00109482
19 0.711328 0.107813 0.327344 0.215625 0.00107288
22 0.540234 0.292188 0.661719 0.584375 0.00107288
22 0.411035 0.796289 0.320117 0.407422 0.00105286
25 0.540234 0.292188 0.661719 0.584375 0.00104809
19 0.124316 0.303564 0.248633 0.370996 0.00104046
3 0.733594 0.156348 0.532813 0.312695 0.00104046
11 0.327734 0.156836 0.655469 0.313672 0.00103664
12 0.385938 0.689844 0.771875 0.620313 0.00101185
11 0.584375 0.402734 0.342187 0.25 0.00100422
23 0.544434 0.412598 0.356445 0.257617 0.0417786
4 0.544434 0.412598 0.356445 0.257617 0.0303345
6 0.557422 0.418652 0.344531 0.250195 0.0281677
7 0.544434 0.412598 0.356445 0.257617 0.0249939
14 0.551172 0.419629 0.363281 0.276367 0.021286
9 0.557422 0.418652 0.344531 0.250195 0.0151901
24 0.557422 0.418652 0.344531 0.250195 0.0150757
16 0.553906 0.416797 0.35625 0.257031 0.014389
18 0.544434 0.412598 0.356445 0.257617 0.0143356
0 0.551172 0.419629 0.363281 0.276367 0.0135345
11 0.551172 0.419629 0.363281 0.276367 0.0126266
21 0.535937 0.477734 0.310937 0.361719 0.0100555
2 0.544434 0.412598 0.356445 0.257617 0.00871277
12 0.551172 0.419629 0.363281 0.276367 0.00728989
3 0.551172 0.419629 0.363281 0.276367 0.00443268
25 0.543359 0.421973 0.369531 0.27793 0.0039444
15 0.544434 0.412598 0.356445 0.257617 0.00369263
21 0.896094 0.884375 0.207813 0.23125 0.00281143
5 0.553906 0.416797 0.35625 0.257031 0.00263214
4 0.543848 0.414746 0.40293 0.333008 0.00242424
10 0.551172 0.419629 0.363281 0.276367 0.00226021
16 0.482715 0.877344 0.433008 0.245312 0.00201035
2 0.543848 0.414746 0.40293 0.333008 0.00191879
7 0.757031 0.14707 0.392188 0.284375 0.00189686
12 0.506641 0.299805 0.505469 0.599609 0.00175476
24 0.757031 0.14707 0.392188 0.284375 0.0016613
6 0.757031 0.14707 0.392188 0.284375 0.0016489
17 0.543359 0.421973 0.369531 0.27793 0.0016489
6 0.482715 0.877344 0.433008 0.245312 0.00163555
0 0.517188 0.867188 0.53125 0.265625 0.00161076
20 0.557422 0.418652 0.344531 0.250195 0.00158501
16 0.757031 0.14707 0.392188 0.284375 0.00157356
19 0.553906 0.416797 0.35625 0.257031 0.00150681
0 0.482715 0.877344 0.433008 0.245312 0.00149536
6 0.543848 0.414746 0.40293 0.333008 0.00141048
23 0.757031 0.14707 0.392188 0.284375 0.00139904
19 0.710156 0.0972656 0.320312 0.194531 0.00132465
8 0.557813 0.41875 0.35625 0.261719 0.00127411
0 0.757031 0.14707 0.392188 0.284375 0.00126457
11 0.757031 0.14707 0.392188 0.284375 0.00122547
12 0.757812 0.144141 0.404687 0.288281 0.00121117
4 0.757812 0.144141 0.404687 0.288281 0.00119209
1 0.543848 0.414746 0.40293 0.333008 0.00118828
24 0.482715 0.877344 0.433008 0.245312 0.00117397
16 0.517188 0.867188 0.53125 0.265625 0.00115585
18 0.757031 0.14707 0.392188 0.284375 0.0011034
7 0.482715 0.877344 0.433008 0.245312 0.00107288
2 0.757812 0.144141 0.404687 0.288281 0.00106525
2 0.482715 0.877344 0.433008 0.245312 0.00103188
11 0.482715 0.877344 0.433008 0.245312 0.00102425
6 0.553027 0.397559 0.358008 0.245508 0.191284
23 0.557422 0.407813 0.360938 0.249219 0.182373
2 0.555469 0.405469 0.360938 0.259375 0.0734253
0 0.555078 0.406934 0.382812 0.250195 0.0618896
14 0.555469 0.405469 0.360938 0.259375 0.0607605
16 0.555469 0.405469 0.360938 0.259375 0.0560303
9 0.553027 0.397559 0.358008 0.245508 0.0524292
4 0.555469 0.405469 0.360938 0.259375 0.0510864
7 0.555469 0.405469 0.360938 0.259375 0.0381775
25 0.555469 0.405469 0.360938 0.259375 0.026062
10 0.555469 0.405469 0.360938 0.259375 0.025177
24 0.553027 0.397559 0.358008 0.245508 0.0231476
11 0.555469 0.405469 0.360938 0.259375 0.0149002
18 0.555469 0.405469 0.360938 0.259375 0.0132217
3 0.559766 0.399219 0.352344 0.257812 0.00923157
15 0.553125 0.40166 0.3625 0.27168 0.00894928
5 0.557422 0.407813 0.360938 0.249219 0.00787354
12 0.553125 0.40166 0.3625 0.27168 0.00658798
17 0.553906 0.392188 0.353906 0.238281 0.0055542
20 0.558984 0.396777 0.364844 0.242383 0.00477219
8 0.553906 0.392188 0.353906 0.238281 0.00356483
0 0.575 0.273633 0.426563 0.547266 0.00286674
1 0.554297 0.391406 0.372656 0.300781 0.00274658
13 0.553906 0.392188 0.353906 0.238281 0.0024929
19 0.557422 0.407813 0.360938 0.249219 0.00237846
12 0.575 0.273633 0.426563 0.547266 0.00219917
11 0.575 0.273633 0.426563 0.547266 0.00209999
14 0.575 0.273633 0.426563 0.547266 0.00202751
12 0.559473 0.375684 0.438867 0.267383 0.00200272
1 0.575 0.273633 0.426563 0.547266 0.00174809
2 0.575 0.273633 0.426563 0.547266 0.00165462
6 0.575 0.273633 0.426563 0.547266 0.00150108
4 0.575 0.273633 0.426563 0.547266 0.00148392
1 0.0731445 0.649609 0.146289 0.289844 0.00139427
17 0.575 0.273633 0.426563 0.547266 0.00122547
21 0.553125 0.406348 0.348438 0.229492 0.00118828
15 0.575 0.273633 0.426563 0.547266 0.00116062
19 0.221094 0.485547 0.258594 0.347656 0.00112438
16 0.575 0.273633 0.426563 0.547266 0.00108147
13 0.575 0.273633 0.426563 0.547266 0.00106525
23 0.494531 0.375391 0.246875 0.226562 0.00101185
23 0.555469 0.384277 0.335938 0.243945 0.284668
2 0.555469 0.384277 0.335938 0.243945 0.10968
14 0.553906 0.380859 0.326562 0.221875 0.0778198
9 0.555078 0.394141 0.348438 0.255469 0.0453491
6 0.560156 0.396191 0.34375 0.262305 0.044342
0 0.553906 0.380859 0.326562 0.221875 0.0387573
18 0.540234 0.374219 0.316406 0.214062 0.0348816
7 0.540234 0.374219 0.316406 0.214062 0.0340881
16 0.555469 0.384277 0.335938 0.243945 0.0333252
25 0.560156 0.396191 0.34375 0.262305 0.0267639
4 0.558594 0.387109 0.335938 0.254688 0.024231
10 0.560156 0.396191 0.34375 0.262305 0.0151291
3 0.553906 0.380859 0.326562 0.221875 0.01017
5 0.555078 0.394141 0.348438 0.255469 0.00754929
20 0.560156 0.396191 0.34375 0.262305 0.00530243
11 0.556641 0.389453 0.330469 0.241406 0.00413513
24 0.555078 0.394141 0.348438 0.255469 0.00403976
15 0.555469 0.384277 0.335938 0.243945 0.00356483
6 0.513184 0.371094 0.39082 0.225 0.00288963
4 0.513184 0.371094 0.39082 0.225 0.00271416
8 0.566406 0.399902 0.346875 0.275195 0.00235939
11 0.513184 0.371094 0.39082 0.225 0.00209999
0 0.541797 0.400879 0.355469 0.293555 0.00204277
21 0.567187 0.415723 0.345313 0.281055 0.00166798
18 0.566406 0.399902 0.346875 0.275195 0.00133514
2 0.480469 0.373242 0.459375 0.263672 0.00130463
1 0.541797 0.400879 0.355469 0.293555 0.00126934
24 0.513184 0.371094 0.39082 0.225 0.00123978
7 0.566406 0.399902 0.346875 0.275195 0.0012207
12 0.492969 0.6375 0.504687 0.58125 0.00115108
19 0.558594 0.366602 0.303125 0.229297 0.00103188
16 0.553125 0.358984 0.284375 0.188281 0.00102806
9 0.513184 0.371094 0.39082 0.225 0.00102806
17 0.566406 0.399902 0.346875 0.275195 0.00101662
23 0.55625 0.405078 0.342187 0.251563 0.0634766
14 0.55625 0.407422 0.339063 0.260156 0.0605164
2 0.55625 0.405078 0.342187 0.251563 0.0403748
4 0.557031 0.405469 0.342187 0.253906 0.0241394
25 0.55625 0.407422 0.339063 0.260156 0.0235138
6 0.557031 0.405469 0.342187 0.253906 0.0200195
16 0.557031 0.405469 0.342187 0.253906 0.0168457
0 0.55625 0.407422 0.339063 0.260156 0.0133286
12 0.706641 0.267969 0.586719 0.535937 0.0123367
10 0.55625 0.407422 0.339063 0.260156 0.0121918
9 0.557031 0.405469 0.342187 0.253906 0.0108185
3 0.55625 0.407422 0.339063 0.260156 0.00871277
13 0.721289 0.272852 0.557422 0.545703 0.00547028
7 0.557031 0.399609 0.34375 0.247656 0.0042305
11 0.557031 0.405469 0.342187 0.253906 0.00413513
18 0.557031 0.399609 0.34375 0.247656 0.00366402
5 0.557031 0.405469 0.342187 0.253906 0.00319672
12 0.753906 0.247461 0.48125 0.494922 0.00273705
17 0.555469 0.405566 0.3375 0.288867 0.00256157
8 0.558203 0.407031 0.353906 0.264062 0.00219154
12 0.138867 0.267383 0.277734 0.534766 0.00195694
15 0.557031 0.399609 0.34375 0.247656 0.00183868
12 0.122168 0.321094 0.244336 0.392188 0.00163555
20 0.557031 0.405469 0.342187 0.253906 0.00163555
1 0.558203 0.407031 0.353906 0.264062 0.00153065
13 0.753906 0.247461 0.48125 0.494922 0.00137806
12 0.55625 0.407422 0.339063 0.260156 0.00137806
19 0.55625 0.405078 0.342187 0.251563 0.00111198
23 0.565625 0.404297 0.326562 0.274219 0.554688
14 0.560938 0.405078 0.332813 0.278906 0.129395
2 0.560938 0.405078 0.332813 0.278906 0.110107
16 0.5625 0.40166 0.334375 0.25918 0.0720825
4 0.565625 0.404297 0.326562 0.274219 0.0528259
9 0.558203 0.414453 0.332031 0.271094 0.0430298
6 0.558203 0.414453 0.332031 0.271094 0.0413208
0 0.560938 0.405078 0.332813 0.278906 0.0372009
25 0.560938 0.405078 0.332813 0.278906 0.0370483
18 0.565625 0.404297 0.326562 0.274219 0.0118713
3 0.560938 0.405078 0.332813 0.278906 0.0109863
24 0.558203 0.414453 0.332031 0.271094 0.00941467
7 0.5625 0.40166 0.334375 0.25918 0.0088501
12 0.212695 0.508203 0.425391 0.733594 0.00828552
13 0.212695 0.508203 0.425391 0.733594 0.00793457
10 0.560938 0.405078 0.332813 0.278906 0.00614548
11 0.564844 0.398828 0.35 0.266406 0.00385475
5 0.563281 0.396484 0.328125 0.250781 0.00353813
8 0.564844 0.398828 0.35 0.266406 0.00230598
15 0.565625 0.404297 0.326562 0.274219 0.00228691
12 0.565625 0.404297 0.326562 0.274219 0.00221634
20 0.558203 0.414453 0.332031 0.271094 0.00200272
17 0.5625 0.40625 0.34375 0.276563 0.00176811
12 0.508203 0.631641 0.532813 0.633594 0.00157356
12 0.562109 0.639063 0.736719 0.721875 0.00121117
12 0.15791 0.544922 0.31582 0.650781 0.00112915
12 0.135352 0.46875 0.270703 0.445312 0.00105667
19 0.562891 0.402734 0.325781 0.25625 0.00103664
23 0.556641 0.4125 0.352344 0.273438 0.373779
14 0.553516 0.415527 0.347656 0.27207 0.143188
9 0.552344 0.408984 0.346875 0.236719 0.137573
2 0.554688 0.410938 0.35 0.26875 0.125977
4 0.552344 0.408984 0.346875 0.236719 0.0566406
6 0.552344 0.408984 0.346875 0.236719 0.0520325
0 0.553516 0.415527 0.347656 0.27207 0.0458679
7 0.553516 0.415527 0.347656 0.27207 0.0210419
18 0.560156 0.406641 0.35625 0.275 0.0151291
10 0.553516 0.415527 0.347656 0.27207 0.0109482
16 0.554688 0.410938 0.35 0.26875 0.00933838
3 0.553516 0.415527 0.347656 0.27207 0.00878143
25 0.553516 0.415527 0.347656 0.27207 0.00861359
15 0.556641 0.4125 0.352344 0.273438 0.00564194
24 0.552344 0.408984 0.346875 0.236719 0.0051384
5 0.552344 0.408984 0.346875 0.236719 0.00387001
11 0.553516 0.415527 0.347656 0.27207 0.00323486
17 0.553125 0.408691 0.351562 0.30293 0.00143242
12 0.553906 0.407129 0.34375 0.262305 0.00143242
8 0.557813 0.410547 0.354688 0.267969 0.00102425
23 0.571484 0.408984 0.35 0.270313 0.46875
14 0.571484 0.408984 0.35 0.270313 0.308105
2 0.570312 0.404297 0.35 0.275 0.111267
4 0.56875 0.4125 0.35 0.275 0.0913696
9 0.569922 0.415723 0.349219 0.273242 0.0903931
6 0.569922 0.415723 0.349219 0.273242 0.0809326
25 0.56875 0.4125 0.35 0.275 0.0307922
0 0.56875 0.4125 0.35 0.275 0.0185394
10 0.569922 0.415723 0.349219 0.273242 0.0102921
13 0.226172 0.469531 0.452344 0.83125 0.00701141
11 0.570312 0.404297 0.35 0.275 0.0068512
12 0.226172 0.469531 0.452344 0.83125 0.00477219
16 0.569141 0.418652 0.353906 0.267383 0.00468063
18 0.56875 0.403809 0.353125 0.27207 0.00446701
17 0.565625 0.414453 0.351562 0.280469 0.00413513
15 0.56875 0.403809 0.353125 0.27207 0.0039444
3 0.564453 0.414941 0.355469 0.263867 0.00362206
5 0.569922 0.415723 0.349219 0.273242 0.00342941
7 0.570312 0.404297 0.35 0.275 0.00341606
8 0.571484 0.397266 0.367969 0.273438 0.00301552
12 0.56875 0.4125 0.35 0.275 0.00251198
24 0.569141 0.418652 0.353906 0.267383 0.00242424
13 0.838281 0.477344 0.323438 0.617188 0.00200272
12 0.162305 0.494531 0.324609 0.665625 0.00188255
12 0.197656 0.295312 0.395313 0.590625 0.00182438
13 0.162305 0.494531 0.324609 0.665625 0.0016613
12 0.135156 0.284961 0.270313 0.484766 0.0015192
1 0.571484 0.397266 0.367969 0.273438 0.00150681
12 0.813867 0.471484 0.372266 0.655469 0.00143814
13 0.571094 0.407715 0.357812 0.26582 0.0012846
16 0.547656 0.363672 0.334375 0.200781 0.00126457
19 0.571484 0.401172 0.353906 0.246094 0.00106525
20 0.569141 0.418652 0.353906 0.267383 0.00101185
14 0.564063 0.406152 0.357031 0.292383 0.262207
23 0.560156 0.405078 0.339063 0.279687 0.212769
9 0.563281 0.40625 0.357812 0.278906 0.210083
6 0.563281 0.40625 0.357812 0.278906 0.110474
2 0.564063 0.406152 0.357031 0.292383 0.102661
4 0.560156 0.405078 0.339063 0.279687 0.0943604
25 0.561719 0.407715 0.346875 0.28457 0.033844
0 0.560156 0.405078 0.339063 0.279687 0.0281067
10 0.563281 0.40625 0.357812 0.278906 0.0140076
5 0.563672 0.401563 0.351562 0.275 0.00712204
18 0.563281 0.40625 0.357812 0.278906 0.00468063
24 0.563281 0.40625 0.357812 0.278906 0.00367928
16 0.563281 0.40625 0.357812 0.278906 0.00337601
7 0.563281 0.40625 0.357812 0.278906 0.00319672
12 0.530469 0.646484 0.642188 0.652344 0.00247192
15 0.565234 0.398828 0.350781 0.2875 0.00216484
20 0.563672 0.401563 0.351562 0.275 0.00216484
17 0.55625 0.404687 0.334375 0.284375 0.00186729
3 0.563281 0.410938 0.367188 0.29375 0.00183868
11 0.565234 0.398828 0.350781 0.2875 0.0018177
8 0.561719 0.397559 0.3375 0.25957 0.00126457
13 0.191797 0.476172 0.383594 0.832031 0.00110722
14 0.553906 0.408203 0.345313 0.278906 0.290283
2 0.554297 0.406641 0.344531 0.278906 0.117554
23 0.553906 0.408203 0.345313 0.278906 0.0917358
4 0.560156 0.408594 0.353125 0.278906 0.0687866
6 0.554688 0.411719 0.3375 0.269531 0.0501404
9 0.554688 0.411719 0.3375 0.269531 0.0450134
0 0.560938 0.407813 0.351562 0.277344 0.0115051
25 0.553906 0.408203 0.345313 0.278906 0.00933838
16 0.565625 0.412598 0.345313 0.266992 0.005867
10 0.554688 0.411719 0.3375 0.269531 0.00547028
7 0.560938 0.407813 0.351562 0.277344 0.00411606
18 0.565625 0.412598 0.345313 0.266992 0.00293541
1 0.560938 0.408594 0.359375 0.276563 0.00250244
11 0.564844 0.40625 0.351562 0.278125 0.0019722
5 0.558594 0.409766 0.353125 0.273438 0.00191212
3 0.560938 0.407813 0.351562 0.277344 0.00167465
15 0.565625 0.412598 0.345313 0.266992 0.00156116
8 0.561328 0.404297 0.358594 0.270313 0.00145531
24 0.565625 0.412598 0.345313 0.266992 0.00111198
23 0.560156 0.412891 0.348438 0.274219 0.313965
14 0.560156 0.412891 0.348438 0.274219 0.313232
2 0.563281 0.4125 0.354688 0.278906 0.108948
4 0.560156 0.412891 0.348438 0.274219 0.0512695
9 0.563281 0.411816 0.354688 0.266992 0.0273743
25 0.560156 0.412891 0.348438 0.274219 0.0182648
6 0.563281 0.411816 0.354688 0.266992 0.0180206
0 0.563281 0.4125 0.354688 0.278906 0.00494385
10 0.560156 0.412891 0.348438 0.274219 0.00488663
7 0.563281 0.4125 0.354688 0.278906 0.00318527
5 0.563281 0.411816 0.354688 0.266992 0.00228691
16 0.566016 0.415723 0.358594 0.276367 0.00216484
18 0.563281 0.4125 0.354688 0.278906 0.00189686
8 0.545313 0.405371 0.317188 0.24707 0.00135612
3 0.545313 0.405371 0.317188 0.24707 0.00113773
23 0.565234 0.403125 0.332031 0.275 0.507812
14 0.566406 0.406641 0.3375 0.275781 0.373779
25 0.565625 0.406348 0.3375 0.274805 0.254639
2 0.566406 0.406641 0.3375 0.275781 0.252441
9 0.564063 0.403125 0.335938 0.278906 0.0219421
4 0.564063 0.403125 0.335938 0.278906 0.0212402
12 0.565625 0.406348 0.3375 0.274805 0.0104523
6 0.5625 0.402734 0.340625 0.275781 0.0100937
16 0.564063 0.403906 0.35 0.273438 0.0053215
10 0.564063 0.403906 0.35 0.273438 0.00462723
0 0.5625 0.402734 0.340625 0.275781 0.00305176
1 0.567187 0.40166 0.346875 0.27793 0.00274658
18 0.561719 0.402246 0.34375 0.27832 0.00237846
5 0.5625 0.402734 0.340625 0.275781 0.00234222
17 0.563281 0.403906 0.334375 0.278125 0.0019722
7 0.542969 0.354492 0.266406 0.163672 0.00127888
13 0.5625 0.402734 0.340625 0.275781 0.00123501
23 0.558984 0.407813 0.347656 0.270313 0.794434
14 0.554297 0.411035 0.340625 0.266992 0.695801
2 0.558203 0.411621 0.344531 0.267383 0.196777
4 0.554297 0.411035 0.340625 0.266992 0.153076
25 0.554297 0.411035 0.340625 0.266992 0.102661
9 0.55625 0.409766 0.34375 0.272656 0.0891113
0 0.558984 0.407813 0.347656 0.270313 0.0207977
6 0.55625 0.414941 0.342187 0.257617 0.00658798
5 0.55625 0.414941 0.342187 0.257617 0.00634003
10 0.558203 0.411621 0.344531 0.267383 0.0041008
17 0.560938 0.407813 0.357812 0.284375 0.00342941
12 0.55625 0.409766 0.34375 0.272656 0.00194168
8 0.561719 0.404297 0.346875 0.264844 0.00192642
3 0.560938 0.407813 0.357812 0.284375 0.00166798
1 0.55625 0.410059 0.340625 0.254883 0.00123024
14 0.555469 0.400781 0.351562 0.258594 0.629883
2 0.557813 0.399316 0.358594 0.268555 0.555664
23 0.555469 0.400781 0.351562 0.258594 0.295898
13 0.187695 0.503125 0.375391 0.848437 0.0501404
12 0.187695 0.503125 0.375391 0.848437 0.0239563
25 0.558594 0.406152 0.351562 0.268945 0.0141144
4 0.560547 0.407031 0.366406 0.276563 0.00769424
6 0.560547 0.407031 0.366406 0.276563 0.00641251
7 0.560938 0.408594 0.346875 0.275 0.00609589
12 0.14707 0.463672 0.294141 0.710156 0.00564194
12 0.12168 0.435156 0.243359 0.286719 0.00542831
12 0.776172 0.465723 0.447656 0.724805 0.00498199
9 0.557813 0.399316 0.358594 0.268555 0.00486755
13 0.12168 0.435156 0.243359 0.286719 0.00479126
10 0.558594 0.406152 0.351562 0.268945 0.00446701
13 0.776172 0.465723 0.447656 0.724805 0.00379562
13 0.14707 0.463672 0.294141 0.710156 0.00356483
0 0.560938 0.408594 0.346875 0.275 0.00225258
12 0.285156 0.31543 0.570312 0.630859 0.00223351
12 0.164355 0.307422 0.328711 0.479688 0.00198746
16 0.562891 0.405859 0.352344 0.285156 0.00192642
12 0.258203 0.292969 0.516406 0.585938 0.00156116
18 0.560938 0.408594 0.346875 0.275 0.00152493
12 0.344336 0.408594 0.688672 0.817187 0.00123978
14 0.565625 0.406641 0.346875 0.277344 0.938477
2 0.565625 0.406641 0.346875 0.277344 0.666504
23 0.563672 0.406934 0.347656 0.27207 0.541016
25 0.565625 0.406641 0.346875 0.277344 0.0322266
4 0.558984 0.410156 0.346094 0.259375 0.0133286
9 0.560938 0.405566 0.345313 0.270117 0.0125275
6 0.558984 0.410156 0.346094 0.259375 0.00403976
10 0.560156 0.408594 0.34375 0.271875 0.00319672
5 0.558984 0.410156 0.346094 0.259375 0.00300407
17 0.563672 0.409277 0.353125 0.28457 0.00234985
0 0.563672 0.409277 0.353125 0.28457 0.00151253
21 0.558984 0.408594 0.357031 0.2875 0.00113392
1 0.566016 0.406348 0.347656 0.263867 0.00106049
14 0.554785 0.398047 0.363867 0.275 0.642578
23 0.554785 0.398047 0.363867 0.275 0.604004
2 0.554785 0.398047 0.363867 0.275 0.449463
9 0.555078 0.397559 0.367188 0.275195 0.0675659
4 0.555469 0.402246 0.367969 0.275195 0.0520325
25 0.555469 0.402246 0.367969 0.275195 0.0477905
5 0.555469 0.402246 0.367969 0.275195 0.00538635
6 0.555469 0.402246 0.367969 0.275195 0.00413513
0 0.548438 0.405078 0.350781 0.275781 0.00353813
1 0.555078 0.396094 0.373437 0.289062 0.00187492
10 0.558984 0.406348 0.353906 0.287305 0.00174141
17 0.555469 0.400781 0.354688 0.266406 0.00146675
14 0.557031 0.418359 0.353125 0.321094 0.977051
23 0.557031 0.418359 0.353125 0.321094 0.584961
4 0.557031 0.418359 0.353125 0.321094 0.319092
2 0.552246 0.408691 0.35957 0.28418 0.0927124
25 0.558984 0.409766 0.358594 0.303125 0.0358276
9 0.55625 0.417578 0.3625 0.320312 0.0235138
1 0.554297 0.408496 0.360156 0.29707 0.00518036
5 0.558984 0.409766 0.358594 0.303125 0.00359344
6 0.552246 0.408691 0.35957 0.28418 0.00286674
10 0.55 0.417578 0.353906 0.314844 0.00226974
13 0.228516 0.507031 0.457031 0.873438 0.00171375
7 0.546875 0.353125 0.285938 0.165625 0.00156116
12 0.228516 0.507031 0.457031 0.873438 0.00156116
17 0.55625 0.411328 0.348438 0.304688 0.00102425
14 0.554688 0.404687 0.342187 0.271094 0.747559
23 0.55625 0.403516 0.348438 0.273438 0.307373
2 0.558594 0.407031 0.35 0.26875 0.282227
25 0.554688 0.404687 0.342187 0.271094 0.03125
4 0.554688 0.404687 0.342187 0.271094 0.00636292
6 0.555469 0.39834 0.345313 0.267383 0.00526047
10 0.557813 0.398828 0.345313 0.266406 0.00382423
7 0.559766 0.40625 0.350781 0.271875 0.00265312
17 0.550781 0.399609 0.34375 0.290625 0.00208282
1 0.55625 0.402441 0.345313 0.262305 0.00189686
0 0.555469 0.39834 0.345313 0.267383 0.00179577
9 0.559375 0.405859 0.35625 0.285156 0.00152493
23 0.561719 0.408594 0.344531 0.283594 0.956055
14 0.560938 0.409766 0.350781 0.289844 0.459961
25 0.560938 0.408984 0.342187 0.28125 0.413086
2 0.559375 0.412402 0.34375 0.28457 0.136597
4 0.560547 0.409766 0.338281 0.280469 0.10968
0 0.552734 0.405078 0.332031 0.264844 0.0201721
1 0.553125 0.403906 0.3375 0.288281 0.0165253
10 0.558984 0.412109 0.333594 0.285156 0.0157166
9 0.560547 0.409766 0.338281 0.280469 0.00734711
18 0.558203 0.412109 0.338281 0.285938 0.00502014
6 0.562891 0.416406 0.346094 0.279687 0.00460815
8 0.553125 0.409375 0.342187 0.28125 0.00416565
12 0.559375 0.412402 0.34375 0.28457 0.00400543
15 0.552734 0.405078 0.332031 0.264844 0.00182438
17 0.553906 0.402441 0.329688 0.287305 0.00135612
16 0.562891 0.416406 0.346094 0.279687 0.0012846
23 0.554688 0.405566 0.342187 0.281055 0.882324
14 0.554688 0.405566 0.342187 0.281055 0.554688
2 0.550781 0.403223 0.334375 0.270117 0.457031
25 0.554688 0.405566 0.342187 0.281055 0.0467224
9 0.549219 0.405859 0.335938 0.273438 0.0182648
4 0.557422 0.400781 0.346094 0.273438 0.0113754
6 0.551953 0.405566 0.354688 0.276367 0.0088501
10 0.553906 0.405078 0.3375 0.271875 0.00677109
7 0.542578 0.407129 0.3625 0.266992 0.00526047
0 0.557422 0.400781 0.346094 0.273438 0.00322342
18 0.542578 0.405469 0.365625 0.288281 0.00219917
16 0.542578 0.405469 0.365625 0.288281 0.00174141
5 0.557422 0.400781 0.346094 0.273438 0.00130463
23 0.560547 0.404297 0.336719 0.286719 0.644043
14 0.560156 0.403516 0.345313 0.265625 0.556641
25 0.560547 0.404297 0.336719 0.286719 0.136108
4 0.558984 0.409766 0.334375 0.285156 0.0477905
2 0.560156 0.403516 0.345313 0.265625 0.0139008
0 0.558984 0.409766 0.334375 0.285156 0.00600433
1 0.559375 0.403516 0.342187 0.265625 0.00362206
10 0.559375 0.41084 0.340625 0.286133 0.00324821
6 0.559375 0.407031 0.346875 0.267188 0.00286674
8 0.560547 0.404297 0.336719 0.286719 0.00237846
9 0.558984 0.409766 0.334375 0.285156 0.00214958
17 0.559766 0.407715 0.338281 0.279883 0.00162888
5 0.559375 0.403516 0.342187 0.265625 0.00127888
23 0.553125 0.406641 0.326562 0.274219 0.903809
14 0.551953 0.415723 0.322656 0.274805 0.673828
25 0.554688 0.412598 0.334375 0.27168 0.181885
2 0.550781 0.417578 0.33125 0.269531 0.104492
4 0.556641 0.414941 0.332031 0.27793 0.0372009
9 0.553125 0.406641 0.326562 0.274219 0.0100555
10 0.550781 0.410254 0.329688 0.270117 0.00591278
0 0.550781 0.417578 0.33125 0.269531 0.00446701
18 0.550781 0.410254 0.329688 0.270117 0.00234222
7 0.550781 0.417578 0.33125 0.269531 0.00107765
5 0.557813 0.407715 0.34375 0.286133 0.00103664
14 0.555078 0.405371 0.325781 0.273633 0.804199
23 0.549609 0.402734 0.333594 0.283594 0.57959
2 0.558594 0.406152 0.327344 0.28457 0.123352
25 0.549609 0.402734 0.333594 0.283594 0.0589905
10 0.558594 0.404297 0.334375 0.285156 0.00424957
4 0.545313 0.411035 0.326562 0.27168 0.00182438
1 0.560156 0.404297 0.334375 0.285156 0.00116062
7 0.545313 0.411035 0.326562 0.27168 0.00106525
2 0.547266 0.413281 0.342969 0.282813 0.57666
23 0.550781 0.413281 0.345313 0.285938 0.501953
14 0.547266 0.413281 0.342969 0.282813 0.478516
25 0.552734 0.404785 0.341406 0.274805 0.00748825
7 0.550781 0.413281 0.345313 0.285938 0.00720596
6 0.554688 0.414062 0.348438 0.284375 0.00638962
4 0.557031 0.408203 0.346875 0.282031 0.00188255
10 0.546875 0.407129 0.345313 0.282617 0.0016613
9 0.557031 0.408203 0.346875 0.282031 0.00102043
14 0.544531 0.415527 0.335938 0.281445 0.916504
2 0.549609 0.413672 0.336719 0.260156 0.228149
23 0.545313 0.413965 0.3375 0.276758 0.211426
25 0.548438 0.410059 0.325 0.250195 0.0116425
4 0.545313 0.415527 0.334375 0.27832 0.00564194
6 0.549219 0.415625 0.332813 0.247656 0.00218201
0 0.54375 0.421094 0.326562 0.264062 0.00161648
1 0.554688 0.415625 0.342187 0.264844 0.00134563
10 0.554688 0.415625 0.342187 0.264844 0.00129986
7 0.544922 0.417188 0.332031 0.276563 0.00104809
9 0.546484 0.415625 0.328125 0.274219 0.00101662
14 0.55625 0.416016 0.349219 0.28125 0.720215
23 0.554688 0.410547 0.345313 0.279687 0.24585
2 0.550781 0.414844 0.340625 0.284375 0.178955
25 0.55625 0.416016 0.349219 0.28125 0.0137405
4 0.558203 0.407031 0.342969 0.276563 0.00547028
6 0.563672 0.413379 0.346094 0.270117 0.00488663
0 0.561328 0.411719 0.344531 0.277344 0.00202751
1 0.558203 0.407031 0.342969 0.276563 0.00154305
10 0.561328 0.411719 0.344531 0.277344 0.00105667
23 0.558984 0.417969 0.349219 0.279687 0.756348
14 0.558594 0.412109 0.345313 0.292969 0.680664
4 0.560938 0.410547 0.349219 0.288281 0.0240936
25 0.558984 0.417969 0.349219 0.279687 0.0217743
2 0.557813 0.417578 0.342187 0.285938 0.019989
0 0.559375 0.411719 0.346875 0.285938 0.0088501
10 0.557813 0.417578 0.342187 0.285938 0.00828552
8 0.560938 0.410547 0.349219 0.288281 0.00312424
6 0.557813 0.415234 0.360938 0.302344 0.0018177
9 0.557813 0.417578 0.342187 0.285938 0.0016489
17 0.560938 0.415527 0.345313 0.283008 0.00145531
1 0.563281 0.413672 0.353125 0.292969 0.00144958
14 0.549609 0.411816 0.328906 0.279492 0.865234
23 0.546094 0.412109 0.326562 0.270313 0.348633
25 0.546094 0.412109 0.326562 0.270313 0.0285492
0 0.549219 0.414941 0.323438 0.26543 0.0145035
2 0.549219 0.412109 0.332813 0.275781 0.0144501
4 0.550781 0.412402 0.329688 0.270508 0.00978088
10 0.549219 0.414941 0.323438 0.26543 0.00413513
6 0.549219 0.413379 0.325 0.27168 0.00213242
8 0.549219 0.414941 0.323438 0.26543 0.00142097
3 0.549219 0.414941 0.323438 0.26543 0.00130463
9 0.548828 0.412109 0.328125 0.272656 0.00127411
14 0.55 0.412598 0.339063 0.288867 0.96875
2 0.553125 0.411328 0.333594 0.2875 0.250244
23 0.553125 0.412891 0.3375 0.303906 0.112427
25 0.553516 0.414746 0.326562 0.28457 0.0136871
4 0.552344 0.413379 0.33125 0.295117 0.00122547
1 0.553906 0.416016 0.341406 0.315625 0.00106049
14 0.564063 0.414844 0.342187 0.275 0.982422
2 0.564453 0.416016 0.345313 0.276563 0.133911
23 0.564063 0.414844 0.342187 0.275 0.0441895
25 0.563672 0.407031 0.342969 0.270313 0.0167236
4 0.559375 0.415625 0.341406 0.278125 0.00265312
10 0.559375 0.407813 0.348438 0.271094 0.0011425
14 0.554688 0.410938 0.358594 0.303125 0.991211
23 0.554688 0.410938 0.358594 0.303125 0.0875854
2 0.560156 0.414062 0.35 0.298438 0.0844727
25 0.55625 0.411719 0.35625 0.304688 0.00557709
4 0.560156 0.408984 0.357812 0.307813 0.00113392
14 0.560547 0.407031 0.371094 0.29375 0.938477
2 0.563672 0.421875 0.366406 0.290625 0.342529
23 0.562109 0.419922 0.369531 0.288281 0.101929
25 0.563672 0.410254 0.360156 0.282617 0.00701141
4 0.563281 0.4125 0.370313 0.292188 0.00162888
14 0.55625 0.417578 0.353125 0.272656 0.972168
2 0.555469 0.417969 0.354688 0.266406 0.283691
23 0.55625 0.417578 0.353125 0.272656 0.191895
25 0.555469 0.417969 0.354688 0.266406 0.00828552
4 0.553906 0.416406 0.351562 0.267188 0.00428009
0 0.557813 0.410938 0.340625 0.253906 0.00309944
6 0.557813 0.410938 0.340625 0.253906 0.00275803
9 0.553906 0.416406 0.351562 0.267188 0.00235939
7 0.557813 0.410938 0.340625 0.253906 0.0016489
14 0.562891 0.415527 0.359375 0.298633 0.947266
23 0.562891 0.415527 0.359375 0.298633 0.231567
2 0.563281 0.412402 0.358594 0.286133 0.0088501
4 0.560938 0.418359 0.3625 0.305469 0.0068512
25 0.563281 0.412402 0.358594 0.286133 0.00186729
14 0.557031 0.411328 0.345313 0.267969 0.958984
23 0.555469 0.419922 0.3375 0.264844 0.154053
2 0.559766 0.410156 0.329688 0.253125 0.112427
4 0.554688 0.413379 0.345313 0.274805 0.00746155
25 0.559766 0.410156 0.329688 0.253125 0.00309944
14 0.557422 0.407031 0.346094 0.292188 0.95752
23 0.551562 0.410547 0.342187 0.289844 0.258301
2 0.555469 0.406152 0.334375 0.275195 0.0129242
25 0.555469 0.406152 0.334375 0.275195 0.00908661
4 0.553125 0.4125 0.342187 0.296875 0.00695801
0 0.553906 0.411328 0.3375 0.278906 0.00309944
14 0.559375 0.404785 0.35 0.266992 0.898926
23 0.559375 0.404785 0.35 0.266992 0.0809326
2 0.556641 0.406348 0.326562 0.260742 0.033844
25 0.556641 0.401465 0.330469 0.256445 0.00933838
4 0.558594 0.406934 0.346875 0.270508 0.00658798
17 0.556641 0.406348 0.326562 0.260742 0.00356483
0 0.556641 0.406348 0.326562 0.260742 0.0012598
10 0.556641 0.406348 0.326562 0.260742 0.00104046
14 0.550781 0.40459 0.34375 0.279883 0.92627
23 0.553906 0.407715 0.326562 0.26582 0.121277
25 0.554688 0.401172 0.326562 0.271875 0.0176392
2 0.553516 0.408203 0.324219 0.266406 0.00551224
0 0.553516 0.408203 0.324219 0.266406 0.00503922
4 0.553906 0.407715 0.326562 0.26582 0.00219917
8 0.55 0.409277 0.335938 0.27207 0.00219154
17 0.547266 0.410156 0.333594 0.278125 0.00168133
21 0.547266 0.410156 0.333594 0.278125 0.00109482
14 0.55625 0.401953 0.353125 0.283594 0.978027
23 0.555469 0.403223 0.351562 0.27793 0.178345
2 0.560938 0.403906 0.339063 0.279687 0.00746155
0 0.560156 0.40625 0.3375 0.267188 0.0037365
4 0.558594 0.403906 0.346875 0.273438 0.00269318
25 0.560938 0.403906 0.339063 0.279687 0.00219154
14 0.555469 0.395215 0.35 0.27207 0.941406
23 0.559375 0.398828 0.353125 0.271875 0.377441
25 0.555469 0.4 0.348438 0.270313 0.00963593
2 0.555469 0.397559 0.341406 0.264258 0.00709534
0 0.555469 0.399609 0.3375 0.264844 0.00397491
16 0.767578 0.138281 0.391406 0.276563 0.00342941
10 0.554297 0.401953 0.35 0.278125 0.00234985
3 0.551562 0.399609 0.351562 0.279687 0.0019722
17 0.551562 0.399609 0.351562 0.279687 0.00195694
4 0.558594 0.39834 0.34375 0.267383 0.00169373
8 0.555469 0.4 0.348438 0.270313 0.00123024
7 0.551562 0.399609 0.351562 0.279687 0.00104046
14 0.552344 0.392969 0.348438 0.261719 0.924316
23 0.555859 0.389941 0.357031 0.268555 0.105591
2 0.559375 0.391406 0.3375 0.25625 0.0596619
25 0.550781 0.395313 0.351562 0.278125 0.00426483
4 0.557422 0.391406 0.353906 0.2625 0.00213242
7 0.550781 0.395313 0.351562 0.278125 0.00158501
0 0.555469 0.398047 0.357812 0.277344 0.00122547
14 0.553125 0.396484 0.345313 0.259375 0.908203
23 0.555469 0.391309 0.348438 0.275195 0.0562439
2 0.555469 0.396094 0.334375 0.25625 0.0130234
4 0.55625 0.393848 0.340625 0.263867 0.00341606
25 0.554688 0.396191 0.3375 0.262305 0.00252151
14 0.552344 0.395703 0.321875 0.247656 0.801758
2 0.55 0.394531 0.315625 0.245312 0.228882
23 0.551562 0.394531 0.321875 0.245312 0.083313
25 0.551562 0.394531 0.321875 0.245312 0.00314713
7 0.553125 0.388672 0.3125 0.241406 0.00216484
4 0.560156 0.392871 0.329688 0.245508 0.00160408
14 0.549219 0.38916 0.332813 0.257617 0.715332
23 0.553125 0.391406 0.33125 0.251563 0.37207
2 0.549219 0.391406 0.33125 0.254688 0.0211639
25 0.546484 0.393652 0.328125 0.242383 0.00255013
4 0.546094 0.392969 0.323438 0.248438 0.00108147
14 0.551562 0.397656 0.348438 0.264062 0.936523
23 0.557813 0.400098 0.348438 0.26543 0.0248871
2 0.554688 0.396094 0.346875 0.259375 0.0177155
25 0.555469 0.399609 0.346875 0.264844 0.00380898
14 0.559375 0.39834 0.346875 0.27207 0.855957
23 0.5625 0.403516 0.3375 0.2625 0.163452
2 0.561719 0.400391 0.335938 0.257031 0.0739746
25 0.561719 0.400391 0.335938 0.257031 0.00429916
4 0.560938 0.401465 0.346875 0.262695 0.00356483
7 0.557813 0.39541 0.346875 0.26543 0.00139427
10 0.559766 0.39834 0.347656 0.268945 0.0011692
14 0.554688 0.397266 0.339063 0.252344 0.95752
2 0.558594 0.396094 0.332813 0.246094 0.101257
23 0.559375 0.397656 0.3375 0.245312 0.0215302
25 0.559375 0.397656 0.3375 0.245312 0.00186729
14 0.550391 0.393848 0.328906 0.260742 0.90918
23 0.549219 0.393848 0.321875 0.245117 0.0472412
2 0.549219 0.394531 0.329688 0.257812 0.00978088
25 0.550781 0.393652 0.323438 0.254883 0.0068512
14 0.552344 0.396094 0.3375 0.24375 0.947754
23 0.55625 0.395703 0.340625 0.257031 0.0673218
2 0.553125 0.396191 0.342187 0.256055 0.00978088
25 0.555859 0.396777 0.335156 0.242383 0.00486755
4 0.555859 0.396777 0.335156 0.242383 0.00148964
14 0.55 0.392578 0.334375 0.263281 0.922363
23 0.548828 0.398047 0.332813 0.246094 0.0939941
2 0.547656 0.393066 0.335938 0.25918 0.00800323
25 0.548828 0.398047 0.332813 0.246094 0.00257111
0 0.548438 0.39834 0.33125 0.242383 0.00175476
4 0.548828 0.398047 0.332813 0.246094 0.00116062
14 0.557031 0.401563 0.33125 0.242969 0.866211
2 0.558594 0.401953 0.328125 0.236719 0.0440063
23 0.560156 0.400781 0.332813 0.235938 0.0334778
25 0.560156 0.400781 0.332813 0.235938 0.00317192
4 0.560156 0.4 0.334375 0.24375 0.00109005
14 0.55 0.400879 0.324219 0.238867 0.952148
2 0.551562 0.400684 0.323438 0.24082 0.0239563
23 0.551172 0.399121 0.324219 0.236133 0.0145569
25 0.551172 0.399121 0.324219 0.236133 0.00246239
14 0.55 0.404297 0.320312 0.239844 0.78418
23 0.552344 0.403027 0.320312 0.239258 0.0723877
2 0.552344 0.403027 0.320312 0.239258 0.0165863
25 0.553906 0.403516 0.325 0.246875 0.00288963
14 0.551953 0.403906 0.342969 0.251563 0.90918
23 0.557813 0.404785 0.339063 0.248242 0.0232391
2 0.557813 0.404785 0.339063 0.248242 0.0136337
25 0.557813 0.404785 0.339063 0.248242 0.00216484
14 0.549609 0.395996 0.320312 0.23457 0.853027
2 0.552344 0.396094 0.31875 0.229687 0.0526123
23 0.551562 0.396777 0.31875 0.23457 0.0470886
25 0.551562 0.396777 0.31875 0.23457 0.00538635
14 0.551562 0.403516 0.315625 0.242188 0.895508
23 0.551953 0.401172 0.313281 0.236719 0.024231
2 0.551562 0.401563 0.3125 0.2375 0.0131226
25 0.551953 0.401172 0.313281 0.236719 0.00312424
14 0.55625 0.403516 0.321875 0.266406 0.801758
23 0.557031 0.404297 0.31875 0.252344 0.0299835
2 0.558594 0.405566 0.31875 0.248242 0.0148392
25 0.557031 0.404297 0.31875 0.252344 0.00293541
4 0.557813 0.40459 0.328125 0.256445 0.00186062
14 0.556641 0.407031 0.322656 0.25625 0.850098
23 0.558594 0.407715 0.323438 0.258008 0.0128708
25 0.558594 0.407715 0.323438 0.258008 0.00353813
2 0.558594 0.40625 0.323438 0.253125 0.00300407
14 0.558594 0.402734 0.317188 0.25 0.89502
2 0.563281 0.403906 0.314844 0.24375 0.0106964
23 0.5625 0.403906 0.315625 0.244531 0.00974274
25 0.5625 0.403906 0.315625 0.244531 0.00231361
14 0.555859 0.402441 0.314844 0.241992 0.835449
23 0.55625 0.400098 0.317188 0.238867 0.0181274
2 0.557031 0.401172 0.317188 0.239844 0.0109863
25 0.55625 0.400098 0.317188 0.238867 0.00307465
14 0.555078 0.401172 0.313281 0.233594 0.850098
23 0.555859 0.400684 0.314844 0.233008 0.0216217
2 0.555859 0.400684 0.314844 0.233008 0.0112457
25 0.555859 0.400684 0.314844 0.233008 0.00359344
14 0.552344 0.402246 0.323438 0.239258 0.838867
23 0.555859 0.404687 0.319531 0.234375 0.0105667
2 0.555859 0.404687 0.319531 0.234375 0.00898743
25 0.555859 0.404687 0.319531 0.234375 0.00232315
14 0.55 0.405469 0.317188 0.25 0.854004
23 0.55 0.407031 0.3125 0.24375 0.0213623
2 0.55 0.407031 0.3125 0.24375 0.00748825
25 0.55 0.407031 0.3125 0.24375 0.00171375
14 0.548438 0.401953 0.326562 0.260156 0.89502
23 0.549219 0.404687 0.321875 0.251563 0.0157776
2 0.549219 0.402246 0.326562 0.25332 0.00324821
25 0.549219 0.404687 0.321875 0.251563 0.0019722
14 0.557813 0.401563 0.334375 0.254688 0.884277
23 0.55625 0.403125 0.328125 0.250781 0.0180511
2 0.555469 0.399121 0.332813 0.262695 0.00212479
25 0.55625 0.403125 0.328125 0.250781 0.00188255
14 0.561719 0.39834 0.338281 0.251758 0.85498
23 0.560156 0.40166 0.33125 0.24668 0.035553
2 0.560156 0.402734 0.327344 0.24375 0.00793457
25 0.560156 0.40166 0.33125 0.24668 0.00189686
14 0.557031 0.397559 0.335938 0.243945 0.800781
23 0.55625 0.400781 0.328125 0.235938 0.0618896
2 0.55625 0.400781 0.328125 0.235938 0.0120544
25 0.55625 0.400781 0.328125 0.235938 0.0016613
14 0.559375 0.397754 0.329688 0.245117 0.845703
23 0.557031 0.400879 0.321875 0.237305 0.0568542
2 0.557813 0.401563 0.321094 0.2375 0.0149002
25 0.557031 0.400879 0.321875 0.237305 0.00191879
14 0.55625 0.404004 0.325 0.241992 0.850098
23 0.557031 0.403125 0.329688 0.24375 0.0233307
2 0.559766 0.401953 0.335156 0.246094 0.00400543
25 0.557031 0.403125 0.329688 0.24375 0.00148392
14 0.55625 0.400684 0.328125 0.251758 0.848145
23 0.55625 0.403125 0.325 0.244531 0.0130234
2 0.555859 0.402246 0.325 0.250195 0.00276756
25 0.55625 0.401953 0.326562 0.245312 0.00126457
14 0.557031 0.402246 0.329688 0.250195 0.86084
23 0.555469 0.404297 0.324219 0.242188 0.0297546
2 0.557031 0.403125 0.328125 0.246875 0.00327301
25 0.55625 0.403125 0.325 0.241406 0.00165462
14 0.555078 0.404687 0.317969 0.239063 0.829102
23 0.555078 0.402734 0.321094 0.236719 0.0411377
2 0.557813 0.401172 0.326562 0.240625 0.00518036
25 0.555078 0.402734 0.321094 0.236719 0.00134087
14 0.555078 0.401465 0.330469 0.251758 0.85791
23 0.554688 0.403516 0.325 0.244531 0.016098
2 0.555859 0.403027 0.332031 0.250195 0.00176144
14 0.55625 0.402441 0.332813 0.251367 0.868164
23 0.555469 0.403516 0.325 0.242969 0.0218658
2 0.557031 0.402441 0.329688 0.248242 0.00340271
14 0.557031 0.402246 0.33125 0.25332 0.890137
23 0.556641 0.404297 0.328125 0.248438 0.00937653
2 0.557031 0.403906 0.329688 0.247656 0.00264168
25 0.557031 0.403906 0.329688 0.247656 0.00100803
14 0.557031 0.401953 0.335938 0.255469 0.878906
23 0.55625 0.40459 0.328125 0.243945 0.00828552
2 0.557813 0.403125 0.332813 0.251563 0.00313568
14 0.555859 0.403906 0.322656 0.240625 0.85498
23 0.55625 0.402734 0.325 0.241406 0.0086441
2 0.557031 0.401953 0.328125 0.249219 0.0042305
14 0.557813 0.401953 0.334375 0.255469 0.873047
23 0.557031 0.403125 0.326562 0.245312 0.0118256
2 0.557813 0.402734 0.332813 0.252344 0.00369263
14 0.558203 0.40166 0.336719 0.257617 0.865234
23 0.557031 0.403906 0.329688 0.245312 0.0102081
2 0.557813 0.403516 0.332813 0.252344 0.00353813
14 0.556641 0.40166 0.330469 0.24668 0.855957
23 0.55625 0.403223 0.326562 0.241992 0.012146
2 0.557813 0.401563 0.33125 0.248438 0.00428009
14 0.557813 0.40166 0.335938 0.25293 0.866211
23 0.557031 0.403516 0.33125 0.246094 0.00948334
2 0.559375 0.403125 0.335938 0.253125 0.00298119
14 0.557813 0.400781 0.332813 0.253906 0.85498
23 0.558984 0.403125 0.333594 0.254688 0.0134811
2 0.558984 0.403125 0.333594 0.254688 0.00265312
14 0.557813 0.400781 0.335156 0.257812 0.841797
23 0.558594 0.402734 0.332031 0.253125 0.0172424
2 0.558594 0.402734 0.332031 0.253125 0.00226021
14 0.555469 0.405078 0.325 0.242969 0.853027
23 0.558594 0.403125 0.33125 0.252344 0.0150757
2 0.558594 0.403125 0.33125 0.252344 0.00254059
14 0.555469 0.404297 0.325 0.241406 0.850098
23 0.55625 0.403125 0.327344 0.242969 0.0144501
2 0.558594 0.402441 0.33125 0.249805 0.00302696
14 0.555078 0.403809 0.324219 0.242383 0.851074
23 0.55625 0.403516 0.326562 0.24375 0.014389
2 0.557813 0.402246 0.329688 0.250195 0.00348282
14 0.554688 0.404297 0.324219 0.242969 0.852051
23 0.555469 0.403809 0.326562 0.243945 0.0133743
2 0.557813 0.402734 0.33125 0.251563 0.00288963
14 0.555469 0.404687 0.326562 0.245312 0.858887
23 0.555469 0.404004 0.328125 0.24668 0.0142822
2 0.558594 0.403027 0.332813 0.25332 0.00229645
14 0.555469 0.404297 0.325 0.242969 0.856934
23 0.555469 0.403125 0.326562 0.24375 0.0156021
2 0.557813 0.402344 0.33125 0.250781 0.00247192
14 0.555469 0.403516 0.326562 0.244531 0.863281
23 0.555469 0.402734 0.327344 0.244531 0.0136337
2 0.557813 0.402441 0.332813 0.251367 0.00260162
14 0.555078 0.403516 0.325781 0.24375 0.862305
23 0.555469 0.402344 0.326562 0.24375 0.0141144
2 0.557813 0.401953 0.33125 0.250781 0.00253105
14 0.555469 0.403906 0.325 0.242969 0.866211
23 0.555469 0.402441 0.326562 0.243555 0.0143356
2 0.557422 0.401953 0.330469 0.25 0.00284576
14 0.555078 0.403516 0.324219 0.242188 0.868164
23 0.555859 0.402344 0.325781 0.242188 0.0150146
2 0.557031 0.401465 0.329688 0.248633 0.00304031
14 0.555469 0.403516 0.325 0.242188 0.866211
23 0.55625 0.402246 0.326562 0.242383 0.0154877
2 0.557813 0.401465 0.329688 0.248633 0.00309944
14 0.555469 0.403223 0.325 0.241992 0.869629
23 0.555859 0.401953 0.325781 0.242188 0.0158386
2 0.557422 0.401563 0.330469 0.248438 0.00298119
14 0.555469 0.403125 0.325 0.242188 0.868652
23 0.55625 0.401953 0.326562 0.242969 0.0137939
2 0.557813 0.401563 0.33125 0.249219 0.0026722
14 0.555078 0.403516 0.325781 0.24375 0.862305
23 0.555469 0.402344 0.326562 0.24375 0.014061
2 0.557813 0.401953 0.33125 0.250781 0.00253105
