17 0.475098 0.442969 0.793555 0.885938 0.95459
22 0.475098 0.442969 0.793555 0.885938 0.95459
22 0.54375 0.528125 0.815625 0.93125 0.899902
17 0.54375 0.528125 0.815625 0.93125 0.876465
17 0.491406 0.605469 0.825 0.789062 0.792969
17 0.616406 0.63125 0.767188 0.7375 0.791992
22 0.491406 0.605469 0.825 0.789062 0.747559
22 0.616406 0.63125 0.767188 0.7375 0.72168
17 0.51084 0.369531 0.76582 0.739062 0.695801
22 0.51084 0.369531 0.76582 0.739062 0.662109
20 0.475098 0.442969 0.793555 0.885938 0.618652
17 0.397656 0.53125 0.795313 0.934375 0.527344
17 0.427734 0.660352 0.811719 0.679297 0.492188
22 0.427734 0.660352 0.811719 0.679297 0.42627
14 0.475098 0.442969 0.793555 0.885938 0.391357
20 0.54375 0.528125 0.815625 0.93125 0.375732
22 0.397656 0.53125 0.795313 0.934375 0.350342
17 0.516016 0.385742 0.596094 0.771484 0.336426
20 0.435156 0.557031 0.801562 0.885938 0.329346
3 0.475098 0.442969 0.793555 0.885938 0.303223
22 0.516016 0.385742 0.596094 0.771484 0.284668
22 0.545215 0.501953 0.561133 0.864844 0.265869
17 0.545215 0.501953 0.561133 0.864844 0.253906
22 0.635938 0.563672 0.728125 0.872656 0.250244
20 0.616406 0.63125 0.767188 0.7375 0.23938
17 0.635938 0.563672 0.728125 0.872656 0.216064
17 0.661816 0.680469 0.676367 0.639063 0.215332
3 0.54375 0.528125 0.815625 0.93125 0.173828
22 0.661816 0.680469 0.676367 0.639063 0.171631
17 0.571484 0.682422 0.857031 0.635156 0.169922
14 0.54375 0.528125 0.815625 0.93125 0.166626
22 0.129492 0.405859 0.258984 0.769531 0.161377
1 0.431641 0.444531 0.785156 0.889063 0.149536
20 0.4 0.631641 0.8 0.736719 0.144653
17 0.449316 0.314453 0.632617 0.628906 0.133911
22 0.449316 0.314453 0.632617 0.628906 0.133911
14 0.491406 0.605469 0.825 0.789062 0.133423
22 0.571484 0.682422 0.857031 0.635156 0.128906
20 0.441406 0.370508 0.798438 0.741016 0.124207
20 0.503906 0.657813 0.851562 0.684375 0.123352
1 0.428906 0.632812 0.810938 0.734375 0.115967
17 0.7375 0.361523 0.525 0.723047 0.107056
17 0.396875 0.396094 0.79375 0.792188 0.106689
3 0.491406 0.605469 0.825 0.789062 0.104492
14 0.616406 0.63125 0.767188 0.7375 0.102661
3 0.616406 0.63125 0.767188 0.7375 0.101929
22 0.664453 0.444141 0.671094 0.880469 0.0903931
22 0.396875 0.396094 0.79375 0.792188 0.0891113
14 0.397656 0.53125 0.795313 0.934375 0.0891113
14 0.441406 0.370508 0.798438 0.741016 0.0866089
1 0.486719 0.55625 0.809375 0.8875 0.0844727
17 0.717969 0.389062 0.564063 0.778125 0.0838623
17 0.129492 0.405859 0.258984 0.769531 0.0838623
1 0.616406 0.63125 0.767188 0.7375 0.0800781
3 0.51084 0.369531 0.76582 0.739062 0.0745239
22 0.7375 0.361523 0.525 0.723047 0.0736694
3 0.427734 0.660352 0.811719 0.679297 0.0715942
22 0.226953 0.387109 0.453906 0.747656 0.0643921
22 0.293555 0.440625 0.587109 0.88125 0.0630493
17 0.664453 0.444141 0.671094 0.880469 0.0616455
8 0.475098 0.442969 0.793555 0.885938 0.0607605
14 0.427734 0.660352 0.811719 0.679297 0.0603027
17 0.363477 0.607031 0.726953 0.785937 0.0560303
1 0.524121 0.395313 0.787695 0.790625 0.053009
22 0.717969 0.389062 0.564063 0.778125 0.0514526
1 0.576465 0.478906 0.795508 0.926562 0.0503235
11 0.475098 0.442969 0.793555 0.885938 0.0495911
13 0.431348 0.478906 0.787305 0.920313 0.0495911
17 0.353906 0.445312 0.707812 0.890625 0.0492249
22 0.79043 0.303125 0.419141 0.592188 0.0469055
3 0.397656 0.53125 0.795313 0.934375 0.0456848
17 0.226953 0.387109 0.453906 0.747656 0.0427246
17 0.689844 0.537891 0.620313 0.924219 0.0414734
22 0.123633 0.323438 0.247266 0.646875 0.0406799
17 0.710938 0.612891 0.578125 0.774219 0.0396423
22 0.689844 0.537891 0.620313 0.924219 0.0394897
22 0.365039 0.583594 0.730078 0.832812 0.0383301
22 0.710938 0.612891 0.578125 0.774219 0.0379028
13 0.533691 0.445312 0.799805 0.890625 0.037323
22 0.199414 0.379688 0.398828 0.759375 0.0370483
13 0.592188 0.655469 0.815625 0.689063 0.0360718
8 0.435156 0.557031 0.801562 0.885938 0.0352783
17 0.79043 0.303125 0.419141 0.592188 0.0348816
22 0.218311 0.320312 0.35166 0.621875 0.0332031
17 0.261328 0.4125 0.522656 0.825 0.0332031
13 0.401172 0.657617 0.802344 0.684766 0.0330811
17 0.218311 0.320312 0.35166 0.621875 0.0324707
13 0.548438 0.555859 0.825 0.888281 0.0324707
25 0.475098 0.442969 0.793555 0.885938 0.0322266
20 0.661816 0.680469 0.676367 0.639063 0.0319824
11 0.54375 0.528125 0.815625 0.93125 0.0317383
8 0.54375 0.528125 0.815625 0.93125 0.0304413
17 0.458594 0.289844 0.814063 0.579688 0.0303345
20 0.635938 0.563672 0.728125 0.872656 0.0276947
20 0.545215 0.501953 0.561133 0.864844 0.0273743
8 0.590625 0.630859 0.817187 0.738281 0.0272675
3 0.516016 0.385742 0.596094 0.771484 0.0270691
3 0.545215 0.501953 0.561133 0.864844 0.0266571
8 0.401172 0.657617 0.802344 0.684766 0.026062
21 0.432031 0.387402 0.292188 0.451758 0.025177
10 0.431641 0.444531 0.785156 0.889063 0.0247955
17 0.116016 0.5 0.232031 0.820312 0.0247955
20 0.516016 0.385742 0.596094 0.771484 0.024231
1 0.396484 0.532422 0.792969 0.935156 0.0240479
14 0.571484 0.682422 0.857031 0.635156 0.0231476
22 0.116016 0.5 0.232031 0.820312 0.0230713
11 0.435156 0.557031 0.801562 0.885938 0.0224609
3 0.635938 0.563672 0.728125 0.872656 0.0220337
1 0.448047 0.345313 0.803906 0.690625 0.0219879
1 0.661816 0.680469 0.676367 0.639063 0.0217743
22 0.458594 0.289844 0.814063 0.579688 0.0215302
11 0.427734 0.660352 0.811719 0.679297 0.0207977
1 0.505469 0.684961 0.85625 0.630078 0.0198669
1 0.635938 0.563672 0.728125 0.872656 0.0198364
3 0.661816 0.680469 0.676367 0.639063 0.0192719
1 0.545215 0.501953 0.561133 0.864844 0.0190887
22 0.185742 0.330078 0.371484 0.660156 0.0189819
14 0.661816 0.680469 0.676367 0.639063 0.0183411
13 0.479004 0.370313 0.799805 0.740625 0.0179901
1 0.363477 0.607031 0.726953 0.785937 0.0175781
11 0.553906 0.630469 0.826563 0.739062 0.0173798
22 0.119336 0.278906 0.238672 0.557813 0.0168457
17 0.115039 0.335352 0.230078 0.670703 0.0160217
1 0.71543 0.414062 0.569141 0.828125 0.0159607
1 0.516016 0.385742 0.596094 0.771484 0.0158997
20 0.365039 0.583594 0.730078 0.832812 0.0157776
17 0.750195 0.458984 0.499609 0.810156 0.0154877
14 0.635938 0.563672 0.728125 0.872656 0.0153656
17 0.185742 0.330078 0.371484 0.660156 0.0153046
13 0.396094 0.556641 0.792188 0.886719 0.0153046
20 0.449316 0.314453 0.632617 0.628906 0.0152512
21 0.422266 0.314844 0.286719 0.429688 0.0151901
10 0.428906 0.632812 0.810938 0.734375 0.0149002
25 0.54375 0.528125 0.815625 0.93125 0.0145035
21 0.414062 0.236328 0.2875 0.435156 0.0144501
1 0.408594 0.706836 0.817187 0.586328 0.0143356
1 0.594531 0.70625 0.810938 0.5875 0.0143356
1 0.353906 0.445312 0.707812 0.890625 0.0142822
22 0.750195 0.458984 0.499609 0.810156 0.0139542
20 0.571094 0.707812 0.857813 0.584375 0.0139542
1 0.7375 0.361523 0.525 0.723047 0.0139008
14 0.366406 0.631641 0.732813 0.736719 0.0139008
3 0.449316 0.314453 0.632617 0.628906 0.0138474
3 0.571484 0.682422 0.857031 0.635156 0.0137405
1 0.115234 0.453906 0.230469 0.810938 0.0136871
8 0.617969 0.680469 0.764063 0.639063 0.013588
11 0.640625 0.655664 0.71875 0.688672 0.0132217
25 0.491406 0.605469 0.825 0.789062 0.0130692
11 0.51084 0.369531 0.76582 0.739062 0.0130234
3 0.7375 0.361523 0.525 0.723047 0.0129242
14 0.545215 0.501953 0.561133 0.864844 0.0129242
10 0.538672 0.477344 0.807031 0.928125 0.0128708
20 0.430859 0.711523 0.810156 0.576953 0.0124283
14 0.516016 0.385742 0.596094 0.771484 0.012291
20 0.353906 0.445312 0.707812 0.890625 0.0121918
8 0.51084 0.369531 0.76582 0.739062 0.0118256
0 0.475098 0.419141 0.793555 0.838281 0.0118256
13 0.661816 0.680469 0.676367 0.639063 0.0118256
10 0.402344 0.55625 0.804688 0.8875 0.0115051
20 0.375 0.682617 0.75 0.634766 0.0114212
25 0.615625 0.607031 0.76875 0.785937 0.0112
20 0.717969 0.389062 0.564063 0.778125 0.011116
13 0.639453 0.608203 0.721094 0.783594 0.0109863
3 0.129883 0.446094 0.259766 0.8 0.0107346
21 0.437402 0.465625 0.286133 0.442188 0.0106506
20 0.7375 0.361523 0.525 0.723047 0.0103302
14 0.353906 0.445312 0.707812 0.890625 0.0103302
10 0.616406 0.63125 0.767188 0.7375 0.0102921
14 0.449316 0.314453 0.632617 0.628906 0.0102463
20 0.115234 0.453906 0.230469 0.810938 0.0102463
25 0.51084 0.369531 0.76582 0.739062 0.0100555
11 0.614062 0.582812 0.771875 0.834375 0.00963593
3 0.396875 0.396094 0.79375 0.792188 0.00948334
3 0.664453 0.444141 0.671094 0.880469 0.00948334
10 0.479004 0.370313 0.799805 0.740625 0.00941467
14 0.458594 0.289844 0.814063 0.579688 0.00912476
3 0.71543 0.414062 0.569141 0.828125 0.00898743
19 0.432031 0.387402 0.292188 0.451758 0.00894928
14 0.717969 0.389062 0.564063 0.778125 0.00831604
17 0.119336 0.278906 0.238672 0.557813 0.008255
1 0.710938 0.612891 0.578125 0.774219 0.008255
0 0.640234 0.632031 0.719531 0.735938 0.00815582
13 0.507812 0.709375 0.853125 0.58125 0.00812531
17 0.308398 0.532031 0.616797 0.901563 0.00806427
3 0.79043 0.303125 0.419141 0.592188 0.00800323
22 0.248047 0.25625 0.271875 0.5125 0.00787354
20 0.664453 0.444141 0.671094 0.880469 0.0078125
8 0.505469 0.684961 0.85625 0.630078 0.00743103
17 0.438184 0.244141 0.558008 0.488281 0.00740433
3 0.293555 0.440625 0.587109 0.88125 0.00740433
14 0.7375 0.361523 0.525 0.723047 0.00725937
1 0.664453 0.444141 0.671094 0.880469 0.00725937
3 0.226953 0.387109 0.453906 0.747656 0.00720596
3 0.366406 0.631641 0.732813 0.736719 0.00717545
17 0.339063 0.659375 0.678125 0.68125 0.00717545
17 0.248047 0.25625 0.271875 0.5125 0.00712204
20 0.458594 0.289844 0.814063 0.579688 0.00706482
13 0.396875 0.396094 0.79375 0.792188 0.00706482
1 0.689844 0.537891 0.620313 0.924219 0.00706482
13 0.379297 0.707422 0.758594 0.585156 0.00703812
3 0.689844 0.537891 0.620313 0.924219 0.0068512
22 0.750781 0.584766 0.498437 0.752344 0.00671768
3 0.710938 0.612891 0.578125 0.774219 0.00664139
0 0.4 0.631641 0.8 0.736719 0.0064888
0 0.493848 0.364453 0.643555 0.728906 0.00641251
11 0.389453 0.605469 0.778906 0.789062 0.00636292
17 0.617188 0.735352 0.765625 0.529297 0.00634003
0 0.538672 0.477344 0.807031 0.928125 0.00631332
13 0.353906 0.445312 0.707812 0.890625 0.00629044
9 0.431348 0.478906 0.787305 0.920313 0.00629044
17 0.379297 0.707422 0.758594 0.585156 0.00629044
21 0.442188 0.597266 0.265625 0.400781 0.00626373
17 0.750781 0.584766 0.498437 0.752344 0.00626373
13 0.683398 0.421875 0.633203 0.84375 0.00619125
1 0.750195 0.458984 0.499609 0.810156 0.00619125
19 0.45 0.696875 0.290625 0.379688 0.00614548
3 0.11543 0.370703 0.230859 0.741406 0.00595856
13 0.664844 0.541406 0.670313 0.917188 0.00595856
14 0.664453 0.444141 0.671094 0.880469 0.005867
1 0.436621 0.283594 0.592383 0.567187 0.00566483
22 0.312305 0.563281 0.624609 0.873438 0.00566483
22 0.617188 0.735352 0.765625 0.529297 0.00566483
1 0.339063 0.659375 0.678125 0.68125 0.00553513
1 0.226953 0.387109 0.453906 0.747656 0.00551224
1 0.79043 0.303125 0.419141 0.592188 0.00547028
16 0.592188 0.655469 0.815625 0.689063 0.00547028
14 0.226953 0.387109 0.453906 0.747656 0.00538635
22 0.438184 0.244141 0.558008 0.488281 0.00534439
13 0.594531 0.735156 0.810938 0.529688 0.00534439
24 0.476562 0.475781 0.795313 0.920313 0.0053215
17 0.111523 0.249219 0.223047 0.498437 0.00526047
13 0.339844 0.633203 0.679688 0.733594 0.00526047
17 0.448438 0.736719 0.826563 0.526563 0.00526047
21 0.410254 0.191016 0.29668 0.382031 0.00521851
20 0.226953 0.387109 0.453906 0.747656 0.00521851
20 0.689844 0.537891 0.620313 0.924219 0.00521851
22 0.339063 0.659375 0.678125 0.68125 0.00519943
19 0.422266 0.314844 0.286719 0.429688 0.00518036
14 0.115234 0.453906 0.230469 0.810938 0.00518036
21 0.45 0.696875 0.290625 0.379688 0.00516129
22 0.8 0.432031 0.4 0.675 0.0051384
16 0.404687 0.684375 0.809375 0.63125 0.0051384
22 0.379297 0.707422 0.758594 0.585156 0.0051384
8 0.664453 0.608203 0.671094 0.783594 0.0050621
19 0.414062 0.236328 0.2875 0.435156 0.00503922
3 0.458594 0.289844 0.814063 0.579688 0.00502014
16 0.476562 0.475781 0.795313 0.920313 0.00502014
1 0.14082 0.372461 0.281641 0.744922 0.00494385
13 0.545215 0.501953 0.561133 0.864844 0.0049057
13 0.65 0.415625 0.625 0.83125 0.00488663
5 0.476562 0.475781 0.795313 0.920313 0.00484848
2 0.475098 0.442969 0.793555 0.885938 0.00481033
3 0.218311 0.320312 0.35166 0.621875 0.00479126
22 0.742578 0.683105 0.514844 0.633789 0.00475693
0 0.432031 0.527734 0.792188 0.924219 0.00471878
14 0.689844 0.537891 0.620313 0.924219 0.0046463
2 0.616406 0.63125 0.767188 0.7375 0.0046463
13 0.516016 0.385742 0.596094 0.771484 0.00460815
14 0.339063 0.563672 0.678125 0.872656 0.00450516
16 0.548438 0.555859 0.825 0.888281 0.00446701
13 0.7375 0.361523 0.525 0.723047 0.00445175
13 0.458594 0.289844 0.814063 0.579688 0.00443268
8 0.7375 0.361523 0.525 0.723047 0.00439835
11 0.516016 0.385742 0.596094 0.771484 0.00438309
25 0.563281 0.656641 0.842188 0.686719 0.00436401
25 0.516016 0.385742 0.596094 0.771484 0.00431442
22 0.448438 0.736719 0.826563 0.526563 0.00429916
2 0.576465 0.478906 0.795508 0.926562 0.00424957
20 0.79043 0.303125 0.419141 0.592188 0.00416565
10 0.683984 0.608203 0.632031 0.783594 0.00415039
20 0.710938 0.612891 0.578125 0.774219 0.00413513
10 0.516016 0.385742 0.596094 0.771484 0.00411606
2 0.428906 0.632812 0.810938 0.734375 0.0041008
1 0.132031 0.522656 0.264062 0.807813 0.00408554
11 0.739062 0.388281 0.521875 0.776563 0.00407028
13 0.115234 0.453906 0.230469 0.810938 0.00407028
3 0.199414 0.379688 0.398828 0.759375 0.00403976
14 0.379297 0.707422 0.758594 0.585156 0.00403976
0 0.546875 0.605469 0.81875 0.789062 0.00402451
8 0.717969 0.389062 0.564063 0.778125 0.0039444
10 0.717969 0.389062 0.564063 0.778125 0.0039444
8 0.455469 0.318945 0.810938 0.637891 0.00391388
25 0.661719 0.65625 0.676562 0.6875 0.00391388
1 0.261328 0.4125 0.522656 0.825 0.00388527
20 0.303125 0.486328 0.60625 0.896094 0.00388527
0 0.449316 0.314453 0.632617 0.628906 0.00385475
13 0.303125 0.486328 0.60625 0.896094 0.00380898
11 0.545215 0.501953 0.561133 0.864844 0.00380898
13 0.449316 0.314453 0.632617 0.628906 0.00379562
12 0.476562 0.475781 0.795313 0.920313 0.00374985
11 0.71543 0.414062 0.569141 0.828125 0.0037365
19 0.444531 0.628906 0.267969 0.407813 0.00372124
10 0.7375 0.361523 0.525 0.723047 0.00369263
22 0.630859 0.352148 0.738281 0.704297 0.00367928
0 0.613281 0.560156 0.773438 0.879687 0.00359344
16 0.661816 0.680469 0.676367 0.639063 0.00356483
8 0.545215 0.501953 0.561133 0.864844 0.00351143
14 0.710938 0.612891 0.578125 0.774219 0.00351143
14 0.617188 0.735352 0.765625 0.529297 0.00351143
24 0.548438 0.555859 0.825 0.888281 0.00348282
21 0.836133 0.3 0.327734 0.403125 0.00399017
19 0.829688 0.270117 0.335938 0.394141 0.00388527
1 0.541504 0.383984 0.601367 0.758594 0.00332451
21 0.481152 0.848828 0.317383 0.302344 0.00313568
12 0.622656 0.654297 0.754687 0.691406 0.00287819
1 0.551562 0.455469 0.507812 0.645312 0.00253105
21 0.0975586 0.561719 0.195117 0.376563 0.0024147
22 0.216211 0.278125 0.269922 0.535937 0.002388
19 0.463965 0.714844 0.306445 0.389062 0.00232315
22 0.556641 0.427441 0.630469 0.78418 0.00232315
1 0.605469 0.471875 0.7375 0.828125 0.00228691
12 0.607813 0.474219 0.784375 0.835938 0.00223351
12 0.458594 0.625781 0.867188 0.748438 0.0020504
22 0.551562 0.455469 0.507812 0.645312 0.00195694
1 0.216016 0.282813 0.282031 0.510938 0.00191879
22 0.262891 0.282031 0.199219 0.485938 0.00191212
21 0.727344 0.7 0.301563 0.371875 0.00185299
12 0.563281 0.679492 0.834375 0.641016 0.00175476
12 0.558594 0.567969 0.839063 0.864062 0.00173378
12 0.764063 0.2375 0.471875 0.475 0.0017271
1 0.627344 0.619141 0.745313 0.761719 0.0017004
19 0.452441 0.387109 0.335742 0.40625 0.00157928
17 0.556641 0.427441 0.630469 0.78418 0.00156689
17 0.551562 0.455469 0.507812 0.645312 0.00156116
17 0.266211 0.289453 0.206641 0.500781 0.00155449
12 0.622266 0.641797 0.532031 0.716406 0.00151253
12 0.556641 0.427441 0.630469 0.78418 0.00150108
1 0.266211 0.289453 0.206641 0.500781 0.00148964
1 0.622266 0.641797 0.532031 0.716406 0.00148964
12 0.646484 0.333789 0.482031 0.667578 0.00146103
12 0.380859 0.660547 0.563281 0.678906 0.00146103
11 0.556641 0.427441 0.630469 0.78418 0.00141048
12 0.691406 0.339063 0.240625 0.6625 0.00139904
12 0.664062 0.455078 0.571875 0.761719 0.00138855
12 0.681641 0.314648 0.636719 0.629297 0.00136662
1 0.605469 0.387402 0.390625 0.564258 0.00132465
1 0.37959 0.733008 0.492383 0.533984 0.00130939
19 0.727344 0.7 0.301563 0.371875 0.00129414
12 0.735547 0.403516 0.425781 0.7125 0.00128937
12 0.410156 0.544922 0.680469 0.810156 0.0012846
2 0.783594 0.17334 0.432813 0.34668 0.00127411
19 0.485547 0.57666 0.321094 0.412305 0.00126457
17 0.216211 0.278125 0.269922 0.535937 0.00125504
12 0.706641 0.392871 0.199219 0.57207 0.0012207
12 0.769922 0.306641 0.460156 0.613281 0.00121593
22 0.605469 0.387402 0.390625 0.564258 0.00119209
1 0.563281 0.712695 0.801562 0.574609 0.00118828
13 0.626172 0.648438 0.747656 0.703125 0.00118351
21 0.470215 0.699219 0.323633 0.421875 0.00117874
1 0.529688 0.573438 0.784375 0.840625 0.00117874
21 0.823242 0.222852 0.353516 0.391797 0.00117397
0 0.783594 0.17334 0.432813 0.34668 0.00116062
12 0.303516 0.321289 0.227344 0.573047 0.00115585
12 0.179492 0.394629 0.317578 0.62793 0.00115108
12 0.181055 0.242188 0.301953 0.484375 0.00113392
12 0.542871 0.331055 0.608008 0.662109 0.00113392
22 0.607813 0.474219 0.784375 0.835938 0.00113392
13 0.605469 0.471875 0.7375 0.828125 0.00113392
19 0.818555 0.193164 0.362891 0.386328 0.00112438
17 0.605469 0.387402 0.390625 0.564258 0.0011034
12 0.408984 0.717383 0.474219 0.565234 0.00107288
1 0.48125 0.783398 0.617188 0.433203 0.00105667
17 0.414844 0.777344 0.429688 0.445312 0.00105286
4 0.596875 0.43125 0.748438 0.807813 0.00104809
17 0.607813 0.474219 0.784375 0.835938 0.00104809
12 0.614453 0.281055 0.360156 0.562109 0.00103188
12 0.324609 0.673438 0.419531 0.653125 0.00102806
1 0.621094 0.479297 0.389062 0.642969 0.00102043
1 0.0958984 0.471484 0.191797 0.251563 0.00100803
22 0.541309 0.310937 0.564258 0.621875 0.0827026
22 0.407422 0.300977 0.465625 0.557422 0.0479431
11 0.543848 0.354297 0.606055 0.628906 0.0399475
1 0.541309 0.310937 0.564258 0.621875 0.0389099
22 0.201563 0.286133 0.403125 0.572266 0.0323486
22 0.326172 0.312109 0.652344 0.624219 0.0262604
22 0.567285 0.601172 0.648242 0.797656 0.0239563
17 0.541309 0.310937 0.564258 0.621875 0.0234222
19 0.625 0.322266 0.31875 0.448438 0.0215302
22 0.587891 0.38125 0.494531 0.670313 0.0214539
19 0.560547 0.578516 0.242969 0.355469 0.0207977
19 0.600781 0.209766 0.303906 0.419531 0.0194244
24 0.501172 0.271484 0.635156 0.542969 0.0184021
1 0.449902 0.30293 0.414258 0.562109 0.0167847
11 0.545703 0.611719 0.522656 0.660937 0.0162201
11 0.486328 0.241797 0.616406 0.483594 0.0157166
11 0.552734 0.630078 0.853906 0.739844 0.0154877
1 0.357812 0.3 0.516406 0.56875 0.0153046
17 0.407422 0.300977 0.465625 0.557422 0.0139542
1 0.567285 0.601172 0.648242 0.797656 0.0139542
24 0.535254 0.342969 0.582617 0.589844 0.0137405
20 0.530469 0.314844 0.589063 0.629687 0.013588
11 0.571191 0.442578 0.67168 0.741406 0.0132751
3 0.541309 0.310937 0.564258 0.621875 0.012146
13 0.543848 0.354297 0.606055 0.628906 0.0120544
17 0.567285 0.601172 0.648242 0.797656 0.0120544
19 0.543848 0.354297 0.606055 0.628906 0.0119171
21 0.639453 0.357422 0.311719 0.424219 0.0118713
14 0.531934 0.313867 0.58457 0.627734 0.0118713
13 0.532422 0.61709 0.582031 0.642383 0.0118713
1 0.201563 0.286133 0.403125 0.572266 0.0117798
22 0.408496 0.339063 0.629883 0.678125 0.0114212
20 0.564844 0.630078 0.695312 0.739844 0.0110321
5 0.531934 0.313867 0.58457 0.627734 0.0107803
21 0.622656 0.298438 0.31875 0.448438 0.0104065
1 0.545703 0.611719 0.522656 0.660937 0.0102081
21 0.600781 0.209766 0.303906 0.419531 0.00981903
22 0.545703 0.611719 0.522656 0.660937 0.00971222
12 0.55625 0.637891 0.646875 0.724219 0.00930023
20 0.371875 0.258203 0.424219 0.516406 0.00912476
17 0.587891 0.38125 0.494531 0.670313 0.00912476
24 0.371875 0.258203 0.424219 0.516406 0.00908661
3 0.567285 0.601172 0.648242 0.797656 0.00874329
1 0.340625 0.350781 0.68125 0.701563 0.00854492
1 0.587891 0.38125 0.494531 0.670313 0.00854492
1 0.538672 0.424316 0.653906 0.751367 0.00847626
11 0.551172 0.658984 0.657031 0.644531 0.00847626
13 0.552734 0.630078 0.853906 0.739844 0.00815582
22 0.634375 0.317578 0.665625 0.635156 0.00784302
22 0.538672 0.424316 0.653906 0.751367 0.00784302
21 0.524316 0.304688 0.601367 0.609375 0.00754929
22 0.366455 0.210156 0.39209 0.420312 0.00748825
17 0.201563 0.286133 0.403125 0.572266 0.00743103
17 0.340625 0.350781 0.68125 0.701563 0.00740433
21 0.557031 0.585156 0.282813 0.3625 0.00737381
24 0.564844 0.630078 0.695312 0.739844 0.00712204
19 0.572656 0.186133 0.311719 0.372266 0.00706482
19 0.557031 0.632812 0.285938 0.36875 0.0069313
19 0.551172 0.705469 0.298438 0.410938 0.0069046
21 0.371875 0.258203 0.424219 0.516406 0.0068779
22 0.468652 0.327344 0.38457 0.54375 0.0068512
12 0.543848 0.354297 0.606055 0.628906 0.00679779
4 0.530469 0.312109 0.589063 0.624219 0.00674438
17 0.545703 0.611719 0.522656 0.660937 0.00643921
12 0.445703 0.639844 0.749219 0.720313 0.00641251
22 0.618359 0.666016 0.628906 0.592969 0.00638962
0 0.475391 0.211719 0.610156 0.423438 0.00624084
3 0.449902 0.30293 0.414258 0.562109 0.00609589
22 0.837891 0.378027 0.324219 0.529883 0.00609589
13 0.624121 0.560156 0.751758 0.807813 0.00609589
16 0.552734 0.630078 0.853906 0.739844 0.00609589
13 0.571191 0.442578 0.67168 0.741406 0.00605011
11 0.364453 0.297656 0.619531 0.595313 0.00602722
3 0.545703 0.611719 0.522656 0.660937 0.00595856
3 0.357812 0.3 0.516406 0.56875 0.005867
12 0.532422 0.61709 0.582031 0.642383 0.00584412
11 0.622656 0.596875 0.754687 0.80625 0.00559998
13 0.364453 0.297656 0.619531 0.595313 0.00542831
16 0.532422 0.61709 0.582031 0.642383 0.00536346
20 0.561621 0.545313 0.620508 0.75 0.00534439
4 0.486328 0.241797 0.616406 0.483594 0.00521851
20 0.486328 0.241797 0.616406 0.483594 0.00521851
11 0.660547 0.689063 0.678906 0.570312 0.00516129
19 0.437891 0.384375 0.299219 0.403125 0.0051384
12 0.624121 0.560156 0.751758 0.807813 0.0051384
22 0.619531 0.629687 0.760938 0.740625 0.00511932
14 0.486328 0.241797 0.616406 0.483594 0.0050621
1 0.369922 0.2125 0.4125 0.425 0.00498199
25 0.513281 0.297266 0.642188 0.594531 0.00492477
1 0.552734 0.630078 0.853906 0.739844 0.00484848
1 0.836523 0.380859 0.326953 0.554688 0.00482941
22 0.552734 0.630078 0.853906 0.739844 0.00482941
19 0.641406 0.400879 0.314063 0.426367 0.00481033
16 0.618359 0.666016 0.628906 0.592969 0.00479126
1 0.185742 0.2125 0.371484 0.425 0.00475693
22 0.832031 0.415234 0.335938 0.602344 0.00471878
16 0.622656 0.596875 0.754687 0.80625 0.00471878
19 0.877344 0.655078 0.245312 0.386719 0.00469971
19 0.545703 0.611719 0.522656 0.660937 0.00468063
11 0.210938 0.325781 0.421875 0.651563 0.00460815
9 0.564844 0.630078 0.695312 0.739844 0.00460815
14 0.564844 0.630078 0.695312 0.739844 0.00460815
17 0.634375 0.317578 0.665625 0.635156 0.00457382
1 0.440625 0.612109 0.684375 0.722656 0.00457382
10 0.531934 0.313867 0.58457 0.627734 0.00448608
1 0.619531 0.629687 0.760938 0.740625 0.00448608
22 0.413672 0.403906 0.778906 0.807813 0.00438309
4 0.563672 0.626563 0.596094 0.728125 0.00434875
17 0.600781 0.480078 0.720313 0.730469 0.00432968
13 0.618359 0.666016 0.628906 0.592969 0.00432968
4 0.552734 0.630078 0.853906 0.739844 0.00431442
21 0.572656 0.186133 0.311719 0.372266 0.00426483
19 0.446875 0.706641 0.273438 0.355469 0.00426483
9 0.531934 0.313867 0.58457 0.627734 0.00426483
12 0.618359 0.666016 0.628906 0.592969 0.00426483
11 0.449902 0.30293 0.414258 0.562109 0.00424957
8 0.541309 0.310937 0.564258 0.621875 0.00424957
22 0.486328 0.241797 0.616406 0.483594 0.0042305
3 0.201563 0.286133 0.403125 0.572266 0.00419998
21 0.422559 0.235498 0.276758 0.385254 0.00416565
13 0.513379 0.28125 0.607617 0.5625 0.00413513
11 0.340625 0.350781 0.68125 0.701563 0.00413513
12 0.449902 0.30293 0.414258 0.562109 0.00413513
14 0.571191 0.442578 0.67168 0.741406 0.00413513
21 0.437891 0.384375 0.299219 0.403125 0.0041008
12 0.571191 0.442578 0.67168 0.741406 0.0041008
24 0.571191 0.442578 0.67168 0.741406 0.0041008
11 0.578906 0.314063 0.454688 0.628125 0.00408554
16 0.486328 0.241797 0.616406 0.483594 0.00403976
1 0.500391 0.230859 0.544531 0.461719 0.00400543
0 0.366455 0.210156 0.39209 0.420312 0.00400543
20 0.449902 0.30293 0.414258 0.562109 0.00399017
5 0.563672 0.626563 0.596094 0.728125 0.00395966
22 0.440625 0.612109 0.684375 0.722656 0.00391388
16 0.366455 0.210156 0.39209 0.420312 0.00390053
19 0.282031 0.64375 0.286719 0.3875 0.00385475
11 0.836523 0.380859 0.326953 0.554688 0.00380898
13 0.449902 0.30293 0.414258 0.562109 0.00376511
5 0.571191 0.442578 0.67168 0.741406 0.0037365
17 0.552734 0.630078 0.853906 0.739844 0.0037365
17 0.468652 0.327344 0.38457 0.54375 0.00370789
21 0.567285 0.601172 0.648242 0.797656 0.00370789
11 0.366455 0.210156 0.39209 0.420312 0.00365067
16 0.535254 0.342969 0.582617 0.589844 0.00365067
3 0.552734 0.630078 0.853906 0.739844 0.00362206
1 0.634375 0.317578 0.665625 0.635156 0.0036068
4 0.571191 0.442578 0.67168 0.741406 0.00359344
25 0.371875 0.258203 0.424219 0.516406 0.00353813
19 0.551172 0.658984 0.657031 0.644531 0.00353813
5 0.371484 0.264062 0.43125 0.517969 0.00351143
17 0.836523 0.380859 0.326953 0.554688 0.00351143
19 0.571191 0.442578 0.67168 0.741406 0.00342941
20 0.195117 0.249219 0.390234 0.498437 0.00340271
14 0.624121 0.560156 0.751758 0.807813 0.00340271
4 0.366455 0.210156 0.39209 0.420312 0.00336266
22 0.185742 0.2125 0.371484 0.425 0.00332451
19 0.422559 0.235498 0.276758 0.385254 0.00327301
1 0.464844 0.569141 0.889063 0.861719 0.00321007
17 0.619531 0.629687 0.760938 0.740625 0.00319672
21 0.282031 0.64375 0.286719 0.3875 0.00317192
17 0.618359 0.666016 0.628906 0.592969 0.00314713
24 0.540625 0.653516 0.815625 0.692969 0.00312424
21 0.551172 0.705469 0.298438 0.410938 0.00307465
14 0.371484 0.264062 0.43125 0.517969 0.00307465
12 0.357812 0.3 0.516406 0.56875 0.00307465
1 0.849219 0.37168 0.301563 0.512109 0.00307465
24 0.618359 0.666016 0.628906 0.592969 0.00302696
1 0.325195 0.263086 0.650391 0.526172 0.00301552
6 0.501172 0.271484 0.635156 0.542969 0.00299263
25 0.564844 0.630078 0.695312 0.739844 0.00298119
1 0.413672 0.403906 0.778906 0.807813 0.0029583
12 0.578906 0.314063 0.454688 0.628125 0.00293541
0 0.530469 0.312109 0.589063 0.624219 0.00292397
11 0.195117 0.249219 0.390234 0.498437 0.00286674
12 0.582031 0.575781 0.835938 0.848437 0.00286674
11 0.371484 0.264062 0.43125 0.517969 0.00281143
12 0.408496 0.339063 0.629883 0.678125 0.00281143
3 0.326172 0.312109 0.652344 0.624219 0.00279999
0 0.561621 0.545313 0.620508 0.75 0.00279999
12 0.413672 0.403906 0.778906 0.807813 0.00277901
17 0.451562 0.585938 0.715625 0.828125 0.00277901
6 0.366455 0.210156 0.39209 0.420312 0.00276756
5 0.552734 0.630078 0.853906 0.739844 0.00276756
11 0.573047 0.759961 0.671094 0.480078 0.00276756
3 0.369922 0.2125 0.4125 0.425 0.00275803
19 0.859375 0.776758 0.28125 0.396484 0.00274658
19 0.513379 0.28125 0.607617 0.5625 0.00271416
22 0.61875 0.416406 0.7625 0.832812 0.00269318
19 0.552734 0.630078 0.853906 0.739844 0.0026722
2 0.475391 0.211719 0.610156 0.423438 0.00261116
5 0.366455 0.210156 0.39209 0.420312 0.00260162
11 0.413672 0.403906 0.778906 0.807813 0.00260162
13 0.639453 0.357422 0.311719 0.424219 0.00258064
18 0.475391 0.211719 0.610156 0.423438 0.00257111
25 0.624121 0.560156 0.751758 0.807813 0.00257111
21 0.195117 0.249219 0.390234 0.498437 0.00256157
9 0.371875 0.258203 0.424219 0.516406 0.00255013
12 0.513379 0.28125 0.607617 0.5625 0.00255013
1 0.331055 0.565234 0.391016 0.682031 0.00255013
0 0.622656 0.596875 0.754687 0.80625 0.00255013
3 0.408496 0.339063 0.629883 0.678125 0.00252151
4 0.407422 0.300977 0.465625 0.557422 0.00250244
2 0.535156 0.313672 0.575 0.627344 0.00250244
12 0.201563 0.286133 0.403125 0.572266 0.00248146
4 0.619531 0.629687 0.760938 0.740625 0.00248146
4 0.618359 0.666016 0.628906 0.592969 0.00246239
20 0.267969 0.264844 0.535937 0.529688 0.00245285
15 0.486328 0.241797 0.616406 0.483594 0.00245285
13 0.371484 0.264062 0.43125 0.517969 0.00244331
6 0.564844 0.630078 0.695312 0.739844 0.00244331
3 0.486328 0.241797 0.616406 0.483594 0.00243378
13 0.413672 0.403906 0.778906 0.807813 0.0024147
22 0.340625 0.419531 0.68125 0.839063 0.00240517
5 0.486328 0.241797 0.616406 0.483594 0.00239754
12 0.61875 0.416406 0.7625 0.832812 0.00239754
20 0.326172 0.312109 0.652344 0.624219 0.002388
14 0.366455 0.210156 0.39209 0.420312 0.00237846
6 0.535254 0.342969 0.582617 0.589844 0.00237846
24 0.575 0.753125 0.504687 0.448438 0.00236893
14 0.545703 0.611719 0.522656 0.660937 0.00234222
9 0.540625 0.653516 0.815625 0.692969 0.00232315
6 0.571191 0.442578 0.67168 0.741406 0.00230598
19 0.201563 0.286133 0.403125 0.572266 0.00228691
17 0.413672 0.403906 0.778906 0.807813 0.00228691
5 0.618359 0.666016 0.628906 0.592969 0.00228691
16 0.571191 0.442578 0.67168 0.741406 0.00227928
6 0.371484 0.264062 0.43125 0.517969 0.00226974
25 0.578906 0.314063 0.454688 0.628125 0.00226974
1 0.221875 0.368555 0.44375 0.698828 0.00226021
12 0.326172 0.312109 0.652344 0.624219 0.00225258
11 0.605469 0.725781 0.479688 0.4625 0.00225258
21 0.267969 0.264844 0.535937 0.529688 0.00223351
14 0.449902 0.30293 0.414258 0.562109 0.00223351
5 0.201563 0.286133 0.403125 0.572266 0.00221634
1 0.618359 0.666016 0.628906 0.592969 0.00221634
12 0.464844 0.569141 0.889063 0.861719 0.00220871
13 0.425098 0.653906 0.641992 0.692187 0.00219917
16 0.605469 0.725781 0.479688 0.4625 0.00219917
5 0.449902 0.30293 0.414258 0.562109 0.00219154
2 0.622656 0.596875 0.754687 0.80625 0.00219154
4 0.195117 0.249219 0.390234 0.498437 0.00218201
17 0.366455 0.210156 0.39209 0.420312 0.00216484
15 0.530469 0.312109 0.589063 0.624219 0.00216484
22 0.331055 0.565234 0.391016 0.682031 0.00216484
21 0.449902 0.30293 0.414258 0.562109 0.00214958
11 0.849219 0.37168 0.301563 0.512109 0.00213242
9 0.571191 0.442578 0.67168 0.741406 0.00212479
5 0.364453 0.297656 0.619531 0.595313 0.00211525
12 0.221875 0.368555 0.44375 0.698828 0.00210762
19 0.364453 0.297656 0.619531 0.595313 0.00209999
21 0.475391 0.211719 0.610156 0.423438 0.00208282
3 0.587891 0.38125 0.494531 0.670313 0.00208282
14 0.596484 0.596094 0.807031 0.807813 0.00208282
24 0.449902 0.30293 0.414258 0.562109 0.0020752
3 0.538672 0.424316 0.653906 0.751367 0.00206757
6 0.540625 0.653516 0.815625 0.692969 0.00206757
22 0.464844 0.569141 0.889063 0.861719 0.0020504
3 0.619531 0.629687 0.760938 0.740625 0.00203514
3 0.618359 0.666016 0.628906 0.592969 0.00202751
2 0.367969 0.188086 0.396094 0.376172 0.00201988
21 0.44834 0.592578 0.25957 0.357031 0.00201035
21 0.578906 0.314063 0.454688 0.628125 0.00200272
20 0.538672 0.424316 0.653906 0.751367 0.00200272
13 0.559375 0.604688 0.280469 0.354688 0.00199509
12 0.641406 0.490234 0.717188 0.935156 0.00195694
20 0.618359 0.666016 0.628906 0.592969 0.00195694
19 0.445312 0.614062 0.253125 0.351562 0.00194931
24 0.475391 0.211719 0.610156 0.423438 0.00194168
17 0.849219 0.37168 0.301563 0.512109 0.00194168
25 0.571191 0.442578 0.67168 0.741406 0.00194168
13 0.366455 0.210156 0.39209 0.420312 0.00192642
21 0.367969 0.188086 0.396094 0.376172 0.00191212
22 0.221875 0.368555 0.44375 0.698828 0.00191212
17 0.185742 0.2125 0.371484 0.425 0.00189686
24 0.624121 0.560156 0.751758 0.807813 0.00188255
13 0.600781 0.209766 0.303906 0.419531 0.00186729
21 0.326172 0.312109 0.652344 0.624219 0.00186729
13 0.210938 0.325781 0.421875 0.651563 0.00186729
11 0.267969 0.264844 0.535937 0.529688 0.00185299
11 0.440625 0.612109 0.684375 0.722656 0.00184631
24 0.532422 0.61709 0.582031 0.642383 0.00184631
20 0.210938 0.325781 0.421875 0.651563 0.00183868
2 0.561621 0.545313 0.620508 0.75 0.00183868
3 0.836523 0.380859 0.326953 0.554688 0.00182438
13 0.578906 0.314063 0.454688 0.628125 0.0018177
14 0.540625 0.653516 0.815625 0.692969 0.0018177
20 0.596484 0.596094 0.807031 0.807813 0.00181007
17 0.325195 0.263086 0.650391 0.526172 0.00179577
13 0.340625 0.350781 0.68125 0.701563 0.00179577
24 0.367969 0.188086 0.396094 0.376172 0.00178909
21 0.548438 0.434766 0.601562 0.696094 0.00178909
10 0.563672 0.626563 0.596094 0.728125 0.00178242
8 0.449902 0.30293 0.414258 0.562109 0.00175476
24 0.201563 0.286133 0.403125 0.572266 0.00174809
17 0.494141 0.245312 0.586719 0.490625 0.00173378
21 0.873438 0.678125 0.253125 0.392188 0.00172043
8 0.357812 0.3 0.516406 0.56875 0.00172043
22 0.573047 0.759961 0.671094 0.480078 0.00171375
21 0.427246 0.314258 0.275195 0.376172 0.00170708
20 0.587891 0.38125 0.494531 0.670313 0.00170708
12 0.532129 0.637402 0.766992 0.693945 0.0420837
12 0.392969 0.605566 0.73125 0.670117 0.0301056
12 0.44541 0.636328 0.49043 0.563281 0.028656
12 0.62041 0.622363 0.75918 0.755273 0.0162811
13 0.44541 0.636328 0.49043 0.563281 0.0157776
16 0.118164 0.429688 0.236328 0.3375 0.0137405
13 0.532129 0.637402 0.766992 0.693945 0.0125732
16 0.396191 0.728516 0.423242 0.366406 0.0125275
16 0.563672 0.759375 0.497656 0.385938 0.0124283
12 0.190625 0.321484 0.38125 0.642969 0.0122375
13 0.392969 0.605566 0.73125 0.670117 0.0110703
13 0.396191 0.728516 0.423242 0.366406 0.0103302
12 0.396191 0.728516 0.423242 0.366406 0.00989532
11 0.118164 0.429688 0.236328 0.3375 0.00974274
13 0.118164 0.429688 0.236328 0.3375 0.00800323
11 0.396191 0.728516 0.423242 0.366406 0.00793457
11 0.494531 0.635547 0.701563 0.594531 0.00793457
11 0.485156 0.643848 0.846875 0.712305 0.0077858
16 0.489746 0.671875 0.693945 0.590625 0.0077858
12 0.16084 0.315234 0.32168 0.596875 0.00760651
13 0.16084 0.315234 0.32168 0.596875 0.00751877
24 0.563672 0.759375 0.497656 0.385938 0.00740433
24 0.489746 0.671875 0.693945 0.590625 0.00725937
16 0.381152 0.633984 0.576758 0.566406 0.00717545
13 0.62041 0.622363 0.75918 0.755273 0.00695801
16 0.118555 0.457031 0.237109 0.244531 0.00674438
13 0.190625 0.321484 0.38125 0.642969 0.00593567
12 0.138086 0.351367 0.276172 0.516016 0.005867
13 0.138086 0.351367 0.276172 0.516016 0.00582123
24 0.396191 0.728516 0.423242 0.366406 0.00577545
24 0.407129 0.764453 0.368555 0.274219 0.00559998
24 0.494922 0.75625 0.533594 0.31875 0.00559998
12 0.434766 0.601172 0.869531 0.797656 0.0055542
1 0.16084 0.315234 0.32168 0.596875 0.00551224
13 0.563672 0.759375 0.497656 0.385938 0.00547028
16 0.603906 0.628223 0.725 0.668555 0.00542831
16 0.407129 0.764453 0.368555 0.274219 0.00521851
11 0.381152 0.633984 0.576758 0.566406 0.00518036
1 0.118164 0.429688 0.236328 0.3375 0.0051384
16 0.138086 0.351367 0.276172 0.516016 0.00468063
6 0.494922 0.75625 0.533594 0.31875 0.00468063
1 0.44541 0.636328 0.49043 0.563281 0.00462723
16 0.494922 0.75625 0.533594 0.31875 0.00457382
6 0.563672 0.759375 0.497656 0.385938 0.00445175
6 0.407129 0.764453 0.368555 0.274219 0.0042305
6 0.494531 0.635547 0.701563 0.594531 0.00411606
11 0.563672 0.759375 0.497656 0.385938 0.00407028
15 0.485156 0.643848 0.846875 0.712305 0.00402451
11 0.138086 0.351367 0.276172 0.516016 0.00391388
16 0.485156 0.643848 0.846875 0.712305 0.00391388
11 0.392969 0.605566 0.73125 0.670117 0.00385475
6 0.396191 0.728516 0.423242 0.366406 0.00382423
24 0.485156 0.643848 0.846875 0.712305 0.00376511
16 0.634766 0.8 0.330469 0.259375 0.00370789
12 0.118164 0.429688 0.236328 0.3375 0.00367928
12 0.471875 0.685547 0.81875 0.628906 0.00367928
12 0.563672 0.759375 0.497656 0.385938 0.00365067
11 0.603906 0.628223 0.725 0.668555 0.00351143
6 0.118555 0.457031 0.237109 0.244531 0.00329781
6 0.634766 0.8 0.330469 0.259375 0.00325966
24 0.381152 0.633984 0.576758 0.566406 0.00317192
12 0.249219 0.401563 0.498437 0.803125 0.00316048
3 0.118164 0.429688 0.236328 0.3375 0.00313568
12 0.17793 0.367383 0.355859 0.723047 0.00312424
19 0.118164 0.429688 0.236328 0.3375 0.00307465
17 0.44541 0.636328 0.49043 0.563281 0.00298119
19 0.396191 0.728516 0.423242 0.366406 0.00291252
17 0.603906 0.628223 0.725 0.668555 0.00277901
9 0.407129 0.764453 0.368555 0.274219 0.00276756
17 0.16084 0.315234 0.32168 0.596875 0.00275803
9 0.118555 0.457031 0.237109 0.244531 0.00275803
24 0.634766 0.8 0.330469 0.259375 0.00275803
7 0.494531 0.635547 0.701563 0.594531 0.0026722
12 0.530859 0.469531 0.666406 0.835938 0.00263214
6 0.471875 0.685547 0.81875 0.628906 0.0026207
11 0.494922 0.75625 0.533594 0.31875 0.00261116
7 0.563672 0.759375 0.497656 0.385938 0.00261116
23 0.396191 0.728516 0.423242 0.366406 0.00257111
1 0.603906 0.628223 0.725 0.668555 0.00253105
4 0.485156 0.643848 0.846875 0.712305 0.00245285
9 0.576563 0.770312 0.45625 0.3625 0.00245285
1 0.190625 0.321484 0.38125 0.642969 0.00244331
16 0.16084 0.315234 0.32168 0.596875 0.00243378
7 0.396191 0.728516 0.423242 0.366406 0.00243378
15 0.603906 0.628223 0.725 0.668555 0.00236893
23 0.118164 0.429688 0.236328 0.3375 0.00235939
16 0.392969 0.605566 0.73125 0.670117 0.00235939
6 0.603906 0.628223 0.725 0.668555 0.00231361
17 0.396191 0.728516 0.423242 0.366406 0.00230598
9 0.634766 0.8 0.330469 0.259375 0.00226974
9 0.11875 0.431934 0.2375 0.314258 0.00223351
12 0.557813 0.542969 0.884375 0.903125 0.00220871
13 0.471875 0.685547 0.81875 0.628906 0.00219917
11 0.16084 0.315234 0.32168 0.596875 0.00218201
4 0.494531 0.635547 0.701563 0.594531 0.00218201
4 0.118164 0.429688 0.236328 0.3375 0.00217438
22 0.166895 0.313281 0.333789 0.625781 0.00214958
15 0.494531 0.635547 0.701563 0.594531 0.00214958
9 0.489746 0.671875 0.693945 0.590625 0.00211525
6 0.118164 0.429688 0.236328 0.3375 0.00209999
3 0.44541 0.636328 0.49043 0.563281 0.00209999
19 0.452441 0.716406 0.254492 0.332813 0.0020752
22 0.118457 0.402344 0.236914 0.394531 0.00206757
23 0.118555 0.457031 0.237109 0.244531 0.00206757
7 0.485156 0.643848 0.846875 0.712305 0.0020504
1 0.138086 0.351367 0.276172 0.516016 0.00198746
0 0.118164 0.429688 0.236328 0.3375 0.00198746
2 0.118164 0.429688 0.236328 0.3375 0.0019722
11 0.118555 0.457031 0.237109 0.244531 0.00192642
24 0.118164 0.429688 0.236328 0.3375 0.00191212
24 0.603906 0.628223 0.725 0.668555 0.00189686
23 0.563672 0.759375 0.497656 0.385938 0.00189686
17 0.118164 0.429688 0.236328 0.3375 0.00188255
11 0.190625 0.321484 0.38125 0.642969 0.00186729
4 0.381152 0.633984 0.576758 0.566406 0.00186062
17 0.494531 0.635547 0.701563 0.594531 0.00183868
8 0.118164 0.429688 0.236328 0.3375 0.00183105
2 0.118555 0.457031 0.237109 0.244531 0.00183105
4 0.138086 0.351367 0.276172 0.516016 0.00182438
19 0.494531 0.635547 0.701563 0.594531 0.00179577
14 0.485156 0.643848 0.846875 0.712305 0.00179577
1 0.118555 0.457031 0.237109 0.244531 0.00178909
1 0.392969 0.605566 0.73125 0.670117 0.00178909
1 0.50459 0.592578 0.675195 0.721094 0.00176811
4 0.396191 0.728516 0.423242 0.366406 0.00175476
3 0.396191 0.728516 0.423242 0.366406 0.00174141
11 0.407129 0.764453 0.368555 0.274219 0.0017271
19 0.381152 0.633984 0.576758 0.566406 0.00171375
1 0.396191 0.728516 0.423242 0.366406 0.00171375
13 0.434766 0.601172 0.869531 0.797656 0.00170708
12 0.553809 0.368359 0.66582 0.736719 0.0017004
9 0.396191 0.728516 0.423242 0.366406 0.00168133
20 0.396191 0.728516 0.423242 0.366406 0.00166798
23 0.407129 0.764453 0.368555 0.274219 0.00165462
14 0.44541 0.636328 0.49043 0.563281 0.00161076
4 0.603906 0.628223 0.725 0.668555 0.00161076
23 0.381152 0.633984 0.576758 0.566406 0.00159168
3 0.16084 0.315234 0.32168 0.596875 0.00158501
9 0.494922 0.75625 0.533594 0.31875 0.00158501
23 0.489746 0.671875 0.693945 0.590625 0.00158501
15 0.381152 0.633984 0.576758 0.566406 0.00156116
20 0.563672 0.759375 0.497656 0.385938 0.00156116
24 0.118555 0.457031 0.237109 0.244531 0.00155449
13 0.249219 0.401563 0.498437 0.803125 0.00152493
11 0.804492 0.0842285 0.391016 0.168457 0.00150108
19 0.563672 0.759375 0.497656 0.385938 0.00149536
5 0.118164 0.429688 0.236328 0.3375 0.00148964
14 0.603906 0.628223 0.725 0.668555 0.00148964
1 0.516797 0.619922 0.844531 0.760156 0.0014782
20 0.118164 0.429688 0.236328 0.3375 0.00146675
15 0.396191 0.728516 0.423242 0.366406 0.00145531
24 0.138086 0.351367 0.276172 0.516016 0.00144958
20 0.489746 0.671875 0.693945 0.590625 0.00144386
19 0.603906 0.628223 0.725 0.668555 0.00138283
0 0.118555 0.457031 0.237109 0.244531 0.00136662
17 0.563672 0.759375 0.497656 0.385938 0.00136662
4 0.16084 0.315234 0.32168 0.596875 0.00135612
6 0.491016 0.721094 0.661719 0.498437 0.00135136
5 0.118555 0.457031 0.237109 0.244531 0.00133514
7 0.494922 0.75625 0.533594 0.31875 0.00133514
5 0.494531 0.635547 0.701563 0.594531 0.00131989
2 0.407129 0.764453 0.368555 0.274219 0.00131989
12 0.124609 0.151562 0.249219 0.303125 0.00130939
2 0.563672 0.759375 0.497656 0.385938 0.00130463
20 0.603906 0.628223 0.725 0.668555 0.00129986
19 0.138086 0.351367 0.276172 0.516016 0.00129414
14 0.494531 0.635547 0.701563 0.594531 0.0012846
3 0.563672 0.759375 0.497656 0.385938 0.0012846
12 0.621094 0.405469 0.39375 0.573438 0.00126934
5 0.396191 0.728516 0.423242 0.366406 0.00123978
13 0.494922 0.75625 0.533594 0.31875 0.00123501
15 0.563672 0.759375 0.497656 0.385938 0.00123501
13 0.118555 0.457031 0.237109 0.244531 0.00123024
2 0.634766 0.8 0.330469 0.259375 0.00122547
3 0.502734 0.612402 0.727344 0.712695 0.00121593
2 0.396191 0.728516 0.423242 0.366406 0.00121593
19 0.118555 0.457031 0.237109 0.244531 0.00119686
20 0.44541 0.636328 0.49043 0.563281 0.00119686
7 0.381152 0.633984 0.576758 0.566406 0.00119209
4 0.115723 0.454004 0.231445 0.251367 0.00118351
7 0.118164 0.429688 0.236328 0.3375 0.00117874
4 0.392969 0.605566 0.73125 0.670117 0.00117874
19 0.485156 0.643848 0.846875 0.712305 0.00116062
13 0.407129 0.764453 0.368555 0.274219 0.00116062
6 0.381152 0.633984 0.576758 0.566406 0.00112915
5 0.485156 0.643848 0.846875 0.712305 0.00112915
17 0.485156 0.643848 0.846875 0.712305 0.00112915
22 0.44541 0.636328 0.49043 0.563281 0.0011158
0 0.407129 0.764453 0.368555 0.274219 0.0011158
15 0.392969 0.605566 0.73125 0.670117 0.00110722
14 0.392969 0.605566 0.73125 0.670117 0.00109005
16 0.190625 0.321484 0.38125 0.642969 0.00108624
17 0.392969 0.605566 0.73125 0.670117 0.00107288
5 0.603906 0.628223 0.725 0.668555 0.00107288
7 0.603906 0.628223 0.725 0.668555 0.00106907
23 0.634766 0.8 0.330469 0.259375 0.00106907
18 0.396191 0.728516 0.423242 0.366406 0.00106525
2 0.44541 0.636328 0.49043 0.563281 0.00104809
23 0.138086 0.351367 0.276172 0.516016 0.00102806
7 0.407129 0.764453 0.368555 0.274219 0.00101662
2 0.489746 0.671875 0.693945 0.590625 0.00100803
13 0.521191 0.620703 0.54043 0.636719 0.0106506
12 0.567969 0.612598 0.620313 0.679492 0.00787354
11 0.503516 0.612109 0.564844 0.592969 0.00666809
13 0.58125 0.599609 0.76875 0.747656 0.00391388
1 0.572559 0.586328 0.595508 0.700781 0.00300407
11 0.58125 0.599609 0.76875 0.747656 0.0024147
16 0.503516 0.612109 0.564844 0.592969 0.00219154
12 0.48916 0.616016 0.556055 0.596094 0.00210762
11 0.533203 0.354492 0.577344 0.645703 0.00209999
1 0.520703 0.370508 0.571094 0.619922 0.00209999
14 0.533203 0.354492 0.577344 0.645703 0.00206757
7 0.503516 0.612109 0.564844 0.592969 0.00194168
6 0.503516 0.612109 0.564844 0.592969 0.00186729
12 0.54375 0.629785 0.834375 0.74043 0.00171375
12 0.520703 0.370508 0.571094 0.619922 0.00165462
17 0.572559 0.586328 0.595508 0.700781 0.00151253
19 0.503516 0.612109 0.564844 0.592969 0.00141621
0 0.467969 0.213672 0.570312 0.427344 0.00139904
3 0.521191 0.620703 0.54043 0.636719 0.00138283
23 0.503516 0.612109 0.564844 0.592969 0.00134563
14 0.567969 0.612598 0.620313 0.679492 0.00131989
15 0.53584 0.621094 0.683008 0.65625 0.00129414
13 0.633203 0.678906 0.733594 0.642188 0.00129414
4 0.503516 0.612109 0.564844 0.592969 0.00126934
12 0.633203 0.678906 0.733594 0.642188 0.00124931
4 0.533203 0.354492 0.577344 0.645703 0.0012064
13 0.533203 0.354492 0.577344 0.645703 0.00112057
24 0.503516 0.612109 0.564844 0.592969 0.0011034
0 0.503516 0.612109 0.564844 0.592969 0.00108624
15 0.533203 0.354492 0.577344 0.645703 0.00107765
21 0.828906 0.289844 0.292188 0.39375 0.00104809
1 0.596484 0.39209 0.386719 0.55332 0.00104046
19 0.445703 0.397266 0.289844 0.38125 0.00103188
19 0.419141 0.232373 0.270313 0.389941 0.00100803
13 0.484277 0.584277 0.456445 0.637695 0.0311432
12 0.478906 0.560156 0.423438 0.653125 0.025177
12 0.578027 0.563184 0.656445 0.723633 0.0224609
13 0.569629 0.587891 0.660742 0.671094 0.0174408
12 0.380859 0.58916 0.663281 0.649805 0.00891876
1 0.817187 0.376563 0.365625 0.501563 0.00769424
1 0.478906 0.560156 0.423438 0.653125 0.00728989
1 0.525098 0.545215 0.60293 0.786133 0.00605011
11 0.599219 0.583203 0.679688 0.744531 0.00600433
21 0.817187 0.376563 0.365625 0.501563 0.00598145
17 0.478906 0.560156 0.423438 0.653125 0.00598145
8 0.817187 0.376563 0.365625 0.501563 0.005867
5 0.817187 0.376563 0.365625 0.501563 0.00521851
12 0.451953 0.552344 0.750781 0.810938 0.00460815
11 0.484277 0.584277 0.456445 0.637695 0.0042305
6 0.480859 0.600781 0.502344 0.6 0.00419998
13 0.380859 0.58916 0.663281 0.649805 0.00407028
6 0.449121 0.745703 0.326758 0.275781 0.00407028
16 0.480859 0.600781 0.502344 0.6 0.00388527
17 0.525098 0.545215 0.60293 0.786133 0.00367928
15 0.563379 0.594531 0.648242 0.729688 0.00356483
1 0.180469 0.275195 0.360938 0.550391 0.00335121
19 0.817187 0.376563 0.365625 0.501563 0.00324821
12 0.638672 0.6 0.491406 0.657813 0.00324821
22 0.827734 0.407813 0.344531 0.571094 0.00317192
13 0.639063 0.641016 0.453125 0.533594 0.00271416
14 0.599219 0.583203 0.679688 0.744531 0.00265312
1 0.861328 0.289844 0.277344 0.323438 0.00253105
15 0.480859 0.600781 0.502344 0.6 0.00247192
22 0.180469 0.275195 0.360938 0.550391 0.00245285
3 0.478906 0.560156 0.423438 0.653125 0.0024147
22 0.478906 0.560156 0.423438 0.653125 0.00235939
1 0.170313 0.221094 0.340625 0.442188 0.00234222
12 0.124805 0.113477 0.249609 0.226953 0.00231361
22 0.525098 0.545215 0.60293 0.786133 0.00224304
12 0.583203 0.645312 0.736719 0.709375 0.00219917
13 0.451953 0.552344 0.750781 0.810938 0.00211525
11 0.817187 0.376563 0.365625 0.501563 0.00206757
0 0.480859 0.600781 0.502344 0.6 0.00206757
6 0.550684 0.617969 0.695508 0.653125 0.00201988
3 0.817187 0.376563 0.365625 0.501563 0.00200272
17 0.817187 0.376563 0.365625 0.501563 0.0019722
12 0.528809 0.354688 0.59082 0.709375 0.00194931
10 0.817187 0.376563 0.365625 0.501563 0.00191212
11 0.496484 0.371875 0.666406 0.7375 0.00189686
16 0.569629 0.587891 0.660742 0.671094 0.00189686
16 0.449121 0.745703 0.326758 0.275781 0.00189686
13 0.180859 0.274609 0.361719 0.549219 0.00183868
0 0.449121 0.745703 0.326758 0.275781 0.00177479
1 0.638672 0.6 0.491406 0.657813 0.00175476
22 0.825 0.334424 0.35 0.391309 0.00174809
4 0.599219 0.583203 0.679688 0.744531 0.00167465
7 0.480859 0.600781 0.502344 0.6 0.00165462
4 0.480859 0.600781 0.502344 0.6 0.00160408
12 0.681152 0.637598 0.637695 0.60918 0.0015974
12 0.167773 0.124023 0.335547 0.248047 0.00158501
21 0.170313 0.221094 0.340625 0.442188 0.00154877
11 0.180664 0.272656 0.361328 0.545313 0.00153637
1 0.162891 0.153516 0.325781 0.307031 0.00151253
3 0.578027 0.563184 0.656445 0.723633 0.00151253
23 0.480859 0.600781 0.502344 0.6 0.00150108
25 0.478906 0.560156 0.423438 0.653125 0.00148964
8 0.170313 0.221094 0.340625 0.442188 0.00147247
12 0.180859 0.274609 0.361719 0.549219 0.00142097
25 0.578027 0.563184 0.656445 0.723633 0.00142097
20 0.599219 0.583203 0.679688 0.744531 0.00142097
6 0.529297 0.664062 0.508594 0.485938 0.00142097
14 0.484277 0.584277 0.456445 0.637695 0.00139904
1 0.804102 0.2625 0.391797 0.380469 0.00137234
13 0.681152 0.637598 0.637695 0.60918 0.00137234
1 0.10293 0.128711 0.205859 0.257422 0.00135612
19 0.484277 0.584277 0.456445 0.637695 0.00135612
22 0.170313 0.221094 0.340625 0.442188 0.00132465
11 0.639063 0.641016 0.453125 0.533594 0.00132465
21 0.10293 0.128711 0.205859 0.257422 0.00121593
12 0.333594 0.628125 0.667188 0.74375 0.00121593
13 0.502734 0.350781 0.652344 0.701563 0.00121117
13 0.124805 0.113477 0.249609 0.226953 0.00120163
2 0.599219 0.583203 0.679688 0.744531 0.00118828
12 0.513672 0.482715 0.616406 0.711133 0.00117874
24 0.597754 0.594141 0.682617 0.678906 0.00117397
17 0.170313 0.221094 0.340625 0.442188 0.0011425
17 0.180469 0.275195 0.360938 0.550391 0.00112438
7 0.550684 0.617969 0.695508 0.653125 0.00109863
0 0.563379 0.594531 0.648242 0.729688 0.00109482
21 0.162891 0.153516 0.325781 0.307031 0.00107765
20 0.478906 0.560156 0.423438 0.653125 0.00107765
19 0.180469 0.275195 0.360938 0.550391 0.00107288
5 0.170313 0.221094 0.340625 0.442188 0.00106525
15 0.496484 0.371875 0.666406 0.7375 0.00105286
13 0.110742 0.276172 0.221484 0.520312 0.00104809
21 0.180469 0.275195 0.360938 0.550391 0.00104427
11 0.170313 0.221094 0.340625 0.442188 0.00103188
5 0.180469 0.275195 0.360938 0.550391 0.00102425
12 0.602344 0.594531 0.646875 0.714063 0.672363
12 0.472656 0.583691 0.596875 0.657617 0.313232
13 0.602344 0.594531 0.646875 0.714063 0.185913
13 0.472656 0.583691 0.596875 0.657617 0.11084
12 0.469141 0.549219 0.892969 0.901563 0.0472412
17 0.600391 0.579688 0.614844 0.710938 0.0438538
12 0.540723 0.615723 0.437305 0.632617 0.0420837
25 0.600391 0.579688 0.614844 0.710938 0.0381775
1 0.586328 0.550684 0.658594 0.764258 0.0378113
13 0.540723 0.615723 0.437305 0.632617 0.02211
22 0.586328 0.550684 0.658594 0.764258 0.0219421
12 0.191016 0.30625 0.382031 0.6125 0.0193481
15 0.602344 0.594531 0.646875 0.714063 0.0192719
12 0.574609 0.464844 0.646094 0.76875 0.0183411
13 0.469141 0.549219 0.892969 0.901563 0.0133286
17 0.516797 0.551562 0.685156 0.803125 0.0122375
12 0.428027 0.707422 0.29707 0.366406 0.011734
12 0.111914 0.350391 0.223828 0.475 0.0116425
13 0.191016 0.30625 0.382031 0.6125 0.0091629
12 0.549902 0.369531 0.539258 0.639063 0.00905609
12 0.277148 0.347656 0.554297 0.695312 0.00834656
16 0.608203 0.597266 0.624219 0.697656 0.00763702
15 0.51709 0.608984 0.508008 0.605469 0.00751877
13 0.111914 0.350391 0.223828 0.475 0.00728989
1 0.469141 0.549219 0.892969 0.901563 0.00717545
4 0.60166 0.573047 0.623242 0.713281 0.00619125
22 0.557813 0.393359 0.578125 0.692969 0.00609589
13 0.428027 0.707422 0.29707 0.366406 0.00609589
17 0.564453 0.633691 0.369531 0.582617 0.00598145
25 0.516797 0.551562 0.685156 0.803125 0.00564194
11 0.602344 0.594531 0.646875 0.714063 0.0055542
12 0.488672 0.383984 0.588281 0.767969 0.00542831
13 0.574609 0.464844 0.646094 0.76875 0.00524139
1 0.562891 0.446973 0.571094 0.668555 0.00521851
12 0.367578 0.672656 0.425781 0.446875 0.00510025
25 0.564453 0.633691 0.369531 0.582617 0.00498199
20 0.605859 0.554297 0.691406 0.778906 0.00486755
3 0.600391 0.579688 0.614844 0.710938 0.00479126
17 0.574609 0.464844 0.646094 0.76875 0.00466537
14 0.600391 0.579688 0.614844 0.710938 0.00429916
6 0.608203 0.597266 0.624219 0.697656 0.00416565
15 0.428027 0.707422 0.29707 0.366406 0.0041008
15 0.564453 0.633691 0.369531 0.582617 0.0041008
1 0.472656 0.583691 0.596875 0.657617 0.00402451
13 0.269727 0.309766 0.539453 0.619531 0.00400543
16 0.472656 0.583691 0.596875 0.657617 0.00391388
17 0.469141 0.549219 0.892969 0.901563 0.00383949
15 0.494434 0.552734 0.711133 0.744531 0.00379562
1 0.555371 0.33125 0.561133 0.647656 0.0037365
1 0.214648 0.293359 0.429297 0.586719 0.00342941
15 0.415625 0.599316 0.555469 0.62168 0.00341606
12 0.330859 0.422266 0.661719 0.844531 0.00340271
6 0.428027 0.707422 0.29707 0.366406 0.00337601
12 0.607031 0.636328 0.44375 0.602344 0.00335121
6 0.564453 0.633691 0.369531 0.582617 0.00323486
11 0.494434 0.552734 0.711133 0.744531 0.00309944
12 0.469141 0.440625 0.785156 0.88125 0.00287819
6 0.51709 0.608984 0.508008 0.605469 0.00286674
1 0.585156 0.807617 0.234375 0.294141 0.0028553
13 0.549902 0.369531 0.539258 0.639063 0.00277901
17 0.446094 0.571191 0.622656 0.68418 0.00275803
17 0.428027 0.707422 0.29707 0.366406 0.00261116
17 0.214648 0.293359 0.429297 0.586719 0.00259018
17 0.51709 0.608984 0.508008 0.605469 0.00257111
6 0.425098 0.776758 0.245117 0.265234 0.00257111
8 0.585156 0.807617 0.234375 0.294141 0.00254059
3 0.516797 0.551562 0.685156 0.803125 0.00251198
16 0.540723 0.615723 0.437305 0.632617 0.00251198
6 0.555078 0.784375 0.300781 0.282813 0.00244331
13 0.317188 0.368359 0.634375 0.736719 0.00240517
12 0.512109 0.298828 0.497656 0.597656 0.00234985
17 0.590234 0.79082 0.229687 0.271484 0.00232315
21 0.605859 0.554297 0.691406 0.778906 0.00228691
1 0.0984375 0.469141 0.196875 0.29375 0.00227928
24 0.602344 0.594531 0.646875 0.714063 0.00226974
4 0.516797 0.551562 0.685156 0.803125 0.00223351
12 0.11377 0.112109 0.227539 0.224219 0.00214958
13 0.101758 0.437109 0.203516 0.321094 0.00208282
4 0.540723 0.615723 0.437305 0.632617 0.00208282
25 0.574609 0.464844 0.646094 0.76875 0.00206757
23 0.526953 0.584375 0.594531 0.667188 0.00206757
17 0.122949 0.342578 0.245898 0.483594 0.00203514
16 0.428027 0.707422 0.29707 0.366406 0.00203514
17 0.552734 0.379785 0.560156 0.65918 0.00201988
1 0.564453 0.633691 0.369531 0.582617 0.00195694
11 0.415625 0.599316 0.555469 0.62168 0.00194168
17 0.101758 0.437109 0.203516 0.321094 0.00188255
13 0.367578 0.672656 0.425781 0.446875 0.00184631
13 0.488672 0.383984 0.588281 0.767969 0.00183105
4 0.428027 0.707422 0.29707 0.366406 0.00183105
5 0.602344 0.594531 0.646875 0.714063 0.00181007
13 0.607031 0.636328 0.44375 0.602344 0.00178909
12 0.101758 0.437109 0.203516 0.321094 0.00176144
2 0.600781 0.575781 0.65 0.726562 0.00175476
1 0.555078 0.784375 0.300781 0.282813 0.00175476
22 0.469141 0.549219 0.892969 0.901563 0.00173378
22 0.512891 0.316992 0.488281 0.598828 0.00171375
1 0.122949 0.342578 0.245898 0.483594 0.00171375
14 0.494434 0.552734 0.711133 0.744531 0.00169373
25 0.51709 0.608984 0.508008 0.605469 0.00168705
1 0.428027 0.707422 0.29707 0.366406 0.00161648
1 0.628125 0.610547 0.492188 0.666406 0.00160408
21 0.585156 0.807617 0.234375 0.294141 0.00157928
5 0.585156 0.807617 0.234375 0.294141 0.00157356
25 0.469141 0.549219 0.892969 0.901563 0.00153637
9 0.564453 0.633691 0.369531 0.582617 0.00152493
11 0.574609 0.464844 0.646094 0.76875 0.00150108
23 0.428027 0.707422 0.29707 0.366406 0.00150108
9 0.555078 0.784375 0.300781 0.282813 0.00150108
22 0.590234 0.79082 0.229687 0.271484 0.00150108
12 0.160742 0.122266 0.321484 0.244531 0.00146675
23 0.540723 0.615723 0.437305 0.632617 0.00145531
6 0.516797 0.551562 0.685156 0.803125 0.00141048
14 0.564453 0.633691 0.369531 0.582617 0.00141048
16 0.425098 0.776758 0.245117 0.265234 0.00141048
1 0.301953 0.333203 0.603906 0.666406 0.00138283
4 0.555078 0.784375 0.300781 0.282813 0.00138283
20 0.526953 0.584375 0.594531 0.667188 0.00136662
11 0.469141 0.549219 0.892969 0.901563 0.00135612
24 0.540723 0.615723 0.437305 0.632617 0.00134563
22 0.173047 0.276953 0.346094 0.553906 0.00134087
3 0.574609 0.464844 0.646094 0.76875 0.00134087
15 0.469141 0.549219 0.892969 0.901563 0.00134087
25 0.590234 0.79082 0.229687 0.271484 0.00133514
25 0.446094 0.571191 0.622656 0.68418 0.00133038
0 0.425098 0.776758 0.245117 0.265234 0.00130463
19 0.567187 0.573535 0.603125 0.695117 0.00127411
20 0.540723 0.615723 0.437305 0.632617 0.00127411
21 0.547559 0.459766 0.687695 0.858594 0.00126457
13 0.555078 0.784375 0.300781 0.282813 0.00126457
0 0.590234 0.79082 0.229687 0.271484 0.00125504
4 0.469141 0.549219 0.892969 0.901563 0.0012064
25 0.428027 0.707422 0.29707 0.366406 0.0012064
5 0.472656 0.583691 0.596875 0.657617 0.00120163
11 0.51709 0.608984 0.508008 0.605469 0.00119686
11 0.552734 0.379785 0.560156 0.65918 0.00118828
16 0.517969 0.778125 0.34375 0.290625 0.00117874
1 0.114063 0.195898 0.228125 0.391797 0.00116539
22 0.472656 0.583691 0.596875 0.657617 0.00116062
8 0.555078 0.784375 0.300781 0.282813 0.00115585
15 0.122949 0.342578 0.245898 0.483594 0.00112438
20 0.547559 0.459766 0.687695 0.858594 0.0011158
0 0.428027 0.707422 0.29707 0.366406 0.0011158
15 0.176074 0.292969 0.352148 0.585938 0.00110722
14 0.51709 0.608984 0.508008 0.605469 0.00110722
5 0.540723 0.615723 0.437305 0.632617 0.00109482
0 0.51709 0.608984 0.508008 0.605469 0.00109005
11 0.616797 0.598047 0.471094 0.578906 0.00107765
15 0.517969 0.778125 0.34375 0.290625 0.00107288
5 0.555078 0.784375 0.300781 0.282813 0.00107288
9 0.628809 0.598437 0.626758 0.684375 0.00106049
15 0.460156 0.774609 0.288281 0.283594 0.00105667
24 0.472656 0.583691 0.596875 0.657617 0.00103664
15 0.642188 0.649219 0.445312 0.601562 0.00103664
4 0.425098 0.776758 0.245117 0.265234 0.00103188
22 0.564453 0.633691 0.369531 0.582617 0.00102425
22 0.101758 0.437109 0.203516 0.321094 0.00100803
11 0.214648 0.293359 0.429297 0.586719 0.00100422
12 0.520703 0.605371 0.761719 0.756445 0.156616
13 0.563379 0.604004 0.749805 0.757617 0.138428
13 0.451953 0.592188 0.610156 0.665625 0.0823975
12 0.164062 0.147363 0.328125 0.294727 0.0505066
12 0.423828 0.593848 0.642188 0.673242 0.0430298
13 0.58125 0.625 0.573438 0.63125 0.0231476
13 0.164062 0.147363 0.328125 0.294727 0.0195618
12 0.58125 0.625 0.573438 0.63125 0.0162811
13 0.205859 0.300391 0.411719 0.600781 0.0133286
12 0.205859 0.300391 0.411719 0.600781 0.0117798
13 0.435156 0.579688 0.814063 0.776563 0.0115967
8 0.89375 0.339063 0.2125 0.404687 0.00723267
22 0.532031 0.350977 0.585938 0.698047 0.00664139
1 0.532031 0.350977 0.585938 0.698047 0.00651169
12 0.534766 0.381641 0.592969 0.69375 0.00638962
12 0.238867 0.163477 0.477734 0.326953 0.00629044
12 0.159766 0.153906 0.319531 0.307813 0.0055542
22 0.207227 0.269922 0.351172 0.539844 0.00486755
22 0.195898 0.284961 0.391797 0.569922 0.00413513
8 0.904688 0.337549 0.190625 0.388184 0.00411606
13 0.534766 0.381641 0.592969 0.69375 0.00405502
13 0.159766 0.153906 0.319531 0.307813 0.00392914
13 0.238867 0.163477 0.477734 0.326953 0.00374985
17 0.89375 0.339063 0.2125 0.404687 0.00332451
12 0.474121 0.335547 0.708008 0.671094 0.00328636
13 0.201172 0.289453 0.402344 0.578906 0.00322342
12 0.186328 0.157422 0.372656 0.314844 0.00321007
21 0.89375 0.339063 0.2125 0.404687 0.00321007
1 0.207227 0.269922 0.351172 0.539844 0.00290108
17 0.532031 0.350977 0.585938 0.698047 0.00268364
1 0.904688 0.337549 0.190625 0.388184 0.00265312
17 0.904688 0.337549 0.190625 0.388184 0.00265312
12 0.430469 0.650781 0.380469 0.5 0.00263214
1 0.464746 0.311914 0.704883 0.623828 0.00251198
8 0.881836 0.394922 0.236328 0.552344 0.00245285
1 0.89375 0.339063 0.2125 0.404687 0.0024147
22 0.897266 0.373437 0.205469 0.504687 0.00217438
5 0.89375 0.339063 0.2125 0.404687 0.00211525
13 0.430469 0.650781 0.380469 0.5 0.00211525
17 0.881836 0.394922 0.236328 0.552344 0.00206757
1 0.517969 0.557813 0.725 0.846875 0.0020504
12 0.542871 0.521094 0.633008 0.820312 0.0019722
17 0.561328 0.583203 0.764844 0.816406 0.00196457
13 0.542871 0.521094 0.633008 0.820312 0.00194931
17 0.207227 0.269922 0.351172 0.539844 0.00193405
22 0.904688 0.337549 0.190625 0.388184 0.00188923
11 0.485938 0.355859 0.690625 0.711719 0.00187492
13 0.474121 0.335547 0.708008 0.671094 0.00186729
22 0.881836 0.394922 0.236328 0.552344 0.00185299
22 0.464746 0.311914 0.704883 0.623828 0.00183105
12 0.198828 0.274219 0.397656 0.548438 0.00179577
15 0.164062 0.147363 0.328125 0.294727 0.00176811
11 0.89375 0.339063 0.2125 0.404687 0.00175476
22 0.648828 0.395313 0.283594 0.555469 0.00174809
21 0.881836 0.394922 0.236328 0.552344 0.0017271
15 0.520703 0.605371 0.761719 0.756445 0.00171375
21 0.904688 0.337549 0.190625 0.388184 0.0016613
11 0.881836 0.394922 0.236328 0.552344 0.00161648
14 0.444531 0.244141 0.673438 0.488281 0.00157928
22 0.235156 0.239258 0.251563 0.478516 0.00151253
1 0.881836 0.394922 0.236328 0.552344 0.00150108
10 0.89375 0.339063 0.2125 0.404687 0.0014267
22 0.241797 0.313477 0.276563 0.548047 0.00142097
1 0.195898 0.284961 0.391797 0.569922 0.00141621
11 0.201172 0.289453 0.402344 0.578906 0.00141621
5 0.881836 0.394922 0.236328 0.552344 0.00141048
11 0.450781 0.275781 0.68125 0.551562 0.00138855
15 0.441406 0.25293 0.689063 0.505859 0.00136185
13 0.186328 0.157422 0.372656 0.314844 0.00135612
12 0.33457 0.187109 0.669141 0.374219 0.00134087
22 0.551562 0.366602 0.464063 0.533984 0.00133514
5 0.904688 0.337549 0.190625 0.388184 0.00131989
13 0.2375 0.317578 0.475 0.635156 0.00130939
13 0.646875 0.404785 0.295312 0.543555 0.00129414
10 0.881836 0.394922 0.236328 0.552344 0.00128937
20 0.532031 0.350977 0.585938 0.698047 0.0012846
11 0.520703 0.605371 0.761719 0.756445 0.00121593
12 0.646875 0.404785 0.295312 0.543555 0.00119686
15 0.58125 0.625 0.573438 0.63125 0.00119686
1 0.235156 0.239258 0.251563 0.478516 0.0011692
22 0.517969 0.557813 0.725 0.846875 0.00116539
11 0.904688 0.337549 0.190625 0.388184 0.00115108
12 0.551562 0.366602 0.464063 0.533984 0.00112438
21 0.532031 0.350977 0.585938 0.698047 0.00112438
21 0.207227 0.269922 0.351172 0.539844 0.00108147
17 0.174414 0.147852 0.348828 0.295703 0.00107288
3 0.904688 0.337549 0.190625 0.388184 0.00106049
12 0.512109 0.25957 0.530469 0.519141 0.00104809
17 0.464746 0.311914 0.704883 0.623828 0.00104427
0 0.444531 0.244141 0.673438 0.488281 0.00101662
13 0.555469 0.591797 0.582812 0.710156 0.484375
13 0.489453 0.595996 0.396875 0.64082 0.381104
12 0.563672 0.571094 0.557031 0.701563 0.318359
12 0.489453 0.595996 0.396875 0.64082 0.129395
13 0.646875 0.619531 0.396875 0.646875 0.0324707
12 0.646875 0.619531 0.396875 0.646875 0.03125
11 0.167578 0.405859 0.335156 0.416406 0.0091629
11 0.21582 0.360547 0.431641 0.532031 0.00898743
22 0.853516 0.383594 0.292969 0.534375 0.00828552
12 0.727344 0.633691 0.545313 0.645117 0.00695801
13 0.4125 0.595703 0.6 0.680469 0.00664139
12 0.393848 0.564063 0.741992 0.8 0.0064888
12 0.4125 0.595703 0.6 0.680469 0.00614548
11 0.287891 0.401563 0.575781 0.628906 0.00609589
13 0.727344 0.633691 0.545313 0.645117 0.00582123
8 0.853516 0.383594 0.292969 0.534375 0.00568771
12 0.633984 0.583984 0.732031 0.832031 0.00530243
1 0.853516 0.383594 0.292969 0.534375 0.00479126
21 0.853516 0.383594 0.292969 0.534375 0.00475693
12 0.524902 0.380859 0.525195 0.525781 0.00466537
17 0.853516 0.383594 0.292969 0.534375 0.00388527
13 0.393848 0.564063 0.741992 0.8 0.00388527
1 0.21582 0.360547 0.431641 0.532031 0.00382423
1 0.633984 0.583984 0.732031 0.832031 0.00372124
8 0.287891 0.401563 0.575781 0.628906 0.00367928
8 0.21582 0.360547 0.431641 0.532031 0.00353813
1 0.575879 0.572559 0.612305 0.795508 0.00352478
13 0.489941 0.687109 0.40293 0.441406 0.00345612
1 0.287891 0.401563 0.575781 0.628906 0.00338936
5 0.853516 0.383594 0.292969 0.534375 0.00332451
11 0.351562 0.480078 0.703125 0.802344 0.00329781
13 0.633984 0.583984 0.732031 0.832031 0.00318527
19 0.853516 0.383594 0.292969 0.534375 0.00298119
8 0.167578 0.405859 0.335156 0.416406 0.00293541
22 0.287891 0.401563 0.575781 0.628906 0.00286674
22 0.563672 0.571094 0.557031 0.701563 0.00253105
11 0.853516 0.383594 0.292969 0.534375 0.00243378
5 0.167578 0.405859 0.335156 0.416406 0.00236893
19 0.167578 0.405859 0.335156 0.416406 0.00228691
5 0.21582 0.360547 0.431641 0.532031 0.00213242
22 0.21582 0.360547 0.431641 0.532031 0.00211525
17 0.565625 0.580469 0.5875 0.745313 0.00201988
17 0.21582 0.360547 0.431641 0.532031 0.00200272
19 0.21582 0.360547 0.431641 0.532031 0.0019722
17 0.287891 0.401563 0.575781 0.628906 0.00194168
22 0.351562 0.480078 0.703125 0.802344 0.00194168
12 0.294141 0.203125 0.588281 0.40625 0.00192642
1 0.167578 0.405859 0.335156 0.416406 0.00192642
16 0.167578 0.405859 0.335156 0.416406 0.00191879
22 0.494434 0.573828 0.406445 0.664844 0.00186729
1 0.351562 0.480078 0.703125 0.802344 0.00181007
5 0.287891 0.401563 0.575781 0.628906 0.00176144
8 0.351562 0.480078 0.703125 0.802344 0.00176144
12 0.489941 0.687109 0.40293 0.441406 0.00163555
3 0.21582 0.360547 0.431641 0.532031 0.00153637
21 0.21582 0.360547 0.431641 0.532031 0.0015192
25 0.565625 0.580469 0.5875 0.745313 0.0014782
22 0.255469 0.328906 0.510938 0.626563 0.00147247
11 0.13457 0.441016 0.269141 0.339844 0.00140476
17 0.351562 0.480078 0.703125 0.802344 0.00132465
13 0.21582 0.360547 0.431641 0.532031 0.00128937
15 0.565625 0.580469 0.5875 0.745313 0.00127411
3 0.287891 0.401563 0.575781 0.628906 0.00126457
21 0.287891 0.401563 0.575781 0.628906 0.00118828
14 0.573047 0.564941 0.616406 0.78418 0.00118828
19 0.287891 0.401563 0.575781 0.628906 0.00116062
1 0.494434 0.573828 0.406445 0.664844 0.00116062
17 0.881641 0.366992 0.236719 0.469922 0.00113392
22 0.881641 0.366992 0.236719 0.469922 0.00109482
3 0.167578 0.405859 0.335156 0.416406 0.00105667
17 0.494434 0.573828 0.406445 0.664844 0.00105667
17 0.167578 0.405859 0.335156 0.416406 0.00104046
13 0.287891 0.401563 0.575781 0.628906 0.00103664
13 0.294141 0.203125 0.588281 0.40625 0.00103188
17 0.633984 0.583984 0.732031 0.832031 0.00102043
3 0.853516 0.383594 0.292969 0.534375 0.00101662
12 0.567578 0.570703 0.574219 0.717969 0.631836
13 0.567578 0.570703 0.574219 0.717969 0.560059
12 0.597656 0.574219 0.771875 0.834375 0.137085
13 0.597656 0.574219 0.771875 0.834375 0.119629
12 0.433203 0.539062 0.836719 0.884375 0.0335999
13 0.433203 0.539062 0.836719 0.884375 0.0223694
12 0.432813 0.593066 0.579688 0.666992 0.0109863
13 0.432813 0.593066 0.579688 0.666992 0.00985718
22 0.568652 0.538184 0.61582 0.798633 0.00800323
12 0.698438 0.596875 0.603125 0.721875 0.00653839
15 0.554297 0.601953 0.552344 0.661719 0.00638962
13 0.652734 0.698438 0.361719 0.479688 0.00547028
13 0.568359 0.656641 0.486719 0.577344 0.00540543
12 0.568359 0.656641 0.486719 0.577344 0.00438309
13 0.698438 0.596875 0.603125 0.721875 0.00428009
12 0.652734 0.698438 0.361719 0.479688 0.00358009
1 0.568652 0.538184 0.61582 0.798633 0.00353813
15 0.595703 0.567969 0.666406 0.790625 0.00201035
17 0.568652 0.538184 0.61582 0.798633 0.00186062
22 0.859961 0.455859 0.280078 0.463281 0.00150681
13 0.216406 0.298633 0.432813 0.597266 0.00146675
12 0.729297 0.671875 0.541406 0.567187 0.00143814
23 0.554297 0.601953 0.552344 0.661719 0.00141048
11 0.595703 0.567969 0.666406 0.790625 0.00137806
11 0.535254 0.56416 0.526367 0.699805 0.00137234
12 0.532031 0.367578 0.56875 0.592969 0.00134087
12 0.535547 0.461328 0.635156 0.794531 0.00133038
12 0.194922 0.295117 0.389844 0.590234 0.00131512
1 0.859961 0.455859 0.280078 0.463281 0.00126934
25 0.568652 0.538184 0.61582 0.798633 0.00115108
13 0.499219 0.628516 0.525 0.571094 0.00100803
12 0.551562 0.553516 0.704688 0.824219 0.792969
13 0.551562 0.553516 0.704688 0.824219 0.618652
13 0.581152 0.638672 0.561133 0.635156 0.0572815
12 0.521094 0.386914 0.634375 0.773828 0.0477905
13 0.450781 0.575391 0.732813 0.752344 0.033844
12 0.553125 0.641309 0.542188 0.62832 0.0227966
13 0.149609 0.280078 0.299219 0.560156 0.014389
12 0.523535 0.319531 0.510742 0.582812 0.0143356
12 0.450781 0.575391 0.732813 0.752344 0.0138474
15 0.515625 0.64541 0.554688 0.598242 0.0128708
12 0.463281 0.537109 0.892188 0.925781 0.0122375
13 0.513281 0.450781 0.6875 0.901563 0.0109863
22 0.850586 0.386035 0.298828 0.531055 0.0104523
13 0.665625 0.595703 0.66875 0.727344 0.0102081
1 0.850586 0.386035 0.298828 0.531055 0.00985718
13 0.463281 0.537109 0.892188 0.925781 0.00891876
1 0.488965 0.422656 0.72207 0.845313 0.00818634
1 0.5625 0.539844 0.739062 0.907813 0.00723267
15 0.538281 0.583984 0.704688 0.763281 0.00723267
13 0.113281 0.292383 0.226562 0.560547 0.00653839
17 0.858594 0.369336 0.282813 0.468359 0.00564194
12 0.149609 0.280078 0.299219 0.560156 0.00542831
12 0.520703 0.422266 0.511719 0.611719 0.00482941
12 0.665625 0.595703 0.66875 0.727344 0.00481033
8 0.858594 0.369336 0.282813 0.468359 0.00460815
13 0.501953 0.333203 0.459375 0.540625 0.00453949
22 0.5625 0.539844 0.739062 0.907813 0.00362206
15 0.521777 0.771875 0.401758 0.328125 0.00359344
17 0.562109 0.549219 0.707031 0.89375 0.00342941
12 0.194922 0.16582 0.389844 0.331641 0.00335121
13 0.194922 0.16582 0.389844 0.331641 0.00319672
13 0.504297 0.646094 0.564844 0.557813 0.00318527
13 0.175 0.306055 0.35 0.612109 0.00286674
12 0.175 0.306055 0.35 0.612109 0.00284576
13 0.520703 0.422266 0.511719 0.611719 0.00276756
15 0.481934 0.401563 0.731445 0.803125 0.00257111
11 0.518359 0.585547 0.678906 0.741406 0.00251198
21 0.858594 0.369336 0.282813 0.468359 0.00232315
6 0.508594 0.763672 0.41875 0.325781 0.00232315
5 0.858594 0.369336 0.282813 0.468359 0.00216484
25 0.563672 0.560938 0.671094 0.815625 0.00216484
23 0.538281 0.583984 0.704688 0.763281 0.00216484
21 0.719922 0.676562 0.236719 0.34375 0.0020752
12 0.113281 0.292383 0.226562 0.560547 0.00203514
17 0.488965 0.422656 0.72207 0.845313 0.0019722
2 0.551562 0.553516 0.704688 0.824219 0.0019722
22 0.488965 0.422656 0.72207 0.845313 0.00186062
21 0.89375 0.427734 0.2125 0.371094 0.00161648
14 0.488965 0.422656 0.72207 0.845313 0.00153065
0 0.508594 0.763672 0.41875 0.325781 0.00149536
1 0.866406 0.339404 0.267188 0.397754 0.00124931
24 0.515625 0.64541 0.554688 0.598242 0.00124454
19 0.850586 0.386035 0.298828 0.531055 0.00119686
25 0.481934 0.401563 0.731445 0.803125 0.00118828
11 0.538281 0.636719 0.54375 0.639063 0.0011692
14 0.5625 0.539844 0.739062 0.907813 0.0011158
3 0.858594 0.369336 0.282813 0.468359 0.00110722
22 0.880664 0.356836 0.238672 0.444141 0.00107288
12 0.548535 0.562598 0.593555 0.77793 0.98584
13 0.548535 0.562598 0.593555 0.77793 0.94873
13 0.490625 0.608203 0.596875 0.627344 0.116333
15 0.537109 0.59834 0.611719 0.72832 0.0755615
13 0.542578 0.661719 0.485156 0.571875 0.0715942
12 0.484277 0.466016 0.63457 0.586719 0.0350037
1 0.560156 0.510547 0.629687 0.880469 0.0288696
12 0.528125 0.434375 0.659375 0.84375 0.0272675
12 0.490625 0.608203 0.596875 0.627344 0.0230713
25 0.553516 0.522656 0.603906 0.823438 0.0204163
12 0.542578 0.661719 0.485156 0.571875 0.0183411
15 0.542578 0.661719 0.485156 0.571875 0.0180511
17 0.554297 0.571484 0.613281 0.763281 0.0123825
22 0.560156 0.510547 0.629687 0.880469 0.0107346
12 0.436719 0.521875 0.832812 0.909375 0.00734711
13 0.484277 0.466016 0.63457 0.586719 0.0064888
23 0.537109 0.59834 0.611719 0.72832 0.00629044
21 0.829688 0.335938 0.284375 0.396875 0.00575256
13 0.436719 0.521875 0.832812 0.909375 0.00551224
15 0.519434 0.735938 0.418945 0.404687 0.00471878
2 0.548535 0.562598 0.593555 0.77793 0.00419998
12 0.617969 0.5625 0.764063 0.873438 0.00408554
13 0.593652 0.650098 0.69082 0.641992 0.00403976
15 0.528125 0.434375 0.659375 0.84375 0.00392914
13 0.602344 0.533984 0.3875 0.444531 0.00363541
12 0.630469 0.498828 0.31875 0.382812 0.00349617
13 0.617969 0.5625 0.764063 0.873438 0.00329781
13 0.567187 0.451562 0.69375 0.903125 0.00316048
1 0.531934 0.542188 0.525195 0.653125 0.00311089
12 0.602344 0.533984 0.3875 0.444531 0.00302696
24 0.537109 0.59834 0.611719 0.72832 0.0029583
12 0.529297 0.371094 0.560156 0.632812 0.00293541
6 0.519434 0.735938 0.418945 0.404687 0.00223351
14 0.553516 0.522656 0.603906 0.823438 0.00221634
13 0.630469 0.498828 0.31875 0.382812 0.00183105
15 0.529297 0.371094 0.560156 0.632812 0.00176811
17 0.528125 0.434375 0.659375 0.84375 0.0015974
4 0.566406 0.477344 0.657813 0.903125 0.00158501
15 0.620703 0.597656 0.758594 0.804688 0.00146675
11 0.554297 0.571484 0.613281 0.763281 0.00140476
15 0.454004 0.552344 0.731055 0.801562 0.00137806
12 0.593652 0.650098 0.69082 0.641992 0.00130463
22 0.531934 0.542188 0.525195 0.653125 0.00127888
12 0.610156 0.451562 0.370313 0.501563 0.00118828
15 0.484277 0.466016 0.63457 0.586719 0.00112057
1 0.484277 0.466016 0.63457 0.586719 0.00107288
21 0.560156 0.510547 0.629687 0.880469 0.00106049
12 0.535547 0.557031 0.744531 0.876563 0.294922
13 0.517578 0.584375 0.664844 0.765625 0.265137
13 0.528125 0.555859 0.815625 0.888281 0.0888062
13 0.578906 0.660156 0.553125 0.60625 0.0393372
13 0.450879 0.601953 0.424805 0.630469 0.0306702
12 0.517871 0.586035 0.581445 0.699805 0.0290833
12 0.450879 0.601953 0.424805 0.630469 0.00619125
13 0.39834 0.719922 0.275195 0.375781 0.005867
15 0.504785 0.635938 0.637305 0.692187 0.00426483
12 0.578906 0.660156 0.553125 0.60625 0.00345612
13 0.625 0.713281 0.434375 0.492188 0.00309944
15 0.475 0.651953 0.469531 0.549219 0.00235939
15 0.535547 0.557031 0.744531 0.876563 0.00143242
12 0.520312 0.395703 0.640625 0.767969 0.00131989
12 0.39834 0.719922 0.275195 0.375781 0.00106525
12 0.575 0.570312 0.748438 0.84375 0.910645
13 0.575 0.570312 0.748438 0.84375 0.67334
12 0.527734 0.465625 0.653906 0.885938 0.0587769
13 0.539062 0.599219 0.579688 0.725 0.0330811
15 0.575 0.570312 0.748438 0.84375 0.0147324
12 0.521484 0.460938 0.560156 0.610938 0.0121002
1 0.557422 0.537109 0.685156 0.925781 0.0119629
25 0.575 0.570312 0.748438 0.84375 0.00861359
12 0.539062 0.599219 0.579688 0.725 0.00857544
13 0.646973 0.625684 0.674805 0.67207 0.00588989
12 0.457715 0.550391 0.72832 0.836719 0.00488663
13 0.457715 0.550391 0.72832 0.836719 0.00457382
17 0.575 0.570312 0.748438 0.84375 0.00388527
12 0.551562 0.368945 0.540625 0.674609 0.00340271
13 0.541406 0.473047 0.626563 0.935156 0.00337601
2 0.575 0.570312 0.748438 0.84375 0.00261116
15 0.527734 0.465625 0.653906 0.885938 0.00201988
22 0.567969 0.551172 0.714063 0.897656 0.00152493
14 0.557031 0.560156 0.745313 0.879687 0.00132465
13 0.521484 0.460938 0.560156 0.610938 0.0011692
12 0.536328 0.566406 0.686719 0.845313 0.841797
13 0.549609 0.591406 0.669531 0.746875 0.784668
13 0.578906 0.670703 0.473438 0.553906 0.150024
13 0.428027 0.623047 0.401758 0.561719 0.149048
12 0.62041 0.600391 0.55293 0.746094 0.0409851
12 0.510156 0.608203 0.576563 0.614844 0.0394897
12 0.428027 0.623047 0.401758 0.561719 0.0146179
13 0.485156 0.525 0.845313 0.90625 0.0120087
13 0.466016 0.659375 0.527344 0.509375 0.00695801
15 0.536328 0.566406 0.686719 0.845313 0.00588989
13 0.636328 0.618652 0.452344 0.673633 0.00542831
13 0.435547 0.575 0.535937 0.682813 0.00516129
12 0.435547 0.575 0.535937 0.682813 0.00498199
12 0.578906 0.670703 0.473438 0.553906 0.00446701
15 0.505078 0.653809 0.649219 0.612695 0.00436401
13 0.394141 0.677734 0.391406 0.453906 0.00418091
12 0.394141 0.677734 0.391406 0.453906 0.00258064
25 0.552734 0.566406 0.675781 0.845313 0.00211525
15 0.62041 0.600391 0.55293 0.746094 0.00195694
23 0.529297 0.593848 0.688281 0.756055 0.00143242
13 0.146484 0.376953 0.292969 0.382031 0.00138855
12 0.541797 0.444531 0.638281 0.829688 0.00136185
17 0.584766 0.575 0.646094 0.825 0.00127888
13 0.65 0.471777 0.301563 0.418945 0.00125504
13 0.114453 0.363672 0.228906 0.321094 0.00123978
12 0.517578 0.575 0.724219 0.85 0.716797
13 0.517578 0.575 0.724219 0.85 0.481445
13 0.56875 0.660547 0.546875 0.597656 0.0603027
12 0.484766 0.429688 0.802344 0.859375 0.0512695
13 0.438672 0.599121 0.603125 0.661133 0.0227203
15 0.523828 0.649902 0.589844 0.656445 0.0195007
12 0.494629 0.382227 0.643555 0.764453 0.014061
12 0.524609 0.633594 0.603906 0.68125 0.00841522
12 0.438672 0.599121 0.603125 0.661133 0.00706482
13 0.484766 0.429688 0.802344 0.859375 0.00559998
15 0.524316 0.758594 0.498242 0.39375 0.00492477
15 0.517578 0.575 0.724219 0.85 0.00379562
1 0.484766 0.429688 0.802344 0.859375 0.00201988
13 0.530078 0.398047 0.636719 0.710156 0.00186062
12 0.556641 0.342187 0.494531 0.611719 0.00162315
11 0.0914062 0.478027 0.182812 0.304883 0.00103188
12 0.526563 0.556641 0.6625 0.857031 0.964355
13 0.548047 0.560938 0.671094 0.860938 0.716309
13 0.635938 0.576563 0.728125 0.846875 0.0212097
13 0.515234 0.594922 0.592969 0.671094 0.0174408
12 0.635938 0.576563 0.728125 0.846875 0.0161591
12 0.409375 0.533984 0.81875 0.889844 0.0088501
13 0.409375 0.533984 0.81875 0.889844 0.00818634
15 0.526563 0.556641 0.6625 0.857031 0.00740433
13 0.618848 0.617871 0.599805 0.701758 0.00365067
12 0.59541 0.604297 0.57168 0.711719 0.00269318
12 0.542969 0.339258 0.557813 0.593359 0.00239754
1 0.540625 0.53125 0.667188 0.890625 0.00152493
23 0.526563 0.556641 0.6625 0.857031 0.00131989
15 0.635938 0.576563 0.728125 0.846875 0.00116062
25 0.548047 0.560938 0.671094 0.860938 0.00112915
11 0.409375 0.533984 0.81875 0.889844 0.0011158
12 0.609375 0.41084 0.78125 0.764258 0.0011034
13 0.197266 0.298828 0.394531 0.597656 0.00105667
12 0.557129 0.571875 0.588867 0.764063 0.884766
13 0.562598 0.58291 0.581055 0.743555 0.309814
15 0.553809 0.608496 0.583008 0.731445 0.0122375
12 0.536719 0.574219 0.807813 0.80625 0.00277901
12 0.549121 0.601172 0.620508 0.786719 0.598145
13 0.549121 0.601172 0.620508 0.786719 0.395996
15 0.550391 0.599316 0.625781 0.774805 0.00184631
12 0.583594 0.578906 0.751563 0.842188 0.537109
13 0.583594 0.578906 0.751563 0.842188 0.250244
12 0.453125 0.539844 0.90625 0.8875 0.0133286
15 0.552344 0.578516 0.734375 0.836719 0.0132217
13 0.441797 0.565234 0.878906 0.825781 0.00955963
12 0.547656 0.353125 0.559375 0.70625 0.00723267
13 0.654688 0.608691 0.690625 0.773242 0.00714874
12 0.535254 0.436719 0.645117 0.873438 0.00595856
12 0.464844 0.594922 0.742188 0.744531 0.00246239
15 0.542578 0.672656 0.510156 0.582812 0.00165462
1 0.555566 0.521094 0.773242 0.939063 0.00160408
12 0.485938 0.320898 0.421875 0.572266 0.00153637
13 0.582422 0.635254 0.622656 0.67168 0.00124931
12 0.363281 0.544531 0.726562 0.8375 0.00123501
11 0.646484 0.583984 0.707031 0.832031 0.00108147
17 0.596973 0.553125 0.77168 0.89375 0.00105667
12 0.544922 0.560938 0.672656 0.835938 0.660156
13 0.565625 0.566406 0.665625 0.829688 0.297363
15 0.55625 0.578027 0.65625 0.770508 0.014389
13 0.485938 0.528906 0.885938 0.895312 0.00709534
1 0.518848 0.525391 0.710742 0.949219 0.00534439
12 0.521191 0.373437 0.60918 0.746875 0.00484848
13 0.448438 0.583594 0.452344 0.6375 0.00416565
12 0.645312 0.583984 0.709375 0.791406 0.00221634
11 0.593848 0.569531 0.699805 0.832812 0.00174809
12 0.55625 0.574219 0.729688 0.851562 0.216675
13 0.55625 0.574219 0.729688 0.851562 0.0797729
15 0.574121 0.5875 0.695508 0.767188 0.0255585
15 0.54541 0.652734 0.524805 0.575781 0.0214539
15 0.550781 0.725 0.389062 0.434375 0.012825
13 0.561719 0.755078 0.31875 0.374219 0.00955963
12 0.54541 0.652734 0.524805 0.575781 0.00874329
12 0.550781 0.725 0.389062 0.434375 0.00674438
12 0.582812 0.757031 0.285938 0.370313 0.00322342
13 0.533203 0.577344 0.580469 0.692187 0.0024147
15 0.582812 0.757031 0.285938 0.370313 0.00174141
12 0.535156 0.558984 0.620313 0.803906 0.831055
13 0.535156 0.558984 0.620313 0.803906 0.527344
12 0.510938 0.525781 0.88125 0.878125 0.0526123
13 0.510938 0.525781 0.88125 0.878125 0.0509033
15 0.523438 0.665234 0.442188 0.539844 0.0206451
13 0.484277 0.595703 0.492383 0.617969 0.0142822
15 0.53916 0.583496 0.581055 0.731445 0.0115051
1 0.535547 0.535156 0.675781 0.929688 0.00937653
13 0.518652 0.684766 0.420508 0.513281 0.00706482
12 0.546875 0.356641 0.548438 0.7 0.00498199
12 0.386133 0.532031 0.772266 0.878125 0.00419998
13 0.5875 0.718359 0.296875 0.435156 0.00365067
12 0.524219 0.671484 0.444531 0.539844 0.00208282
13 0.386133 0.532031 0.772266 0.878125 0.00200272
15 0.545703 0.541797 0.755469 0.853906 0.00198746
11 0.519531 0.6 0.53125 0.665625 0.00175476
17 0.549609 0.567578 0.719531 0.811719 0.00167465
6 0.508691 0.775 0.368555 0.3125 0.00161076
12 0.593652 0.468066 0.64082 0.77168 0.00139427
25 0.549609 0.567578 0.719531 0.811719 0.00125504
24 0.523438 0.665234 0.442188 0.539844 0.00125504
12 0.484277 0.595703 0.492383 0.617969 0.00108624
12 0.5625 0.586816 0.55 0.70293 0.403564
13 0.564063 0.585254 0.590625 0.737305 0.133911
12 0.533984 0.647559 0.455469 0.575195 0.00284576
12 0.544434 0.454004 0.570508 0.77168 0.00233269
15 0.563379 0.583984 0.651367 0.747656 0.00226974
15 0.546875 0.610254 0.504687 0.666992 0.00208282
12 0.594922 0.562598 0.714844 0.781055 0.00176811
13 0.533984 0.647559 0.455469 0.575195 0.00101185
12 0.540234 0.56875 0.632031 0.807813 0.5
13 0.546484 0.578223 0.639844 0.79043 0.421631
13 0.478125 0.535937 0.878125 0.85625 0.00971222
12 0.478125 0.535937 0.878125 0.85625 0.00871277
15 0.548535 0.60166 0.601367 0.732617 0.00636292
13 0.626465 0.620215 0.537695 0.69082 0.00234222
13 0.44375 0.574609 0.657813 0.713281 0.00227928
13 0.566309 0.657031 0.556445 0.582812 0.00192642
15 0.516406 0.542188 0.773438 0.81875 0.0014782
11 0.525781 0.564063 0.745313 0.810938 0.00139427
12 0.44375 0.574609 0.657813 0.713281 0.00129414
12 0.626465 0.620215 0.537695 0.69082 0.00113773
17 0.55625 0.58584 0.657813 0.77207 0.00102806
12 0.546484 0.557422 0.605469 0.824219 0.46582
13 0.5625 0.564844 0.61875 0.814063 0.288574
15 0.5625 0.564844 0.61875 0.814063 0.0134277
12 0.529004 0.339453 0.557617 0.678906 0.00871277
1 0.197852 0.258008 0.341797 0.516016 0.0039444
17 0.569141 0.566016 0.658594 0.827344 0.00237846
12 0.533984 0.541406 0.735156 0.917188 0.690918
13 0.548047 0.555078 0.702344 0.841406 0.332031
12 0.55625 0.586719 0.6375 0.742188 0.110107
15 0.55625 0.586719 0.6375 0.742188 0.0213623
13 0.473438 0.534375 0.917188 0.929688 0.00666809
15 0.533984 0.541406 0.735156 0.917188 0.00575256
1 0.531152 0.527344 0.73457 0.945312 0.00484848
11 0.512109 0.551953 0.769531 0.827344 0.00183868
15 0.521875 0.660156 0.49375 0.565625 0.00128937
17 0.572656 0.560156 0.720313 0.835938 0.0011425
12 0.552441 0.542188 0.60293 0.83125 0.581543
13 0.55 0.555469 0.609375 0.810938 0.321777
12 0.533594 0.325 0.517188 0.567187 0.0189819
13 0.526172 0.591406 0.457031 0.639063 0.0121918
12 0.526172 0.591406 0.457031 0.639063 0.00861359
1 0.555078 0.526563 0.614844 0.8625 0.00367928
15 0.567969 0.572754 0.604688 0.74668 0.00317192
12 0.553125 0.416016 0.553125 0.700781 0.00253105
13 0.483594 0.521484 0.870313 0.888281 0.00134563
12 0.555566 0.553125 0.599805 0.828125 0.684082
13 0.555566 0.553125 0.599805 0.828125 0.24292
15 0.559473 0.671875 0.499805 0.553125 0.0528259
15 0.562891 0.603906 0.558594 0.709375 0.0391846
12 0.559473 0.671875 0.499805 0.553125 0.0184784
13 0.57666 0.658691 0.54043 0.588867 0.00538635
2 0.562891 0.603906 0.558594 0.709375 0.00141621
23 0.559473 0.671875 0.499805 0.553125 0.00126457
12 0.546875 0.575 0.590625 0.78125 0.319092
13 0.546875 0.575 0.590625 0.78125 0.258301
15 0.554688 0.586621 0.55 0.736133 0.0441895
15 0.532129 0.664844 0.454492 0.535937 0.026062
13 0.501172 0.571484 0.871094 0.857031 0.0178528
12 0.546094 0.560938 0.776563 0.85 0.00561905
11 0.488672 0.544531 0.925781 0.910937 0.00388527
11 0.579688 0.585059 0.601562 0.729883 0.00325966
15 0.532422 0.560938 0.707031 0.81875 0.003088
12 0.429688 0.547656 0.859375 0.892188 0.00178909
17 0.579688 0.585059 0.601562 0.729883 0.00159168
15 0.488672 0.544531 0.925781 0.910937 0.00147247
13 0.614062 0.572656 0.771875 0.803125 0.00137806
2 0.546875 0.575 0.590625 0.78125 0.00137234
13 0.524902 0.677734 0.443945 0.530469 0.00128937
12 0.553809 0.56875 0.612695 0.8125 0.171021
13 0.553809 0.56875 0.612695 0.8125 0.0585632
15 0.564453 0.571875 0.628906 0.807813 0.00181007
13 0.564844 0.585059 0.632812 0.786133 0.448486
12 0.550781 0.581641 0.610938 0.794531 0.137939
15 0.564844 0.585059 0.632812 0.786133 0.00250244
13 0.536719 0.571094 0.635938 0.807813 0.49707
12 0.53916 0.55625 0.649805 0.8875 0.342529
15 0.558984 0.595313 0.588281 0.7625 0.0049057
11 0.558984 0.595313 0.588281 0.7625 0.00136185
1 0.544922 0.541016 0.644531 0.917969 0.00107288
17 0.558984 0.595313 0.588281 0.7625 0.00105667
13 0.551562 0.586719 0.575 0.720313 0.516602
12 0.550391 0.574316 0.571094 0.745117 0.085083
12 0.557031 0.56416 0.610938 0.791992 0.57959
13 0.557031 0.56416 0.610938 0.791992 0.450439
15 0.56416 0.566016 0.648242 0.792969 0.0024929
12 0.52041 0.364258 0.607617 0.721484 0.00114727
13 0.552441 0.58291 0.623242 0.763867 0.527344
12 0.549121 0.583203 0.618945 0.814844 0.23584
13 0.530859 0.698438 0.451562 0.4875 0.00498199
15 0.564063 0.586621 0.60625 0.720508 0.00232315
13 0.535254 0.621875 0.498242 0.557813 0.00103188
12 0.575781 0.623047 0.570312 0.657031 0.620605
13 0.555566 0.618359 0.560742 0.685156 0.368408
15 0.575781 0.623047 0.570312 0.657031 0.0182648
13 0.52959 0.683984 0.454883 0.544531 0.00400543
17 0.575781 0.623047 0.570312 0.657031 0.00164223
2 0.575781 0.623047 0.570312 0.657031 0.00121593
13 0.542188 0.579688 0.598437 0.734375 0.795898
12 0.551953 0.524609 0.624219 0.853906 0.0544128
12 0.571484 0.577344 0.566406 0.770312 0.400635
13 0.569922 0.575098 0.619531 0.756055 0.201782
15 0.569922 0.575098 0.619531 0.756055 0.00298119
12 0.546094 0.447266 0.6 0.877344 0.00142097
13 0.558984 0.593359 0.550781 0.713281 0.762207
12 0.563672 0.58916 0.575781 0.732617 0.0596619
13 0.566016 0.581641 0.592969 0.760156 0.299072
12 0.566797 0.586719 0.597656 0.753125 0.213379
15 0.558984 0.595313 0.567969 0.734375 0.00221634
13 0.550391 0.571875 0.627344 0.78125 0.419678
12 0.551953 0.569531 0.610156 0.804688 0.151001
13 0.550684 0.56709 0.629883 0.779883 0.556641
12 0.551172 0.5375 0.638281 0.91875 0.197388
15 0.55459 0.566406 0.625195 0.8 0.00106049
12 0.543359 0.540625 0.655469 0.890625 0.299805
13 0.540234 0.552734 0.663281 0.813281 0.162964
15 0.553516 0.556641 0.653906 0.821094 0.00198746
13 0.550879 0.567871 0.601367 0.762695 0.390381
12 0.548438 0.551562 0.5875 0.8 0.166138
13 0.563281 0.69375 0.5375 0.484375 0.00286674
15 0.553516 0.557422 0.611719 0.794531 0.00192642
9 0.530859 0.338477 0.516406 0.587109 0.00130463
13 0.557422 0.55791 0.603906 0.782617 0.373779
12 0.553027 0.55 0.612695 0.810938 0.347656
12 0.541504 0.444922 0.55293 0.707031 0.00695801
15 0.557422 0.55791 0.603906 0.782617 0.00142097
13 0.542969 0.574219 0.614062 0.754687 0.583984
12 0.558594 0.572266 0.617188 0.780469 0.462891
15 0.553027 0.59209 0.556445 0.72207 0.00293541
12 0.558203 0.548438 0.642969 0.809375 0.414795
13 0.552344 0.558203 0.629687 0.783594 0.240112
15 0.552246 0.573047 0.60332 0.777344 0.00656509
13 0.553125 0.552344 0.628125 0.81875 0.564941
12 0.561621 0.551562 0.65957 0.846875 0.11084
12 0.547656 0.453906 0.575 0.804688 0.00208282
13 0.560254 0.552246 0.538867 0.779883 0.524414
12 0.560254 0.552246 0.538867 0.779883 0.0438538
13 0.559277 0.723437 0.493945 0.43125 0.0281067
12 0.559277 0.723437 0.493945 0.43125 0.00624084
15 0.562402 0.567578 0.54707 0.749219 0.00115108
12 0.535156 0.563672 0.604688 0.789844 0.432129
13 0.541016 0.572754 0.611719 0.754492 0.172729
13 0.556641 0.555859 0.574219 0.782031 0.495117
12 0.54375 0.546875 0.59375 0.809375 0.106689
13 0.559473 0.568066 0.556055 0.756055 0.389648
12 0.551465 0.561719 0.551758 0.776563 0.306641
15 0.560156 0.565234 0.575 0.780469 0.00185299
13 0.551562 0.560938 0.559375 0.76875 0.149048
12 0.551562 0.560938 0.559375 0.76875 0.0806274
13 0.541406 0.566309 0.554688 0.750195 0.880371
12 0.53125 0.559473 0.60625 0.787305 0.0161591
13 0.560547 0.556152 0.571094 0.783008 0.545898
12 0.55625 0.5625 0.58125 0.778125 0.15979
13 0.539844 0.547266 0.610938 0.808594 0.10376
12 0.539844 0.547266 0.610938 0.808594 0.0276947
13 0.538184 0.559277 0.579883 0.767383 0.395996
12 0.538184 0.559277 0.579883 0.767383 0.0587769
13 0.535937 0.711328 0.5375 0.444531 0.0572815
12 0.535937 0.711328 0.5375 0.444531 0.00337601
13 0.565625 0.568359 0.553125 0.758594 0.511719
12 0.565625 0.568359 0.553125 0.758594 0.199341
15 0.564941 0.568359 0.568555 0.757031 0.00498199
13 0.546484 0.572559 0.544531 0.73457 0.460938
12 0.546484 0.572559 0.544531 0.73457 0.0409851
13 0.548828 0.566504 0.513281 0.745117 0.583984
12 0.548828 0.566504 0.513281 0.745117 0.0448608
13 0.552246 0.537109 0.558008 0.782031 0.614258
12 0.553516 0.561621 0.563281 0.751758 0.161865
12 0.549219 0.552344 0.589063 0.789062 0.405518
13 0.546973 0.533984 0.574805 0.835156 0.160767
13 0.552246 0.525391 0.548633 0.796094 0.358398
12 0.555078 0.546875 0.552344 0.78125 0.117981
15 0.560938 0.545703 0.565625 0.788281 0.00342941
13 0.535937 0.551953 0.575 0.775781 0.722656
12 0.544531 0.549902 0.598437 0.787695 0.0607605
13 0.536621 0.533496 0.561133 0.795508 0.716309
12 0.548535 0.559766 0.566992 0.764844 0.132568
13 0.533691 0.539062 0.595117 0.798438 0.406494
12 0.543359 0.535156 0.610156 0.807813 0.213989
13 0.539062 0.536719 0.565625 0.81875 0.424316
12 0.542578 0.553906 0.600781 0.792188 0.0481262
13 0.544922 0.548535 0.572656 0.79043 0.404541
12 0.548047 0.557129 0.572656 0.773242 0.122925
13 0.536816 0.548047 0.57168 0.777344 0.655762
12 0.539844 0.557715 0.603125 0.783008 0.135254
13 0.534375 0.563184 0.5625 0.75332 0.388672
12 0.534375 0.563184 0.5625 0.75332 0.1427
13 0.543652 0.566016 0.542383 0.749219 0.515625
12 0.543652 0.566016 0.542383 0.749219 0.083313
13 0.541016 0.546484 0.547656 0.775781 0.742188
12 0.545313 0.554004 0.573438 0.776367 0.0374756
13 0.539453 0.542188 0.536719 0.771875 0.676758
12 0.545703 0.560254 0.539844 0.757617 0.0387573
13 0.540234 0.539941 0.542969 0.791992 0.337158
12 0.546777 0.556152 0.548633 0.767383 0.0878906
13 0.539453 0.534375 0.549219 0.778125 0.680176
12 0.542969 0.555371 0.55 0.76582 0.0133286
13 0.533984 0.544434 0.553906 0.77207 0.63623
12 0.537109 0.560156 0.560156 0.759375 0.0343628
13 0.538184 0.538281 0.558008 0.792188 0.551758
12 0.544531 0.552246 0.554688 0.773633 0.0560303
13 0.540527 0.555371 0.55957 0.77207 0.623535
12 0.540527 0.555371 0.55957 0.77207 0.0299835
13 0.537891 0.530371 0.546094 0.798633 0.513672
12 0.545703 0.554004 0.542969 0.77168 0.024231
13 0.536719 0.525781 0.567187 0.823438 0.52832
12 0.542188 0.546875 0.56875 0.7875 0.0419312
13 0.537891 0.536621 0.557031 0.79082 0.610352
12 0.545215 0.553906 0.558008 0.773438 0.0566406
13 0.543066 0.541406 0.537305 0.771875 0.687012
12 0.552344 0.558203 0.5375 0.761719 0.0568542
13 0.540527 0.538379 0.543945 0.779492 0.722656
12 0.548047 0.55625 0.547656 0.765625 0.0497742
13 0.537598 0.535547 0.549805 0.794531 0.671387
12 0.542188 0.556152 0.557813 0.768945 0.0440063
13 0.536328 0.536035 0.549219 0.787305 0.612305
12 0.536816 0.538184 0.551367 0.779883 0.0451965
13 0.536621 0.540234 0.543945 0.778906 0.719238
12 0.541016 0.555859 0.547656 0.766406 0.0296478
13 0.536719 0.546875 0.542188 0.760938 0.70166
12 0.54209 0.558984 0.543945 0.757031 0.0394897
13 0.539062 0.547754 0.53125 0.75918 0.676758
12 0.544531 0.559277 0.53125 0.756445 0.0545959
13 0.538184 0.543848 0.539258 0.77168 0.650391
12 0.542871 0.557813 0.54082 0.760938 0.0596619
13 0.539453 0.539941 0.539844 0.77793 0.666504
12 0.543848 0.556934 0.538867 0.762695 0.0562439
13 0.539453 0.541406 0.535156 0.775 0.666504
12 0.545313 0.557813 0.532813 0.759375 0.0541992
13 0.539453 0.539941 0.536719 0.77793 0.674805
12 0.544141 0.557129 0.536719 0.762305 0.0456848
13 0.539941 0.539941 0.537305 0.776367 0.653809
12 0.544922 0.55625 0.538281 0.7625 0.0545959
13 0.539844 0.542188 0.535937 0.770312 0.680176
12 0.544922 0.557129 0.536719 0.760742 0.0483093
13 0.539844 0.541406 0.535937 0.773438 0.652344
12 0.545215 0.556934 0.537695 0.761133 0.0509033
13 0.539844 0.541406 0.535937 0.773438 0.664551
12 0.544629 0.557129 0.537305 0.760742 0.0526123
13 0.540234 0.542188 0.535156 0.771875 0.680176
12 0.544629 0.557715 0.535742 0.75957 0.0465393
13 0.539844 0.541406 0.535937 0.773438 0.657715
12 0.544141 0.558203 0.536719 0.760156 0.0509033
13 0.539844 0.539844 0.5375 0.776563 0.655762
12 0.544629 0.55625 0.538867 0.7625 0.0544128
