3 0.517188 0.561328 0.378125 0.491406 0.0124283
11 0.519922 0.557031 0.374219 0.479688 0.0113297
11 0.544922 0.607813 0.497656 0.604688 0.00926971
14 0.528906 0.549609 0.350781 0.458594 0.00740433
20 0.517188 0.561328 0.378125 0.491406 0.0068779
11 0.627734 0.655078 0.710156 0.689844 0.00534439
19 0.5375 0.540527 0.300781 0.404883 0.00439835
3 0.627734 0.655078 0.710156 0.689844 0.00432968
11 0.633984 0.6125 0.732031 0.775 0.0039444
3 0.561719 0.587891 0.876563 0.824219 0.00365067
17 0.538379 0.523828 0.341992 0.399219 0.00363541
3 0.660742 0.583984 0.678516 0.560156 0.00362206
11 0.561719 0.587891 0.876563 0.824219 0.0036068
11 0.492969 0.612891 0.492188 0.774219 0.0036068
5 0.561719 0.587891 0.876563 0.824219 0.00332451
5 0.627734 0.655078 0.710156 0.689844 0.00319672
14 0.627734 0.655078 0.710156 0.689844 0.00282288
11 0.670313 0.566406 0.659375 0.554688 0.00279999
19 0.463672 0.811719 0.296875 0.376563 0.00271416
19 0.523828 0.607422 0.313281 0.385156 0.00268364
9 0.519922 0.557031 0.374219 0.479688 0.00265312
14 0.561719 0.587891 0.876563 0.824219 0.00247192
11 0.576563 0.744141 0.784375 0.511719 0.00230598
11 0.5 0.566406 1 0.867188 0.00228691
20 0.627734 0.655078 0.710156 0.689844 0.00227928
14 0.544922 0.607813 0.497656 0.604688 0.00221634
0 0.538379 0.523828 0.341992 0.399219 0.00218201
11 0.480859 0.627344 0.961719 0.745313 0.00211525
8 0.538379 0.523828 0.341992 0.399219 0.00209999
9 0.492969 0.612891 0.492188 0.774219 0.00203514
1 0.517188 0.561328 0.378125 0.491406 0.00201035
9 0.574219 0.636328 0.851562 0.727344 0.00201035
19 0.424316 0.85918 0.310742 0.281641 0.00198746
3 0.492969 0.612891 0.492188 0.774219 0.00195694
20 0.492969 0.612891 0.492188 0.774219 0.00195694
5 0.5 0.58584 0.414844 0.550195 0.00192642
2 0.538379 0.523828 0.341992 0.399219 0.00186729
11 0.509473 0.699219 0.79043 0.601562 0.00183868
3 0.634375 0.530859 0.73125 0.813281 0.00182438
4 0.574219 0.636328 0.851562 0.727344 0.00179577
5 0.5 0.566406 1 0.867188 0.00175476
19 0.488281 0.753125 0.292188 0.4125 0.00172043
11 0.634375 0.530859 0.73125 0.813281 0.00159168
4 0.523438 0.745703 0.74375 0.508594 0.00154305
14 0.670313 0.566406 0.659375 0.554688 0.00153637
20 0.561719 0.587891 0.876563 0.824219 0.00152493
5 0.492969 0.612891 0.492188 0.774219 0.00149536
14 0.492969 0.612891 0.492188 0.774219 0.00146675
9 0.544922 0.607813 0.497656 0.604688 0.00141048
7 0.143066 0.107813 0.286133 0.215625 0.00138855
3 0.544922 0.607813 0.497656 0.604688 0.00138855
0 0.660742 0.583984 0.678516 0.560156 0.00135612
19 0.566406 0.480566 0.296875 0.316992 0.00133038
2 0.544922 0.607813 0.497656 0.604688 0.00132465
5 0.437109 0.737109 0.678906 0.525781 0.00132465
19 0.511719 0.698047 0.29375 0.386719 0.00131512
11 0.142383 0.118945 0.284766 0.237891 0.00130463
14 0.142969 0.0921875 0.285938 0.184375 0.00129986
11 0.437109 0.737109 0.678906 0.525781 0.00128937
20 0.544922 0.607813 0.497656 0.604688 0.00127411
0 0.634375 0.530859 0.73125 0.813281 0.00126934
3 0.498437 0.597656 0.996875 0.804688 0.00126457
14 0.507031 0.651172 0.889063 0.697656 0.00125504
5 0.143164 0.15127 0.286328 0.302539 0.00123501
10 0.517188 0.561328 0.378125 0.491406 0.00121593
9 0.627734 0.655078 0.710156 0.689844 0.00121117
14 0.5 0.546875 1 0.90625 0.00118828
9 0.523438 0.745703 0.74375 0.508594 0.0011692
9 0.14541 0.111621 0.29082 0.223242 0.00116062
1 0.492969 0.612891 0.492188 0.774219 0.00115108
5 0.143066 0.107813 0.286133 0.215625 0.0011425
25 0.538379 0.523828 0.341992 0.399219 0.0011425
11 0.408984 0.784375 0.499219 0.43125 0.00106907
5 0.525781 0.537109 0.359375 0.438281 0.00105286
11 0.449219 0.696484 0.898438 0.607031 0.00100422
22 0.489844 0.580469 0.451562 0.56875 0.966797
17 0.496875 0.548438 0.444531 0.471875 0.878906
17 0.461621 0.610938 0.526758 0.621875 0.823242
22 0.419922 0.646094 0.639844 0.707812 0.782715
17 0.419922 0.646094 0.639844 0.707812 0.680664
17 0.364648 0.692773 0.701953 0.614453 0.638672
22 0.54209 0.552344 0.398633 0.5 0.631836
22 0.331055 0.721875 0.639453 0.55625 0.550781
20 0.496875 0.548438 0.444531 0.471875 0.546875
20 0.461621 0.610938 0.526758 0.621875 0.464844
22 0.541797 0.642578 0.497656 0.714844 0.462891
3 0.496875 0.548438 0.444531 0.471875 0.445557
22 0.400098 0.674805 0.674805 0.650391 0.42627
17 0.430078 0.617188 0.786719 0.765625 0.424316
17 0.407422 0.516016 0.725 0.897656 0.398926
3 0.461621 0.610938 0.526758 0.621875 0.360352
22 0.500781 0.691406 0.75625 0.617188 0.337158
22 0.407422 0.516016 0.725 0.897656 0.323486
22 0.365625 0.760156 0.499219 0.479688 0.279053
20 0.419922 0.646094 0.639844 0.707812 0.262939
3 0.419922 0.646094 0.639844 0.707812 0.2323
11 0.461621 0.610938 0.526758 0.621875 0.223999
22 0.407813 0.607813 0.815625 0.784375 0.210815
22 0.615723 0.638281 0.732617 0.723437 0.206909
17 0.500781 0.691406 0.75625 0.617188 0.194946
19 0.532031 0.508203 0.30625 0.390625 0.188354
22 0.423047 0.559277 0.613281 0.543945 0.180664
17 0.541797 0.642578 0.497656 0.714844 0.145142
14 0.419922 0.646094 0.639844 0.707812 0.142212
22 0.630469 0.582812 0.739062 0.834375 0.137939
17 0.365625 0.760156 0.499219 0.479688 0.136108
14 0.461621 0.610938 0.526758 0.621875 0.132935
11 0.419922 0.646094 0.639844 0.707812 0.129395
1 0.461621 0.610938 0.526758 0.621875 0.124207
20 0.331055 0.721875 0.639453 0.55625 0.110474
17 0.615723 0.638281 0.732617 0.723437 0.0994873
17 0.391406 0.422266 0.782813 0.844531 0.093689
1 0.496875 0.548438 0.444531 0.471875 0.092041
14 0.501172 0.536035 0.429688 0.437305 0.0894775
17 0.365234 0.553906 0.730469 0.892188 0.0856934
3 0.331055 0.721875 0.639453 0.55625 0.0820923
17 0.325781 0.770508 0.651563 0.458984 0.0797729
25 0.510547 0.538965 0.396875 0.461133 0.0769653
22 0.801562 0.314844 0.359375 0.615625 0.0766602
8 0.426172 0.603027 0.6125 0.59082 0.0766602
20 0.383594 0.553906 0.767188 0.892188 0.0739746
22 0.391406 0.422266 0.782813 0.844531 0.0665894
1 0.331055 0.721875 0.639453 0.55625 0.064209
14 0.363867 0.710938 0.727734 0.578125 0.0632324
1 0.419922 0.646094 0.639844 0.707812 0.0630493
22 0.700391 0.346875 0.597656 0.69375 0.062561
14 0.407422 0.516016 0.725 0.897656 0.0618896
20 0.40791 0.665625 0.774805 0.66875 0.0614319
11 0.496875 0.548438 0.444531 0.471875 0.0605164
8 0.496875 0.548438 0.444531 0.471875 0.053009
10 0.419922 0.646094 0.639844 0.707812 0.0528259
10 0.496875 0.548438 0.444531 0.471875 0.0522461
21 0.532031 0.508203 0.30625 0.390625 0.0518494
17 0.700391 0.346875 0.597656 0.69375 0.0505066
22 0.365234 0.553906 0.730469 0.892188 0.0501404
3 0.407422 0.516016 0.725 0.897656 0.0467224
10 0.461621 0.610938 0.526758 0.621875 0.0450134
22 0.341016 0.765039 0.682031 0.469922 0.0445251
17 0.630469 0.582812 0.739062 0.834375 0.0422363
0 0.496875 0.548438 0.444531 0.471875 0.0406799
1 0.430078 0.617188 0.786719 0.765625 0.0383301
22 0.660937 0.617188 0.678125 0.765625 0.0383301
17 0.801562 0.314844 0.359375 0.615625 0.0372009
22 0.84375 0.316797 0.3125 0.601562 0.0372009
17 0.419141 0.419141 0.630469 0.811719 0.0368958
3 0.400098 0.674805 0.674805 0.650391 0.0368958
22 0.376563 0.794922 0.466406 0.410156 0.0366211
22 0.832031 0.251758 0.284375 0.476172 0.0358276
22 0.34375 0.331055 0.6875 0.662109 0.035675
13 0.419922 0.646094 0.639844 0.707812 0.0352783
22 0.645312 0.332422 0.709375 0.664844 0.032959
17 0.660937 0.617188 0.678125 0.765625 0.0319824
14 0.430078 0.617188 0.786719 0.765625 0.0318604
17 0.832031 0.251758 0.284375 0.476172 0.0314941
1 0.383594 0.553906 0.767188 0.892188 0.031311
22 0.408594 0.336328 0.817187 0.672656 0.03125
17 0.45 0.370313 0.846875 0.740625 0.0285492
1 0.386719 0.680469 0.773438 0.639063 0.0279541
17 0.645312 0.332422 0.709375 0.664844 0.0275879
17 0.349609 0.628906 0.699219 0.742188 0.0274811
17 0.641309 0.685938 0.717383 0.628125 0.0272675
8 0.333008 0.741211 0.666016 0.517578 0.0263519
17 0.334766 0.36543 0.669531 0.730859 0.0261536
8 0.424121 0.640625 0.69707 0.71875 0.0261536
22 0.641309 0.685938 0.717383 0.628125 0.0249939
3 0.365625 0.760156 0.499219 0.479688 0.0244293
11 0.333008 0.741211 0.666016 0.517578 0.0240479
20 0.367578 0.604297 0.735156 0.791406 0.0231476
14 0.354688 0.697656 0.578906 0.604688 0.0231476
13 0.355273 0.734375 0.710547 0.53125 0.0228882
3 0.407813 0.607813 0.815625 0.784375 0.0223694
20 0.541797 0.642578 0.497656 0.714844 0.0217743
22 0.515234 0.509766 0.39375 0.39375 0.0213623
3 0.541797 0.642578 0.497656 0.714844 0.0211182
22 0.672656 0.395703 0.654688 0.791406 0.0210419
3 0.500781 0.691406 0.75625 0.617188 0.0210419
20 0.365625 0.760156 0.499219 0.479688 0.0207214
1 0.341016 0.765039 0.682031 0.469922 0.0206451
0 0.426172 0.603027 0.6125 0.59082 0.0201721
20 0.362891 0.475 0.725781 0.934375 0.0200958
17 0.672656 0.395703 0.654688 0.791406 0.0200195
20 0.341016 0.765039 0.682031 0.469922 0.0194244
1 0.362891 0.475 0.725781 0.934375 0.0193787
8 0.389062 0.683594 0.778125 0.632812 0.0193481
22 0.419141 0.419141 0.630469 0.811719 0.0191193
22 0.766992 0.37207 0.466016 0.723047 0.0189819
8 0.407422 0.516016 0.725 0.897656 0.0183411
9 0.461621 0.610938 0.526758 0.621875 0.0183411
14 0.366992 0.579297 0.733984 0.841406 0.0183411
2 0.496875 0.548438 0.444531 0.471875 0.0178528
17 0.689844 0.560156 0.620313 0.879687 0.0178528
13 0.461621 0.610938 0.526758 0.621875 0.0173035
10 0.333008 0.741211 0.666016 0.517578 0.0171051
13 0.407422 0.516016 0.725 0.897656 0.0167847
17 0.84375 0.316797 0.3125 0.601562 0.0163422
22 0.349609 0.628906 0.699219 0.742188 0.0162811
22 0.515625 0.3125 0.846875 0.625 0.0162201
17 0.376563 0.794922 0.466406 0.410156 0.0161591
13 0.430078 0.617188 0.786719 0.765625 0.0159607
1 0.410938 0.423438 0.821875 0.846875 0.0155411
14 0.541797 0.642578 0.497656 0.714844 0.0154266
20 0.615723 0.638281 0.732617 0.723437 0.0152512
17 0.766406 0.246875 0.448438 0.49375 0.0149536
17 0.362109 0.291211 0.724219 0.582422 0.0149002
22 0.689844 0.560156 0.620313 0.879687 0.0148392
17 0.515625 0.3125 0.846875 0.625 0.0145569
17 0.320312 0.281641 0.640625 0.563281 0.0144501
1 0.365625 0.760156 0.499219 0.479688 0.0137405
5 0.419922 0.646094 0.639844 0.707812 0.0136337
14 0.363672 0.446094 0.727344 0.892188 0.0135345
22 0.558203 0.471484 0.674219 0.907031 0.0135345
20 0.410938 0.423438 0.821875 0.846875 0.0134277
1 0.349609 0.628906 0.699219 0.742188 0.0134277
19 0.47041 0.728906 0.291992 0.39375 0.0133286
9 0.496875 0.548438 0.444531 0.471875 0.0130234
11 0.328125 0.785156 0.584375 0.429688 0.0124817
3 0.341016 0.765039 0.682031 0.469922 0.0123825
13 0.496875 0.548438 0.444531 0.471875 0.0117798
1 0.339844 0.395313 0.679688 0.790625 0.0115967
25 0.461621 0.610938 0.526758 0.621875 0.0115967
22 0.266797 0.307813 0.533594 0.615625 0.0114212
20 0.443652 0.716992 0.62207 0.566016 0.0109482
14 0.419141 0.419141 0.630469 0.811719 0.0108185
11 0.407422 0.516016 0.725 0.897656 0.0108185
13 0.366992 0.579297 0.733984 0.841406 0.0107803
22 0.317383 0.393359 0.634766 0.786719 0.0106506
13 0.322852 0.755469 0.616016 0.489063 0.0106506
10 0.407422 0.516016 0.725 0.897656 0.0106125
21 0.488379 0.675 0.299805 0.353125 0.0104904
22 0.560938 0.38125 0.864062 0.7625 0.0100098
10 0.389062 0.683594 0.778125 0.632812 0.00997162
3 0.700391 0.346875 0.597656 0.69375 0.00978088
21 0.47041 0.728906 0.291992 0.39375 0.00974274
14 0.615723 0.638281 0.732617 0.723437 0.00963593
1 0.500781 0.691406 0.75625 0.617188 0.00955963
22 0.766406 0.246875 0.448438 0.49375 0.00933838
3 0.419141 0.419141 0.630469 0.811719 0.00926971
11 0.541797 0.642578 0.497656 0.714844 0.00919342
3 0.365234 0.553906 0.730469 0.892188 0.00912476
17 0.766992 0.37207 0.466016 0.723047 0.00905609
3 0.391406 0.422266 0.782813 0.844531 0.00905609
3 0.615723 0.638281 0.732617 0.723437 0.00905609
14 0.349609 0.653125 0.699219 0.69375 0.00898743
1 0.639941 0.664062 0.720117 0.671875 0.00898743
3 0.630469 0.582812 0.739062 0.834375 0.00894928
17 0.830469 0.184277 0.271875 0.368555 0.00878143
14 0.365625 0.760156 0.499219 0.479688 0.00871277
1 0.700391 0.346875 0.597656 0.69375 0.00867462
14 0.500781 0.691406 0.75625 0.617188 0.0086441
2 0.461621 0.610938 0.526758 0.621875 0.00844574
13 0.349609 0.653125 0.699219 0.69375 0.00844574
20 0.339844 0.395313 0.679688 0.790625 0.00837708
1 0.688477 0.419141 0.623047 0.838281 0.00837708
14 0.412891 0.396875 0.825781 0.79375 0.00831604
1 0.505469 0.375391 0.857813 0.750781 0.00818634
19 0.41875 0.836328 0.361719 0.327344 0.00806427
3 0.801562 0.314844 0.359375 0.615625 0.00793457
11 0.389062 0.683594 0.778125 0.632812 0.00790405
13 0.363672 0.446094 0.727344 0.892188 0.0078125
9 0.419922 0.646094 0.639844 0.707812 0.00775528
5 0.461621 0.610938 0.526758 0.621875 0.00763702
20 0.700391 0.346875 0.597656 0.69375 0.00754929
1 0.419141 0.419141 0.630469 0.811719 0.00746155
1 0.664062 0.600391 0.671875 0.799219 0.00743103
11 0.430078 0.617188 0.786719 0.765625 0.00743103
17 0.530469 0.480469 0.390625 0.639063 0.00740433
1 0.613965 0.713672 0.77207 0.572656 0.00734711
20 0.630469 0.582812 0.739062 0.834375 0.00731659
0 0.333008 0.741211 0.666016 0.517578 0.00728989
17 0.733594 0.473438 0.532813 0.884375 0.00706482
8 0.354688 0.697656 0.578906 0.604688 0.00701141
21 0.501172 0.536035 0.429688 0.437305 0.00698471
13 0.541797 0.642578 0.497656 0.714844 0.00695801
1 0.642969 0.362891 0.714063 0.725781 0.0068512
20 0.583984 0.685156 0.832031 0.629687 0.00682449
19 0.463672 0.785156 0.345313 0.35 0.00677109
13 0.419141 0.419141 0.630469 0.811719 0.00664139
10 0.430078 0.617188 0.786719 0.765625 0.00661469
22 0.733594 0.473438 0.532813 0.884375 0.00658798
20 0.645312 0.332422 0.709375 0.664844 0.00651169
20 0.660937 0.617188 0.678125 0.765625 0.00651169
14 0.649316 0.305078 0.701367 0.610156 0.0064888
20 0.351367 0.679297 0.702734 0.641406 0.00643921
1 0.710156 0.526563 0.579688 0.920313 0.00638962
22 0.330859 0.257617 0.661719 0.515234 0.00631332
13 0.532031 0.508203 0.30625 0.390625 0.00621796
17 0.266797 0.307813 0.533594 0.615625 0.00621796
19 0.488379 0.675 0.299805 0.353125 0.00616837
17 0.322656 0.472656 0.645312 0.925 0.00612259
25 0.331055 0.721875 0.639453 0.55625 0.00609589
16 0.489844 0.580469 0.451562 0.56875 0.006073
13 0.615723 0.638281 0.732617 0.723437 0.00605011
22 0.830469 0.184277 0.271875 0.368555 0.00602722
20 0.376953 0.332813 0.753906 0.665625 0.00595856
1 0.585156 0.432422 0.829688 0.864844 0.00595856
14 0.334766 0.36543 0.669531 0.730859 0.00584412
13 0.500781 0.691406 0.75625 0.617188 0.00577545
1 0.376563 0.794922 0.466406 0.410156 0.00575256
14 0.342969 0.763086 0.685938 0.473828 0.00568771
1 0.801562 0.314844 0.359375 0.615625 0.00559998
25 0.431348 0.651563 0.626367 0.696875 0.00559998
4 0.426172 0.603027 0.6125 0.59082 0.0055542
0 0.389062 0.683594 0.778125 0.632812 0.00551224
17 0.558203 0.471484 0.674219 0.907031 0.00547028
0 0.407422 0.516016 0.725 0.897656 0.00547028
1 0.323828 0.555859 0.647656 0.888281 0.00542831
1 0.459375 0.309375 0.840625 0.61875 0.00540543
3 0.376563 0.794922 0.466406 0.410156 0.00540543
1 0.376953 0.332813 0.753906 0.665625 0.00536346
13 0.412891 0.396875 0.825781 0.79375 0.00521851
20 0.419141 0.419141 0.630469 0.811719 0.00518036
13 0.620605 0.334766 0.758789 0.669531 0.00516129
1 0.320312 0.281641 0.640625 0.563281 0.0051384
3 0.660937 0.617188 0.678125 0.765625 0.00510025
16 0.325781 0.770508 0.651563 0.458984 0.0050621
25 0.541797 0.642578 0.497656 0.714844 0.00503922
13 0.365625 0.760156 0.499219 0.479688 0.00494385
22 0.608594 0.449219 0.782813 0.898438 0.0049057
24 0.489844 0.580469 0.451562 0.56875 0.00488663
1 0.281445 0.35625 0.562891 0.7125 0.00484848
14 0.545313 0.3125 0.8 0.625 0.00482941
14 0.630469 0.582812 0.739062 0.834375 0.00482941
20 0.511719 0.339844 0.853125 0.679688 0.00481033
17 0.577734 0.253906 0.764844 0.507812 0.00473785
14 0.676953 0.358398 0.646094 0.716797 0.00473785
3 0.641309 0.685938 0.717383 0.628125 0.00473785
8 0.365234 0.553906 0.730469 0.892188 0.00471878
3 0.832031 0.251758 0.284375 0.476172 0.0046463
20 0.376563 0.794922 0.466406 0.410156 0.00462723
17 0.585156 0.432422 0.829688 0.864844 0.00460815
2 0.322852 0.755469 0.616016 0.489063 0.00460815
14 0.376563 0.794922 0.466406 0.410156 0.00460815
13 0.630469 0.582812 0.739062 0.834375 0.00455475
1 0.596094 0.311523 0.807813 0.623047 0.00452042
3 0.645312 0.332422 0.709375 0.664844 0.00450516
3 0.349609 0.628906 0.699219 0.742188 0.00446701
20 0.801562 0.314844 0.359375 0.615625 0.00443268
13 0.334766 0.36543 0.669531 0.730859 0.00439835
3 0.45 0.370313 0.846875 0.740625 0.00439835
20 0.320312 0.281641 0.640625 0.563281 0.00436401
1 0.733594 0.473438 0.532813 0.884375 0.00436401
3 0.34375 0.331055 0.6875 0.662109 0.00429916
13 0.613965 0.713672 0.77207 0.572656 0.00429916
11 0.376563 0.794922 0.466406 0.410156 0.00429916
14 0.6875 0.285742 0.609375 0.571484 0.00419998
22 0.607813 0.742188 0.76875 0.515625 0.00413513
21 0.423047 0.559277 0.613281 0.543945 0.0041008
16 0.426172 0.603027 0.6125 0.59082 0.00408554
25 0.407422 0.516016 0.725 0.897656 0.00403976
14 0.530469 0.480469 0.390625 0.639063 0.00402451
3 0.530469 0.480469 0.390625 0.639063 0.00397491
17 0.607813 0.742188 0.76875 0.515625 0.00391388
0 0.427246 0.610938 0.762695 0.778125 0.00388527
14 0.660937 0.617188 0.678125 0.765625 0.00388527
1 0.331641 0.706836 0.663281 0.586328 0.00388527
20 0.672656 0.395703 0.654688 0.791406 0.00385475
22 0.857031 0.259961 0.285938 0.472266 0.00379562
13 0.676953 0.358398 0.646094 0.716797 0.00376511
14 0.641309 0.685938 0.717383 0.628125 0.00376511
21 0.441504 0.796875 0.337305 0.40625 0.0037365
11 0.365234 0.553906 0.730469 0.892188 0.0037365
3 0.672656 0.395703 0.654688 0.791406 0.00372124
20 0.689844 0.560156 0.620313 0.879687 0.00369263
20 0.294727 0.324609 0.589453 0.649219 0.00367928
11 0.633594 0.617578 0.732813 0.764844 0.00365067
13 0.660937 0.617188 0.678125 0.765625 0.00365067
3 0.84375 0.316797 0.3125 0.601562 0.00359344
14 0.689844 0.560156 0.620313 0.879687 0.00359344
13 0.323828 0.522266 0.647656 0.922656 0.00358009
25 0.403516 0.657813 0.807031 0.684375 0.00356483
2 0.365625 0.760156 0.499219 0.479688 0.00356483
14 0.362109 0.291211 0.724219 0.582422 0.00353813
13 0.608594 0.449219 0.782813 0.898438 0.00351143
5 0.407422 0.516016 0.725 0.897656 0.00351143
20 0.596875 0.285547 0.80625 0.571094 0.00348282
21 0.53916 0.530078 0.337305 0.375 0.11676
19 0.544629 0.525879 0.341992 0.363867 0.0589905
19 0.428125 0.835156 0.385938 0.329688 0.0120087
21 0.521094 0.675391 0.30625 0.339844 0.0112
1 0.542188 0.584766 0.320312 0.524219 0.0105667
22 0.536328 0.593359 0.325781 0.500781 0.0078125
13 0.554297 0.546973 0.317969 0.38418 0.00731659
17 0.542969 0.548535 0.314063 0.44043 0.00679779
19 0.521094 0.675391 0.30625 0.339844 0.00566483
16 0.54375 0.533496 0.334375 0.376758 0.00484848
16 0.432422 0.852344 0.403906 0.295312 0.00460815
19 0.147461 0.154883 0.294922 0.309766 0.00351143
21 0.4375 0.828125 0.365625 0.34375 0.00341606
19 0.449609 0.795508 0.365625 0.371484 0.00333786
1 0.480371 0.585938 0.49082 0.609375 0.00293541
3 0.5375 0.554297 0.328906 0.463281 0.00263214
13 0.522266 0.658984 0.322656 0.366406 0.00260162
21 0.49375 0.733594 0.327344 0.360938 0.00259018
19 0.476465 0.749219 0.339258 0.359375 0.00258064
17 0.530566 0.618848 0.34043 0.562305 0.00226974
1 0.499609 0.532422 0.414844 0.427344 0.00222588
12 0.5375 0.554297 0.328906 0.463281 0.00221634
11 0.542188 0.584766 0.320312 0.524219 0.00219917
12 0.480371 0.585938 0.49082 0.609375 0.00204277
20 0.542188 0.584766 0.320312 0.524219 0.00200272
1 0.525 0.596191 0.375781 0.738867 0.00199509
1 0.481348 0.672656 0.756055 0.654688 0.00192642
4 0.5375 0.554297 0.328906 0.463281 0.00191879
12 0.525 0.596191 0.375781 0.738867 0.00171375
9 0.542188 0.584766 0.320312 0.524219 0.0017004
12 0.481348 0.672656 0.756055 0.654688 0.00168133
8 0.5375 0.554297 0.328906 0.463281 0.00164223
12 0.444531 0.607031 0.632812 0.785937 0.00160408
2 0.542969 0.548535 0.314063 0.44043 0.00150681
17 0.471484 0.56875 0.494531 0.534375 0.00147247
13 0.480371 0.585938 0.49082 0.609375 0.00141048
19 0.532031 0.610547 0.324219 0.397656 0.00138855
4 0.471484 0.56875 0.494531 0.534375 0.00137234
21 0.147461 0.154883 0.294922 0.309766 0.00136662
11 0.480371 0.585938 0.49082 0.609375 0.00133038
22 0.499609 0.532422 0.414844 0.427344 0.00130463
1 0.450879 0.659277 0.524805 0.681445 0.00129414
22 0.480371 0.585938 0.49082 0.609375 0.0012846
0 0.5375 0.554297 0.328906 0.463281 0.00127411
13 0.542188 0.584766 0.320312 0.524219 0.00121593
12 0.14668 0.153125 0.293359 0.30625 0.00118828
1 0.444531 0.607031 0.632812 0.785937 0.0011158
12 0.450879 0.659277 0.524805 0.681445 0.00110722
1 0.14668 0.150586 0.293359 0.301172 0.00106907
13 0.506348 0.707812 0.313867 0.35 0.00102425
13 0.396094 0.701172 0.699219 0.597656 0.00102425
21 0.509375 0.659766 0.295312 0.411719 0.218628
19 0.513965 0.574609 0.293945 0.413281 0.180054
22 0.53125 0.534766 0.310937 0.421875 0.143677
11 0.53125 0.534766 0.310937 0.421875 0.135254
21 0.513965 0.574609 0.293945 0.413281 0.115967
19 0.485059 0.736328 0.29082 0.397656 0.10968
21 0.485059 0.736328 0.29082 0.397656 0.0710449
19 0.509375 0.659766 0.295312 0.411719 0.0705566
19 0.452441 0.794727 0.306055 0.410547 0.0609741
5 0.532031 0.533594 0.334375 0.432813 0.0428772
21 0.441406 0.804102 0.313281 0.391797 0.0374756
13 0.504004 0.684766 0.29668 0.411719 0.0319824
1 0.528516 0.531641 0.319531 0.3875 0.0303345
3 0.53125 0.534766 0.310937 0.421875 0.0301056
19 0.532813 0.517578 0.314063 0.414844 0.0289764
19 0.532422 0.576953 0.349219 0.508594 0.0274811
17 0.524121 0.541797 0.325195 0.414844 0.0271759
22 0.513672 0.594141 0.336719 0.561719 0.0250854
13 0.517578 0.544141 0.311719 0.442969 0.0180511
1 0.480078 0.727344 0.394531 0.545313 0.0170441
13 0.476465 0.757031 0.29707 0.4125 0.0154877
21 0.532813 0.517578 0.314063 0.414844 0.0152512
1 0.499219 0.652344 0.340625 0.535937 0.0148392
22 0.508496 0.688281 0.345508 0.539062 0.012825
13 0.441406 0.804102 0.313281 0.391797 0.0118256
10 0.53125 0.534766 0.310937 0.421875 0.0116882
11 0.480078 0.727344 0.394531 0.545313 0.0111618
9 0.532031 0.533594 0.334375 0.432813 0.011116
13 0.512598 0.612109 0.295117 0.410156 0.00989532
20 0.53125 0.534766 0.310937 0.421875 0.00989532
8 0.535547 0.53125 0.305469 0.39375 0.00959778
11 0.513672 0.594141 0.336719 0.561719 0.00891876
20 0.513672 0.594141 0.336719 0.561719 0.00874329
14 0.525098 0.573828 0.32168 0.499219 0.00857544
1 0.532422 0.576953 0.349219 0.508594 0.00803375
3 0.513672 0.594141 0.336719 0.561719 0.00734711
17 0.513672 0.594141 0.336719 0.561719 0.00734711
17 0.508496 0.688281 0.345508 0.539062 0.00728989
4 0.532031 0.533594 0.334375 0.432813 0.00712204
25 0.53125 0.534766 0.310937 0.421875 0.00712204
3 0.508496 0.688281 0.345508 0.539062 0.0068512
24 0.532031 0.533594 0.334375 0.432813 0.00619125
0 0.53125 0.534766 0.310937 0.421875 0.00591278
16 0.441797 0.748438 0.436719 0.503125 0.005867
6 0.525098 0.573828 0.32168 0.499219 0.00551224
5 0.513672 0.594141 0.336719 0.561719 0.00547028
13 0.457422 0.714844 0.427344 0.570312 0.00530243
12 0.528516 0.531641 0.319531 0.3875 0.0051384
22 0.465625 0.719922 0.459375 0.560156 0.00510025
25 0.513672 0.594141 0.336719 0.561719 0.00475693
16 0.524121 0.541797 0.325195 0.414844 0.00457382
2 0.528516 0.531641 0.319531 0.3875 0.00450516
21 0.532422 0.576953 0.349219 0.508594 0.00436401
13 0.526563 0.598437 0.353125 0.571875 0.00411606
13 0.508496 0.688281 0.345508 0.539062 0.00382423
17 0.465625 0.719922 0.459375 0.560156 0.0037365
3 0.465625 0.719922 0.459375 0.560156 0.00370789
16 0.407813 0.874609 0.383594 0.250781 0.00370789
12 0.499219 0.652344 0.340625 0.535937 0.00367928
4 0.513672 0.594141 0.336719 0.561719 0.00363541
9 0.513672 0.594141 0.336719 0.561719 0.00362206
10 0.508496 0.688281 0.345508 0.539062 0.00356483
10 0.526563 0.598437 0.353125 0.571875 0.00351143
19 0.426953 0.822656 0.311719 0.354688 0.00348282
5 0.508496 0.688281 0.345508 0.539062 0.00345612
14 0.480078 0.727344 0.394531 0.545313 0.00332451
11 0.665625 0.582715 0.66875 0.618945 0.00324821
16 0.513965 0.591016 0.35332 0.582031 0.00324821
6 0.448047 0.746094 0.438281 0.507812 0.00322342
12 0.465625 0.719922 0.459375 0.560156 0.00317192
19 0.508496 0.688281 0.345508 0.539062 0.00316048
4 0.508496 0.688281 0.345508 0.539062 0.00304031
1 0.536719 0.715625 0.585938 0.56875 0.00300407
0 0.508496 0.688281 0.345508 0.539062 0.00284576
20 0.480078 0.727344 0.394531 0.545313 0.00283432
6 0.499219 0.652344 0.340625 0.535937 0.00274658
13 0.548828 0.628906 0.474219 0.698438 0.0027256
6 0.415234 0.860938 0.371094 0.278125 0.00271416
14 0.499219 0.652344 0.340625 0.535937 0.00269318
2 0.513672 0.594141 0.336719 0.561719 0.0026207
12 0.532715 0.586621 0.436133 0.551758 0.00261116
8 0.508496 0.688281 0.345508 0.539062 0.00257111
1 0.665625 0.582715 0.66875 0.618945 0.00250244
0 0.543066 0.564453 0.385742 0.521094 0.00243378
4 0.465625 0.719922 0.459375 0.560156 0.00237846
11 0.415234 0.860938 0.371094 0.278125 0.00228691
2 0.465625 0.719922 0.459375 0.560156 0.00226021
19 0.457422 0.714844 0.427344 0.570312 0.00223351
21 0.508496 0.688281 0.345508 0.539062 0.00221634
8 0.532422 0.576953 0.349219 0.508594 0.00213242
25 0.480078 0.727344 0.394531 0.545313 0.00203514
24 0.513672 0.594141 0.336719 0.561719 0.00198746
11 0.536719 0.715625 0.585938 0.56875 0.00195694
4 0.415234 0.860938 0.371094 0.278125 0.00194931
22 0.656641 0.667578 0.686719 0.658594 0.00191212
2 0.508496 0.688281 0.345508 0.539062 0.00188255
0 0.465625 0.719922 0.459375 0.560156 0.00187492
12 0.656641 0.667578 0.686719 0.658594 0.00185299
0 0.415234 0.860938 0.371094 0.278125 0.00179577
5 0.457422 0.714844 0.427344 0.570312 0.00175476
11 0.548828 0.628906 0.474219 0.698438 0.00172043
2 0.415234 0.860938 0.371094 0.278125 0.00169373
14 0.665625 0.582715 0.66875 0.618945 0.00168705
4 0.665625 0.582715 0.66875 0.618945 0.00165462
18 0.536035 0.540234 0.324805 0.413281 0.0016489
9 0.508496 0.688281 0.345508 0.539062 0.00158501
19 0.492188 0.690234 0.23125 0.338281 0.00157356
12 0.504297 0.703906 0.539844 0.592188 0.00156116
12 0.563965 0.622656 0.508008 0.754687 0.00153065
0 0.665625 0.582715 0.66875 0.618945 0.00151253
16 0.508496 0.688281 0.345508 0.539062 0.00150681
1 0.563965 0.622656 0.508008 0.754687 0.00149536
13 0.665625 0.582715 0.66875 0.618945 0.00147247
10 0.472266 0.727734 0.392969 0.544531 0.00146103
22 0.548828 0.628906 0.474219 0.698438 0.00142097
6 0.665625 0.582715 0.66875 0.618945 0.00138855
13 0.504297 0.703906 0.539844 0.592188 0.00138855
14 0.536719 0.715625 0.585938 0.56875 0.00136662
17 0.665625 0.582715 0.66875 0.618945 0.00135136
14 0.415234 0.860938 0.371094 0.278125 0.00130939
6 0.536719 0.715625 0.585938 0.56875 0.00130463
12 0.632422 0.69375 0.735156 0.6125 0.00125504
16 0.665625 0.582715 0.66875 0.618945 0.00124931
12 0.583594 0.737109 0.709375 0.525781 0.00123501
13 0.521875 0.532129 0.423438 0.579492 0.00122547
21 0.472266 0.727734 0.392969 0.544531 0.0012064
0 0.583594 0.737109 0.709375 0.525781 0.00115585
16 0.583594 0.737109 0.709375 0.525781 0.00113773
11 0.520703 0.794531 0.589844 0.410938 0.00110722
8 0.465625 0.719922 0.459375 0.560156 0.00108624
2 0.665625 0.582715 0.66875 0.618945 0.00102806
13 0.583594 0.737109 0.709375 0.525781 0.00102043
19 0.529688 0.524121 0.267969 0.364258 0.0422363
21 0.58125 0.516406 0.228125 0.370313 0.0151901
17 0.534375 0.519434 0.317188 0.39707 0.0126266
19 0.499609 0.542188 0.242969 0.317188 0.0115051
22 0.533496 0.55 0.32832 0.467187 0.0100098
1 0.530469 0.515234 0.309375 0.39375 0.00971222
12 0.524121 0.686621 0.608008 0.626758 0.0064621
5 0.538672 0.549902 0.30625 0.47207 0.00638962
12 0.465234 0.721875 0.489844 0.55625 0.005867
11 0.533496 0.55 0.32832 0.467187 0.00482941
13 0.536719 0.51875 0.294531 0.399219 0.00445175
12 0.529688 0.529688 0.378125 0.424219 0.00429916
19 0.58125 0.516406 0.228125 0.370313 0.00421524
22 0.572656 0.625781 0.392188 0.654688 0.00416565
19 0.538672 0.549902 0.30625 0.47207 0.00411606
13 0.465234 0.721875 0.489844 0.55625 0.00365067
3 0.530469 0.515234 0.309375 0.39375 0.00314713
13 0.524121 0.686621 0.608008 0.626758 0.00313568
12 0.547559 0.579688 0.458008 0.55625 0.00300407
2 0.530469 0.515234 0.309375 0.39375 0.00290108
1 0.594141 0.621094 0.477344 0.757812 0.00273705
12 0.540625 0.670703 0.784375 0.658594 0.00271416
4 0.530469 0.515234 0.309375 0.39375 0.00268364
8 0.530469 0.515234 0.309375 0.39375 0.00266266
21 0.530469 0.515234 0.309375 0.39375 0.00259018
13 0.547559 0.579688 0.458008 0.55625 0.00259018
1 0.572656 0.625781 0.392188 0.654688 0.00251198
24 0.538672 0.549902 0.30625 0.47207 0.0024147
16 0.536719 0.51875 0.294531 0.399219 0.002388
12 0.630078 0.605469 0.671094 0.789062 0.00234222
6 0.538672 0.549902 0.30625 0.47207 0.00225258
17 0.571094 0.630371 0.426563 0.681445 0.00223351
12 0.594141 0.621094 0.477344 0.757812 0.00218201
12 0.5375 0.503906 0.289062 0.357031 0.00213242
25 0.534375 0.519434 0.317188 0.39707 0.00206757
22 0.594141 0.621094 0.477344 0.757812 0.0020504
20 0.536719 0.51875 0.294531 0.399219 0.00201988
12 0.52959 0.606641 0.61582 0.658594 0.00192642
9 0.538672 0.549902 0.30625 0.47207 0.00185299
1 0.489453 0.677344 0.578906 0.645312 0.00184631
10 0.530469 0.515234 0.309375 0.39375 0.00176811
0 0.534375 0.519434 0.317188 0.39707 0.00174141
11 0.465234 0.721875 0.489844 0.55625 0.0017271
12 0.55625 0.461719 0.271875 0.305469 0.0017004
5 0.547559 0.579688 0.458008 0.55625 0.00166798
12 0.578906 0.444531 0.240625 0.253125 0.00161076
19 0.547559 0.579688 0.458008 0.55625 0.0015974
16 0.465234 0.721875 0.489844 0.55625 0.00144386
13 0.594141 0.621094 0.477344 0.757812 0.00143242
1 0.630078 0.605469 0.671094 0.789062 0.00131989
13 0.540625 0.670703 0.784375 0.658594 0.00131512
14 0.530469 0.515234 0.309375 0.39375 0.00130939
19 0.495703 0.742578 0.269531 0.396094 0.00126457
13 0.630078 0.605469 0.671094 0.789062 0.00121593
16 0.433594 0.80918 0.40625 0.381641 0.00121593
4 0.547559 0.579688 0.458008 0.55625 0.00118828
19 0.130664 0.131641 0.261328 0.263281 0.00118351
12 0.482031 0.780859 0.5625 0.438281 0.0011692
6 0.547559 0.579688 0.458008 0.55625 0.00108624
19 0.441406 0.810742 0.313281 0.378516 0.00105286
17 0.579785 0.647363 0.55293 0.705273 0.00104809
12 0.84082 0.183984 0.318359 0.367969 0.00104427
11 0.547559 0.579688 0.458008 0.55625 0.00102425
21 0.572656 0.625781 0.392188 0.654688 0.00102043
17 0.489453 0.677344 0.578906 0.645312 0.00100803
11 0.524121 0.686621 0.608008 0.626758 0.00100422
21 0.50625 0.708594 0.290625 0.379688 0.320801
19 0.534766 0.532031 0.303906 0.404687 0.177856
19 0.506348 0.7125 0.27793 0.36875 0.125977
21 0.534766 0.532031 0.303906 0.404687 0.102295
11 0.530859 0.511328 0.2875 0.495313 0.0541992
22 0.53125 0.520312 0.284375 0.449219 0.0328369
5 0.53125 0.520312 0.284375 0.449219 0.0213623
8 0.530859 0.511328 0.2875 0.495313 0.0183411
17 0.530859 0.511328 0.2875 0.495313 0.0162811
19 0.479688 0.751563 0.278906 0.375 0.0135345
4 0.530859 0.511328 0.2875 0.495313 0.0131226
1 0.525 0.589063 0.271875 0.501563 0.012825
3 0.53125 0.520312 0.284375 0.449219 0.0111618
1 0.546094 0.519141 0.320312 0.436719 0.0109024
19 0.389844 0.857031 0.296875 0.285938 0.0100937
10 0.530859 0.511328 0.2875 0.495313 0.00812531
19 0.512109 0.518652 0.241406 0.329883 0.00784302
8 0.525 0.589063 0.271875 0.501563 0.00763702
0 0.530859 0.511328 0.2875 0.495313 0.00748825
17 0.525 0.589063 0.271875 0.501563 0.00698471
22 0.513281 0.638281 0.275 0.551562 0.00638962
13 0.542969 0.519141 0.326562 0.451562 0.00619125
1 0.508203 0.676562 0.285156 0.559375 0.00591278
19 0.454688 0.801953 0.3 0.396094 0.00582123
4 0.525 0.589063 0.271875 0.501563 0.00534439
21 0.479297 0.744922 0.294531 0.377344 0.00530243
25 0.530859 0.511328 0.2875 0.495313 0.00496292
6 0.530859 0.511328 0.2875 0.495313 0.00453949
19 0.429688 0.815234 0.341406 0.369531 0.00411606
14 0.530859 0.511328 0.2875 0.495313 0.0041008
11 0.525 0.589063 0.271875 0.501563 0.00385475
20 0.525 0.589063 0.271875 0.501563 0.00378036
10 0.525 0.589063 0.271875 0.501563 0.00332451
3 0.513281 0.638281 0.275 0.551562 0.003088
9 0.525 0.589063 0.271875 0.501563 0.00282288
6 0.525 0.589063 0.271875 0.501563 0.00271416
2 0.536719 0.525684 0.3 0.431445 0.00270462
21 0.513281 0.638281 0.275 0.551562 0.00269318
24 0.53125 0.520312 0.284375 0.449219 0.00253105
17 0.508203 0.676562 0.285156 0.559375 0.00242424
21 0.450684 0.79668 0.30332 0.394141 0.00240517
19 0.515234 0.577734 0.280469 0.3 0.00237846
1 0.5 0.718359 0.378906 0.563281 0.00217438
13 0.50625 0.708594 0.290625 0.379688 0.0020752
0 0.525 0.589063 0.271875 0.501563 0.0020752
12 0.513281 0.638281 0.275 0.551562 0.00200272
9 0.530859 0.511328 0.2875 0.495313 0.00182438
20 0.546094 0.519141 0.320312 0.436719 0.00179577
25 0.525 0.589063 0.271875 0.501563 0.00175476
14 0.525 0.589063 0.271875 0.501563 0.00174141
22 0.541016 0.585156 0.33125 0.535937 0.0017271
12 0.546094 0.519141 0.320312 0.436719 0.00169373
5 0.513281 0.638281 0.275 0.551562 0.00168705
13 0.525 0.589063 0.271875 0.501563 0.00166798
16 0.542969 0.519141 0.326562 0.451562 0.0016489
5 0.541016 0.585156 0.33125 0.535937 0.00154877
13 0.519434 0.696875 0.323633 0.559375 0.00153637
21 0.518848 0.595313 0.29668 0.3625 0.00143814
21 0.411328 0.83457 0.3375 0.330859 0.00139904
19 0.416797 0.838281 0.292969 0.323438 0.00137806
11 0.519434 0.696875 0.323633 0.559375 0.00136185
12 0.542188 0.542188 0.385938 0.546875 0.00125504
8 0.508203 0.676562 0.285156 0.559375 0.00123024
19 0.363867 0.874805 0.309766 0.250391 0.00119209
22 0.519434 0.696875 0.323633 0.559375 0.00111198
19 0.541016 0.585156 0.33125 0.535937 0.00109863
2 0.513281 0.638281 0.275 0.551562 0.00103664
13 0.488184 0.717188 0.450195 0.565625 0.00101662
19 0.534375 0.522559 0.284375 0.375195 0.325928
21 0.541406 0.511621 0.3125 0.408008 0.119629
5 0.541406 0.511621 0.3125 0.408008 0.115173
11 0.5375 0.516797 0.320312 0.386719 0.035675
10 0.541406 0.511621 0.3125 0.408008 0.0350037
17 0.542188 0.529785 0.317188 0.406055 0.0323486
8 0.541406 0.511621 0.3125 0.408008 0.0310211
22 0.5375 0.516797 0.320312 0.386719 0.0302124
1 0.542188 0.529785 0.317188 0.406055 0.0280151
3 0.541406 0.511621 0.3125 0.408008 0.0216217
25 0.540234 0.508203 0.321094 0.399219 0.0157776
17 0.566016 0.474316 0.264062 0.29043 0.0150757
14 0.541406 0.511621 0.3125 0.408008 0.00905609
1 0.472656 0.722656 0.3875 0.554688 0.00806427
19 0.507031 0.491406 0.226562 0.322656 0.00695801
6 0.53584 0.512891 0.329883 0.386719 0.00629044
19 0.477441 0.720703 0.254492 0.317969 0.00626373
4 0.540234 0.508203 0.321094 0.399219 0.00588989
8 0.566016 0.474316 0.264062 0.29043 0.00557709
1 0.566016 0.474316 0.264062 0.29043 0.00542831
13 0.54209 0.516406 0.34082 0.398438 0.00527954
20 0.542188 0.529785 0.317188 0.406055 0.00516129
1 0.428223 0.762695 0.399805 0.474609 0.0051384
19 0.536719 0.528906 0.347656 0.446875 0.0042305
13 0.45791 0.735156 0.391992 0.529688 0.0041008
4 0.558203 0.485254 0.272656 0.323242 0.00407028
22 0.472656 0.722656 0.3875 0.554688 0.00400543
25 0.566016 0.474316 0.264062 0.29043 0.00382423
12 0.45791 0.735156 0.391992 0.529688 0.00370789
2 0.542188 0.529785 0.317188 0.406055 0.00356483
1 0.520703 0.603516 0.369531 0.677344 0.00314713
14 0.566016 0.474316 0.264062 0.29043 0.003088
11 0.428223 0.762695 0.399805 0.474609 0.003088
0 0.533203 0.505859 0.355469 0.396094 0.00307465
24 0.5375 0.516797 0.320312 0.386719 0.00281143
9 0.540234 0.508203 0.321094 0.399219 0.00263214
17 0.472656 0.722656 0.3875 0.554688 0.00259018
12 0.566016 0.474316 0.264062 0.29043 0.00235939
19 0.428223 0.762695 0.399805 0.474609 0.00235939
2 0.566016 0.474316 0.264062 0.29043 0.00231361
6 0.41416 0.807813 0.388867 0.384375 0.00229645
0 0.566016 0.474316 0.264062 0.29043 0.00226974
13 0.426953 0.791602 0.396094 0.416797 0.00209045
12 0.520703 0.603516 0.369531 0.677344 0.00203514
12 0.536719 0.528906 0.347656 0.446875 0.0019722
22 0.520703 0.603516 0.369531 0.677344 0.00194931
3 0.566016 0.474316 0.264062 0.29043 0.00176144
16 0.41416 0.807813 0.388867 0.384375 0.00171375
11 0.472656 0.722656 0.3875 0.554688 0.00170708
3 0.45791 0.735156 0.391992 0.529688 0.0016613
17 0.428223 0.762695 0.399805 0.474609 0.00161648
12 0.501563 0.705859 0.353906 0.572656 0.00158501
22 0.566016 0.474316 0.264062 0.29043 0.00145531
5 0.41416 0.807813 0.388867 0.384375 0.00143242
22 0.428223 0.762695 0.399805 0.474609 0.00135612
19 0.459375 0.765625 0.2875 0.36875 0.00133038
13 0.538672 0.545313 0.40625 0.501563 0.00132465
12 0.492969 0.710547 0.525781 0.578906 0.00131989
19 0.472656 0.722656 0.3875 0.554688 0.00131512
10 0.566016 0.474316 0.264062 0.29043 0.00130463
13 0.501563 0.705859 0.353906 0.572656 0.00117397
12 0.426953 0.791602 0.396094 0.416797 0.00116539
16 0.544531 0.515234 0.328125 0.413281 0.00116062
0 0.41416 0.807813 0.388867 0.384375 0.00114727
3 0.41416 0.807813 0.388867 0.384375 0.00114727
8 0.41416 0.807813 0.388867 0.384375 0.0011158
21 0.558203 0.485254 0.272656 0.323242 0.00109863
17 0.520703 0.603516 0.369531 0.677344 0.00107288
21 0.472656 0.722656 0.3875 0.554688 0.00105667
4 0.41416 0.807813 0.388867 0.384375 0.00103188
16 0.45791 0.735156 0.391992 0.529688 0.00102425
22 0.546094 0.520215 0.31875 0.389258 0.16394
5 0.547656 0.518066 0.3125 0.39043 0.107788
19 0.548438 0.506641 0.321875 0.400781 0.0700684
21 0.547656 0.518066 0.3125 0.39043 0.0570679
3 0.547656 0.518066 0.3125 0.39043 0.0427246
25 0.546094 0.520215 0.31875 0.389258 0.0325928
17 0.548438 0.508691 0.329688 0.399805 0.0279083
10 0.548438 0.506641 0.321875 0.400781 0.0259552
1 0.541797 0.522656 0.319531 0.420312 0.024231
11 0.547656 0.518066 0.3125 0.39043 0.0185394
20 0.546094 0.520215 0.31875 0.389258 0.0179901
25 0.560156 0.45166 0.276563 0.281055 0.0166626
22 0.532129 0.583984 0.370117 0.472656 0.0142288
8 0.547656 0.518066 0.3125 0.39043 0.0137939
1 0.532129 0.583984 0.370117 0.472656 0.0113754
1 0.509766 0.682031 0.464844 0.635938 0.0103302
2 0.560156 0.45166 0.276563 0.281055 0.00919342
17 0.560156 0.45166 0.276563 0.281055 0.00837708
4 0.554688 0.465625 0.28125 0.304688 0.00818634
14 0.560156 0.45166 0.276563 0.281055 0.00760651
16 0.549219 0.512598 0.329688 0.399805 0.00746155
0 0.543359 0.521094 0.305469 0.409375 0.00728989
16 0.452734 0.727344 0.463281 0.545313 0.00714874
2 0.544922 0.524609 0.333594 0.425781 0.0068512
0 0.571875 0.436621 0.245312 0.24707 0.00674438
1 0.452734 0.727344 0.463281 0.545313 0.00634003
14 0.546094 0.520215 0.31875 0.389258 0.00609589
13 0.509766 0.682031 0.464844 0.635938 0.00609589
14 0.587109 0.423047 0.225781 0.195312 0.00600433
22 0.509766 0.682031 0.464844 0.635938 0.00600433
4 0.549219 0.521484 0.317188 0.392969 0.00591278
6 0.546094 0.520215 0.31875 0.389258 0.00582123
13 0.546875 0.508594 0.334375 0.401563 0.00582123
1 0.43125 0.797461 0.4125 0.405078 0.00577545
2 0.587109 0.423047 0.225781 0.195312 0.00568771
1 0.485938 0.678125 0.65 0.64375 0.00553513
12 0.532129 0.583984 0.370117 0.472656 0.00547028
12 0.509766 0.682031 0.464844 0.635938 0.00542831
13 0.485938 0.678125 0.65 0.64375 0.00511932
8 0.560156 0.45166 0.276563 0.281055 0.00482941
17 0.532129 0.583984 0.370117 0.472656 0.00466537
9 0.546094 0.520215 0.31875 0.389258 0.0046463
0 0.587109 0.423047 0.225781 0.195312 0.00460815
22 0.43125 0.797461 0.4125 0.405078 0.00452042
23 0.554688 0.465625 0.28125 0.304688 0.00439835
13 0.532129 0.583984 0.370117 0.472656 0.00434875
16 0.485938 0.678125 0.65 0.64375 0.00419998
20 0.43125 0.797461 0.4125 0.405078 0.0037365
3 0.560156 0.45166 0.276563 0.281055 0.00370789
12 0.485938 0.678125 0.65 0.64375 0.00370789
17 0.509766 0.682031 0.464844 0.635938 0.0036068
13 0.537109 0.638672 0.822656 0.722656 0.00359344
0 0.521094 0.533496 0.407813 0.470508 0.00351143
1 0.537109 0.638672 0.822656 0.722656 0.00346947
12 0.537109 0.638672 0.822656 0.722656 0.00342941
13 0.452734 0.727344 0.463281 0.545313 0.00329781
23 0.587109 0.423047 0.225781 0.195312 0.00325966
4 0.587109 0.423047 0.225781 0.195312 0.00323486
5 0.43125 0.797461 0.4125 0.405078 0.00322342
3 0.532129 0.583984 0.370117 0.472656 0.00313568
22 0.454688 0.730859 0.434375 0.538281 0.00312424
12 0.546094 0.520215 0.31875 0.389258 0.00307465
19 0.514844 0.553906 0.251563 0.25625 0.0030632
24 0.548438 0.506641 0.321875 0.400781 0.00300407
11 0.485938 0.678125 0.65 0.64375 0.00299263
4 0.53584 0.516406 0.393945 0.463281 0.00294685
20 0.452734 0.727344 0.463281 0.545313 0.00294685
1 0.571875 0.436621 0.245312 0.24707 0.00293541
0 0.541797 0.460254 0.328906 0.293555 0.00291252
12 0.571875 0.436621 0.245312 0.24707 0.00286674
12 0.54375 0.516797 0.403125 0.441406 0.00279045
11 0.452734 0.727344 0.463281 0.545313 0.00273705
6 0.53584 0.516406 0.393945 0.463281 0.00271416
15 0.53584 0.516406 0.393945 0.463281 0.00269318
3 0.452734 0.727344 0.463281 0.545313 0.00261116
21 0.524609 0.639453 0.397656 0.571094 0.00253105
16 0.43125 0.797461 0.4125 0.405078 0.00251198
11 0.524609 0.639453 0.397656 0.571094 0.0024147
12 0.567578 0.614746 0.553906 0.695508 0.00235939
5 0.53584 0.516406 0.393945 0.463281 0.00234222
21 0.43125 0.797461 0.4125 0.405078 0.00234222
3 0.43125 0.797461 0.4125 0.405078 0.00223351
16 0.521094 0.533496 0.407813 0.470508 0.00221634
10 0.560156 0.45166 0.276563 0.281055 0.00220871
6 0.452734 0.727344 0.463281 0.545313 0.00219917
19 0.43125 0.797461 0.4125 0.405078 0.00219917
8 0.524609 0.639453 0.397656 0.571094 0.00216484
11 0.537109 0.638672 0.822656 0.722656 0.00216484
20 0.532129 0.583984 0.370117 0.472656 0.00215721
11 0.53584 0.516406 0.393945 0.463281 0.00213242
25 0.587109 0.423047 0.225781 0.195312 0.00211525
9 0.560156 0.45166 0.276563 0.281055 0.00211525
6 0.571875 0.436621 0.245312 0.24707 0.00211525
3 0.509766 0.682031 0.464844 0.635938 0.0020504
11 0.509766 0.682031 0.464844 0.635938 0.00200272
5 0.452734 0.727344 0.463281 0.545313 0.00198746
16 0.554688 0.465625 0.28125 0.304688 0.00196457
19 0.452734 0.727344 0.463281 0.545313 0.00195694
23 0.549219 0.512598 0.329688 0.399805 0.00192642
11 0.43125 0.797461 0.4125 0.405078 0.00191212
15 0.560156 0.45166 0.276563 0.281055 0.00177479
12 0.454688 0.730859 0.434375 0.538281 0.00177479
10 0.524609 0.639453 0.397656 0.571094 0.00176811
17 0.454688 0.730859 0.434375 0.538281 0.00174141
7 0.541797 0.460254 0.328906 0.293555 0.00171375
22 0.485938 0.678125 0.65 0.64375 0.00171375
14 0.521094 0.533496 0.407813 0.470508 0.00170708
6 0.43125 0.797461 0.4125 0.405078 0.00170708
5 0.524609 0.639453 0.397656 0.571094 0.0017004
5 0.560156 0.45166 0.276563 0.281055 0.0016613
13 0.567578 0.614746 0.553906 0.695508 0.0016613
3 0.485938 0.678125 0.65 0.64375 0.00163555
13 0.43125 0.797461 0.4125 0.405078 0.00162888
22 0.537109 0.638672 0.822656 0.722656 0.00157356
12 0.541797 0.460254 0.328906 0.293555 0.00155449
12 0.563965 0.58291 0.414258 0.582617 0.00152493
22 0.54375 0.516797 0.403125 0.441406 0.0014782
12 0.636621 0.601172 0.726758 0.797656 0.00147247
1 0.567578 0.614746 0.553906 0.695508 0.00146675
22 0.567578 0.614746 0.553906 0.695508 0.00146675
6 0.541797 0.460254 0.328906 0.293555 0.00145531
17 0.43125 0.797461 0.4125 0.405078 0.00144958
6 0.587109 0.423047 0.225781 0.195312 0.0014267
18 0.541797 0.460254 0.328906 0.293555 0.00139904
16 0.587109 0.423047 0.225781 0.195312 0.00138855
6 0.485938 0.678125 0.65 0.64375 0.00138855
17 0.485938 0.678125 0.65 0.64375 0.00133514
20 0.485938 0.678125 0.65 0.64375 0.00132465
4 0.524609 0.639453 0.397656 0.571094 0.00129986
8 0.43125 0.797461 0.4125 0.405078 0.00129414
20 0.560156 0.45166 0.276563 0.281055 0.00128937
0 0.467285 0.726953 0.53418 0.546094 0.0012846
21 0.509766 0.682031 0.464844 0.635938 0.00125504
15 0.543359 0.521094 0.305469 0.409375 0.00123501
21 0.452734 0.727344 0.463281 0.545313 0.00121593
19 0.524609 0.639453 0.397656 0.571094 0.0012064
21 0.563281 0.534473 0.4 0.49668 0.00118828
13 0.563965 0.58291 0.414258 0.582617 0.00118351
0 0.43125 0.797461 0.4125 0.405078 0.00117874
9 0.43125 0.797461 0.4125 0.405078 0.00117874
2 0.452734 0.727344 0.463281 0.545313 0.00116062
3 0.587109 0.423047 0.225781 0.195312 0.00114727
18 0.521094 0.533496 0.407813 0.470508 0.0011425
7 0.587109 0.423047 0.225781 0.195312 0.00113392
16 0.509766 0.682031 0.464844 0.635938 0.0011034
11 0.618359 0.555859 0.592969 0.644531 0.00107288
20 0.509766 0.682031 0.464844 0.635938 0.00106525
19 0.509766 0.682031 0.464844 0.635938 0.00104809
24 0.452734 0.727344 0.463281 0.545313 0.00104427
10 0.43125 0.797461 0.4125 0.405078 0.00103188
5 0.509766 0.682031 0.464844 0.635938 0.00102043
2 0.485938 0.678125 0.65 0.64375 0.00101662
5 0.485938 0.678125 0.65 0.64375 0.00101185
24 0.43125 0.797461 0.4125 0.405078 0.00101185
8 0.452734 0.727344 0.463281 0.545313 0.00100803
21 0.535156 0.529785 0.301563 0.40293 0.407227
22 0.535937 0.526172 0.2875 0.372656 0.153076
19 0.528906 0.530566 0.301563 0.420117 0.0900879
5 0.535937 0.526172 0.2875 0.372656 0.0900879
1 0.535937 0.526172 0.2875 0.372656 0.0698242
8 0.535937 0.526172 0.2875 0.372656 0.0653687
17 0.54375 0.522754 0.29375 0.376367 0.0430298
3 0.535937 0.526172 0.2875 0.372656 0.0301056
11 0.535937 0.526172 0.2875 0.372656 0.0241394
10 0.54375 0.522754 0.29375 0.376367 0.0235138
20 0.535937 0.526172 0.2875 0.372656 0.0195618
4 0.539062 0.524121 0.295312 0.37207 0.00577545
19 0.514844 0.512598 0.228906 0.313867 0.00566483
17 0.565625 0.458691 0.228125 0.249805 0.00482941
21 0.527734 0.505859 0.236719 0.339844 0.00481033
12 0.366992 0.645312 0.733984 0.709375 0.00450516
13 0.535156 0.529785 0.301563 0.40293 0.0042305
14 0.543359 0.524902 0.280469 0.379883 0.00400543
0 0.539062 0.524121 0.295312 0.37207 0.00349617
25 0.549219 0.507031 0.276563 0.35 0.00301552
2 0.546094 0.522266 0.296875 0.375781 0.00300407
12 0.44375 0.652734 0.526563 0.694531 0.00269318
9 0.535937 0.511719 0.2875 0.376563 0.00237846
16 0.54375 0.525781 0.301563 0.39375 0.00230598
22 0.558594 0.528516 0.367188 0.440625 0.00227928
13 0.366992 0.645312 0.733984 0.709375 0.00200272
13 0.561719 0.582031 0.378125 0.548438 0.0018177
12 0.561719 0.582031 0.378125 0.548438 0.00181007
5 0.558594 0.528516 0.367188 0.440625 0.00178242
6 0.539062 0.524121 0.295312 0.37207 0.00176811
13 0.44375 0.652734 0.526563 0.694531 0.00175476
12 0.54375 0.521875 0.295312 0.375781 0.00169373
21 0.597656 0.539844 0.141406 0.354688 0.00165462
24 0.535937 0.511719 0.2875 0.376563 0.00164223
1 0.565625 0.458691 0.228125 0.249805 0.00151253
14 0.565625 0.458691 0.228125 0.249805 0.00143814
1 0.558594 0.528516 0.367188 0.440625 0.00142097
1 0.366992 0.645312 0.733984 0.709375 0.00137234
25 0.565625 0.458691 0.228125 0.249805 0.00119686
8 0.565625 0.458691 0.228125 0.249805 0.0011158
11 0.558594 0.528516 0.367188 0.440625 0.0011158
22 0.465723 0.626953 0.52168 0.746094 0.00100803
21 0.539453 0.52666 0.284375 0.407617 0.299805
19 0.539453 0.52666 0.284375 0.407617 0.26123
5 0.539453 0.52666 0.284375 0.407617 0.221313
8 0.539453 0.52666 0.284375 0.407617 0.182373
22 0.539453 0.52666 0.284375 0.407617 0.1427
11 0.533984 0.525391 0.305469 0.417969 0.0939941
17 0.539453 0.52666 0.284375 0.407617 0.0888062
1 0.542578 0.524219 0.29375 0.392188 0.0589905
8 0.561328 0.539844 0.400781 0.498437 0.0411377
10 0.539453 0.52666 0.284375 0.407617 0.0317383
11 0.666406 0.613281 0.639063 0.635938 0.0282135
3 0.539453 0.52666 0.284375 0.407617 0.0262604
11 0.561328 0.539844 0.400781 0.498437 0.0249939
5 0.561328 0.539844 0.400781 0.498437 0.0181274
17 0.561328 0.539844 0.400781 0.498437 0.0173035
22 0.561328 0.539844 0.400781 0.498437 0.0171814
21 0.561328 0.539844 0.400781 0.498437 0.0150146
12 0.589063 0.432422 0.215625 0.210156 0.014061
8 0.666406 0.613281 0.639063 0.635938 0.013588
19 0.517188 0.514063 0.221875 0.323438 0.0109482
20 0.542578 0.524219 0.29375 0.392188 0.0102921
5 0.666406 0.613281 0.639063 0.635938 0.0091629
22 0.666406 0.613281 0.639063 0.635938 0.0091629
1 0.6 0.602246 0.507812 0.592383 0.0091629
1 0.561328 0.539844 0.400781 0.498437 0.00841522
13 0.589063 0.432422 0.215625 0.210156 0.00751877
17 0.666406 0.613281 0.639063 0.635938 0.00717545
3 0.561328 0.539844 0.400781 0.498437 0.00664139
21 0.666406 0.613281 0.639063 0.635938 0.00582123
19 0.666406 0.613281 0.639063 0.635938 0.00530243
24 0.542969 0.527734 0.301563 0.415625 0.00494385
19 0.561328 0.539844 0.400781 0.498437 0.00494385
10 0.666406 0.613281 0.639063 0.635938 0.00494385
12 0.637891 0.399121 0.358594 0.314258 0.0045929
25 0.595313 0.42959 0.223438 0.217383 0.00418091
12 0.607031 0.403516 0.261719 0.292969 0.00416565
1 0.505469 0.665234 0.2875 0.450781 0.00399017
16 0.542578 0.524219 0.29375 0.409375 0.00365067
10 0.561328 0.539844 0.400781 0.498437 0.00352478
3 0.666406 0.613281 0.639063 0.635938 0.00322342
14 0.589063 0.432422 0.215625 0.210156 0.00286674
22 0.505469 0.665234 0.2875 0.450781 0.0027256
13 0.637891 0.399121 0.358594 0.314258 0.00266266
23 0.589063 0.432422 0.215625 0.210156 0.00259018
4 0.561328 0.539844 0.400781 0.498437 0.00254059
12 0.559277 0.389941 0.400195 0.338867 0.00252151
17 0.586328 0.422559 0.205469 0.192383 0.00232315
17 0.505469 0.665234 0.2875 0.450781 0.00225258
2 0.542578 0.524219 0.29375 0.392188 0.00213242
12 0.505469 0.665234 0.2875 0.450781 0.00209999
14 0.539453 0.52666 0.284375 0.407617 0.00208282
25 0.536719 0.51709 0.289062 0.401758 0.00206757
17 0.552344 0.43584 0.288281 0.262695 0.00201988
12 0.523438 0.429688 0.380469 0.228125 0.00200272
15 0.595313 0.42959 0.223438 0.217383 0.00200272
13 0.607031 0.403516 0.261719 0.292969 0.00194168
0 0.535937 0.517188 0.320312 0.419531 0.00191212
12 0.715625 0.302344 0.56875 0.578125 0.0018177
4 0.536719 0.530371 0.310937 0.43457 0.00177479
4 0.666406 0.613281 0.639063 0.635938 0.00174141
11 0.647266 0.6375 0.705469 0.725 0.00172043
24 0.561328 0.539844 0.400781 0.498437 0.00168705
12 0.649219 0.640234 0.701563 0.719531 0.00161076
19 0.507422 0.713672 0.25 0.338281 0.00158501
22 0.552344 0.43584 0.288281 0.262695 0.00150108
1 0.649219 0.640234 0.701563 0.719531 0.00149536
13 0.6 0.602246 0.507812 0.592383 0.00148964
13 0.505469 0.665234 0.2875 0.450781 0.00144386
6 0.535937 0.517188 0.320312 0.419531 0.00136662
12 0.485156 0.715234 0.323438 0.566406 0.00132465
4 0.586328 0.422559 0.205469 0.192383 0.00131989
13 0.535937 0.517188 0.320312 0.419531 0.00131512
13 0.649219 0.640234 0.701563 0.719531 0.00127888
13 0.485156 0.715234 0.323438 0.566406 0.00120163
8 0.552344 0.43584 0.288281 0.262695 0.0011425
1 0.552344 0.43584 0.288281 0.262695 0.00113392
1 0.586328 0.422559 0.205469 0.192383 0.00112915
0 0.561328 0.539844 0.400781 0.498437 0.00112915
13 0.559277 0.389941 0.400195 0.338867 0.00111198
8 0.586328 0.422559 0.205469 0.192383 0.0011034
14 0.561328 0.539844 0.400781 0.498437 0.00108147
5 0.532813 0.527734 0.296094 0.386719 0.19873
19 0.532813 0.527734 0.296094 0.386719 0.19873
22 0.532813 0.527734 0.296094 0.386719 0.128906
21 0.539062 0.525 0.301563 0.396875 0.123779
8 0.532813 0.527734 0.296094 0.386719 0.0856934
10 0.532813 0.527734 0.296094 0.386719 0.0668335
3 0.532813 0.527734 0.296094 0.386719 0.0632324
17 0.532813 0.527734 0.296094 0.386719 0.0548096
1 0.535937 0.529297 0.298438 0.388281 0.0531921
11 0.532813 0.527734 0.296094 0.386719 0.0396423
20 0.537109 0.530566 0.307813 0.412305 0.0241394
16 0.539062 0.525 0.301563 0.396875 0.0110321
13 0.533984 0.518848 0.300781 0.40918 0.00933838
4 0.5375 0.518066 0.307813 0.39668 0.00548935
17 0.564063 0.482715 0.241406 0.304883 0.00367928
25 0.532813 0.527441 0.301563 0.385742 0.00328636
6 0.531641 0.519922 0.297656 0.401563 0.00327301
12 0.546094 0.512891 0.285156 0.372656 0.00293541
14 0.535937 0.529297 0.298438 0.388281 0.00270462
0 0.529297 0.519434 0.311719 0.404883 0.00251198
9 0.537109 0.530566 0.307813 0.412305 0.002388
24 0.537109 0.530566 0.307813 0.412305 0.00218201
2 0.539062 0.525 0.301563 0.396875 0.00204277
4 0.553906 0.486719 0.265625 0.320312 0.00138855
23 0.533984 0.518848 0.300781 0.40918 0.00129414
14 0.564063 0.482715 0.241406 0.304883 0.00110722
21 0.542188 0.542871 0.323438 0.408008 0.313965
17 0.544141 0.522656 0.289844 0.378906 0.216064
22 0.548438 0.523438 0.29375 0.38125 0.181274
19 0.54375 0.522754 0.290625 0.39043 0.145142
1 0.539062 0.517969 0.295312 0.389062 0.137939
5 0.54375 0.522754 0.290625 0.39043 0.0827026
8 0.539062 0.517969 0.295312 0.389062 0.0678101
10 0.54375 0.522754 0.290625 0.39043 0.0656128
3 0.54375 0.522754 0.290625 0.39043 0.0446777
25 0.544141 0.522656 0.289844 0.378906 0.0162811
13 0.538281 0.526172 0.292188 0.399219 0.0147324
11 0.548047 0.522266 0.292969 0.385156 0.0146179
12 0.538281 0.526172 0.292188 0.399219 0.00919342
20 0.538281 0.526172 0.292188 0.399219 0.00809479
21 0.561328 0.543066 0.228125 0.363867 0.00579834
13 0.514453 0.629687 0.416406 0.65625 0.00432968
14 0.548047 0.522266 0.292969 0.385156 0.00408554
12 0.514453 0.629687 0.416406 0.65625 0.00388527
4 0.548438 0.512891 0.298438 0.394531 0.00286674
6 0.538281 0.526172 0.292188 0.399219 0.00208282
12 0.472656 0.632422 0.542969 0.735156 0.00203514
2 0.541406 0.521875 0.3 0.392188 0.0016613
17 0.564844 0.471484 0.253125 0.278906 0.00161076
16 0.530078 0.524219 0.29375 0.401563 0.00150681
13 0.472656 0.632422 0.542969 0.735156 0.00148392
0 0.539062 0.524609 0.290625 0.396094 0.00136185
23 0.530078 0.524219 0.29375 0.401563 0.00121593
9 0.538281 0.526172 0.292188 0.399219 0.0012064
13 0.473438 0.694141 0.422656 0.611719 0.00105667
21 0.553906 0.481641 0.291406 0.314844 0.00100422
21 0.536328 0.534277 0.313281 0.423633 0.97168
22 0.542188 0.521094 0.314063 0.417188 0.455078
5 0.542188 0.518848 0.304688 0.40918 0.203125
19 0.531152 0.536719 0.312695 0.435156 0.178955
1 0.539062 0.519434 0.3125 0.412695 0.12854
8 0.542578 0.517578 0.307031 0.396875 0.0806274
17 0.542578 0.517578 0.307031 0.396875 0.0775146
3 0.542188 0.518848 0.304688 0.40918 0.0324707
10 0.542578 0.517578 0.307031 0.396875 0.0245209
20 0.542188 0.518848 0.304688 0.40918 0.0220337
13 0.536328 0.534277 0.313281 0.423633 0.0186157
11 0.539844 0.52334 0.3 0.39707 0.0162811
16 0.534375 0.525391 0.303125 0.392969 0.00837708
1 0.524609 0.578906 0.30625 0.282813 0.00698471
13 0.494531 0.690234 0.471875 0.619531 0.00614548
19 0.517578 0.526953 0.245312 0.357031 0.006073
8 0.524609 0.578906 0.30625 0.282813 0.00494385
12 0.479688 0.687109 0.485938 0.625781 0.00488663
25 0.542188 0.521094 0.314063 0.417188 0.00452042
5 0.53125 0.570312 0.301563 0.295312 0.00446701
13 0.458984 0.783594 0.282031 0.3875 0.00439835
12 0.541406 0.514844 0.321875 0.420312 0.00436401
19 0.440625 0.799805 0.301563 0.400391 0.00424957
24 0.539844 0.52334 0.3 0.39707 0.00400543
22 0.53125 0.570312 0.301563 0.295312 0.00400543
4 0.541406 0.516797 0.315625 0.420312 0.00395966
21 0.458984 0.783594 0.282031 0.3875 0.00370789
14 0.542969 0.521875 0.310937 0.416406 0.00348282
13 0.53125 0.570312 0.301563 0.295312 0.00302696
6 0.534375 0.525391 0.303125 0.392969 0.00263214
21 0.5625 0.542578 0.21875 0.357031 0.00236893
9 0.53125 0.570312 0.301563 0.295312 0.00213242
12 0.53125 0.570312 0.301563 0.295312 0.00209999
16 0.524609 0.578906 0.30625 0.282813 0.00192642
21 0.5625 0.482422 0.264062 0.372656 0.00188923
23 0.534375 0.525391 0.303125 0.392969 0.00188255
13 0.510156 0.665234 0.285938 0.411719 0.00181007
20 0.53125 0.570312 0.301563 0.295312 0.00179577
3 0.524609 0.578906 0.30625 0.282813 0.00143242
19 0.486816 0.731641 0.25918 0.358594 0.00139904
15 0.540527 0.526172 0.354883 0.438281 0.00139904
4 0.524609 0.578906 0.30625 0.282813 0.00129414
17 0.524609 0.578906 0.30625 0.282813 0.00127411
2 0.534375 0.525391 0.303125 0.392969 0.00126457
6 0.524609 0.578906 0.30625 0.282813 0.00121593
0 0.542969 0.517578 0.342187 0.419531 0.00118828
9 0.542188 0.521094 0.314063 0.417188 0.00103188
19 0.531641 0.527441 0.298438 0.39668 0.563965
21 0.531641 0.527441 0.298438 0.39668 0.541016
5 0.531641 0.527441 0.298438 0.39668 0.466797
22 0.533203 0.524609 0.303125 0.408594 0.282227
1 0.534375 0.523828 0.301563 0.396875 0.107788
3 0.533203 0.524609 0.303125 0.408594 0.100525
17 0.534375 0.523828 0.301563 0.396875 0.0869141
8 0.53125 0.527734 0.316406 0.392188 0.0678101
10 0.531641 0.527441 0.298438 0.39668 0.0510864
11 0.534766 0.525391 0.317969 0.402344 0.0453491
20 0.534375 0.523828 0.301563 0.396875 0.0327148
13 0.53125 0.523438 0.3 0.40625 0.00542831
16 0.53125 0.523438 0.3 0.40625 0.00542831
25 0.531641 0.527441 0.298438 0.39668 0.00534439
14 0.534766 0.525391 0.317969 0.402344 0.00385475
19 0.536816 0.549609 0.366992 0.469531 0.00323486
12 0.53125 0.523438 0.3 0.40625 0.00201035
21 0.536816 0.549609 0.366992 0.469531 0.0018034
6 0.529688 0.524219 0.295312 0.395313 0.00133514
4 0.534375 0.517188 0.3125 0.410938 0.0012064
0 0.534375 0.517188 0.3125 0.410938 0.00112057
22 0.544141 0.526563 0.311719 0.385938 0.751953
21 0.54375 0.533203 0.305469 0.391406 0.513672
5 0.539844 0.532129 0.3 0.395117 0.362061
19 0.539844 0.532129 0.3 0.395117 0.281494
8 0.54375 0.533203 0.305469 0.391406 0.141724
1 0.544141 0.526563 0.311719 0.385938 0.135254
17 0.54375 0.533203 0.305469 0.391406 0.0946655
3 0.540234 0.528223 0.303906 0.398242 0.0470886
10 0.54375 0.533203 0.305469 0.391406 0.0270691
20 0.544141 0.526563 0.311719 0.385938 0.0248871
11 0.544141 0.526563 0.311719 0.385938 0.0194244
12 0.541406 0.519141 0.320312 0.382031 0.00395966
25 0.54375 0.533203 0.305469 0.391406 0.0036068
13 0.538672 0.520996 0.310937 0.398633 0.00337601
16 0.530469 0.531641 0.284375 0.385938 0.00317192
24 0.540234 0.528223 0.303906 0.398242 0.00223351
14 0.539844 0.532129 0.3 0.395117 0.00218201
6 0.530469 0.531641 0.284375 0.385938 0.00175476
13 0.515625 0.657031 0.303906 0.409375 0.00157928
4 0.5375 0.529688 0.316406 0.383594 0.00145531
2 0.530469 0.531641 0.284375 0.385938 0.00135136
21 0.542969 0.510938 0.304688 0.410938 0.244385
5 0.544531 0.512402 0.314844 0.41582 0.155029
22 0.542188 0.51084 0.315625 0.406445 0.141724
19 0.545313 0.514063 0.30625 0.407813 0.083313
17 0.545313 0.514063 0.30625 0.407813 0.0607605
11 0.539844 0.511816 0.321875 0.413867 0.0574951
10 0.545313 0.514063 0.30625 0.407813 0.0314941
1 0.541406 0.505078 0.323438 0.403906 0.0299225
8 0.539062 0.522656 0.304688 0.4 0.0208893
3 0.549219 0.516016 0.31875 0.416406 0.0149536
13 0.459766 0.782617 0.307031 0.394141 0.0126724
16 0.539062 0.522656 0.304688 0.4 0.00894928
20 0.538672 0.528125 0.297656 0.4 0.00703812
25 0.538672 0.528125 0.297656 0.4 0.00438309
6 0.538672 0.528125 0.297656 0.4 0.00307465
0 0.539062 0.522656 0.304688 0.4 0.00290108
14 0.544531 0.512402 0.314844 0.41582 0.00269318
2 0.549219 0.516016 0.31875 0.416406 0.00233269
13 0.539062 0.522656 0.304688 0.4 0.00168133
13 0.508984 0.653906 0.291406 0.378125 0.00125504
12 0.539453 0.526172 0.30625 0.413281 0.0012064
22 0.548438 0.523438 0.328906 0.417188 0.790527
21 0.548438 0.523438 0.328906 0.417188 0.785156
5 0.549219 0.521973 0.334375 0.412305 0.607422
19 0.549219 0.521973 0.334375 0.412305 0.228149
8 0.545313 0.523047 0.334375 0.421094 0.0668335
17 0.557422 0.525391 0.338281 0.416406 0.0528259
1 0.557422 0.525391 0.338281 0.416406 0.0492249
3 0.555859 0.524316 0.338281 0.412305 0.0486755
11 0.545313 0.52334 0.332813 0.412695 0.0451965
10 0.548438 0.523438 0.328906 0.417188 0.0199432
20 0.557422 0.525391 0.338281 0.416406 0.0157166
4 0.833008 0.0933594 0.196484 0.15625 0.00362206
4 0.236133 0.810742 0.217578 0.159766 0.00283432
24 0.549219 0.521973 0.334375 0.412305 0.00270462
14 0.548438 0.523438 0.328906 0.417188 0.00261116
4 0.299609 0.774219 0.213281 0.157813 0.00251198
13 0.546094 0.521484 0.334375 0.428125 0.00240517
11 0.55 0.799609 0.767188 0.400781 0.00226974
25 0.555859 0.524316 0.338281 0.412305 0.00219154
4 0.34043 0.725781 0.212891 0.15625 0.00202751
4 0.569141 0.117676 0.2125 0.157227 0.00201988
4 0.857813 0.0807617 0.198437 0.15293 0.00176811
16 0.545313 0.52334 0.332813 0.412695 0.00135612
4 0.466016 0.135913 0.217969 0.164111 0.0011425
4 0.542969 0.528125 0.334375 0.423438 0.00113392
4 0.267969 0.803906 0.211719 0.159375 0.00109005
4 0.8375 0.0830078 0.109375 0.15293 0.00108147
15 0.409375 0.782031 0.810938 0.435937 0.00100803
21 0.538281 0.530859 0.314844 0.396875 0.911133
5 0.535937 0.530859 0.317188 0.397656 0.73584
22 0.535937 0.530859 0.317188 0.397656 0.713867
19 0.538281 0.530859 0.314844 0.396875 0.327637
8 0.535937 0.530859 0.317188 0.397656 0.0838623
11 0.537891 0.527246 0.322656 0.400195 0.0570679
17 0.538281 0.530859 0.314844 0.396875 0.0477905
1 0.536719 0.526953 0.323438 0.388281 0.0465393
10 0.535937 0.530859 0.317188 0.397656 0.036499
3 0.540625 0.532813 0.328125 0.405469 0.026062
13 0.51875 0.657031 0.29375 0.4125 0.0213623
20 0.540625 0.532813 0.328125 0.405469 0.00609589
14 0.538281 0.530859 0.314844 0.396875 0.00379562
25 0.535937 0.530859 0.317188 0.397656 0.00251198
13 0.5 0.701172 0.46875 0.597656 0.0024147
13 0.465625 0.775 0.265625 0.357812 0.00236893
13 0.601953 0.701367 0.742969 0.597266 0.00225258
7 0.573438 0.817773 0.75625 0.364453 0.00195694
12 0.485547 0.692187 0.558594 0.615625 0.00184631
12 0.601953 0.701367 0.742969 0.597266 0.00176811
11 0.606641 0.775781 0.764844 0.448438 0.0017004
4 0.530859 0.531641 0.324219 0.400781 0.00152493
2 0.606641 0.775781 0.764844 0.448438 0.00109005
12 0.575391 0.423438 0.225781 0.190625 0.00108147
24 0.535937 0.530859 0.317188 0.397656 0.00104046
15 0.522656 0.825391 0.701563 0.349219 0.00100803
19 0.544141 0.532813 0.305469 0.390625 0.418701
21 0.542969 0.53125 0.325 0.385938 0.375732
10 0.544141 0.532813 0.305469 0.390625 0.154541
17 0.542969 0.530469 0.310937 0.392188 0.112427
3 0.544141 0.529297 0.319531 0.389844 0.0700684
22 0.542969 0.53125 0.325 0.385938 0.0292053
5 0.544141 0.529297 0.319531 0.389844 0.0239563
8 0.541406 0.532422 0.298438 0.374219 0.0236969
16 0.544141 0.529297 0.319531 0.389844 0.0175171
11 0.544141 0.529297 0.319531 0.389844 0.016983
1 0.539453 0.529688 0.335156 0.414062 0.0112457
2 0.541016 0.539062 0.294531 0.350781 0.00547028
25 0.542969 0.530469 0.310937 0.392188 0.0045929
20 0.54375 0.531641 0.317188 0.384375 0.00365067
14 0.5375 0.533203 0.329688 0.389062 0.00312424
6 0.541016 0.539062 0.294531 0.350781 0.00246239
23 0.541016 0.539062 0.294531 0.350781 0.00198746
7 0.544141 0.532813 0.307031 0.382812 0.00178242
4 0.916406 0.240234 0.167187 0.163672 0.00146103
0 0.544141 0.532813 0.307031 0.382812 0.00126934
21 0.544531 0.525 0.321875 0.409375 0.571777
22 0.540625 0.522266 0.335938 0.421094 0.19812
19 0.543359 0.524316 0.328906 0.416992 0.163452
5 0.544531 0.525 0.321875 0.409375 0.0682983
1 0.534766 0.522656 0.328906 0.401563 0.021286
17 0.539062 0.524219 0.325 0.407031 0.0190582
11 0.542969 0.526563 0.321875 0.433594 0.016922
3 0.543359 0.524316 0.328906 0.416992 0.0149002
8 0.539062 0.524219 0.325 0.407031 0.0130234
10 0.544531 0.525 0.321875 0.409375 0.0088501
14 0.544531 0.525 0.321875 0.409375 0.0029583
16 0.542969 0.526563 0.321875 0.433594 0.00213242
20 0.534766 0.522656 0.328906 0.401563 0.00208282
2 0.543359 0.524316 0.328906 0.416992 0.00168133
13 0.555469 0.474609 0.292188 0.319531 0.00142097
21 0.543359 0.539941 0.314844 0.420117 0.513672
5 0.542969 0.535937 0.315625 0.423438 0.230957
19 0.549219 0.538672 0.325 0.421094 0.177856
11 0.542969 0.535937 0.315625 0.423438 0.0761108
22 0.54375 0.534766 0.325 0.422656 0.0734253
17 0.549219 0.53584 0.324219 0.411133 0.0396423
10 0.544922 0.539453 0.319531 0.413281 0.0366211
1 0.549219 0.53584 0.324219 0.411133 0.025177
3 0.549219 0.53584 0.324219 0.411133 0.0136337
8 0.549219 0.53584 0.324219 0.411133 0.00619125
20 0.54375 0.534766 0.325 0.422656 0.00372124
12 0.548438 0.451172 0.28125 0.264062 0.00291252
14 0.543359 0.539941 0.314844 0.420117 0.00193405
12 0.546094 0.477344 0.3375 0.325781 0.00182438
16 0.546875 0.536816 0.325 0.424805 0.00165462
19 0.883984 0.105469 0.232031 0.210938 0.00108147
22 0.546484 0.528906 0.320312 0.401563 0.37207
5 0.540625 0.52666 0.314063 0.412305 0.318359
21 0.546484 0.528906 0.320312 0.401563 0.12854
1 0.548438 0.529688 0.325 0.398438 0.0859985
11 0.540625 0.52666 0.314063 0.412305 0.0609741
19 0.546484 0.528906 0.320312 0.401563 0.0157166
17 0.548438 0.529688 0.325 0.398438 0.0125275
8 0.548438 0.529688 0.325 0.398438 0.0110703
20 0.539062 0.524902 0.321875 0.40957 0.00901794
3 0.548438 0.529688 0.325 0.398438 0.00457382
14 0.541016 0.528125 0.313281 0.404687 0.00323486
12 0.536328 0.467871 0.325781 0.298633 0.00201988
11 0.536328 0.467871 0.325781 0.298633 0.00184631
10 0.548438 0.529688 0.325 0.398438 0.00174809
24 0.541016 0.528125 0.313281 0.404687 0.00141048
13 0.536719 0.513965 0.317188 0.400195 0.00112438
21 0.5375 0.520703 0.295312 0.380469 0.774414
5 0.5375 0.520703 0.295312 0.380469 0.37207
19 0.536719 0.522656 0.301563 0.379688 0.221313
22 0.539844 0.523438 0.303906 0.38125 0.172119
10 0.539453 0.523047 0.296875 0.369531 0.0544128
11 0.536328 0.523535 0.295312 0.391992 0.026062
1 0.534766 0.536621 0.305469 0.400195 0.0209656
8 0.534766 0.536621 0.305469 0.400195 0.0138474
17 0.536719 0.522656 0.301563 0.379688 0.00912476
3 0.535937 0.521777 0.296875 0.398633 0.00871277
14 0.5375 0.520703 0.295312 0.380469 0.00302696
20 0.534766 0.536621 0.305469 0.400195 0.00279999
25 0.536719 0.522656 0.301563 0.379688 0.00139904
21 0.542969 0.532422 0.310937 0.417969 0.981445
22 0.539062 0.532715 0.3125 0.41582 0.241455
19 0.546094 0.529688 0.321094 0.391406 0.167725
10 0.542969 0.532422 0.310937 0.417969 0.0766602
5 0.542969 0.532422 0.310937 0.417969 0.0692749
11 0.539453 0.517871 0.314844 0.412695 0.0121918
8 0.534375 0.534375 0.309375 0.405469 0.00878143
17 0.534375 0.534375 0.309375 0.405469 0.00671768
14 0.54375 0.531641 0.310937 0.402344 0.00621796
3 0.542969 0.530469 0.317188 0.4 0.00566483
1 0.548438 0.533203 0.325 0.422656 0.00496292
11 0.54375 0.470703 0.303125 0.3 0.00359344
25 0.542969 0.530469 0.317188 0.4 0.0020752
20 0.542969 0.530469 0.317188 0.4 0.0020504
12 0.561719 0.447656 0.278125 0.260938 0.00146103
16 0.539453 0.517871 0.314844 0.412695 0.0012846
21 0.533594 0.535156 0.29375 0.414062 0.897461
22 0.5375 0.532813 0.310156 0.43125 0.237183
19 0.534375 0.534473 0.301563 0.418555 0.226807
5 0.533594 0.535156 0.29375 0.414062 0.0700684
1 0.529688 0.530078 0.290625 0.400781 0.022583
8 0.530469 0.528906 0.2875 0.396875 0.0140076
17 0.532813 0.530469 0.290625 0.401563 0.0109024
10 0.533594 0.535156 0.29375 0.414062 0.0104065
11 0.535156 0.532813 0.310937 0.43125 0.00948334
3 0.529688 0.530078 0.290625 0.400781 0.0051384
14 0.534375 0.535547 0.295312 0.416406 0.00457382
20 0.529688 0.530078 0.290625 0.400781 0.00202751
2 0.534766 0.533496 0.313281 0.431445 0.00119686
21 0.542969 0.526172 0.292188 0.392969 0.969727
19 0.542188 0.528125 0.307813 0.415625 0.602051
5 0.542969 0.526172 0.292188 0.392969 0.264404
22 0.539844 0.524219 0.29375 0.376563 0.0863037
10 0.54375 0.529688 0.292969 0.409375 0.0747681
11 0.542188 0.528125 0.307813 0.415625 0.0133743
14 0.542969 0.526172 0.292188 0.392969 0.00547028
17 0.534375 0.525391 0.28125 0.375 0.00498199
3 0.542188 0.528125 0.307813 0.415625 0.0049057
1 0.534375 0.525391 0.28125 0.375 0.00363541
8 0.534375 0.525391 0.28125 0.375 0.00324821
16 0.535547 0.524316 0.328906 0.39668 0.00221634
21 0.539062 0.519434 0.285938 0.393945 0.329346
22 0.537109 0.519531 0.297656 0.389062 0.150024
19 0.536719 0.521484 0.282813 0.384375 0.139893
5 0.539062 0.519434 0.285938 0.393945 0.125122
1 0.533594 0.523828 0.28125 0.395313 0.0146179
11 0.539844 0.512891 0.290625 0.401563 0.01017
10 0.539453 0.520703 0.282813 0.391406 0.00621796
17 0.533594 0.523828 0.28125 0.395313 0.00473785
3 0.532813 0.526953 0.284375 0.396875 0.00468063
8 0.539453 0.520703 0.282813 0.391406 0.00379562
20 0.537109 0.519531 0.297656 0.389062 0.00291252
14 0.5375 0.523047 0.282813 0.385156 0.00239754
4 0.926562 0.238232 0.146875 0.137598 0.00164223
21 0.531641 0.535059 0.317188 0.420508 0.975586
19 0.541406 0.53125 0.309375 0.4 0.209473
5 0.535156 0.534375 0.314063 0.424219 0.102295
10 0.531641 0.535059 0.317188 0.420508 0.0574951
22 0.530859 0.535547 0.296094 0.392188 0.0484924
11 0.540625 0.531348 0.315625 0.424805 0.0143356
1 0.530859 0.535547 0.296094 0.392188 0.00634003
17 0.530859 0.535547 0.296094 0.392188 0.00538635
3 0.539062 0.534473 0.296875 0.388867 0.00413513
14 0.533594 0.532031 0.303125 0.405469 0.00407028
8 0.529688 0.532813 0.310937 0.396094 0.00186729
13 0.574219 0.428125 0.203125 0.210938 0.00115108
2 0.539062 0.534473 0.296875 0.388867 0.00111198
12 0.468848 0.775 0.418555 0.45 0.00109482
16 0.539062 0.534473 0.296875 0.388867 0.00107288
13 0.471875 0.773047 0.413281 0.447656 0.00100803
21 0.528125 0.531641 0.319531 0.408594 0.888672
19 0.523535 0.537109 0.307617 0.405469 0.320801
22 0.527344 0.537109 0.303125 0.399219 0.121704
5 0.527344 0.537109 0.303125 0.399219 0.0189056
10 0.528125 0.531641 0.319531 0.408594 0.0121002
17 0.527344 0.537109 0.303125 0.399219 0.0103302
1 0.527344 0.537109 0.303125 0.399219 0.00847626
11 0.526172 0.534766 0.316406 0.414844 0.00653839
8 0.522754 0.536719 0.306055 0.3875 0.00619125
16 0.525781 0.53291 0.324219 0.416992 0.00342941
3 0.526172 0.534766 0.316406 0.414844 0.00327301
14 0.530078 0.53584 0.310156 0.400195 0.00324821
2 0.526172 0.534766 0.316406 0.414844 0.00150681
7 0.530078 0.53584 0.310156 0.400195 0.00118828
20 0.528125 0.531641 0.319531 0.408594 0.00116062
21 0.541016 0.527246 0.321875 0.414258 0.986816
19 0.541016 0.527246 0.321875 0.414258 0.93457
10 0.542578 0.526953 0.328125 0.403906 0.193115
5 0.541016 0.527246 0.321875 0.414258 0.132568
22 0.542578 0.526953 0.328125 0.403906 0.0115051
8 0.544531 0.534277 0.320312 0.393945 0.00734711
3 0.544531 0.525 0.325 0.417188 0.00728989
11 0.541016 0.527246 0.321875 0.414258 0.00577545
14 0.544531 0.534277 0.320312 0.393945 0.00542831
17 0.539844 0.532715 0.310937 0.387695 0.00482941
1 0.542578 0.526953 0.328125 0.403906 0.00400543
4 0.22832 0.814844 0.220703 0.159375 0.00240517
19 0.449609 0.795508 0.303125 0.399609 0.00199509
21 0.538281 0.526953 0.31875 0.404687 0.855957
19 0.542188 0.525781 0.310937 0.404687 0.256836
22 0.5375 0.523828 0.296875 0.407031 0.153564
5 0.542188 0.528027 0.310937 0.408008 0.0241394
12 0.523828 0.456641 0.379688 0.296875 0.0103302
8 0.5375 0.526172 0.307813 0.403125 0.00751877
10 0.538281 0.526953 0.31875 0.404687 0.00619125
17 0.5375 0.523828 0.296875 0.407031 0.00614548
1 0.5375 0.523828 0.296875 0.407031 0.00498199
14 0.542969 0.52959 0.304688 0.408008 0.00434875
11 0.542188 0.525781 0.310937 0.404687 0.00194168
3 0.542188 0.525781 0.310937 0.404687 0.00130939
19 0.522656 0.53125 0.239063 0.354688 0.00126934
21 0.536328 0.519922 0.310156 0.388281 0.432129
19 0.539844 0.525684 0.3125 0.408008 0.336426
5 0.535156 0.523828 0.304688 0.403906 0.037323
22 0.530469 0.528125 0.301563 0.384375 0.0194244
10 0.536328 0.519922 0.310156 0.388281 0.00698471
14 0.534375 0.526563 0.303125 0.389062 0.00298119
1 0.533594 0.503223 0.303906 0.343555 0.00258064
8 0.539453 0.526172 0.311719 0.390625 0.00214005
3 0.539844 0.525684 0.3125 0.408008 0.00213242
17 0.530469 0.528125 0.301563 0.384375 0.00189686
11 0.539844 0.525684 0.3125 0.408008 0.00186729
12 0.570312 0.450391 0.234375 0.269531 0.00109863
2 0.539453 0.526172 0.311719 0.390625 0.00108147
21 0.532813 0.524316 0.314063 0.404492 0.975586
19 0.533594 0.530859 0.3 0.395313 0.728027
10 0.532813 0.524316 0.314063 0.404492 0.180054
5 0.532813 0.525391 0.30625 0.414062 0.0753174
17 0.533594 0.530859 0.3 0.395313 0.0131226
11 0.533203 0.524609 0.317969 0.419531 0.00551224
3 0.535937 0.532031 0.309375 0.403125 0.00428009
19 0.828906 0.276514 0.225 0.325098 0.00348282
14 0.533594 0.527344 0.310937 0.396875 0.00348282
22 0.533594 0.530859 0.3 0.395313 0.00345612
16 0.533594 0.530859 0.3 0.395313 0.00263214
1 0.534375 0.526953 0.309375 0.389062 0.00215721
2 0.533594 0.530859 0.3 0.395313 0.00152493
7 0.534375 0.528027 0.303125 0.40332 0.00133038
8 0.532813 0.530859 0.301563 0.392188 0.00121593
21 0.541016 0.526953 0.316406 0.413281 0.959473
19 0.5375 0.529688 0.309375 0.4125 0.30249
5 0.5375 0.528906 0.307813 0.415625 0.157715
22 0.538281 0.528906 0.30625 0.421875 0.0587769
10 0.541016 0.526953 0.316406 0.413281 0.0522461
11 0.541016 0.526953 0.316406 0.413281 0.0115051
8 0.538281 0.527734 0.30625 0.407031 0.0113297
17 0.538281 0.528906 0.30625 0.421875 0.0112457
1 0.544531 0.524609 0.320312 0.403906 0.00809479
3 0.538281 0.527734 0.30625 0.407031 0.00521851
14 0.540625 0.527344 0.310937 0.415625 0.00344276
12 0.55 0.463281 0.329688 0.301563 0.00216484
20 0.544531 0.524609 0.320312 0.403906 0.00146675
21 0.542969 0.524902 0.342187 0.425195 0.951172
5 0.542969 0.524902 0.342187 0.425195 0.303223
22 0.540625 0.533203 0.338281 0.411719 0.0750122
19 0.545996 0.531641 0.345508 0.424219 0.0634766
10 0.541016 0.525781 0.346094 0.423438 0.0124283
1 0.544531 0.524219 0.351562 0.425 0.00669098
11 0.544531 0.524219 0.351562 0.425 0.00661469
14 0.544434 0.530078 0.339258 0.417188 0.00510025
17 0.54375 0.532422 0.334375 0.419531 0.00298119
8 0.540625 0.533203 0.338281 0.411719 0.00232315
12 0.565625 0.452734 0.320312 0.285156 0.00179577
7 0.544434 0.530078 0.339258 0.417188 0.00104046
21 0.540527 0.528125 0.34707 0.427344 0.757812
22 0.540723 0.532813 0.343555 0.414062 0.150024
5 0.538379 0.526953 0.345117 0.43125 0.141724
19 0.538965 0.525879 0.350195 0.429492 0.0136871
1 0.538965 0.525879 0.350195 0.429492 0.0053215
14 0.540234 0.529297 0.342969 0.425781 0.00413513
11 0.538965 0.525879 0.350195 0.429492 0.00324821
8 0.541016 0.534766 0.346875 0.408594 0.00255013
12 0.576953 0.456641 0.342187 0.285938 0.00178242
10 0.540527 0.528125 0.34707 0.427344 0.0017004
17 0.541016 0.534766 0.346875 0.408594 0.00124454
21 0.531152 0.527246 0.323633 0.400195 0.800781
22 0.529688 0.526172 0.303125 0.405469 0.163452
5 0.531152 0.527246 0.323633 0.400195 0.0497742
19 0.533691 0.526465 0.32793 0.412695 0.0430298
1 0.533496 0.525391 0.318945 0.413281 0.0156708
8 0.533496 0.525391 0.318945 0.413281 0.00405502
12 0.571484 0.451562 0.278125 0.257812 0.00385475
17 0.529688 0.526172 0.303125 0.405469 0.00322342
14 0.533594 0.528223 0.3125 0.406055 0.00313568
10 0.528906 0.528125 0.30625 0.396875 0.00300407
11 0.532031 0.528516 0.315625 0.4 0.00131512
4 0.927344 0.241357 0.145313 0.15791 0.00126934
21 0.539062 0.530469 0.317188 0.417188 0.46875
22 0.539062 0.530469 0.317188 0.417188 0.165039
19 0.5375 0.533203 0.315625 0.410156 0.0334778
5 0.540625 0.527246 0.328125 0.423633 0.032959
1 0.540625 0.526563 0.326562 0.425 0.0124283
10 0.5375 0.533203 0.315625 0.410156 0.00259018
14 0.542969 0.533203 0.326562 0.420312 0.00186062
20 0.539844 0.528516 0.321875 0.421094 0.00167465
4 0.927344 0.242139 0.145313 0.153223 0.00151253
17 0.5375 0.533203 0.315625 0.410156 0.00136662
6 0.14668 0.107031 0.293359 0.214062 0.00101185
21 0.528125 0.532422 0.316406 0.392969 0.544922
22 0.531348 0.526172 0.326367 0.410938 0.0750122
5 0.533203 0.526563 0.325781 0.414062 0.0472412
19 0.528125 0.532422 0.316406 0.392969 0.035675
1 0.537891 0.525781 0.33125 0.408594 0.00763702
10 0.528125 0.532422 0.316406 0.392969 0.00538635
14 0.529688 0.529297 0.325 0.403906 0.00255013
17 0.537891 0.525781 0.33125 0.408594 0.00214005
8 0.528125 0.532422 0.316406 0.392969 0.00135612
21 0.533594 0.528125 0.303125 0.390625 0.78125
5 0.535156 0.530078 0.311719 0.411719 0.125977
19 0.533594 0.528125 0.303125 0.390625 0.0430298
22 0.533594 0.525781 0.3125 0.4125 0.033844
10 0.533594 0.528125 0.303125 0.390625 0.0153046
14 0.535937 0.528125 0.30625 0.408594 0.00342941
1 0.534375 0.527344 0.298438 0.403125 0.00313568
17 0.533594 0.528125 0.303125 0.390625 0.00247192
11 0.531348 0.528516 0.323242 0.417188 0.00141048
8 0.533594 0.528125 0.303125 0.390625 0.00111198
21 0.538281 0.528809 0.315625 0.411133 0.899902
5 0.539062 0.529688 0.320312 0.414062 0.152588
19 0.542188 0.529297 0.326562 0.413281 0.0402527
22 0.539062 0.530859 0.317188 0.396094 0.0346069
10 0.538281 0.528809 0.315625 0.411133 0.0119629
1 0.542188 0.527734 0.314063 0.403125 0.00695801
14 0.539062 0.530078 0.315625 0.405469 0.00300407
17 0.542188 0.527734 0.314063 0.403125 0.00209999
11 0.539062 0.520703 0.321094 0.405469 0.00121593
21 0.536621 0.523047 0.34082 0.421094 0.746094
19 0.530859 0.532422 0.330469 0.4 0.0878906
5 0.536719 0.524609 0.348438 0.424219 0.0512695
22 0.536621 0.523047 0.34082 0.421094 0.0481262
1 0.536621 0.524121 0.35332 0.426758 0.016983
10 0.530859 0.532422 0.330469 0.4 0.0104904
17 0.530859 0.532422 0.330469 0.4 0.00376511
11 0.5375 0.526563 0.34375 0.428906 0.0026722
14 0.535059 0.524609 0.35332 0.422656 0.00152493
8 0.536621 0.524121 0.35332 0.426758 0.00120163
3 0.530859 0.532422 0.330469 0.4 0.00109482
21 0.535156 0.518359 0.315625 0.408594 0.567871
19 0.532813 0.526563 0.310937 0.389062 0.117981
5 0.535156 0.520312 0.314844 0.415625 0.0510864
22 0.535156 0.521191 0.310937 0.416992 0.0257568
1 0.535156 0.521191 0.310937 0.416992 0.0194244
10 0.532813 0.526953 0.307813 0.386719 0.00674438
17 0.532813 0.526563 0.310937 0.389062 0.00460815
14 0.535937 0.525391 0.3125 0.399219 0.00187492
8 0.537109 0.525 0.308594 0.389062 0.00117397
21 0.537891 0.515723 0.314844 0.412305 0.902832
22 0.541406 0.519531 0.321875 0.400781 0.0611877
5 0.538281 0.517285 0.325 0.420117 0.0178528
1 0.54375 0.517871 0.325 0.420508 0.0133286
19 0.536719 0.521875 0.3125 0.39375 0.0105286
10 0.54375 0.517871 0.325 0.420508 0.00367928
17 0.536719 0.521875 0.3125 0.39375 0.00243378
11 0.538281 0.517285 0.325 0.420117 0.00196457
20 0.54375 0.517871 0.325 0.420508 0.00122547
14 0.5375 0.518359 0.315625 0.405469 0.00119209
8 0.54375 0.517871 0.325 0.420508 0.00101662
21 0.539844 0.515625 0.330469 0.409375 0.779785
19 0.5375 0.519141 0.334375 0.395313 0.0351562
22 0.540234 0.520215 0.335156 0.404883 0.0283356
5 0.539844 0.515625 0.330469 0.409375 0.0125732
1 0.541797 0.518359 0.3375 0.416406 0.00624084
10 0.539844 0.515625 0.330469 0.409375 0.00390053
11 0.539746 0.511621 0.329883 0.406445 0.00351143
17 0.535937 0.52041 0.326562 0.388867 0.00335121
14 0.544141 0.517188 0.317969 0.390625 0.00119209
8 0.544141 0.517188 0.317969 0.390625 0.00115108
21 0.544531 0.505859 0.335938 0.416406 0.586914
22 0.544531 0.507031 0.335938 0.417188 0.0634766
5 0.544531 0.505859 0.335938 0.416406 0.0368958
19 0.54541 0.516309 0.341992 0.40957 0.0246124
1 0.542188 0.517578 0.329688 0.403906 0.0184784
10 0.544629 0.516797 0.341992 0.405469 0.00978088
8 0.542188 0.517578 0.329688 0.403906 0.00941467
17 0.542188 0.517578 0.329688 0.403906 0.00837708
11 0.546094 0.508984 0.332031 0.41875 0.00276756
20 0.544531 0.505859 0.335938 0.416406 0.00203514
3 0.542188 0.517578 0.329688 0.403906 0.00148392
16 0.544629 0.516797 0.341992 0.405469 0.0012207
21 0.535937 0.510156 0.30625 0.402344 0.935547
22 0.542969 0.516016 0.30625 0.403906 0.0715942
5 0.542969 0.516016 0.30625 0.403906 0.0208893
19 0.542969 0.5125 0.303125 0.405469 0.0170441
1 0.535937 0.516406 0.309375 0.395313 0.00682449
10 0.535937 0.510156 0.30625 0.402344 0.00479126
17 0.535937 0.516406 0.309375 0.395313 0.0016613
8 0.535937 0.516406 0.309375 0.395313 0.00143242
21 0.544531 0.512891 0.325 0.408594 0.689453
19 0.532422 0.515234 0.308594 0.396094 0.129395
10 0.535937 0.507812 0.30625 0.402344 0.0362244
5 0.54375 0.512109 0.317188 0.410156 0.0335999
22 0.532422 0.515234 0.308594 0.396094 0.01017
11 0.5375 0.493848 0.310937 0.37793 0.00298119
1 0.543359 0.514453 0.324219 0.410156 0.00273705
17 0.543359 0.514453 0.324219 0.410156 0.00216484
16 0.53125 0.517969 0.3 0.389844 0.00154877
21 0.54375 0.521875 0.352344 0.43125 0.658203
22 0.54375 0.521875 0.352344 0.43125 0.104126
5 0.541504 0.522754 0.348242 0.424805 0.0423889
1 0.541309 0.522559 0.350195 0.42832 0.0317383
19 0.539844 0.523438 0.35 0.421094 0.0068779
17 0.541309 0.522559 0.350195 0.42832 0.00641251
8 0.541504 0.522754 0.348242 0.424805 0.00479126
10 0.539844 0.523438 0.35 0.421094 0.00232315
11 0.541504 0.522754 0.348242 0.424805 0.00125504
20 0.54375 0.521875 0.35 0.4375 0.00115108
21 0.539062 0.514453 0.346875 0.41875 0.795898
19 0.539453 0.519434 0.336719 0.412695 0.0413208
22 0.539062 0.514453 0.346875 0.41875 0.0248871
5 0.53916 0.513184 0.348242 0.418945 0.0247955
1 0.539453 0.516016 0.353906 0.415625 0.0166626
17 0.53916 0.518359 0.34668 0.421875 0.00479126
10 0.539453 0.519434 0.336719 0.412695 0.00385475
14 0.542188 0.511621 0.348438 0.41582 0.00145531
12 0.571484 0.421875 0.264062 0.223438 0.00143814
3 0.53916 0.518359 0.34668 0.421875 0.00143242
11 0.539746 0.514453 0.343945 0.421875 0.00121593
21 0.537109 0.513281 0.328906 0.410938 0.759277
22 0.536719 0.517188 0.315625 0.401563 0.107788
1 0.536816 0.514453 0.337305 0.409375 0.0272675
5 0.537109 0.513281 0.328906 0.410938 0.00959778
17 0.536816 0.514453 0.337305 0.409375 0.00547028
19 0.536719 0.515234 0.3125 0.400781 0.00439835
14 0.536621 0.512598 0.323633 0.40918 0.0024929
10 0.536719 0.515234 0.3125 0.400781 0.00184631
8 0.536719 0.515234 0.3125 0.400781 0.0016613
3 0.536719 0.515234 0.3125 0.400781 0.00107765
21 0.542969 0.517969 0.335938 0.415625 0.887207
22 0.536719 0.519141 0.320312 0.402344 0.0274811
19 0.532813 0.521875 0.310937 0.391406 0.0273743
5 0.542969 0.517969 0.335938 0.415625 0.0068512
10 0.542969 0.517969 0.335938 0.415625 0.00359344
1 0.539062 0.516406 0.315625 0.396094 0.00355148
8 0.539062 0.516406 0.315625 0.396094 0.00188255
17 0.539941 0.51875 0.338867 0.414062 0.00176811
14 0.534375 0.51709 0.321094 0.404883 0.00170708
11 0.535156 0.507422 0.333594 0.397656 0.00121117
21 0.533594 0.516016 0.314063 0.4 0.914062
22 0.537891 0.518652 0.320312 0.412695 0.024231
19 0.532813 0.518359 0.30625 0.403906 0.0162201
1 0.535937 0.51709 0.320312 0.417383 0.00757599
10 0.532813 0.518359 0.30625 0.403906 0.00664139
5 0.537891 0.518652 0.320312 0.412695 0.00503922
17 0.535254 0.518848 0.335742 0.413867 0.00391388
14 0.533594 0.516504 0.30625 0.39668 0.00214958
11 0.534277 0.517578 0.320508 0.410156 0.00125504
21 0.5375 0.513965 0.3125 0.412695 0.861328
22 0.538672 0.511621 0.310156 0.40332 0.0306702
5 0.538281 0.516016 0.314063 0.417969 0.0116425
19 0.534375 0.519629 0.307813 0.410742 0.00905609
1 0.5375 0.516504 0.30625 0.40293 0.00408554
10 0.5375 0.513965 0.3125 0.412695 0.00219154
14 0.537109 0.516797 0.308594 0.414062 0.00136185
17 0.533203 0.518848 0.301563 0.406055 0.00127411
21 0.538281 0.514453 0.3 0.395313 0.819824
5 0.539453 0.516406 0.303906 0.40625 0.0207977
22 0.537109 0.516406 0.292188 0.385938 0.0181885
19 0.537109 0.516406 0.292188 0.385938 0.0173798
10 0.539062 0.512891 0.3125 0.403906 0.00631332
1 0.539453 0.516406 0.303906 0.40625 0.00202751
14 0.538281 0.51416 0.307813 0.39043 0.00155449
21 0.534375 0.515625 0.310937 0.408594 0.803223
19 0.534375 0.520312 0.304688 0.403906 0.0379028
22 0.536719 0.519434 0.310937 0.408008 0.0158386
1 0.533594 0.519922 0.307813 0.400781 0.00400543
10 0.532813 0.519531 0.304688 0.403125 0.00397491
5 0.534375 0.515625 0.310937 0.408594 0.00332451
17 0.533984 0.519531 0.308594 0.404687 0.00143242
21 0.539062 0.517969 0.292188 0.392188 0.806641
19 0.535156 0.517578 0.289062 0.392188 0.0327148
5 0.539062 0.515527 0.298438 0.395508 0.0111618
10 0.535156 0.517578 0.289062 0.392188 0.00894928
22 0.539062 0.517969 0.292188 0.392188 0.0088501
1 0.538281 0.51875 0.29375 0.382031 0.00201035
17 0.538281 0.51875 0.29375 0.382031 0.00109863
14 0.538281 0.51875 0.29375 0.382031 0.00104809
21 0.535156 0.518652 0.31875 0.40957 0.830078
22 0.534375 0.520312 0.321875 0.416406 0.0195007
19 0.532031 0.519531 0.3125 0.410938 0.00809479
5 0.535156 0.518652 0.31875 0.40957 0.00521851
1 0.535937 0.521484 0.303125 0.397656 0.0042305
10 0.532031 0.519531 0.3125 0.410938 0.00300407
17 0.535937 0.521484 0.303125 0.397656 0.00115108
8 0.535937 0.521484 0.303125 0.397656 0.00109863
14 0.534375 0.521094 0.317188 0.413281 0.00109482
21 0.535547 0.520215 0.316406 0.411133 0.794434
22 0.534766 0.521484 0.311719 0.410156 0.0112457
19 0.534766 0.521484 0.311719 0.410156 0.0106125
5 0.535156 0.516797 0.3125 0.403125 0.0104523
10 0.535937 0.521094 0.304688 0.405469 0.00526047
1 0.533984 0.519922 0.305469 0.410156 0.00179577
14 0.537109 0.518652 0.310156 0.406445 0.00157356
17 0.533984 0.519922 0.305469 0.410156 0.0012064
16 0.430371 0.846875 0.350195 0.296875 0.00115585
8 0.536719 0.519531 0.303125 0.395313 0.00106525
21 0.538281 0.517969 0.3 0.401563 0.891602
22 0.538281 0.517969 0.3 0.401563 0.0367737
5 0.538281 0.517969 0.3 0.401563 0.0130234
19 0.5375 0.517969 0.296875 0.402344 0.0039444
1 0.536719 0.517188 0.3 0.404687 0.00362206
10 0.537109 0.517969 0.296875 0.4 0.00194168
20 0.538281 0.517969 0.3 0.401563 0.00105667
21 0.536719 0.520996 0.309375 0.406445 0.848145
5 0.536719 0.520996 0.309375 0.406445 0.021698
19 0.5375 0.521777 0.30625 0.40332 0.0171814
22 0.536719 0.520996 0.309375 0.406445 0.0103683
10 0.535156 0.517578 0.307031 0.407813 0.00421524
1 0.536719 0.521484 0.303125 0.403125 0.00239754
14 0.536719 0.520703 0.30625 0.407813 0.00138283
17 0.536719 0.521484 0.303125 0.403125 0.0012846
21 0.5375 0.512109 0.30625 0.404687 0.874023
19 0.535937 0.521484 0.3 0.40625 0.028656
22 0.537109 0.516406 0.304688 0.407813 0.0120544
10 0.536328 0.520312 0.297656 0.405469 0.0055542
5 0.537109 0.516406 0.304688 0.407813 0.00526047
17 0.535937 0.517969 0.296875 0.405469 0.00317192
1 0.536328 0.515527 0.303125 0.408008 0.00291252
21 0.539844 0.525098 0.3125 0.406055 0.831055
22 0.540234 0.524609 0.311719 0.403125 0.0182648
5 0.539844 0.525098 0.3125 0.406055 0.0168457
19 0.540234 0.524609 0.311719 0.403125 0.0100555
1 0.541406 0.524609 0.310156 0.403906 0.00536346
17 0.541406 0.524609 0.310156 0.403906 0.00239754
10 0.541406 0.520703 0.310937 0.405469 0.00235939
14 0.542578 0.524219 0.311719 0.405469 0.0015974
21 0.540625 0.521875 0.301563 0.401563 0.805664
22 0.540625 0.521875 0.301563 0.401563 0.0153656
5 0.540625 0.521875 0.301563 0.401563 0.00881195
19 0.538281 0.519922 0.298438 0.398438 0.00867462
1 0.540625 0.520215 0.300781 0.404883 0.00322342
10 0.538281 0.519922 0.298438 0.398438 0.00286674
14 0.541406 0.521875 0.3 0.398438 0.00108624
21 0.537109 0.516406 0.297656 0.385938 0.762207
5 0.537109 0.516406 0.297656 0.385938 0.0328369
19 0.535937 0.520703 0.290625 0.3875 0.0178528
22 0.537109 0.51875 0.292188 0.392188 0.0116882
10 0.535937 0.520703 0.290625 0.3875 0.00407028
1 0.537109 0.51875 0.292188 0.392188 0.00351143
20 0.536719 0.518359 0.295312 0.388281 0.00117397
11 0.538281 0.510547 0.298438 0.372656 0.00115585
21 0.535156 0.523438 0.299219 0.385938 0.789062
5 0.533594 0.521484 0.3 0.397656 0.0163422
22 0.533594 0.521484 0.3 0.397656 0.0122375
19 0.529688 0.525781 0.2875 0.395313 0.0091629
10 0.532031 0.523828 0.298438 0.389844 0.00277901
1 0.529688 0.525781 0.2875 0.395313 0.00265312
17 0.529688 0.525781 0.2875 0.395313 0.00200272
20 0.530469 0.523438 0.300781 0.397656 0.0014782
2 0.553906 0.575781 0.385938 0.323438 0.00134563
12 0.5875 0.421973 0.210156 0.176367 0.00128937
14 0.535156 0.523438 0.3 0.392969 0.00126934
2 0.521094 0.586719 0.289062 0.295312 0.00112057
21 0.534766 0.528516 0.288281 0.39375 0.799316
5 0.534766 0.528516 0.288281 0.39375 0.0162811
22 0.535937 0.525684 0.2875 0.393945 0.0112915
19 0.532422 0.527734 0.286719 0.389844 0.00462723
10 0.534766 0.528516 0.288281 0.39375 0.00239754
14 0.536719 0.526953 0.289062 0.39375 0.00195694
1 0.535937 0.525684 0.2875 0.393945 0.00162315
17 0.53125 0.526953 0.278125 0.392969 0.00115108
21 0.533594 0.524219 0.303125 0.4125 0.872559
22 0.533594 0.524219 0.303125 0.4125 0.0167236
5 0.533594 0.524219 0.303125 0.4125 0.0136871
19 0.533203 0.523828 0.299219 0.403125 0.00379562
10 0.533203 0.523828 0.299219 0.403125 0.0026722
1 0.534766 0.521973 0.298438 0.410742 0.00188923
20 0.533594 0.524219 0.303125 0.4125 0.00123978
14 0.536719 0.523828 0.301563 0.409375 0.00120163
21 0.536719 0.522266 0.298438 0.410156 0.842773
22 0.536719 0.522266 0.298438 0.410156 0.0164032
5 0.536719 0.522266 0.298438 0.410156 0.0102081
19 0.534375 0.523828 0.298438 0.400781 0.00385475
10 0.534375 0.523828 0.298438 0.400781 0.00279045
14 0.5375 0.521973 0.3 0.40918 0.00152493
1 0.5375 0.519434 0.296875 0.412695 0.00122547
21 0.541016 0.521484 0.303125 0.402344 0.847168
22 0.541016 0.521484 0.303125 0.402344 0.0184784
5 0.541016 0.521484 0.303125 0.402344 0.011734
10 0.539062 0.525 0.298438 0.388281 0.00351143
19 0.539062 0.524121 0.304688 0.389258 0.00288963
1 0.541406 0.519141 0.3 0.40625 0.00195694
14 0.541406 0.520312 0.301563 0.400781 0.00178242
21 0.5375 0.519922 0.302344 0.402344 0.850098
5 0.540625 0.521484 0.304688 0.407031 0.0131683
22 0.540625 0.521484 0.304688 0.407031 0.0106964
10 0.5375 0.519922 0.302344 0.402344 0.00309944
19 0.538281 0.520703 0.303125 0.40625 0.00248146
14 0.539844 0.52041 0.304688 0.407617 0.00221634
1 0.541406 0.520312 0.300781 0.407813 0.00104046
21 0.534766 0.521875 0.288281 0.39375 0.830078
5 0.538281 0.524609 0.292188 0.400781 0.0110703
22 0.538281 0.524609 0.292188 0.400781 0.00775528
19 0.535156 0.522559 0.290625 0.39707 0.00551224
10 0.534766 0.521875 0.288281 0.39375 0.00462723
1 0.539062 0.522266 0.290625 0.404687 0.00139427
14 0.539062 0.523047 0.292188 0.401563 0.00126934
20 0.538281 0.524609 0.292188 0.400781 0.00109005
21 0.535937 0.523438 0.298438 0.396094 0.835449
5 0.538281 0.523047 0.301563 0.402344 0.0166626
22 0.538281 0.523047 0.301563 0.402344 0.0133286
19 0.536719 0.523438 0.301563 0.392188 0.00450516
10 0.535937 0.523438 0.298438 0.396094 0.00356483
1 0.536719 0.523438 0.301563 0.392188 0.00201988
14 0.539062 0.521875 0.3 0.401563 0.00119686
20 0.538281 0.523047 0.301563 0.402344 0.00113392
21 0.541406 0.522656 0.303125 0.394531 0.743164
5 0.541406 0.522656 0.303125 0.394531 0.0200195
22 0.541406 0.518066 0.301563 0.398242 0.0171051
19 0.540234 0.522266 0.305469 0.388281 0.00378036
1 0.541406 0.518066 0.301563 0.398242 0.00281143
10 0.542188 0.516406 0.304688 0.386719 0.0019722
20 0.541406 0.522656 0.303125 0.394531 0.0014267
14 0.541797 0.521484 0.302344 0.394531 0.00134563
21 0.539062 0.521875 0.298438 0.4 0.809082
19 0.535937 0.520703 0.295312 0.398438 0.0142288
22 0.539453 0.521484 0.296875 0.401563 0.0110703
5 0.539062 0.521875 0.298438 0.4 0.00540543
10 0.535937 0.520703 0.295312 0.398438 0.00370789
1 0.539453 0.521484 0.296875 0.401563 0.00286674
12 0.58125 0.423047 0.2 0.178125 0.00156689
14 0.535937 0.521191 0.3 0.391992 0.00104809
21 0.537891 0.52041 0.302344 0.395117 0.820801
19 0.536719 0.522559 0.296875 0.393945 0.0133743
5 0.539453 0.522266 0.297656 0.398438 0.0112457
22 0.539062 0.523438 0.298438 0.396875 0.0068512
10 0.536719 0.522559 0.296875 0.393945 0.00666809
1 0.539453 0.522266 0.297656 0.398438 0.00210762
17 0.537891 0.524219 0.291406 0.395313 0.00136662
14 0.539844 0.521973 0.3 0.39668 0.00115585
21 0.5375 0.521875 0.304688 0.398438 0.794434
22 0.5375 0.521875 0.304688 0.398438 0.0157166
5 0.5375 0.521875 0.304688 0.398438 0.0118256
19 0.535547 0.520312 0.300781 0.401563 0.00385475
1 0.537891 0.520703 0.303125 0.400781 0.0024147
10 0.535547 0.520312 0.300781 0.401563 0.00195694
14 0.537891 0.521094 0.302344 0.398438 0.0017271
17 0.536719 0.522559 0.29375 0.39707 0.00102043
21 0.535547 0.520996 0.299219 0.392383 0.827637
19 0.535156 0.523047 0.289062 0.392969 0.0165253
5 0.536719 0.521973 0.3 0.395117 0.0115509
22 0.535156 0.521875 0.3 0.395313 0.00682449
10 0.535547 0.520996 0.299219 0.392383 0.00431442
14 0.537891 0.520996 0.300781 0.395508 0.00132465
1 0.537891 0.521875 0.298438 0.396875 0.00112438
17 0.535156 0.523047 0.289062 0.392969 0.00100422
21 0.5375 0.521191 0.30625 0.40293 0.824219
22 0.5375 0.521191 0.30625 0.40293 0.0147324
5 0.5375 0.521191 0.30625 0.40293 0.0085144
19 0.535937 0.520703 0.301563 0.4 0.00757599
10 0.535937 0.520703 0.301563 0.4 0.00322342
1 0.538281 0.519922 0.304688 0.403906 0.00264168
14 0.538281 0.521191 0.304688 0.40293 0.00118828
21 0.539844 0.519629 0.301563 0.393555 0.795898
22 0.540625 0.519141 0.299219 0.394531 0.0161591
5 0.539844 0.519629 0.301563 0.393555 0.0113297
19 0.536719 0.51875 0.3 0.39375 0.00666809
1 0.540625 0.519141 0.299219 0.394531 0.00279045
10 0.536719 0.51875 0.3 0.39375 0.00186729
14 0.539844 0.518848 0.300781 0.393555 0.00114727
21 0.538672 0.520703 0.30625 0.397656 0.816406
5 0.538672 0.520703 0.30625 0.397656 0.0123825
22 0.538672 0.520703 0.30625 0.397656 0.0109863
19 0.536328 0.519922 0.303906 0.396094 0.00818634
10 0.536328 0.519922 0.303906 0.396094 0.0026722
1 0.539453 0.520996 0.303906 0.401758 0.00215721
14 0.539062 0.519922 0.304688 0.397656 0.0011692
21 0.5375 0.520996 0.3 0.395508 0.805664
5 0.5375 0.520996 0.3 0.395508 0.0123367
22 0.5375 0.521484 0.297656 0.397656 0.00844574
19 0.535937 0.518359 0.3 0.396094 0.00494385
10 0.535937 0.518359 0.3 0.396094 0.00257111
1 0.5375 0.521484 0.297656 0.397656 0.00182438
14 0.538281 0.520312 0.3 0.395313 0.00122547
21 0.538672 0.520312 0.303906 0.396875 0.816406
5 0.538672 0.520312 0.303906 0.396875 0.0147858
22 0.538672 0.520312 0.303906 0.396875 0.0112
19 0.536719 0.51875 0.303125 0.399219 0.00385475
1 0.538672 0.521094 0.300781 0.4 0.00191212
10 0.536719 0.51875 0.303125 0.399219 0.00150108
14 0.539453 0.519531 0.303906 0.396875 0.00115585
21 0.539453 0.520312 0.302344 0.396875 0.79834
22 0.539453 0.520312 0.302344 0.396875 0.0148392
5 0.539453 0.520312 0.302344 0.396875 0.012825
19 0.536719 0.519531 0.301563 0.398438 0.00307465
1 0.539844 0.521094 0.3 0.398438 0.00294685
10 0.539844 0.519434 0.301563 0.389258 0.00124454
14 0.539844 0.519531 0.303125 0.396875 0.00111198
21 0.539844 0.520215 0.304688 0.39707 0.833496
5 0.539844 0.520215 0.304688 0.39707 0.0127258
22 0.539844 0.520215 0.304688 0.39707 0.012146
19 0.538281 0.519141 0.303125 0.399219 0.00482941
1 0.540625 0.52041 0.303125 0.399805 0.00283432
10 0.538281 0.519141 0.303125 0.399219 0.00176811
14 0.540625 0.519531 0.304688 0.397656 0.00109863
21 0.539844 0.521094 0.298438 0.392969 0.818848
5 0.539844 0.521094 0.298438 0.392969 0.0146179
22 0.539844 0.521094 0.298438 0.392969 0.0106506
19 0.537891 0.519922 0.298438 0.394531 0.00468063
1 0.539844 0.520703 0.296875 0.395313 0.00220871
10 0.537891 0.519922 0.298438 0.394531 0.00176811
14 0.540625 0.519629 0.3 0.393555 0.00103664
21 0.540625 0.520703 0.303125 0.397656 0.841797
5 0.540625 0.520703 0.303125 0.397656 0.0150146
22 0.540625 0.520703 0.303125 0.397656 0.0100555
19 0.538281 0.519629 0.301563 0.398242 0.00421524
10 0.538281 0.519629 0.301563 0.398242 0.0016613
1 0.540625 0.520996 0.301563 0.398633 0.00161648
14 0.540625 0.519531 0.303125 0.398438 0.00104809
21 0.540625 0.521094 0.301563 0.395313 0.84082
5 0.540625 0.521094 0.301563 0.395313 0.0145035
22 0.540625 0.521094 0.301563 0.395313 0.01017
19 0.538281 0.519922 0.3 0.397656 0.0045929
1 0.540625 0.521875 0.3 0.395313 0.00190449
10 0.538281 0.519922 0.3 0.397656 0.0015974
21 0.541406 0.519629 0.302344 0.395117 0.816406
22 0.541406 0.519629 0.302344 0.395117 0.0167847
5 0.541406 0.519629 0.302344 0.395117 0.0142822
19 0.539453 0.520312 0.304688 0.390625 0.00421524
1 0.541406 0.521094 0.3 0.395313 0.00304031
10 0.540625 0.518652 0.303125 0.389258 0.00160408
21 0.540625 0.521094 0.301563 0.395313 0.832031
22 0.540625 0.521094 0.301563 0.395313 0.0145569
5 0.540625 0.521094 0.301563 0.395313 0.0127716
19 0.539062 0.521484 0.303125 0.389844 0.00322342
1 0.540625 0.521484 0.3 0.396094 0.00244331
10 0.538281 0.519531 0.3 0.396875 0.00108147
21 0.540625 0.520703 0.303125 0.396875 0.844727
22 0.540625 0.520703 0.303125 0.396875 0.0155411
5 0.540625 0.520703 0.303125 0.396875 0.0139008
19 0.538281 0.521484 0.303125 0.389844 0.00284576
1 0.540625 0.521094 0.300781 0.396094 0.00245285
10 0.539062 0.518848 0.301563 0.388867 0.00100803
14 0.540234 0.519629 0.302344 0.39668 0.00100422
21 0.539844 0.520703 0.301563 0.396094 0.858887
5 0.539844 0.520703 0.301563 0.396094 0.0147858
22 0.539844 0.520703 0.301563 0.396094 0.014389
19 0.540625 0.521094 0.3 0.396875 0.00242424
1 0.540625 0.521094 0.3 0.396875 0.00214958
14 0.539844 0.519434 0.301563 0.395508 0.00111198
21 0.540234 0.520996 0.302344 0.395508 0.868164
5 0.540234 0.520996 0.302344 0.395508 0.0148392
22 0.540234 0.520996 0.302344 0.395508 0.014061
19 0.540625 0.521875 0.3 0.396875 0.00255013
1 0.540625 0.521875 0.3 0.396875 0.00205803
14 0.540625 0.520312 0.303125 0.396094 0.00116062
21 0.539844 0.521191 0.304688 0.39668 0.862305
5 0.539844 0.521191 0.304688 0.39668 0.0154266
22 0.539844 0.521191 0.304688 0.39668 0.0133286
19 0.540625 0.521777 0.303125 0.39707 0.00270462
1 0.540625 0.521777 0.303125 0.39707 0.0020752
10 0.5375 0.52041 0.303125 0.398242 0.00117397
14 0.539844 0.52041 0.304688 0.39668 0.00114727
21 0.539062 0.521484 0.301563 0.395313 0.858887
5 0.539062 0.521484 0.301563 0.395313 0.0138474
22 0.539062 0.521484 0.301563 0.395313 0.0122375
19 0.539844 0.521973 0.3 0.39668 0.00282288
1 0.539844 0.521973 0.3 0.39668 0.00208282
10 0.537109 0.520312 0.300781 0.395313 0.00123024
14 0.539844 0.520312 0.301563 0.395313 0.00104427
21 0.539062 0.521875 0.3 0.394531 0.862305
5 0.539062 0.521875 0.3 0.394531 0.0132751
22 0.539062 0.521875 0.3 0.394531 0.011734
19 0.539844 0.521973 0.298438 0.395117 0.00275803
1 0.539844 0.521973 0.298438 0.395117 0.00194931
10 0.537109 0.520703 0.3 0.394531 0.0012207
14 0.539453 0.520703 0.300781 0.394531 0.00104809
21 0.539453 0.521875 0.299219 0.39375 0.865234
5 0.539453 0.521875 0.299219 0.39375 0.0130234
22 0.538281 0.522559 0.298438 0.38457 0.0102463
19 0.539844 0.522266 0.296875 0.394531 0.00290108
1 0.539844 0.522266 0.296875 0.394531 0.0017271
10 0.5375 0.521094 0.298438 0.39375 0.00131512
14 0.539844 0.520703 0.3 0.394531 0.00105667
21 0.539844 0.521875 0.299219 0.39375 0.869629
5 0.539844 0.521875 0.299219 0.39375 0.0126724
22 0.539062 0.522656 0.298438 0.385156 0.0110703
19 0.539844 0.521973 0.296875 0.395117 0.00279999
1 0.539844 0.521973 0.296875 0.395117 0.00171375
10 0.5375 0.520703 0.298438 0.394531 0.00126457
14 0.540234 0.520703 0.3 0.394531 0.00104809
21 0.539844 0.521973 0.298438 0.393555 0.867188
5 0.539844 0.521973 0.298438 0.393555 0.012825
22 0.538672 0.522266 0.298438 0.385156 0.0118256
19 0.539844 0.521973 0.296875 0.395117 0.0027256
1 0.539844 0.521973 0.296875 0.395117 0.00176144
10 0.5375 0.52041 0.298438 0.393555 0.00117397
14 0.540234 0.520703 0.299219 0.39375 0.00104427
21 0.539844 0.521484 0.298438 0.39375 0.86084
5 0.539844 0.521484 0.298438 0.39375 0.0124283
22 0.538281 0.522559 0.298438 0.38457 0.0121918
19 0.538281 0.521484 0.3 0.389062 0.0026722
1 0.539844 0.521875 0.296875 0.395313 0.00191879
10 0.5375 0.520703 0.298438 0.39375 0.00113392
14 0.539844 0.520312 0.299219 0.39375 0.00103188
21 0.539062 0.521484 0.301563 0.395313 0.858887
5 0.539062 0.521484 0.301563 0.395313 0.0138474
22 0.539062 0.521484 0.301563 0.395313 0.0122375
19 0.539844 0.521973 0.3 0.39668 0.00282288
1 0.539844 0.521973 0.3 0.39668 0.00209045
10 0.537109 0.520312 0.300781 0.395313 0.00123024
14 0.539844 0.520312 0.301563 0.395313 0.00104046
